-211788.060    86.232     0.00    1.93
-211418.782    85.626    -1.64    2.05
-211049.569    85.387    -0.65    2.02
-210680.423    84.976    -1.11    1.91
-210311.343    85.211     0.64    2.13
-209942.329    85.729     1.40    1.68
-209573.382    86.015     0.78    1.29
-209204.500    85.914    -0.27    1.02
-208835.684    85.331    -1.58    0.81
-208466.934    84.953    -1.03    0.94
-208098.251    85.224     0.74    1.32
-207729.633    85.427     0.55    1.57
-207361.081    85.516     0.24    1.61
-206992.594    85.735     0.59    1.71
-206624.174    85.812     0.21    1.55
-206255.819    85.606    -0.56    1.68
-205887.530    84.569    -2.82    2.45
-205519.307    82.772    -4.88    2.46
-205151.149    81.105    -4.53    1.95
-204783.057    80.322    -2.13    1.60
-204415.031    80.344     0.06    1.26
-204047.070    80.489     0.39    1.25
-203679.175    80.345    -0.39    1.58
-203311.345    79.516    -2.25    1.76
-202943.581    78.573    -2.56    1.42
-202575.882    77.626    -2.58    1.42
-202208.248    76.648    -2.66    1.27
-201840.680    75.631    -2.77    1.85
-201473.177    74.322    -3.56    1.93
-201105.739    73.507    -2.22    1.90
-200738.367    72.876    -1.72    1.64
-200371.060    72.824    -0.14    1.51
-200003.817    73.273     1.22    1.38
-199636.641    73.224    -0.14    1.17
-199269.529    72.696    -1.44    1.52
-198902.482    71.612    -2.95    1.79
-198535.500    70.421    -3.25    1.44
-198168.583    69.890    -1.45    1.20
-197801.732    69.927     0.10    1.23
-197434.945    69.886    -0.11    1.24
-197055.454    70.149     0.69    1.12
-196675.241    70.309     0.42    1.30
-196295.100    70.398     0.23    1.22
-195915.028    70.601     0.53    1.20
-195535.027    69.786    -2.14    1.89
-195155.097    68.248    -4.05    2.63
-194775.236    66.410    -4.84    2.28
-194395.446    65.678    -1.93    1.93
-194015.726    65.507    -0.45    1.91
-193636.076    65.816     0.81    1.64
-193256.497    66.260     1.17    1.70
-192876.987    66.687     1.12    1.83
-192497.548    66.650    -0.10    2.01
-192118.178    66.394    -0.68    2.33
-191738.878    65.162    -3.25    2.46
-191359.649    63.935    -3.24    2.11
-190980.489    62.817    -2.95    2.09
-190601.399    62.853     0.09    2.30
-190222.379    62.931     0.21    2.30
-189843.429    63.118     0.49    2.00
-189464.548    63.636     1.37    2.05
-189085.737    64.517     2.33    2.16
-188706.996    65.199     1.80    1.81
-188328.324    65.110    -0.24    2.27
-187949.722    65.377     0.71    2.46
-187571.190    65.877     1.32    2.66
-187192.727    66.766     2.35    3.01
-186814.333    67.939     3.10    2.29
-186436.009    68.028     0.24    2.11
-186057.755    67.577    -1.19    1.96
-185679.569    66.565    -2.68    1.82
-185301.453    66.272    -0.77    1.79
-184923.406    65.951    -0.85    1.86
-184545.429    65.669    -0.75    1.91
-184167.521    65.667    -0.01    1.84
-183789.681    65.717     0.13    1.64
-183411.911    65.919     0.53    1.68
-183034.210    65.700    -0.58    1.65
-182656.579    65.389    -0.82    1.43
-182279.016    64.771    -1.63    1.77
-181901.522    63.978    -2.10    2.37
-181524.097    63.989     0.03    2.56
-181146.741    63.779    -0.56    2.65
-180769.453    64.260     1.27    2.19
-180392.235    64.310     0.13    2.05
-180015.085    63.883    -1.13    1.90
-179638.005    63.748    -0.36    2.06
-179260.992    63.931     0.49    2.40
-178884.049    64.742     2.15    2.40
-178507.174    65.516     2.06    2.42
-178130.368    66.601     2.88    2.65
-177753.630    67.016     1.10    2.30
-177376.961    67.485     1.25    1.89
-177000.360    67.470    -0.04    2.08
-176623.828    66.826    -1.71    1.99
-176247.364    66.865     0.10    2.28
-175870.969    67.322     1.21    2.30
-175494.642    67.655     0.89    2.14
-175118.383    68.450     2.11    1.71
-174742.192    68.448    -0.01    1.63
-174366.070    67.821    -1.67    1.74
-173990.016    67.682    -0.37    1.72
-173614.030    67.992     0.82    2.19
-173238.112    68.902     2.42    3.09
-172862.262    69.593     1.84    3.32
-172486.480    69.827     0.62    3.63
-172110.766    69.735    -0.24    3.48
-171735.120    69.157    -1.54    2.96
-171359.542    68.950    -0.55    2.64
-170984.032    68.551    -1.06    2.79
-170608.590    67.408    -3.05    2.75
-170233.216    66.623    -2.09    2.31
-169857.909    66.083    -1.44    1.72
-169482.671    65.939    -0.38    1.73
-169107.499    65.581    -0.95    1.96
-168732.396    64.334    -3.32    2.13
-168357.360    62.802    -4.09    2.24
-167982.392    61.618    -3.16    1.98
-167607.491    60.346    -3.39    2.44
-167232.658    58.482    -4.97    2.39
-166857.893    57.040    -3.85    2.64
-166483.194    56.025    -2.71    2.40
-166108.564    56.028     0.01    2.31
-165734.000    56.023    -0.01    2.61
-165359.504    56.687     1.77    2.50
-164985.075    56.187    -1.34    2.30
-164610.714    55.235    -2.54    2.35
-164236.420    54.826    -1.09    2.35
-163862.193    54.577    -0.67    2.16
-163488.033    54.809     0.62    2.32
-163113.940    55.816     2.69    2.39
-162739.914    55.379    -1.17    2.68
-162365.956    54.035    -3.59    3.52
-161992.064    52.784    -3.35    3.42
-161618.239    52.463    -0.86    2.85
-161244.482    53.573     2.97    3.08
-160870.791    54.606     2.76    2.93
-160497.167    55.704     2.94    2.72
-160123.610    56.272     1.52    2.38
-159750.120    56.707     1.16    1.92
-159376.696    56.877     0.46    1.76
-159003.339    56.272    -1.62    1.87
-158630.049    55.623    -1.74    2.38
-158256.826    54.962    -1.77    2.82
-157883.669    54.792    -0.46    2.96
-157510.579    54.976     0.49    3.54
-157137.555    55.350     1.00    3.47
-156764.598    55.833     1.29    3.41
-156391.707    55.850     0.05    3.30
-156018.883    55.283    -1.52    2.56
-155646.125    54.792    -1.32    2.57
-155273.433    53.939    -2.29    2.23
-154900.808    53.336    -1.62    1.67
-154528.249    53.368     0.09    1.27
-154155.757    53.335    -0.09    1.26
-153783.330    53.346     0.03    1.55
-153410.970    53.400     0.14    1.78
-153038.676    53.414     0.04    1.81
-152666.448    53.863     1.21    2.12
-152294.287    55.394     4.11    2.50
-151922.191    55.991     1.61    2.07
-151550.161    56.504     1.38    1.89
-151178.197    57.043     1.45    2.84
-150806.299    58.331     3.46    4.10
-150434.468    59.555     3.29    4.33
-150062.702    61.655     5.65    6.02
-149691.001    63.020     3.67    5.82
-149319.367    62.585    -1.17    6.71
-148947.798    61.735    -2.29    6.91
-148576.295    61.124    -1.64    5.81
-148204.858    62.235     2.99    4.68
-147833.487    62.831     1.61    4.15
-147462.181    62.843     0.03    4.17
-147090.941    62.828    -0.04    4.31
-146719.766    62.145    -1.84    4.34
-146348.657    61.927    -0.59    3.94
-145977.613    61.564    -0.98    4.16
-145606.635    60.537    -2.77    3.85
-145235.722    59.951    -1.58    3.57
-144864.874    60.098     0.39    4.19
-144494.092    59.939    -0.43    4.83
-144123.376    59.199    -2.00    5.67
-143752.724    57.754    -3.90    5.81
-143382.138    57.100    -1.77    4.69
-143011.617    55.860    -3.35    4.44
-142641.161    53.406    -6.62    6.23
-142270.770    49.615   -10.24    7.47
-141900.445    46.898    -7.34    6.49
-141530.184    45.408    -4.02    5.87
-141159.989    45.272    -0.37    6.22
-140789.858    45.124    -0.40    6.57
-140419.793    46.359     3.34    7.04
-140049.792    47.760     3.79    6.78
-139679.856    49.083     3.58    5.82
-139309.986    49.791     1.91    4.56
-138940.180    48.370    -3.84    4.53
-138570.438    46.519    -5.01    3.18
-138200.762    46.614     0.25    3.24
-137831.150    46.110    -1.36    3.46
-137461.603    45.035    -2.91    3.68
-137092.121    45.467     1.17    3.40
-136722.703    44.773    -1.88    2.28
-136353.350    45.784     2.74    2.73
-135984.062    46.286     1.36    2.95
-135614.838    45.680    -1.64    3.20
-135245.678    45.248    -1.17    3.20
-134876.583    43.718    -4.15    2.90
-134507.553    42.680    -2.81    4.40
-134138.586    43.273     1.61    5.46
-133769.685    45.286     5.46    6.49
-133400.847    48.521     8.77    5.96
-133032.074    51.936     9.26    3.62
-132663.365    53.418     4.02    3.20
-132294.720    53.813     1.07    3.30
-131926.139    54.717     2.45    2.48
-131557.623    54.235    -1.31    2.88
-131189.171    53.333    -2.45    2.81
-130820.783    51.971    -3.70    3.26
-130452.458    47.860   -11.16    7.49
-130084.198    42.850   -13.61    8.95
-129716.002    37.462   -14.64    7.41
-129347.870    33.792    -9.97    4.24
-128979.802    33.408    -1.04    3.76
-128611.797    34.931     4.14    5.50
-128243.857    38.470     9.62    7.05
-127875.980    41.073     7.08    6.35
-127508.167    40.565    -1.38    6.57
-127140.418    38.010    -6.95    7.35
-126772.732    34.123   -10.57    4.98
-126405.111    33.161    -2.62    3.40
-126037.553    34.394     3.35    3.76
-125670.058    35.235     2.29    3.57
-125302.627    35.473     0.65    3.82
-124935.260    35.660     0.51    4.20
-124567.956    36.001     0.93    4.76
-124200.716    36.248     0.67    5.07
-123833.539    35.083    -3.17    5.75
-123466.425    32.614    -6.73    5.12
-123099.375    30.721    -5.16    4.12
-122732.388    30.175    -1.49    4.01
-122356.255    30.696     1.39    4.41
-121976.186    31.735     2.73    4.57
-121596.185    32.473     1.94    3.94
-121216.252    32.610     0.36    3.31
-120836.388    32.387    -0.59    3.13
-120456.593    30.943    -3.80    4.22
-120076.866    29.754    -3.13    5.17
-119697.207    28.149    -4.23    5.44
-119317.617    26.816    -3.51    6.08
-118938.095    26.105    -1.87    6.33
-118558.641    25.199    -2.39    6.07
-118179.255    25.079    -0.32    6.47
-117799.938    25.532     1.19    7.09
-117420.689    25.061    -1.24    6.54
-117041.508    25.698     1.68    5.92
-116662.395    28.450     7.26    7.27
-116283.350    32.601    10.95    7.43
-115904.373    36.349     9.89    4.00
-115525.464    36.923     1.51    2.64
-115146.623    35.374    -4.09    3.49
-114767.850    34.680    -1.83    3.19
-114389.145    35.760     2.85    4.55
-114010.507    36.931     3.09    6.08
-113631.938    40.581     9.64    6.90
-113253.436    43.222     6.98    6.45
-112875.002    45.198     5.22    5.31
-112496.635    46.840     4.34    4.90
-112118.336    47.910     2.83    4.43
-111740.105    49.577     4.41    3.74
-111361.941    51.137     4.13    3.97
-110983.845    51.897     2.01    4.04
-110605.817    51.371    -1.39    4.65
-110227.855    48.855    -6.66    5.63
-109849.962    45.633    -8.53    5.64
-109472.135    42.885    -7.27    4.38
-109094.376    40.660    -5.89    2.61
-108716.685    39.532    -2.99    2.54
-108339.060    39.137    -1.05    3.09
-107961.503    38.334    -2.13    2.97
-107584.013    37.485    -2.25    2.58
-107206.590    36.898    -1.56    2.08
-106829.235    37.889     2.63    2.63
-106451.946    38.906     2.70    3.36
-106074.725    39.339     1.15    3.29
-105697.570    39.495     0.41    2.82
-105320.483    38.594    -2.39    2.76
-104943.462    38.175    -1.11    2.74
-104566.509    37.787    -1.03    3.01
-104189.622    35.635    -5.71    3.26
-103812.802    33.871    -4.68    2.75
-103436.049    32.816    -2.80    1.73
-103059.363    32.455    -0.96    1.64
-102682.744    32.660     0.54    1.72
-102306.191    33.398     1.96    1.79
-101929.705    33.581     0.49    1.93
-101553.285    33.235    -0.92    2.25
-101176.932    31.830    -3.73    3.06
-100800.646    29.615    -5.89    2.56
-100424.426    28.085    -4.07    2.22
-100048.273    26.951    -3.01    2.38
 -99672.186    26.310    -1.71    2.46
 -99296.166    26.877     1.51    3.68
 -98920.212    27.530     1.74    4.56
 -98544.324    27.773     0.65    5.30
 -98168.503    26.286    -3.96    5.84
 -97792.748    24.816    -3.91    5.16
 -97417.059    24.326    -1.30    4.04
 -97041.437    24.421     0.25    3.47
 -96665.880    24.721     0.80    3.21
 -96290.390    24.001    -1.92    2.81
 -95914.966    22.616    -3.69    2.49
 -95539.608    22.137    -1.28    2.49
 -95164.316    22.781     1.72    2.95
 -94789.090    23.948     3.11    3.23
 -94413.930    26.066     5.65    4.11
 -94038.836    28.630     6.84    4.13
 -93663.807    30.640     5.36    2.73
 -93288.845    31.470     2.21    2.48
 -92913.948    31.235    -0.63    3.51
 -92539.118    30.885    -0.93    4.14
 -92164.353    31.222     0.90    4.57
 -91789.654    31.507     0.76    4.62
 -91415.020    31.383    -0.33    4.35
 -91040.452    31.223    -0.43    4.14
 -90665.950    31.248     0.07    3.73
 -90291.513    30.845    -1.08    3.93
 -89917.142    30.742    -0.28    3.88
 -89542.836    30.655    -0.23    4.26
 -89168.596    30.606    -0.13    4.83
 -88794.421    31.398     2.12    5.55
 -88420.312    31.510     0.30    6.05
 -88046.268    30.703    -2.16    5.81
 -87672.290    29.735    -2.59    4.42
 -87298.376    28.108    -4.35    2.28
 -86924.528    28.927     2.19    3.06
 -86550.746    31.350     6.48    3.74
 -86177.028    34.123     7.42    4.38
 -85803.376    36.001     5.03    4.03
 -85429.789    35.458    -1.45    4.55
 -85056.266    33.196    -6.06    5.84
 -84682.809    31.199    -5.35    5.23
 -84309.417    30.721    -1.28    4.15
 -83936.090    32.185     3.92    4.34
 -83562.828    34.396     5.92    4.34
 -83189.631    35.630     3.31    4.08
 -82816.499    34.813    -2.19    5.12
 -82443.432    33.717    -2.94    5.16
 -82070.429    32.977    -1.98    4.65
 -81697.491    32.569    -1.10    3.92
 -81324.618    32.775     0.55    3.90
 -80951.810    32.149    -1.68    5.44
 -80579.067    30.353    -4.82    8.24
 -80206.388    27.346    -8.07   10.70
 -79833.773    24.021    -8.93   11.44
 -79461.224    22.556    -3.93   10.34
 -79088.739    24.153     4.29    9.63
 -78716.318    28.173    10.79    8.33
 -78343.962    30.832     7.14    6.31
 -77971.670    30.614    -0.59    6.58
 -77599.443    28.994    -4.35    7.74
 -77227.280    26.198    -7.52    7.80
 -76855.182    25.581    -1.66    7.39
 -76483.148    26.385     2.16    7.96
 -76111.178    28.481     5.64    9.36
 -75739.272    31.553     8.26   11.13
 -75367.431    34.858     8.89   12.25
 -74995.654    36.798     5.22   10.96
 -74623.941    38.090     3.48    7.49
 -74252.292    37.678    -1.11    4.83
 -73880.707    36.417    -3.40    3.81
 -73509.187    37.394     2.63    4.32
 -73137.730    39.637     6.04    5.81
 -72766.337    43.198     9.59    4.83
 -72395.008    45.735     6.83    2.51
 -72023.743    46.108     1.01    2.29
 -71652.543    45.936    -0.46    2.28
 -71281.405    45.784    -0.41    2.66
 -70910.332    46.261     1.28    2.89
 -70539.323    46.548     0.77    3.54
 -70168.377    47.669     3.02    4.14
 -69797.495    48.823     3.11    4.11
 -69426.677    48.702    -0.32    3.97
 -69055.922    47.382    -3.56    3.92
 -68685.231    46.379    -2.70    3.45
 -68314.604    46.173    -0.56    3.22
 -67944.040    46.061    -0.30    2.93
 -67573.539    44.798    -3.41    3.51
 -67203.102    43.616    -3.19    3.40
 -66832.729    43.902     0.77    2.70
 -66462.419    42.491    -3.81    3.35
 -66092.172    41.085    -3.80    3.77
 -65721.989    40.572    -1.39    3.63
 -65351.869    40.927     0.96    2.97
 -64981.813    41.840     2.47    2.37
 -64611.819    40.149    -4.57    4.48
 -64241.889    39.477    -1.82    4.82
 -63872.022    39.028    -1.21    4.35
 -63502.219    39.140     0.30    4.07
 -63132.478    41.112     5.33    3.11
 -62762.801    41.419     0.83    2.60
 -62393.186    42.346     2.51    2.77
 -62023.635    43.734     3.76    3.40
 -61654.146    45.035     3.52    3.80
 -61284.721    47.004     5.33    3.38
 -60915.359    48.248     3.37    3.30
 -60546.059    48.274     0.07    3.15
 -60176.822    46.923    -3.66    3.87
 -59807.648    45.168    -4.75    3.48
 -59438.537    44.248    -2.49    2.30
 -59069.489    44.884     1.72    2.55
 -58700.504    45.448     1.53    2.18
 -58331.581    45.438    -0.03    2.09
 -57962.721    44.890    -1.49    2.01
 -57593.923    44.260    -1.71    1.36
 -57225.188    44.223    -0.10    1.71
 -56856.516    44.478     0.69    2.08
 -56487.906    44.627     0.40    2.50
 -56119.359    45.045     1.13    2.64
 -55750.874    45.124     0.21    2.07
 -55382.452    44.678    -1.21    1.40
 -55014.092    44.684     0.01    1.79
 -54645.795    44.616    -0.18    1.97
 -54277.559    44.914     0.81    1.88
 -53909.387    45.010     0.26    1.67
 -53541.276    45.087     0.21    1.41
 -53173.228    45.073    -0.04    1.41
 -52805.242    44.773    -0.81    1.63
 -52437.318    44.273    -1.36    2.05
 -52069.456    44.248    -0.07    2.66
 -51701.657    44.678     1.17    3.40
 -51333.920    47.350     7.27    6.24
 -50966.244    48.356     2.74    6.66
 -50598.631    48.773     1.13    6.30
 -50231.080    48.448    -0.89    5.71
 -49863.590    47.274    -3.19    3.73
 -49496.163    49.123     5.03    4.55
 -49128.798    50.707     4.31    4.41
 -48761.494    51.438     1.99    4.05
 -48394.252    50.458    -2.67    4.69
 -48027.072    49.914    -1.48    4.54
 -47654.027    50.775     2.31    4.59
 -47274.097    50.185    -1.55    5.42
 -46894.233    48.958    -3.23    6.58
 -46514.436    45.748    -8.45    6.12
 -46134.705    43.108    -6.95    3.81
 -45755.042    43.673     1.49    3.86
 -45375.445    45.412     4.58    3.16
 -44995.914    47.365     5.14    3.84
 -44616.450    49.448     5.49    3.57
 -44237.052    50.169     1.90    4.06
 -43857.721    53.810     9.60    6.11
 -43478.457    54.858     2.76    6.04
 -43099.258    54.124    -1.94    6.10
 -42720.126    52.329    -4.74    6.69
 -42341.061    48.535   -10.01    3.99
 -41962.062    46.432    -5.55    2.74
 -41583.129    45.640    -2.09    2.46
 -41204.262    45.779     0.37    2.46
 -40825.461    45.873     0.25    2.61
 -40446.727    46.060     0.50    2.36
 -40068.058    45.684    -0.99    2.14
 -39689.456    45.598    -0.23    2.04
 -39310.920    46.261     1.75    2.06
 -38932.449    46.435     0.46    2.09
 -38554.045    46.235    -0.53    2.29
 -38175.707    45.995    -0.64    2.01
 -37797.434    45.640    -0.94    1.73
 -37419.228    45.110    -1.40    2.61
 -37041.087    40.815   -11.36    7.27
 -36663.012    35.148   -14.99    8.55
 -36285.003    31.533    -9.56    7.66
 -35907.059    30.349    -3.13    7.70
 -35529.182    29.543    -2.13    7.24
 -35151.369    28.914    -1.66    5.96
 -34773.623    28.105    -2.14    4.24
 -34395.942    27.906    -0.53    4.38
 -34018.327    27.619    -0.76    4.40
 -33640.777    27.248    -0.98    4.06
 -33263.293    26.830    -1.11    3.29
 -32885.874    29.722     7.66    5.98
 -32508.521    34.526    12.73    7.77
 -32131.233    38.423    10.33    6.53
 -31754.010    40.673     5.96    3.88
 -31376.853    41.531     2.28    1.98
 -30999.760    41.935     1.07    2.64
 -30622.734    42.962     2.72    3.12
 -30245.772    43.438     1.26    2.81
 -29868.876    42.616    -2.18    3.30
 -29492.044    41.423    -3.17    3.18
 -29115.278    40.094    -3.53    2.15
 -28738.577    40.312     0.58    1.55
 -28361.941    39.450    -2.29    1.90
 -27985.370    38.985    -1.23    2.37
 -27608.864    39.398     1.10    3.07
 -27232.423    39.876     1.27    3.24
 -26856.047    41.172     3.44    2.83
 -26479.735    41.671     1.33    2.20
 -26103.489    40.523    -3.05    2.74
 -25727.307    39.261    -3.35    3.38
 -25351.191    35.602    -9.73    5.15
 -24975.138    32.354    -8.64    5.02
 -24599.151    30.210    -5.70    3.78
 -24223.228    28.234    -5.26    3.15
 -23847.370    27.173    -2.82    4.89
 -23471.577    28.221     2.79    6.51
 -23095.848    30.160     5.16    7.55
 -22720.183    33.235     8.18    7.22
 -22344.583    35.414     5.80    4.84
 -21969.048    35.663     0.66    4.26
 -21593.577    35.729     0.17    4.05
 -21218.171    34.845    -2.35    2.86
 -20842.828    34.184    -1.76    2.62
 -20467.551    35.404     3.25    3.15
 -20092.337    37.285     5.01    4.62
 -19717.188    39.548     6.03    5.16
 -19342.103    43.923    11.66    5.49
 -18967.082    48.196    11.39    5.23
 -18592.125    48.884     1.84    5.98
 -18217.233    44.485   -11.73   10.81
 -17842.405    40.221   -11.38   10.58
 -17467.640    35.735   -11.97    6.70
 -17092.940    34.058    -4.48    3.97
 -16718.304    35.004     2.53    2.29
 -16343.731    34.018    -2.63    1.94
 -15969.223    33.914    -0.28    2.06
 -15594.779    34.672     2.02    2.93
 -15220.398    36.648     5.28    3.22
 -14846.081    37.910     3.37    2.28
 -14471.828    38.248     0.90    2.53
 -14097.639    37.866    -1.02    2.49
 -13723.514    36.551    -3.51    3.30
 -13349.452    34.488    -5.52    5.14
 -12975.454    30.848    -9.73    5.25
 -12601.520    27.748    -8.29    4.72
 -12227.649    24.398    -8.96    6.75
 -11853.842    20.708    -9.87    7.36
 -11480.098    17.058    -9.77    6.63
 -11106.418    13.991    -8.21    4.72
 -10732.802    12.533    -3.90    3.89
 -10359.249    12.708     0.47    4.07
  -9985.759    13.653     2.53    4.32
  -9612.333    15.910     6.04    5.13
  -9238.970    17.079     3.13    5.95
  -8865.670    16.691    -1.04    7.71
  -8492.433    16.585    -0.28    8.49
  -8119.260    18.335     4.69    8.57
  -7746.150    21.517     8.53    7.78
  -7373.104    24.645     8.39    6.70
  -7000.120    25.406     2.04    5.38
  -6627.200    24.716    -1.85    4.81
  -6254.342    23.001    -4.60    5.12
  -5881.548    20.978    -5.43    4.61
  -5508.817    19.653    -3.56    4.12
  -5136.148    18.491    -3.12    4.22
  -4763.543    17.419    -2.88    4.06
  -4391.001    16.602    -2.19    3.91
  -4018.521    15.715    -2.38    3.98
  -3646.105    14.073    -4.41    4.07
  -3273.751    12.669    -3.77    3.43
  -2901.460    11.146    -4.09    3.00
  -2529.232    11.058    -0.24    2.94
  -2157.066    11.032    -0.07    4.03
  -1784.964     9.314    -4.62    6.16
  -1412.923     5.660    -9.82    7.59
  -1040.946     1.634   -10.82    6.39
   -669.031    -0.790    -6.52    3.53
   -297.179    -0.379     1.10    4.07
     74.611     1.004     3.72    4.85
    446.338     2.406     3.77    5.10
    818.003     2.514     0.29    5.13
   1189.605     1.126    -3.73    4.32
   1561.145     0.623    -1.35    3.25
   1932.622     1.442     2.21    3.46
   2304.037     6.785    14.39    8.81
   2675.390    13.086    16.97   10.19
   3046.681    19.936    18.45   10.20
   3417.909    27.545    20.50    7.03
   3789.075    31.494    10.64    6.54
   4160.179    33.802     6.22    5.32
   4531.220    35.285     4.00    6.37
   4902.200    35.275    -0.03    7.71
   5273.117    36.023     2.01    8.75
   5643.972    35.126    -2.42    9.00
   6014.766    30.663   -12.04    8.82
   6385.497    24.248   -17.31   10.62
   6756.166    14.702   -25.75   12.19
   7126.774     6.626   -21.79   10.41
   7497.319     2.385   -11.44    5.37
   7867.803     2.012    -1.01    2.95
   8238.224     3.035     2.76    2.15
   8608.584     3.869     2.25    1.62
   8978.882     4.998     3.05    2.92
   9349.119     6.058     2.87    3.22
   9719.293     7.533     3.98    3.13
  10089.406     8.531     2.70    2.37
  10459.457     7.523    -2.73    2.95
  10829.447     6.525    -2.70    2.84
  11199.375     5.735    -2.14    2.20
  11569.241     5.099    -1.72    1.94
  11939.046     5.085    -0.04    2.06
  12308.790     3.974    -3.01    2.32
  12678.472     2.585    -3.76    2.22
  13048.092     2.864     0.75    3.31
  13417.651     6.173     8.95    5.81
  13787.149     8.964     7.55    5.06
  14156.585     9.023     0.16    4.73
  14525.960     7.563    -3.95    5.44
  14895.274     6.198    -3.70    4.70
  15264.526     5.398    -2.16    3.79
  15633.717     6.819     3.85    3.62
  16002.847     8.369     4.20    3.39
  16371.916     9.158     2.14    2.79
  16740.924     9.421     0.71    2.69
  17109.871    10.185     2.07    3.07
  17478.756    10.914     1.98    3.80
  17847.581    12.678     4.78    4.11
  18216.344    13.688     2.74    3.57
  18585.047    13.419    -0.73    3.16
  18953.688    13.260    -0.43    3.09
  19322.269    12.209    -2.85    2.84
  19690.788    11.524    -1.86    2.96
  20059.247    11.412    -0.30    2.92
  20427.645    11.365    -0.13    2.69
  20795.982    12.172     2.19    2.54
  21164.259    13.248     2.92    2.05
  21532.475    13.339     0.25    1.93
  21900.630    13.337    -0.00    1.77
  22268.724    11.881    -3.96    3.26
  22636.758     9.876    -5.45    4.04
  23004.731     8.559    -3.58    3.53
  23372.643     7.754    -2.19    2.40
  23740.495     8.827     2.91    2.45
  24108.286     9.906     2.93    2.32
  24476.017    10.378     1.28    2.32
  24843.688     9.645    -1.99    2.92
  25211.298     8.423    -3.33    2.45
  25578.847     8.248    -0.48    1.94
  25946.337     8.299     0.14    1.56
  26313.765     9.119     2.23    1.49
  26681.134     9.721     1.64    1.25
  27051.357     9.785     0.17    1.16
  27431.149     9.394    -1.03    1.48
  27810.875     8.378    -2.68    1.63
  28190.536     6.404    -5.20    2.56
  28570.133     4.897    -3.97    2.40
  28949.664     4.458    -1.16    2.11
  29329.131     4.554     0.25    1.91
  29708.533     6.210     4.36    3.59
  30087.870    10.653    11.71    8.27
  30467.143    16.835    16.30   10.24
  30846.350    22.288    14.38    8.29
  31225.493    25.589     8.71    1.84
  31604.572    25.354    -0.62    1.33
  31983.585    25.132    -0.59    1.24
  32362.535    25.007    -0.33    1.09
  32741.419    24.969    -0.10    1.13
  33120.240    24.884    -0.22    1.09
  33498.995    24.608    -0.73    1.05
  33877.687    24.385    -0.59    0.98
  34256.313    24.109    -0.73    1.83
  34634.876    21.698    -6.37    4.32
  35013.374    19.856    -4.87    4.14
  35391.808    18.208    -4.35    3.53
  35770.177    17.195    -2.68    3.11
  36148.483    16.378    -2.16    3.44
  36526.724    14.533    -4.88    3.32
  36904.901    15.507     2.58    5.29
  37283.014    16.394     2.35    5.80
  37661.062    16.892     1.32    5.39
  38039.047    16.691    -0.53    5.02
  38416.967    16.008    -1.81    3.78
  38794.824    17.478     3.89    4.52
  39172.617    18.981     3.98    4.90
  39550.345    20.053     2.84    5.11
  39928.010    21.576     4.03    6.05
  40305.611    25.132     9.42    7.95
  40683.148    28.234     8.22    7.04
  41060.621    28.835     1.59    6.32
  41438.031    28.221    -1.63    5.89
  41815.376    27.210    -2.68    4.48
  42192.658    27.090    -0.32    3.83
  42569.876    28.494     3.72    3.56
  42947.031    30.196     4.51    3.80
  43324.122    30.653     1.21    3.51
  43701.150    30.429    -0.59    3.89
  44078.113    29.314    -2.96    3.92
  44455.014    29.703     1.03    5.20
  44831.851    31.154     3.85    5.22
  45208.624    32.585     3.80    4.18
  45585.334    33.138     1.47    3.47
  45961.981    32.070    -2.83    3.30
  46338.564    32.248     0.47    3.72
  46715.084    34.546     6.10    4.54
  47091.541    36.464     5.09    3.42
  47467.934    36.629     0.44    2.84
  47844.264    36.408    -0.59    2.79
  48220.531    34.760    -4.38    3.03
  48596.735    33.408    -3.60    3.44
  48972.875    32.780    -1.67    3.17
  49348.953    32.554    -0.60    2.81
  49724.967    33.066     1.36    2.66
  50100.919    32.494    -1.52    2.88
  50476.807    31.366    -3.00    2.97
  50852.633    30.301    -2.83    2.06
  51228.395    31.050     1.99    2.77
  51604.095    33.414     6.29    4.02
  51979.732    36.194     7.40    4.20
  52355.306    37.773     4.20    3.07
  52730.817    38.442     1.78    1.99
  53106.265    38.935     1.31    1.93
  53481.651    38.761    -0.46    1.69
  53856.973    37.962    -2.13    2.08
  54232.234    37.829    -0.35    2.10
  54607.431    38.468     1.70    2.50
  54982.566    39.676     3.22    2.63
  55357.638    40.722     2.79    1.80
  55732.648    41.195     1.26    1.75
  56107.595    41.936     1.98    2.14
  56482.480    43.182     3.32    2.71
  56857.302    45.181     5.33    2.94
  57232.062    46.689     4.02    2.80
  57606.760    46.871     0.49    2.68
  57981.395    47.235     0.97    2.77
  58355.967    47.313     0.21    3.16
  58730.478    47.074    -0.64    2.54
  59104.926    46.419    -1.75    3.20
  59479.312    41.132   -14.12    8.75
  59853.636    34.937   -16.55    9.64
  60227.897    29.910   -13.43    7.51
  60602.096    27.178    -7.30    3.89
  60976.234    27.716     1.44    4.27
  61350.309    30.018     6.15    4.49
  61724.322    32.827     7.51    4.42
  62098.273    34.700     5.01    3.58
  62472.162    35.533     2.23    2.50
  62845.989    33.869    -4.45    4.29
  63219.755    30.248    -9.69    5.37
  63593.458    27.194    -8.17    4.38
  63967.099    26.146    -2.80    3.69
  64340.679    25.741    -1.09    3.15
  64714.197    26.273     1.42    2.71
  65087.653    26.235    -0.10    2.04
  65461.047    25.339    -2.40    1.97
  65834.380    24.001    -3.58    1.66
  66207.651    23.144    -2.30    1.49
  66580.860    23.453     0.83    2.24
  66954.007    24.624     3.14    2.92
  67327.094    27.068     6.55    3.87
  67700.118    29.598     6.78    3.42
  68073.081    30.442     2.26    2.61
  68445.982    30.381    -0.16    2.37
  68818.822    29.940    -1.18    2.24
  69191.601    29.682    -0.69    2.63
  69564.318    30.902     3.27    3.71
  69936.974    32.834     5.19    4.59
  70309.568    35.300     6.62    4.62
  70682.102    37.313     5.41    3.63
  71054.574    38.208     2.40    2.41
  71426.984    37.419    -2.12    2.31
  71799.334    34.142    -8.80    5.85
  72171.622    29.464   -12.57    7.87
  72543.849    25.885    -9.61    6.93
  72916.015    24.637    -3.35    5.53
  73288.120    25.785     3.09    4.89
  73660.163    28.193     6.47    4.21
  74032.146    30.663     6.64    3.41
  74404.068    32.124     3.93    3.21
  74775.929    33.853     4.65    3.06
  75147.728    34.776     2.48    2.99
  75519.467    35.866     2.93    2.45
  75891.145    36.755     2.39    1.73
  76262.762    36.392    -0.97    2.36
  76634.319    34.414    -5.32    3.88
  77005.814    30.510   -10.51    5.16
  77377.249    26.484   -10.84    4.27
  77748.623    24.485    -5.38    3.12
  78119.937    25.549     2.86    4.78
  78491.189    30.300    12.80    7.32
  78862.381    36.558    16.86    7.10
  79233.513    41.629    13.66    6.01
  79604.584    45.567    10.61    4.08
  79975.594    46.968     3.77    2.91
  80346.544    47.701     1.98    2.74
  80717.433    48.196     1.34    2.85
  81088.262    48.126    -0.19    3.07
  81459.030    46.121    -5.41    5.71
  81829.738    41.450   -12.60    9.42
  82200.386    34.665   -18.30   10.63
  82570.973    28.088   -17.75    7.44
  82941.500    24.684    -9.19    4.37
  83311.967    22.181    -6.75    4.41
  83682.373    20.288    -5.11    4.69
  84052.719    19.701    -1.59    4.29
  84423.005    21.396     4.58    5.78
  84793.231    25.568    11.27    6.19
  85163.397    29.325    10.15    5.33
  85533.503    34.021    12.69    7.24
  85903.548    38.581    12.32    8.53
  86273.534    42.531    10.68    6.80
  86643.459    44.526     5.39    4.94
  87013.325    46.288     4.76    5.46
  87383.130    48.953     7.21    7.92
  87752.876    54.941    16.19    9.36
  88122.562    61.103    16.67    6.24
  88492.188    64.341     8.76    2.93
  88861.754    64.275    -0.18    2.97
  89231.260    60.661    -9.78    5.70
  89600.706    55.702   -13.42    7.65
  89970.093    50.448   -14.22    7.08
  90339.420    47.440    -8.14    4.81
  90708.687    47.381    -0.16    4.95
  91077.895    50.119     7.42    5.78
  91447.043    52.194     5.62    4.66
  91816.131    52.863     1.81    4.28
  92185.160    52.808    -0.15    3.39
  92554.130    53.663     2.32    2.76
  92923.039    55.901     6.07    2.93
  93291.890    57.464     4.24    3.00
  93660.681    58.581     3.03    2.79
  94029.412    58.714     0.36    2.91
  94398.084    57.474    -3.36    3.17
  94766.697    56.440    -2.81    2.93
  95135.250    55.626    -2.21    2.43
  95503.744    55.476    -0.41    2.35
  95872.179    55.977     1.36    2.49
  96240.554    55.881    -0.26    2.53
  96608.871    54.809    -2.91    3.29
  96977.128    53.353    -3.95    3.80
  97345.326    52.015    -3.63    3.38
  97713.464    50.800    -3.30    2.60
  98081.544    50.948     0.40    2.18
  98449.565    52.568     4.40    2.77
  98817.526    54.248     4.57    2.51
  99185.429    55.050     2.18    1.91
  99553.272    55.535     1.32    1.36
  99921.057    55.352    -0.50    1.55
 100288.783    55.789     1.19    1.80
 100656.449    55.671    -0.32    2.13
 101024.057    55.109    -1.53    1.83
 101391.606    54.172    -2.55    2.00
 101759.238    53.803    -1.00    2.18
 102138.897    54.353     1.45    2.56
 102518.493    55.572     3.21    3.19
 102898.026    56.888     3.47    3.19
 103277.496    58.381     3.93    3.75
 103656.902    59.301     2.42    3.69
 104036.246    60.468     3.08    3.37
 104415.526    61.603     2.99    2.44
 104794.743    61.392    -0.56    2.27
 105173.897    61.061    -0.87    2.53
 105552.988    60.286    -2.04    2.49
 105932.017    59.095    -3.14    2.49
 106310.982    58.658    -1.15    2.38
 106689.884    57.859    -2.11    2.09
 107068.724    57.709    -0.39    1.70
 107447.500    57.688    -0.06    1.53
 107826.214    56.748    -2.48    1.75
 108204.865    55.971    -2.05    1.89
 108583.454    55.498    -1.25    1.95
 108961.979    55.701     0.54    2.61
 109340.442    56.888     3.14    2.93
 109718.842    58.528     4.33    2.27
 110097.180    59.464     2.47    1.45
 110475.455    59.861     1.05    0.96
 110853.668    60.053     0.51    0.96
 111231.818    59.855    -0.52    1.35
 111609.905    59.126    -1.93    2.38
 111987.930    58.577    -1.45    4.03
 112365.893    59.419     2.23    6.58
 112743.793    60.494     2.85    7.77
 113121.631    63.114     6.93    8.43
 113499.407    64.392     3.38    7.61
 113877.120    63.103    -3.41    8.14
 114254.771    60.394    -7.17    7.80
 114632.359    54.481   -15.66    8.63
 115009.886    47.387   -18.79    8.15
 115387.350    43.563   -10.13    6.61
 115764.752    42.261    -3.45    5.26
 116142.092    46.998    12.55    7.58
 116519.370    53.025    15.98    6.73
 116896.586    56.889    10.24    7.78
 117273.740    59.762     7.62    8.17
 117650.832    60.819     2.80    7.69
 118027.862    59.728    -2.89    6.15
 118404.830    58.603    -2.98    3.92
 118781.736    56.767    -4.87    1.70
 119158.580    55.368    -3.71    2.46
 119535.363    52.511    -7.58    4.22
 119912.083    49.586    -7.76    4.97
 120288.742    47.514    -5.50    3.90
 120665.339    46.304    -3.21    1.98
 121041.875    47.432     3.00    2.12
 121418.348    48.984     4.12    1.43
 121794.760    49.550     1.50    1.32
 122171.111    50.001     1.20    1.10
 122547.400    49.594    -1.08    2.06
 122923.627    48.964    -1.67    2.91
 123299.793    49.131     0.44    3.13
 123675.897    49.477     0.92    3.83
 124051.940    50.261     2.08    4.75
 124427.921    49.861    -1.06    5.88
 124803.841    48.781    -2.87    6.61
 125179.699    48.669    -0.30    6.57
 125555.497    50.018     3.59    6.34
 125931.232    52.423     6.40    6.24
 126306.907    54.179     4.67    6.87
 126682.520    54.701     1.39    6.70
 127058.072    55.962     3.36    5.36
 127433.563    57.182     3.25    4.44
 127808.993    56.581    -1.60    4.48
 128184.362    55.354    -3.27    4.95
 128559.669    53.484    -4.98    4.53
 128934.916    52.671    -2.17    3.19
 129310.101    53.261     1.57    2.52
 129685.226    53.184    -0.21    2.38
 130060.289    53.437     0.68    3.08
 130435.291    51.248    -5.84    5.29
 130810.233    46.248   -13.33    8.52
 131185.114    45.037    -3.23    8.72
 131559.933    53.169    21.69   18.23
 131934.692    63.968    28.81   19.98
 132309.391    76.329    32.99   13.75
 132684.028    83.248    18.47    5.62
 133058.605    84.522     3.40    0.98
 133433.120    84.734     0.57    0.97
 133807.576    84.821     0.23    0.96
 134181.970    84.741    -0.21    0.94
 134556.304    84.353    -1.04    1.07
 134930.578    84.137    -0.58    1.15
 135304.791    83.888    -0.67    1.36
 135678.943    83.706    -0.49    1.78
 136053.035    83.173    -1.43    3.12
 136427.066    81.180    -5.33    6.46
 136801.037    76.735   -11.89   10.26
 137174.947    71.878   -12.99   10.87
 137548.797    68.468    -9.12    9.67
 137922.587    69.088     1.66    9.87
 138296.317    72.708     9.69   11.23
 138669.986    77.741    13.47    9.43
 139043.595    80.981     8.67    5.91
 139417.143    82.874     5.07    1.91
 139790.632    81.794    -2.89    2.68
 140164.060    79.634    -5.78    3.30
 140537.428    77.368    -6.07    3.67
 140910.736    74.261    -8.32    3.63
 141283.984    71.531    -7.31    3.39
 141657.172    68.767    -7.41    2.96
 142030.300    66.464    -6.17    2.38
 142403.367    64.555    -5.12    2.05
 142776.375    62.823    -4.64    1.85
 143149.323    58.729   -10.98    7.63
 143522.211    51.720   -18.79   11.61
 143895.039    44.378   -19.69   11.83
 144267.808    36.956   -19.91    7.06
 144640.516    34.287    -7.16    1.45
 145013.165    34.403     0.31    1.70
 145385.754    34.550     0.40    1.93
 145758.283    34.905     0.95    2.11
 146130.752    35.501     1.60    2.73
 146503.162    36.403     2.42    2.86
 146875.512    37.554     3.09    3.48
 147247.803    38.748     3.20    3.83
 147620.034    38.572    -0.47    3.79
 147992.205    39.289     1.93    4.33
 148364.317    40.958     4.49    5.73
 148736.369    43.788     7.61    5.94
 149108.362    45.066     3.43    5.45
 149480.296    45.141     0.20    4.85
 149852.170    44.366    -2.08    4.29
 150223.984    43.667    -1.88    3.67
 150595.740    43.088    -1.56    2.71
 150967.436    42.937    -0.41    2.39
 151339.072    43.328     1.05    2.31
 151710.650    43.954     1.69    2.38
 152082.168    44.994     2.80    2.45
 152453.627    45.994     2.69    1.87
 152825.027    46.721     1.96    1.57
 153196.367    47.577     2.30    1.36
 153567.649    48.396     2.21    1.20
 153938.871    49.180     2.11    1.11
 154310.034    49.869     1.86    1.19
 154681.139    50.645     2.09    1.18
 155052.184    51.357     1.92    1.06
 155423.170    52.083     1.96    1.04
 155794.098    52.645     1.51    0.98
 156164.966    53.116     1.27    0.96
 156535.776    53.545     1.16    0.93
 156906.526    53.962     1.12    0.94
 157277.218    54.385     1.14    1.06
 157647.851    54.773     1.05    1.10
 158018.426    55.165     1.06    1.21
 158388.941    55.845     1.83    1.22
 158759.398    56.221     1.01    0.94
 159129.796    56.273     0.14    0.93
 159500.135    56.179    -0.25    1.06
 159870.416    55.827    -0.95    1.01
 160240.638    55.470    -0.96    1.12
 160610.802    55.274    -0.53    1.19
 160980.907    55.220    -0.15    1.17
 161350.953    55.501     0.76    1.60
 161720.941    55.900     1.08    1.92
 162090.871    56.861     2.60    2.52
 162460.742    57.376     1.39    2.47
 162830.555    57.168    -0.56    2.17
 163200.309    56.705    -1.25    1.53
 163570.005    57.101     1.07    1.96
 163939.643    57.491     1.05    2.12
 164309.222    57.656     0.45    2.26
 164678.743    57.865     0.57    2.71
 165048.206    57.221    -1.74    2.83
 165417.611    56.093    -3.05    2.49
 165786.957    56.061    -0.09    2.57
 166156.245    56.553     1.33    2.66
 166525.475    56.998     1.20    2.44
 166894.647    57.178     0.49    1.95
 167263.761    58.030     2.31    1.80
 167632.817    59.109     2.92    1.40
 168001.815    59.728     1.68    1.18
 168370.755    60.303     1.56    1.25
 168739.637    60.728     1.15    1.31
 169108.461    61.389     1.79    1.31
 169477.227    61.998     1.65    1.38
 169845.935    62.591     1.61    1.17
 170214.586    62.866     0.75    1.18
 170583.178    63.103     0.64    1.15
 170951.713    63.314     0.57    1.15
 171320.190    63.591     0.75    1.01
 171688.609    63.528    -0.17    0.99
 172056.971    63.319    -0.57    1.12
 172425.275    62.714    -1.64    1.12
 172793.521    61.919    -2.16    1.32
 173161.709    61.101    -2.22    1.36
 173529.840    61.567     1.26    2.15
 173897.914    62.794     3.34    3.01
 174265.930    63.740     2.57    2.81
 174633.888    63.688    -0.14    3.27
 175001.789    62.845    -2.29    3.84
 175369.632    61.674    -3.18    3.96
 175737.418    60.768    -2.46    4.02
 176105.147    60.287    -1.31    3.59
 176472.818    59.302    -2.68    5.44
 176849.955    58.650    -1.73    6.99
 177229.421    56.859    -4.72    7.11
 177608.824    56.326    -1.41    6.78
 177988.167    57.015     1.82    6.69
 178367.448    58.340     3.49    6.48
 178746.667    60.964     6.92    6.02
 179125.825    63.141     5.74    4.46
 179504.922    64.648     3.97    4.41
 179883.957    66.437     4.72    4.35
 180262.931    66.794     0.94    4.33
 180641.843    67.867     2.83    3.17
 181020.694    68.008     0.37    3.30
 181399.485    68.105     0.26    3.41
 181778.213    68.608     1.33    3.37
 182156.881    69.012     1.07    2.60
 182535.487    68.097    -2.42    3.08
 182914.033    67.124    -2.57    3.16
 183292.517    67.140     0.04    3.16
 183670.940    67.558     1.11    3.42
 184049.303    68.070     1.35    3.20
 184427.604    68.741     1.77    2.69
 184805.844    68.775     0.09    2.44
 185184.023    68.781     0.01    2.32
 185562.141    68.958     0.47    2.16
 185940.199    69.168     0.55    1.94
 186318.196    68.631    -1.42    2.49
 186696.131    66.715    -5.07    5.47
 187074.006    61.572   -13.61    9.29
 187451.821    57.088   -11.87    9.65
 187829.574    53.004   -10.81    8.71
 188207.267    49.829    -8.41    5.57
 188584.899    49.037    -2.10    2.57
 188962.470    49.919     2.33    2.96
 189339.981    52.118     5.82    4.92
 189717.431    54.775     7.04    6.12
 190094.821    56.394     4.29    5.92
 190472.150    57.684     3.42    6.06
 190849.419    59.194     4.00    6.40
 191226.627    61.234     5.41    7.22
 191603.775    64.629     9.00    7.07
 191980.862    67.768     8.32    5.56
 192357.889    70.674     7.71    3.15
 192734.856    71.802     2.99    2.02
 193111.762    71.707    -0.25    2.02
 193488.608    70.842    -2.29    2.60
 193865.394    69.385    -3.87    3.56
 194242.120    65.439   -10.47    6.09
 194618.785    63.741    -4.51    5.88
 194995.390    64.501     2.02    5.84
 195371.935    64.962     1.22    5.55
 195748.420    67.394     6.46    3.02
 196124.845    67.462     0.18    2.71
 196501.210    67.856     1.05    2.78
 196877.515    68.850     2.64    3.01
 197253.759    69.896     2.78    2.98
 197629.944    69.950     0.14    2.78
 198006.069    70.099     0.40    2.88
 198382.134    70.168     0.18    2.93
 198758.139    70.153    -0.04    2.66
 199134.084    69.448    -1.88    3.86
 199509.970    68.481    -2.57    4.19
 199885.795    67.471    -2.68    4.25
 200261.561    66.928    -1.45    4.24
 200637.267    67.261     0.89    4.25
 201012.914    66.942    -0.85    4.44
 201388.501    66.448    -1.32    4.24
 201764.028    65.928    -1.38    4.32
 202139.495    65.616    -0.83    4.25
 202514.903    65.206    -1.09    3.59
 202890.251    65.142    -0.17    2.96
 203265.540    65.977     2.22    2.37
 203640.769    66.421     1.18    2.64
 204015.939    67.775     3.61    2.92
 204391.050    69.234     3.89    2.96
 204766.101    69.354     0.32    2.77
 205141.092    68.481    -2.33    2.61
 205516.024    67.767    -1.90    1.96
 205890.897    67.567    -0.53    1.47
 206265.711    68.048     1.28    1.21
 206640.465    68.633     1.56    0.98
 207015.160    69.034     1.07    0.98
 207389.796    69.248     0.57    1.01
 207764.373    69.181    -0.18    0.96
 208138.891    69.159    -0.06    0.97
 208513.349    68.977    -0.49    0.98
 208887.748    68.994     0.04    0.91
 209262.088    69.193     0.53    1.08
 209636.370    69.631     1.17    1.21
 210010.592    69.919     0.77    1.21
 210384.755    70.015     0.26    1.11
 210758.859    69.741    -0.73    1.12
 211132.905    69.434    -0.82    1.11
 211506.891    69.488     0.14    1.08
 211880.819    69.829     0.91    1.10
 212254.687    70.220     1.05    0.99
 212628.497    70.467     0.66    0.85
 213002.248    70.371    -0.26    0.87
 213375.941    69.829    -1.45    1.25
 213749.574    69.033    -2.13    1.65
 214123.149    68.518    -1.38    1.52
 214496.665    68.204    -0.84    1.44
 214870.123    68.354     0.40    1.45
 215243.522    68.895     1.45    1.08
 215616.862    68.768    -0.34    1.08
 215990.144    68.784     0.04    1.11
 216363.367    68.461    -0.86    1.12
 216736.532    68.025    -1.17    1.21
 217109.639    67.471    -1.48    1.36
 217482.686    66.892    -1.55    1.25
 217855.676    66.563    -0.88    1.16
 218228.607    67.031     1.25    1.70
 218601.480    67.545     1.38    2.35
 218974.294    68.234     1.85    2.57
 219347.050    69.153     2.46    2.80
 219719.748    70.099     2.54    3.37
 220092.387    70.288     0.51    3.62
 220464.969    69.815    -1.27    4.12
 220837.492    69.653    -0.44    4.27
 221209.957    69.248    -1.09    4.04
 221582.364    68.126    -3.01    4.68
 221954.712    66.827    -3.49    5.80
 222327.003    65.192    -4.39    5.97
 222699.235    64.141    -2.82    5.76
 223071.410    63.371    -2.07    5.65
 223443.526    63.208    -0.44    5.61
 223815.585    63.558     0.94    5.27
 224187.586    65.101     4.15    5.19
 224559.528    66.952     4.98    3.90
 224931.413    67.928     2.62    3.76
 225303.240    68.833     2.44    3.40
 225675.009    67.954    -2.36    3.44
 226046.720    67.523    -1.16    3.28
 226418.374    67.114    -1.10    2.83
 226789.970    66.748    -0.99    2.11
 227161.508    67.154     1.09    1.60
 227532.988    68.107     2.56    1.32
 227904.411    68.896     2.13    0.93
 228275.776    69.012     0.31    0.91
 228647.083    68.937    -0.20    1.02
 229018.333    68.512    -1.15    1.17
 229389.525    67.823    -1.85    1.20
 229760.660    67.302    -1.40    1.14
 230131.737    66.815    -1.31    1.14
 230502.757    67.018     0.55    1.62
 230873.719    67.558     1.46    1.81
 231244.624    68.165     1.64    1.96
 231615.471    68.937     2.08    1.91
 231986.262    69.412     1.28    1.83
 232356.994    69.531     0.32    1.72
 232727.670    68.599    -2.51    2.13
 233098.288    67.829    -2.08    1.84
 233468.849    67.572    -0.69    1.61
 233839.353    67.686     0.31    1.42
 234209.799    68.727     2.81    1.17
 234580.188    69.275     1.48    0.96
 234950.520    69.850     1.55    0.91
 235320.795    70.220     1.00    0.90
 235691.013    71.220     2.70    1.97
 236061.174    72.811     4.30    2.91
 236431.278    74.522     4.62    2.95
 236801.325    75.473     2.57    2.45
 237171.315    74.782    -1.87    2.84
 237541.247    73.205    -4.26    2.81
 237911.123    71.823    -3.74    2.22
 238280.942    70.741    -2.93    1.29
 238650.704    70.083    -1.78    0.85
 239020.410    69.595    -1.32    0.94
 239390.058    69.042    -1.49    0.91
 239759.650    68.275    -2.07    1.17
 240129.185    67.518    -2.05    1.26
 240498.663    67.022    -1.34    1.10
 240868.084    66.761    -0.71    1.24
 241237.449    67.462     1.90    2.08
 241606.757    67.896     1.18    2.50
 241976.008    68.219     0.87    2.93
 242345.203    68.167    -0.14    3.17
 242714.341    68.045    -0.33    3.12
 243083.423    68.018    -0.07    2.90
 243452.448    68.248     0.62    2.80
 243821.416    68.234    -0.04    2.88
 244190.329    67.233    -2.71    3.20
 244559.184    66.775    -1.24    2.87
 244927.983    66.615    -0.43    3.07
 245296.726    66.869     0.69    3.03
 245665.413    66.409    -1.25    3.45
 246034.043    66.802     1.06    3.39
 246402.617    66.924     0.33    3.25
 246771.134    66.302    -1.69    3.72
 247139.595    67.101     2.17    3.77
 247508.000    66.545    -1.51    4.10
 247876.349    66.204    -0.93    4.24
 248244.642    66.113    -0.25    4.26
 248612.878    65.145    -2.63    4.19
 248981.058    63.667    -4.01    5.22
 249349.183    62.909    -2.06    5.16
 249717.251    61.626    -3.49    5.46
 250085.263    59.704    -5.22    5.69
 250453.219    58.086    -4.40    5.33
 250821.119    56.527    -4.24    4.73
 251188.963    57.450     2.51    4.48
 251563.657    59.571     5.66    3.76
 251942.994    61.167     4.20    2.45
 252322.271    61.769     1.59    2.25
 252701.488    62.694     2.44    2.86
 253080.646    63.445     1.98    3.19
 253459.744    64.809     3.60    3.70
 253838.781    66.850     5.38    3.83
 254217.759    68.553     4.49    3.21
 254596.678    70.018     3.86    2.38
 254975.536    70.656     1.68    1.87
 255354.335    70.613    -0.12    1.74
 255733.075    70.248    -0.96    1.97
 256111.754    70.031    -0.57    2.09
 256490.374    70.205     0.46    1.97
 256868.935    70.316     0.29    2.10
 257247.435    70.623     0.81    1.95
 257625.877    70.706     0.22    2.38
 258004.259    67.220    -9.21    7.74
 258382.581    63.109   -10.87    9.51
 258760.844    58.167   -13.06    9.50
 259139.048    54.871    -8.71    7.16
 259517.192    51.221    -9.65    5.58
 259895.277    49.204    -5.33    5.49
 260273.302    46.626    -6.82    7.77
 260651.269    43.827    -7.40    8.33
 261029.176    43.062    -2.02    8.26
