-189594.637    23.959     0.00    5.12
-189225.777    22.927    -2.80    4.66
-188856.999    21.716    -3.28    5.03
-188488.301    21.387    -0.89    5.05
-188119.684    21.770     1.04    5.15
-187751.148    23.150     3.74    5.35
-187382.693    23.422     0.74    4.54
-187014.319    24.741     3.58    4.99
-186646.025    25.617     2.38    4.42
-186277.813    25.905     0.78    4.75
-185909.680    26.110     0.56    6.23
-185541.629    25.983    -0.34    7.80
-185173.658    27.862     5.11    9.60
-184805.767    30.249     6.49    9.78
-184437.957    30.357     0.30    8.41
-184070.227    27.912    -6.65    8.72
-183702.578    22.133   -15.72    7.91
-183335.008    17.765   -11.89    5.40
-182967.519    16.840    -2.52    4.64
-182600.111    16.702    -0.37    5.54
-182232.782    16.196    -1.38    5.50
-181865.533    18.682     6.77    6.69
-181498.364    22.049     9.17    8.39
-181131.276    25.223     8.65    6.79
-180764.267    27.060     5.01    6.14
-180397.338    28.192     3.08    6.32
-180030.489    29.539     3.67    6.07
-179663.720    29.682     0.39    5.09
-179297.030    29.672    -0.03    4.82
-178930.420    28.971    -1.91    5.43
-178563.889    26.893    -5.67    5.44
-178197.439    26.793    -0.27    5.68
-177831.067    27.945     3.15    6.37
-177464.775    30.372     6.63    6.09
-177098.563    32.212     5.02    5.09
-176732.429    32.377     0.45    5.23
-176366.376    32.562     0.51    5.17
-176000.401    30.515    -5.59    6.15
-175634.505    27.372    -8.59    6.91
-175268.689    24.372    -8.20    7.03
-174902.952    25.372     2.73    8.70
-174537.294    28.428     8.36    9.64
-174171.714    32.512    11.17    9.11
-173806.214    33.744     3.37    7.61
-173440.793    34.378     1.74    6.34
-173075.450    33.342    -2.83    6.35
-172710.186    32.372    -2.66    6.49
-172345.001    28.552   -10.46    8.42
-171979.895    25.536    -8.26    8.64
-171614.867    23.505    -5.56    7.60
-171237.503    26.585     8.16    9.95
-170856.022    30.842    11.16   10.02
-170474.627    33.774     7.69    8.33
-170093.320    35.189     3.71    6.03
-169712.101    35.645     1.20    5.87
-169330.968    37.046     3.68    5.11
-168949.923    39.843     7.34    6.03
-168568.964    44.102    11.18    4.96
-168188.093    45.813     4.49    4.61
-167807.308    46.760     2.49    4.71
-167426.611    46.588    -0.45    4.41
-167046.000    45.175    -3.71    4.93
-166665.476    42.060    -8.19    5.25
-166285.039    40.243    -4.78    4.86
-165904.688    40.417     0.46    6.14
-165524.424    39.495    -2.43    6.29
-165144.247    39.569     0.20    6.42
-164764.156    38.697    -2.30    7.23
-164384.152    36.199    -6.57    6.19
-164004.234    34.738    -3.85    5.35
-163624.402    33.482    -3.31    5.67
-163244.656    31.996    -3.91    5.70
-162864.997    29.752    -5.91    5.99
-162485.423    28.062    -4.45    6.64
-162105.936    26.024    -5.37    7.82
-161726.535    23.841    -5.75    9.97
-161347.220    22.278    -4.12   10.25
-160967.991    20.969    -3.45    8.78
-160588.847    20.012    -2.52    6.63
-160209.790    19.820    -0.51    5.38
-159830.818    19.912     0.24    4.77
-159451.931    19.851    -0.16    3.61
-159073.131    17.712    -5.65    3.86
-158694.416    17.664    -0.13    4.69
-158315.786    18.732     2.82    6.08
-157937.242    19.970     3.27    7.07
-157558.783    23.282     8.75    7.92
-157180.410    25.851     6.79    7.77
-156802.122    28.892     8.04    6.11
-156423.919    31.946     8.08    4.72
-156045.801    32.402     1.21    4.77
-155667.769    32.542     0.37    6.55
-155289.821    34.110     4.15    7.81
-154911.958    35.556     3.83    8.08
-154534.181    35.155    -1.06    8.43
-154156.488    32.423    -7.23    8.41
-153778.880    30.317    -5.58    7.89
-153401.357    31.252     2.48    8.06
-153023.918    32.474     3.24    8.32
-152646.565    34.572     5.56    7.74
-152269.295    35.196     1.65    6.58
-151892.111    33.442    -4.65    7.46
-151515.010    32.305    -3.02    8.00
-151137.995    30.590    -4.55    7.94
-150761.063    28.321    -6.02    8.29
-150384.216    27.064    -3.34    8.62
-150007.454    27.346     0.75    9.56
-149630.775    25.582    -4.68    9.49
-149254.181    23.500    -5.53    8.53
-148877.670    22.650    -2.26    7.28
-148501.244    20.320    -6.19    7.35
-148124.902    17.585    -7.27    6.42
-147748.643    18.427     2.24    7.03
-147372.469    19.182     2.01    8.03
-146996.378    21.213     5.40    8.61
-146620.371    23.062     4.92    7.40
-146244.448    24.216     3.07    6.23
-145868.608    25.569     3.60    5.70
-145492.852    23.903    -4.43    6.74
-145117.180    20.732    -8.44    7.18
-144741.591    17.219    -9.35    6.22
-144366.086    13.317   -10.39    5.56
-143990.663    10.982    -6.22    5.22
-143615.325     8.630    -6.27    3.53
-143240.069     7.297    -3.55    1.04
-142864.897     6.997    -0.80    0.36
-142489.808     7.262     0.71    0.84
-142114.802     8.154     2.38    2.11
-141739.879     9.135     2.62    2.69
-141365.039    10.755     4.32    3.31
-140990.282    12.428     4.46    3.22
-140615.607    13.046     1.65    2.93
-140241.016    12.961    -0.23    2.83
-139866.508    12.692    -0.72    3.08
-139492.082    12.952     0.69    3.75
-139117.739    14.934     5.30    5.24
-138743.478    17.352     6.46    6.13
-138369.300    19.903     6.82    7.01
-137995.205    20.761     2.30    6.93
-137621.192    19.594    -3.12    7.58
-137247.261    18.029    -4.19    6.57
-136873.413    16.913    -2.99    4.40
-136499.647    17.270     0.96    3.74
-136125.963    18.165     2.40    4.00
-135752.362    19.872     4.57    5.95
-135378.842    23.212     8.94    7.35
-135005.405    27.690    11.99    8.20
-134632.050    28.992     3.49    7.45
-134258.776    27.785    -3.23    7.76
-133885.585    24.632    -8.45    8.50
-133512.476    21.958    -7.17    6.94
-133139.448    22.474     1.38    6.35
-132766.502    25.286     7.54    6.57
-132393.638    27.372     5.59    5.86
-132020.855    27.454     0.22    6.28
-131648.154    26.781    -1.81    6.34
-131275.535    24.994    -4.80    6.13
-130902.997    23.620    -3.69    5.88
-130530.540    21.505    -5.68    5.54
-130158.165    18.579    -7.86    2.38
-129785.871    17.532    -2.81    2.50
-129413.659    17.292    -0.65    2.83
-129041.528    17.992     1.88    3.83
-128669.478    18.914     2.48    5.29
-128297.509    19.691     2.09    5.69
-127925.621    19.087    -1.62    6.17
-127553.814    16.913    -5.85    6.65
-127182.088    14.291    -7.06    5.69
-126810.443    11.466    -7.60    4.83
-126438.879     8.582    -7.76    2.56
-126067.396     7.483    -2.96    1.76
-125695.993     7.582     0.27    2.08
-125324.672     8.242     1.78    2.53
-124953.430     8.452     0.57    2.41
-124582.270     8.241    -0.57    2.23
-124211.190     7.617    -1.68    1.71
-123840.190     7.556    -0.17    1.85
-123469.271     7.985     1.16    1.94
-123098.433     7.872    -0.30    2.02
-122727.675     7.689    -0.50    1.81
-122356.997     7.642    -0.12    2.02
-121986.399     8.143     1.35    2.71
-121615.881     9.282     3.07    3.40
-121245.444    10.970     4.56    4.19
-120875.087    11.107     0.37    4.03
-120504.809    10.528    -1.56    4.03
-120134.612     9.125    -3.79    3.91
-119764.495     7.638    -4.02    2.18
-119394.457     7.666     0.08    1.87
-119024.500     8.569     2.44    2.82
-118654.622     9.250     1.84    3.07
-118284.824     9.650     1.08    3.06
-117915.105     9.324    -0.88    3.11
-117545.466     9.780     1.23    3.10
-117175.907    11.155     3.72    3.50
-116806.427    12.285     3.06    3.99
-116437.027    13.914     4.41    4.14
-116067.706    15.291     3.73    4.33
-115698.465    15.707     1.13    4.53
-115329.303    15.122    -1.58    4.41
-114960.220    15.282     0.43    4.24
-114591.216    16.049     2.08    4.60
-114222.292    16.292     0.66    4.30
-113853.447    16.590     0.81    5.04
-113484.680    17.903     3.56    5.18
-113115.993    18.722     2.22    4.84
-112747.385    20.158     3.90    4.64
-112378.855    19.549    -1.65    4.83
-112010.405    18.925    -1.69    4.46
-111642.033    19.801     2.38    4.33
-111273.740    20.000     0.54    4.12
-110905.526    20.442     1.20    3.83
-110537.391    20.730     0.78    4.12
-110169.334    20.408    -0.87    4.88
-109801.356    19.604    -2.18    4.62
-109433.456    18.975    -1.71    4.60
-109065.635    18.630    -0.94    4.75
-108697.892    19.450     2.23    4.03
-108330.227    19.008    -1.20    4.40
-107962.641    18.820    -0.51    4.45
-107595.133    16.862    -5.33    4.66
-107227.703    15.872    -2.69    3.99
-106860.352    16.529     1.79    3.71
-106493.079    17.964     3.91    5.08
-106125.883    19.738     4.83    4.97
-105758.766    20.189     1.23    5.85
-105391.727    19.357    -2.27    6.60
-105024.765    16.617    -7.47    5.07
-104657.882    15.666    -2.59    3.67
-104291.076    17.975     6.30    5.61
-103924.348    20.393     6.59    5.90
-103557.698    20.872     1.31    6.25
-103191.126    20.802    -0.19    6.24
-102824.631    17.240    -9.72    5.97
-102458.214    15.759    -4.04    5.55
-102091.874    15.683    -0.21    6.27
-101725.612    18.966     8.96    7.85
-101359.427    23.290    11.81    7.19
-100993.319    24.260     2.65    5.87
-100627.289    23.852    -1.12    5.06
-100261.336    21.625    -6.09    5.28
 -99895.461    19.934    -4.62    5.54
 -99529.663    18.102    -5.01    5.84
 -99163.941    17.434    -1.83    6.14
 -98798.297    15.960    -4.03    7.42
 -98432.730    14.327    -4.47    6.93
 -98067.240    13.936    -1.07    5.89
 -97701.827    12.674    -3.45    4.28
 -97336.491    13.903     3.36    5.58
 -96971.232    14.769     2.37    6.39
 -96598.679    14.852     0.22    6.61
 -96217.366    14.758    -0.25    6.59
 -95836.138    14.670    -0.23    5.91
 -95454.995    15.077     1.07    5.55
 -95073.937    17.276     5.77    5.96
 -94692.965    18.048     2.02    6.06
 -94312.076    16.977    -2.81    6.02
 -93931.273    15.800    -3.09    6.03
 -93550.555    13.638    -5.68    5.75
 -93169.921    10.894    -7.21    5.71
 -92789.372     9.536    -3.57    5.30
 -92408.907     8.233    -3.42    4.45
 -92028.527     6.357    -4.93    2.52
 -91648.232     5.757    -1.58    1.73
 -91268.021     6.145     1.02    1.94
 -90887.894     6.617     1.24    2.24
 -90507.852     7.250     1.67    2.43
 -90127.894     6.965    -0.75    2.36
 -89748.020     6.730    -0.62    2.59
 -89368.230     6.606    -0.32    2.95
 -88988.524     5.699    -2.39    2.65
 -88608.903     5.660    -0.10    2.98
 -88229.365     5.699     0.10    2.88
 -87849.911     5.049    -1.71    3.02
 -87470.542     4.250    -2.11    2.91
 -87091.256     3.098    -3.04    1.79
 -86712.053     2.525    -1.51    1.13
 -86332.935     2.535     0.03    1.18
 -85953.900     2.546     0.03    1.17
 -85574.949     2.539    -0.02    1.14
 -85196.081     2.454    -0.22    0.98
 -84817.297     2.535     0.21    1.13
 -84438.596     3.015     1.27    1.75
 -84059.979     3.926     2.41    2.49
 -83681.445     4.127     0.53    2.45
 -83302.994     3.851    -0.73    2.30
 -82924.627     3.025    -2.18    1.49
 -82546.342     3.216     0.51    1.65
 -82168.141     3.801     1.55    1.93
 -81790.023     4.111     0.82    1.77
 -81411.988     4.485     0.99    1.87
 -81034.035     5.405     2.44    2.57
 -80656.166     7.913     6.64    4.74
 -80278.380    10.461     6.75    5.45
 -79900.676    10.319    -0.38    5.56
 -79523.055     9.361    -2.54    6.26
 -79145.517     7.014    -6.22    5.63
 -78768.061     4.785    -5.90    3.20
 -78390.688     3.953    -2.21    2.59
 -78013.398     3.139    -2.16    1.82
 -77636.190     2.508    -1.67    1.10
 -77259.064     2.521     0.03    1.35
 -76882.021     3.403     2.34    2.40
 -76505.060     3.734     0.88    2.47
 -76128.181     3.602    -0.35    2.46
 -75751.385     3.125    -1.26    2.29
 -75374.670     2.362    -2.03    1.14
 -74998.038     2.130    -0.62    0.66
 -74621.488     2.127    -0.01    0.65
 -74245.020     2.070    -0.15    0.49
 -73868.634     2.171     0.27    0.60
 -73492.329     2.293     0.32    1.02
 -73116.107     2.279    -0.04    1.03
 -72739.966     2.325     0.12    1.06
 -72363.907     2.352     0.07    1.04
 -71987.930     2.241    -0.29    0.79
 -71612.034     2.441     0.53    1.06
 -71236.220     2.852     1.09    1.87
 -70860.487     3.662     2.16    2.49
 -70484.836     4.841     3.14    3.01
 -70109.267     4.893     0.14    2.78
 -69733.778     4.464    -1.14    2.39
 -69358.371     4.209    -0.68    1.90
 -68983.046     4.604     1.05    2.60
 -68607.801     6.144     4.10    3.52
 -68232.638     8.536     6.37    3.84
 -67857.555    11.111     6.87    3.28
 -67482.554    13.388     6.07    2.59
 -67107.634    14.628     3.31    1.76
 -66732.795    14.893     0.71    1.42
 -66358.036    14.995     0.27    1.10
 -65983.359    14.158    -2.23    2.57
 -65608.762    13.093    -2.84    4.55
 -65234.246    10.914    -5.82    6.05
 -64859.811     9.747    -3.12    6.45
 -64485.456     9.398    -0.93    6.63
 -64111.182     9.757     0.96    6.17
 -63736.988    11.206     3.87    5.30
 -63362.875    13.114     5.10    3.74
 -62988.843    14.283     3.12    1.59
 -62614.890    14.512     0.61    1.02
 -62241.018    14.053    -1.23    1.38
 -61867.227    13.223    -2.22    1.51
 -61493.515    11.966    -3.36    1.66
 -61119.884     9.799    -5.80    3.81
 -60746.333     7.235    -6.87    4.90
 -60372.862     4.697    -6.80    5.02
 -59999.471     2.228    -6.61    4.08
 -59626.160     0.501    -4.63    2.21
 -59252.929    -0.128    -1.68    0.00
 -58879.778    -0.128     0.00    0.00
 -58506.706    -0.128     0.00    0.00
 -58133.715    -0.128     0.00    0.00
 -57760.803    -0.128     0.00    0.00
 -57387.971     2.279     6.45    5.41
 -57015.218     5.641     9.02    7.08
 -56642.545    10.093    11.95    6.55
 -56269.951    13.404     8.88    3.35
 -55897.437    13.104    -0.80    2.72
 -55525.003    10.202    -7.79    5.72
 -55152.647     6.262   -10.58    6.49
 -54780.371     2.466   -10.20    4.83
 -54408.175     0.111    -6.33    0.87
 -54036.057     1.398     3.46    2.27
 -53664.019     2.861     3.93    2.54
 -53292.060     4.279     3.81    2.17
 -52920.180     5.438     3.12    1.13
 -52548.379     6.025     1.58    1.18
 -52176.657     6.588     1.51    1.15
 -51805.013     5.811    -2.09    2.35
 -51433.449     4.599    -3.26    3.28
 -51061.964     3.008    -4.28    3.27
 -50690.557     1.862    -3.09    2.45
 -50319.229     1.247    -1.66    1.50
 -49947.979     1.820     1.54    1.53
 -49576.809     2.872     2.83    1.93
 -49205.717     4.072     3.23    2.17
 -48834.703     5.406     3.60    2.30
 -48463.768     6.769     3.67    1.72
 -48092.911     6.765    -0.01    1.70
 -47722.133     6.283    -1.30    2.05
 -47351.433     5.977    -0.83    2.36
 -46980.811     6.083     0.29    2.33
 -46610.267     6.617     1.44    2.32
 -46239.802     5.985    -1.71    2.60
 -45869.415     5.070    -2.47    2.27
 -45499.106     4.302    -2.07    1.46
 -45128.875     4.378     0.20    1.22
 -44758.722     5.041     1.79    1.21
 -44388.646     5.543     1.36    1.09
 -44018.649     5.650     0.29    1.10
 -43648.730     5.883     0.63    1.19
 -43278.888     6.170     0.78    1.44
 -42909.124     5.978    -0.52    1.50
 -42539.438     6.106     0.35    1.43
 -42169.829     6.325     0.59    1.63
 -41800.298     6.408     0.23    1.67
 -41430.845     6.799     1.06    1.52
 -41061.469     6.872     0.20    1.22
 -40692.171     6.762    -0.30    0.84
 -40322.949     7.149     1.05    1.58
 -39953.806     7.816     1.81    1.76
 -39584.739     8.310     1.34    1.46
 -39215.750     9.292     2.66    1.37
 -38846.838    10.620     3.60    2.40
 -38478.003    12.104     4.02    2.69
 -38109.246    12.672     1.54    2.31
 -37740.565    12.383    -0.78    2.42
 -37371.961    11.287    -2.97    2.15
 -37003.435    10.357    -2.53    1.08
 -36634.985    10.450     0.25    1.01
 -36266.612    10.279    -0.47    1.49
 -35898.316     9.781    -1.35    1.82
 -35530.097     9.320    -1.25    1.83
 -35161.955     9.044    -0.75    1.51
 -34793.889     9.968     2.51    1.80
 -34425.900    10.830     2.34    1.56
 -34057.987    11.230     1.09    1.25
 -33690.151    11.862     1.72    1.63
 -33322.391    12.829     2.63    2.17
 -32954.708    13.799     2.64    1.88
 -32587.102    14.438     1.74    1.20
 -32219.571    14.247    -0.52    1.31
 -31852.117    13.606    -1.74    1.40
 -31484.740    12.956    -1.77    2.11
 -31117.438    10.692    -6.16    4.66
 -30750.213     7.450    -8.83    5.45
 -30383.063     5.591    -5.06    5.34
 -30015.990     4.290    -3.54    4.73
 -29648.993     5.456     3.18    5.17
 -29282.072     7.838     6.49    5.02
 -28915.226    10.451     7.12    4.30
 -28548.457    12.688     6.10    2.49
 -28181.763    13.399     1.94    1.60
 -27815.146    12.367    -2.81    3.11
 -27448.604    10.420    -5.31    3.42
 -27082.137     9.164    -3.43    2.75
 -26715.747     8.133    -2.81    1.93
 -26349.432     8.404     0.74    1.75
 -25983.192     8.795     1.07    2.05
 -25617.028     8.799     0.01    2.00
 -25250.940     8.489    -0.84    1.87
 -24884.926     7.883    -1.66    1.63
 -24518.989     7.304    -1.58    1.12
 -24153.126     6.991    -0.86    1.02
 -23787.339     6.609    -1.04    1.35
 -23421.627     6.125    -1.32    1.45
 -23055.991     5.687    -1.20    1.33
 -22690.429     5.490    -0.54    1.11
 -22324.943     5.924     1.19    0.97
 -21956.836     6.319     1.07    0.91
 -21575.688     6.247    -0.19    1.62
 -21194.624     5.668    -1.52    2.01
 -20813.641     4.493    -3.08    2.09
 -20432.742     3.388    -2.90    1.89
 -20051.925     3.241    -0.39    1.73
 -19671.191     4.708     3.85    3.13
 -19290.540     6.167     3.83    3.03
 -18909.971     6.329     0.43    2.90
 -18529.485     4.487    -4.84    3.83
 -18149.081     2.917    -4.13    3.33
 -17768.760     2.999     0.21    2.99
 -17388.521     4.517     3.99    2.99
 -17008.364     6.758     5.89    1.95
 -16628.289     8.133     3.62    1.47
 -16248.297     8.372     0.63    1.38
 -15868.387     8.383     0.03    1.44
 -15488.559     7.737    -1.70    1.62
 -15108.813     7.156    -1.53    1.37
 -14729.148     6.192    -2.54    2.83
 -14349.566     4.470    -4.54    3.89
 -13970.066     2.489    -5.22    3.68
 -13590.647     1.772    -1.89    3.65
 -13211.311     3.821     5.40    5.16
 -12832.056     5.350     4.03    5.41
 -12452.882     6.084     1.94    6.14
 -12073.791     5.528    -1.47    6.49
 -11694.780     3.646    -4.97    6.06
 -11315.852     1.502    -5.66    4.44
 -10937.005    -0.117    -4.27    0.10
 -10558.239    -0.128    -0.03    0.00
 -10179.554    -0.128     0.00    0.00
  -9800.951    -0.128     0.00    0.00
  -9422.429    -0.128     0.00    0.00
  -9043.989    -0.128     0.00    0.00
  -8665.629    -0.128     0.00    0.00
  -8287.351    -0.128     0.00    0.00
  -7909.153    -0.128     0.00    0.00
  -7531.037    -0.128     0.00    0.00
  -7153.002    -0.128     0.00    0.00
  -6775.047    -0.128     0.00    0.00
  -6397.173    -0.128     0.00    0.00
  -6019.380    -0.128     0.00    0.00
  -5641.668    -0.128     0.00    0.00
  -5264.037    -0.128     0.00    0.00
  -4886.486    -0.128     0.00    0.00
  -4509.016    -0.128     0.00    0.00
  -4131.626    -0.128     0.00    0.00
  -3754.317    -0.128     0.00    0.00
  -3377.088    -0.128     0.00    0.00
  -2999.939    -0.128     0.00    0.00
  -2622.871    -0.128     0.00    0.00
  -2245.883    -0.128     0.00    0.00
  -1868.976    -0.128     0.00    0.00
  -1492.148    -0.128     0.00    0.00
  -1115.401    -0.128     0.00    0.00
   -738.734    -0.117     0.03    0.11
   -362.147     0.596     1.89    1.41
     14.360     1.264     1.77    1.66
    390.788     1.536     0.72    1.73
    767.135     1.599     0.17    1.77
   1143.403     1.062    -1.43    1.72
   1519.590     0.329    -1.95    1.18
   1895.698    -0.096    -1.13    0.18
   2271.727    -0.128    -0.08    0.00
   2647.676    -0.128     0.00    0.00
   3023.545    -0.128     0.00    0.00
   3399.334    -0.128     0.00    0.00
   3775.045    -0.128     0.00    0.00
   4150.675    -0.128     0.00    0.00
   4526.227    -0.128     0.00    0.00
   4901.699    -0.128     0.00    0.00
   5277.091    -0.128     0.00    0.00
   5652.405    -0.128     0.00    0.00
   6027.639    -0.128     0.00    0.00
   6402.795    -0.128     0.00    0.00
   6777.871    -0.128     0.00    0.00
   7152.868    -0.128     0.00    0.00
   7527.786    -0.128     0.00    0.00
   7902.625    -0.128     0.00    0.00
   8277.385    -0.128     0.00    0.00
   8652.067    -0.128     0.00    0.00
   9026.670    -0.128     0.00    0.00
   9401.193    -0.128     0.00    0.00
   9775.639    -0.128     0.00    0.00
  10150.005    -0.128     0.00    0.00
  10524.293    -0.128     0.00    0.00
  10898.503    -0.128     0.00    0.00
  11272.634     0.163     0.78    1.43
  11646.686     3.372     8.58    9.01
  12020.661    10.430    18.87   14.16
  12394.556    17.122    17.90   14.41
  12768.374    21.062    10.54   11.77
  13142.113    23.479     6.47    8.37
  13515.774    23.399    -0.21    6.01
  13889.357    22.025    -3.68    4.91
  14262.862    20.336    -4.52    3.89
  14636.289    19.170    -3.12    3.29
  15009.637    18.829    -0.91    3.24
  15382.908    20.543     4.59    4.42
  15756.101    23.829     8.81    4.76
  16129.216    27.778    10.58    5.83
  16502.253    31.664    10.42    5.76
  16875.213    32.578     2.45    5.11
  17248.095    32.253    -0.87    5.30
  17620.899    31.206    -2.81    4.96
  17993.625    30.672    -1.43    3.49
  18366.274    32.287     4.33    3.48
  18738.845    33.035     2.01    3.19
  19111.339    33.614     1.55    3.49
  19483.756    32.482    -3.04    3.59
  19856.095    30.606    -5.04    4.14
  20228.356    27.434    -8.52    5.53
  20600.541    23.765    -9.86    5.17
  20972.648    23.025    -1.99    4.84
  21344.678    24.702     4.51    5.46
  21716.631    27.672     7.99    5.36
  22088.507    31.020     9.00    4.67
  22460.305    33.177     5.80    4.80
  22832.027    35.649     6.65    5.38
  23203.672    39.043     9.13    4.90
  23575.240    42.195     8.48    4.18
  23946.731    44.202     5.40    3.40
  24318.145    46.117     5.15    2.72
  24689.482    47.314     3.23    2.98
  25060.743    48.497     3.19    3.36
  25431.927    49.935     3.87    4.08
  25803.035    51.406     3.96    3.90
  26174.065    50.272    -3.05    5.07
  26545.020    48.783    -4.01    5.03
  26915.898    47.851    -2.51    4.01
  27286.699    48.829     2.64    4.25
  27657.424    51.087     6.09    4.63
  28028.073    53.077     5.37    4.57
  28398.645    54.275     3.23    3.52
  28769.141    53.372    -2.43    4.30
  29139.561    50.950    -6.54    5.56
  29509.905    47.894    -8.25    4.93
  29880.172    45.784    -5.70    4.22
  30250.364    44.330    -3.93    4.52
  30620.480    43.171    -3.13    4.49
  30990.519    42.496    -1.82    4.48
  31360.483    39.419    -8.32    6.38
  31730.371    35.202   -11.40    7.92
  32100.183    32.949    -6.09    6.58
  32469.919    33.447     1.35    6.32
  32839.579    36.383     7.94    6.15
  33209.164    40.604    11.42    3.59
  33578.673    42.809     5.97    3.35
  33948.107    45.266     6.65    4.30
  34317.465    47.688     6.56    4.95
  34686.747    50.653     8.03    3.83
  35055.954    51.798     3.10    2.72
  35425.086    52.012     0.58    2.46
  35794.142    50.883    -3.06    3.48
  36163.123    49.367    -4.11    3.90
  36532.028    47.872    -4.05    3.92
  36900.859    46.806    -2.89    3.68
  37269.614    46.378    -1.16    3.56
  37638.294    46.442     0.17    3.59
  38006.899    47.298     2.32    3.16
  38375.429    46.177    -3.04    3.56
  38743.883    42.722    -9.38    6.50
  39112.263    37.504   -14.16    9.03
  39480.568    30.479   -19.07    7.37
  39848.798    26.431   -10.99    4.79
  40216.954    25.210    -3.32    3.43
  40585.034    27.532     6.31    5.30
  40953.040    30.839     8.99    6.67
  41320.971    34.829    10.84    7.10
  41688.828    37.479     7.20    6.10
  42056.609    40.426     8.01    4.44
  42424.317    42.514     5.68    3.11
  42791.949    43.991     4.02    3.83
  43159.508    44.681     1.88    4.27
  43526.992    45.475     2.16    3.87
  43894.401    46.818     3.66    4.18
  44261.736    49.570     7.49    5.48
  44628.997    50.628     2.88    4.90
  44996.184    51.081     1.23    4.10
  45363.296    49.927    -3.14    3.76
  45730.335    48.170    -4.79    2.14
  46097.299    48.130    -0.11    2.36
  46464.189    49.851     4.69    3.67
  46831.005    50.950     3.00    3.21
  47197.747    51.915     2.63    3.11
  47564.416    52.332     1.14    2.98
  47931.010    51.883    -1.22    2.52
  48297.530    52.213     0.90    2.88
  48663.977    52.436     0.61    3.23
  49030.350    53.238     2.19    3.90
  49396.649    54.503     3.45    4.13
  49762.875    55.766     3.45    3.81
  50129.027    56.817     2.87    2.26
  50495.105    56.743    -0.20    1.62
  50861.110    56.608    -0.37    1.53
  51227.041    55.485    -3.07    3.32
  51592.899    53.953    -4.19    4.07
  51958.684    52.448    -4.11    4.46
  52324.395    49.720    -7.46    4.57
  52690.033    48.264    -3.98    4.32
  53069.393    48.012    -0.66    4.60
  53450.292    47.698    -0.82    4.62
  53831.111    46.636    -2.79    4.99
  54211.850    43.068    -9.37    5.46
  54592.508    40.730    -6.14    4.57
  54973.085    40.292    -1.15    4.42
  55353.582    42.861     6.75    5.99
  55733.999    48.064    13.68    6.08
  56114.335    51.929    10.16    3.74
  56494.591    54.574     6.96    2.59
  56874.766    55.611     2.73    2.44
  57254.862    55.840     0.60    3.02
  57634.877    55.838    -0.01    3.22
  58014.812    55.585    -0.67    2.86
  58394.667    55.838     0.67    2.28
  58774.443    56.249     1.08    2.26
  59154.138    56.259     0.03    2.19
  59533.753    55.571    -1.81    2.54
  59913.289    54.849    -1.90    2.13
  60292.744    54.255    -1.57    2.30
  60672.120    53.413    -2.22    2.69
  61051.416    52.808    -1.59    2.59
  61430.633    52.384    -1.12    2.43
  61809.770    51.905    -1.26    2.74
  62188.827    51.704    -0.53    2.92
  62567.805    51.313    -1.03    3.08
  62946.704    50.406    -2.39    3.40
  63325.523    48.754    -4.36    4.51
  63704.263    48.128    -1.65    5.33
  64082.923    50.101     5.21    6.39
  64461.504    52.472     6.26    5.52
  64840.006    53.905     3.78    4.11
  65218.429    53.003    -2.38    3.97
  65596.773    51.644    -3.59    3.50
  65975.037    49.697    -5.15    2.73
  66353.223    48.383    -3.47    3.19
  66731.330    47.235    -3.04    4.09
  67109.357    44.582    -7.02    5.28
  67487.306    41.459    -8.26    6.21
  67865.176    38.655    -7.42    5.68
  68242.968    35.285    -8.92    3.48
  68620.680    32.731    -6.76    3.31
  68998.314    30.992    -4.61    3.16
  69375.869    31.246     0.67    3.98
  69753.346    32.711     3.88    4.35
  70130.744    34.740     5.38    4.06
  70508.064    37.367     6.96    3.29
  70885.305    38.579     3.21    3.36
  71262.468    39.001     1.12    3.37
  71639.553    38.851    -0.40    3.62
  72016.559    38.345    -1.34    3.78
  72393.487    37.916    -1.14    3.17
  72770.337    37.378    -1.43    3.34
  73147.109    35.488    -5.02    4.64
  73523.803    30.535   -13.15    7.99
  73900.418    24.806   -15.21    8.75
  74276.956    20.318   -11.92    6.55
  74653.416    17.481    -7.54    5.72
  75029.798    16.122    -3.61    6.29
  75406.102    16.614     1.31    6.08
  75782.328    17.117     1.34    6.15
  76158.476    20.829     9.87    5.61
  76534.547    24.739    10.40    4.45
  76910.540    27.427     7.15    3.75
  77286.455    29.072     4.38    2.54
  77662.293    28.427    -1.72    2.75
  78038.054    26.983    -3.84    2.41
  78413.736    26.209    -2.06    2.62
  78789.342    25.423    -2.09    2.98
  79164.870    23.829    -4.24    4.04
  79540.321    22.513    -3.51    4.13
  79915.694    20.894    -4.31    3.17
  80290.991    20.566    -0.87    2.76
  80666.210    21.711     3.05    3.14
  81041.352    23.332     4.32    3.54
  81416.416    25.593     6.03    3.54
  81791.404    27.068     3.93    3.66
  82166.315    27.324     0.68    3.94
  82541.149    26.225    -2.93    4.01
  82915.906    25.302    -2.46    3.42
  83290.586    25.619     0.85    4.43
  83665.189    25.496    -0.33    5.19
  84039.716    25.566     0.19    5.58
  84414.165    25.367    -0.53    5.47
  84788.539    25.489     0.32    4.84
  85162.835    27.220     4.63    5.38
  85537.055    30.384     8.45    6.70
  85911.198    34.035     9.76    7.97
  86285.265    37.075     8.12    7.88
  86659.256    38.394     3.53    7.35
  87033.170    38.883     1.31    6.75
  87407.008    38.275    -1.63    6.40
  87780.769    39.344     2.86    6.61
  88154.454    41.356     5.38    7.23
  88528.063    42.861     4.03    7.81
  88901.596    43.144     0.76    7.15
  89275.053    44.806     4.45    6.92
  89648.434    46.850     5.48    6.33
  90021.738    49.427     6.90    6.26
  90394.967    53.147     9.97    5.42
  90768.120    55.253     5.64    4.28
  91141.196    57.340     5.59    3.89
  91514.197    59.851     6.73    4.50
  91887.123    63.312     9.28    5.50
  92259.972    65.611     6.17    5.16
  92632.746    67.639     5.44    5.73
  93005.444    69.155     4.07    5.30
  93378.066    70.111     2.57    4.37
  93750.613    70.937     2.22    2.94
  94123.085    71.022     0.23    2.03
  94495.481    71.001    -0.05    1.58
  94867.801    71.390     1.04    1.58
  95240.046    71.633     0.65    1.91
  95612.216    72.163     1.42    2.46
  95984.311    73.492     3.57    3.31
  96356.330    74.895     3.77    3.25
  96728.274    76.296     3.77    2.85
  97100.143    77.172     2.36    1.72
  97471.937    77.318     0.39    1.69
  97843.655    77.772     1.22    2.03
  98215.299    78.466     1.87    2.62
  98586.868    78.928     1.24    2.55
  98958.362    78.916    -0.03    2.30
  99329.781    78.378    -1.45    2.70
  99701.125    77.969    -1.10    3.32
 100072.394    76.257    -4.61    4.56
 100443.589    73.861    -6.45    4.87
 100814.708    70.927    -7.91    4.58
 101185.754    68.872    -5.54    3.97
 101556.724    67.275    -4.31    4.33
 101927.620    65.593    -4.53    5.56
 102298.441    63.916    -4.52    6.37
 102669.188    61.803    -5.70    6.26
 103039.861    59.959    -4.97    4.73
 103410.459    59.322    -1.72    3.92
 103780.983    59.309    -0.04    4.02
 104151.432    61.059     4.73    4.62
 104521.808    64.361     8.91    4.85
 104892.109    66.733     6.40    4.91
 105262.335    68.161     3.86    3.84
 105632.488    68.242     0.22    2.90
 106002.567    67.827    -1.12    2.26
 106372.571    68.433     1.64    2.45
 106742.502    69.168     1.99    1.92
 107112.359    69.740     1.55    2.09
 107482.141    70.298     1.51    2.71
 107851.850    69.776    -1.41    3.75
 108221.485    69.640    -0.37    3.99
 108591.046    71.092     3.93    4.16
 108960.534    72.272     3.19    3.50
 109329.948    72.688     1.12    3.26
 109699.288    72.187    -1.36    3.27
 110068.555    71.046    -3.09    3.10
 110437.748    71.072     0.07    3.58
 110806.867    70.839    -0.63    4.00
 111175.913    71.572     1.99    4.90
 111544.886    72.097     1.42    6.28
 111913.785    73.378     3.47    6.59
 112282.611    74.179     2.17    6.11
 112651.363    75.323     3.10    4.44
 113020.043    74.253    -2.90    4.63
 113388.649    69.740   -12.24    7.07
 113757.182    65.672   -11.04    7.32
 114125.642    62.591    -8.36    5.80
 114494.029    60.849    -4.73    3.59
 114862.342    59.510    -3.64    2.86
 115230.583    58.088    -3.86    3.48
 115598.751    57.317    -2.10    3.92
 115966.846    56.850    -1.27    4.80
 116334.868    57.312     1.25    5.17
 116702.817    58.202     2.42    4.82
 117070.693    59.457     3.41    3.60
 117438.497    59.318    -0.38    3.40
 117806.228    57.684    -4.44    4.11
 118173.886    55.631    -5.58    3.68
 118541.472    54.002    -4.43    2.28
 118908.985    53.698    -0.83    2.78
 119276.426    52.792    -2.47    3.27
 119643.794    52.037    -2.05    3.55
 120011.090    51.645    -1.07    3.68
 120378.313    51.666     0.06    3.48
 120745.464    51.950     0.77    2.50
 121112.543    51.561    -1.06    2.28
 121479.549    49.356    -6.01    3.79
 121846.483    45.429   -10.70    6.56
 122213.345    40.492   -13.46    6.91
 122580.135    37.314    -8.66    4.70
 122946.853    39.422     5.75    8.21
 123313.499    44.985    15.17   11.57
 123680.072    50.828    15.94    9.95
 124046.574    53.156     6.35    7.39
 124413.004    51.081    -5.66    7.96
 124779.362    48.158    -7.98    6.89
 125145.648    46.350    -4.94    4.00
 125511.862    46.730     1.04    3.13
 125878.005    48.045     3.59    2.40
 126244.075    49.166     3.06    1.81
 126610.075    49.244     0.21    1.78
 126976.002    49.861     1.69    1.67
 127341.858    50.095     0.64    1.46
 127717.055    50.356     0.70    1.38
 128097.795    51.128     2.03    1.63
 128478.456    52.122     2.61    2.08
 128859.039    53.528     3.69    2.33
 129239.543    55.048     4.00    2.30
 129619.969    56.146     2.89    1.95
 130000.317    55.719    -1.12    2.23
 130380.586    55.402    -0.83    2.86
 130760.778    56.242     2.21    3.49
 131140.891    56.968     1.91    3.23
 131520.925    56.172    -2.09    3.96
 131900.882    53.566    -6.86    5.57
 132280.761    47.827   -15.11    8.96
 132660.562    39.654   -21.52   10.11
 133040.284    32.960   -17.63    9.00
 133419.929    26.539   -16.91    4.55
 133799.496    24.158    -6.27    2.85
 134178.985    22.539    -4.27    2.61
 134558.397    21.317    -3.22    2.94
 134937.730    21.805     1.29    4.35
 135316.986    22.772     2.55    4.79
 135696.165    21.917    -2.26    5.52
 136075.266    20.417    -3.96    5.72
 136454.289    18.895    -4.02    5.16
 136833.235    20.628     4.57    6.88
 137212.103    24.350     9.82    6.87
 137590.894    26.747     6.33    5.01
 137969.608    27.150     1.06    3.84
 138348.244    25.148    -5.29    3.83
 138726.804    24.455    -1.83    3.90
 139105.285    24.413    -0.11    4.35
 139483.690    23.037    -3.63    4.17
 139862.018    23.018    -0.05    3.64
 140240.269    24.059     2.75    5.29
 140618.442    25.816     4.65    6.87
 140996.539    28.246     6.43    6.90
 141374.559    30.794     6.74    6.54
 141752.501    30.905     0.30    5.74
 142130.367    31.263     0.95    5.02
 142508.157    33.003     4.60    3.93
 142885.869    34.396     3.69    2.98
 143263.505    36.114     4.55    2.97
 143641.064    36.990     2.32    2.88
 144018.547    36.361    -1.67    3.07
 144395.953    35.991    -0.98    3.06
 144773.283    36.176     0.49    2.53
 145150.536    35.337    -2.22    3.00
 145527.712    34.996    -0.90    3.22
 145904.813    34.206    -2.10    3.04
 146281.837    33.850    -0.94    2.47
 146658.784    34.015     0.44    3.00
 147035.656    33.783    -0.61    3.56
 147412.451    33.646    -0.36    3.75
 147789.170    34.144     1.32    3.71
 148165.813    34.791     1.72    3.93
 148542.381    34.579    -0.56    3.81
 148918.872    33.372    -3.20    3.79
 149295.287    31.525    -4.91    3.06
 149671.626    30.194    -3.54    1.49
 150047.889    30.609     1.10    1.88
 150424.077    32.765     5.73    4.21
 150800.188    37.006    11.27    5.75
 151176.224    41.155    11.03    4.94
 151552.185    43.445     6.09    3.80
 151928.070    43.872     1.14    3.87
 152303.879    44.176     0.81    4.09
 152679.612    43.718    -1.22    4.59
 153055.270    42.445    -3.39    5.82
 153430.853    41.384    -2.82    6.55
 153806.360    40.617    -2.04    6.60
 154181.792    40.884     0.71    6.68
 154557.148    42.177     3.44    6.37
 154932.430    42.384     0.55    5.68
 155307.636    43.057     1.79    4.87
 155682.767    43.000    -0.15    4.36
 156057.822    42.742    -0.69    4.01
 156432.803    43.468     1.94    3.82
 156807.708    44.301     2.22    4.30
 157182.539    45.825     4.06    4.72
 157557.294    47.072     3.33    5.04
 157931.975    47.539     1.25    5.30
 158306.581    48.209     1.79    4.83
 158681.112    48.592     1.02    3.78
 159055.568    49.052     1.23    3.57
 159429.949    49.826     2.07    4.49
 159804.256    50.861     2.77    5.10
 160178.488    51.769     2.43    4.85
 160552.646    52.202     1.16    4.20
 160926.729    52.183    -0.05    3.79
 161300.737    51.213    -2.59    4.11
 161674.671    50.311    -2.41    4.41
 162048.531    49.479    -2.22    3.56
 162422.316    49.704     0.60    3.52
 162796.026    49.521    -0.49    4.15
 163169.663    49.183    -0.90    4.52
 163543.225    47.883    -3.48    4.30
 163916.713    47.987     0.28    4.06
 164290.127    49.628     4.39    5.09
 164663.467    51.759     5.71    4.85
 165036.732    53.972     5.93    3.26
 165409.924    54.350     1.01    2.63
 165783.041    53.963    -1.04    2.12
 166156.085    53.361    -1.61    2.29
 166529.055    52.816    -1.46    2.49
 166901.951    52.322    -1.32    2.74
 167274.773    53.509     3.18    3.26
 167647.521    54.600     2.93    3.32
 168020.196    56.252     4.43    3.51
 168392.797    58.239     5.33    2.41
 168765.324    59.493     3.37    2.31
 169137.778    60.773     3.44    2.19
 169510.158    62.497     4.63    2.60
 169882.464    63.951     3.90    2.62
 170254.697    65.827     5.04    2.23
 170626.857    66.664     2.25    1.98
 170998.943    67.063     1.07    1.96
 171370.956    67.750     1.85    1.73
 171742.896    67.896     0.39    1.96
 172114.762    68.266     0.99    2.25
 172486.556    69.099     2.24    2.35
 172858.276    69.917     2.20    2.42
 173229.922    71.149     3.31    2.98
 173601.496    72.378     3.31    3.38
 173972.997    74.605     5.99    3.28
 174344.425    77.169     6.90    3.19
 174715.780    79.691     6.79    3.72
 175087.062    82.750     8.24    3.74
 175458.271    85.015     6.10    3.78
 175829.407    88.906    10.48    5.30
 176200.470    92.406     9.43    5.19
 176571.461    95.468     8.25    4.19
 176942.379    97.670     5.94    1.99
 177313.224    97.672     0.01    1.94
 177683.997    96.572    -2.97    2.77
 178054.697    95.620    -2.57    3.08
 178425.325    94.198    -3.83    2.47
 178795.880    92.803    -3.76    1.94
 179166.363    91.749    -2.85    1.99
 179536.773    91.049    -1.89    1.60
 179907.111    91.108     0.16    1.46
 180277.376    91.427     0.86    1.55
 180647.570    91.760     0.90    1.84
 181017.691    91.547    -0.58    2.17
 181387.740    90.917    -1.70    2.44
 181757.716    90.166    -2.03    2.51
 182127.621    88.761    -3.80    3.13
 182497.454    87.270    -4.03    3.88
 182867.214    85.490    -4.81    3.76
 183236.903    84.757    -1.98    2.64
 183606.519    84.713    -0.12    2.53
 183976.064    84.441    -0.74    3.19
 184345.537    83.895    -1.48    3.55
 184714.938    82.872    -2.77    3.32
 185084.267    81.985    -2.40    2.70
 185453.525    80.412    -4.26    3.17
 185822.710    78.792    -4.39    3.60
 186191.825    76.622    -5.88    3.63
 186560.867    74.427    -5.95    2.24
 186929.838    73.872    -1.50    1.84
 187298.738    73.463    -1.11    1.91
 187667.566    73.997     1.45    2.30
 188036.322    74.041     0.12    2.46
 188405.007    73.728    -0.85    2.47
 188773.621    73.114    -1.67    2.39
 189142.164    71.717    -3.79    2.42
 189510.635    70.463    -3.40    2.21
 189879.035    69.322    -3.10    1.99
 190247.364    68.804    -1.41    1.99
 190615.621    68.804     0.00    2.93
 190983.808    70.028     3.32    3.41
 191351.923    70.413     1.04    3.19
 191719.968    71.521     3.01    2.37
 192087.941    71.837     0.86    2.46
 192455.843    72.022     0.50    2.27
 192823.675    72.946     2.51    1.78
 193191.436    73.648     1.91    1.64
 193559.125    73.800     0.41    1.77
 193926.744    72.952    -2.31    2.93
 194294.293    72.233    -1.96    3.66
 194661.770    71.304    -2.53    3.49
 195029.177    69.827    -4.02    3.29
 195396.514    68.206    -4.41    4.12
 195763.779    66.252    -5.32    3.99
 196130.974    64.482    -4.82    2.06
 196498.099    64.328    -0.42    1.84
 196865.153    64.930     1.64    2.27
 197232.137    66.543     4.39    2.81
 197599.051    68.039     4.08    2.81
 197965.894    70.039     5.45    2.82
 198332.666    70.993     2.60    2.53
 198699.369    71.725     2.00    2.17
 199066.001    71.163    -1.53    2.31
 199432.563    69.670    -4.07    2.61
 199799.055    67.929    -4.75    3.00
 200165.477    65.895    -5.55    3.36
 200531.829    65.209    -1.87    4.93
 200898.111    66.895     4.60    6.45
 201264.322    68.940     5.58    6.98
 201630.464    71.944     8.20    5.28
 201996.536    73.838     5.17    2.78
 202367.903    74.015     0.48    2.74
 202748.482    74.620     1.59    3.11
 203128.984    75.027     1.07    3.22
 203509.410    74.295    -1.93    3.28
 203889.759    73.756    -1.42    2.77
 204270.032    74.661     2.38    3.71
 204650.229    76.918     5.94    4.56
 205030.350    78.681     4.64    4.26
 205410.395    81.171     6.55    3.29
 205790.363    82.973     4.74    3.74
 206170.255    85.361     6.28    3.40
 206550.072    86.577     3.20    2.57
 206929.812    85.493    -2.85    3.23
 207309.476    83.367    -5.60    4.50
 207689.065    81.711    -4.36    3.86
 208068.577    81.528    -0.48    3.63
 208448.014    83.429     5.01    4.66
 208827.375    86.861     9.04    4.04
 209206.660    89.591     7.20    2.51
 209585.870    91.002     3.72    1.16
 209965.004    92.217     3.21    1.60
 210344.062    93.113     2.36    1.65
 210723.045    94.356     3.28    1.98
 211101.952    95.702     3.55    2.00
 211480.784    96.861     3.06    2.47
 211859.541    97.342     1.27    2.67
 212238.222    96.268    -2.84    3.27
 212616.828    93.402    -7.57    4.55
 212995.358    89.861    -9.35    5.32
 213373.814    86.308    -9.39    4.71
 213752.194    83.509    -7.40    3.44
 214130.499    82.108    -3.70    2.75
 214508.729    82.142     0.09    2.81
 214886.883    82.206     0.17    2.87
 215264.963    81.726    -1.27    2.93
 215642.968    80.528    -3.17    2.40
 216020.898    80.659     0.35    2.84
 216398.753    81.436     2.06    3.73
 216776.533    82.187     1.99    3.78
 217154.239    81.634    -1.46    3.63
 217531.869    80.326    -3.46    3.75
 217909.425    77.985    -6.20    3.71
 218286.907    76.303    -4.46    3.94
 218664.313    74.749    -4.12    3.53
 219041.645    75.554     2.13    5.50
 219418.903    78.815     8.64    7.83
 219796.086    82.605    10.05    7.70
 220173.195    85.528     7.75    5.46
 220550.229    86.700     3.11    4.12
 220927.189    86.770     0.19    3.55
 221304.075    86.640    -0.35    2.84
 221680.886    85.134    -4.00    3.58
 222057.624    83.663    -3.90    3.75
 222434.287    83.338    -0.86    3.33
 222810.875    83.535     0.52    2.82
 223187.390    84.475     2.49    2.14
 223563.831    85.331     2.28    2.11
 223940.198    86.007     1.80    3.08
 224316.490    85.465    -1.44    4.52
 224692.709    84.715    -1.99    5.28
 225068.854    84.698    -0.05    5.80
 225444.925    85.691     2.64    6.26
 225820.923    86.503     2.16    5.68
 226196.846    86.668     0.44    4.73
 226572.696    86.718     0.13    4.37
 226948.473    85.679    -2.76    3.86
 227324.175    85.468    -0.56    4.13
 227699.804    85.510     0.11    4.04
 228075.360    85.234    -0.73    2.98
 228450.842    85.591     0.95    3.07
 228826.251    85.595     0.01    3.14
 229201.586    86.031     1.16    3.60
 229576.848    86.970     2.50    3.93
 229952.036    89.350     6.34    5.41
 230327.152    91.885     6.76    5.80
 230702.194    93.232     3.59    5.81
 231077.163    93.738     1.35    5.85
 231452.058    93.938     0.53    5.51
 231826.881    94.113     0.47    5.30
 232201.631    95.309     3.19    5.57
 232576.307    98.421     8.30    3.79
 232950.911   100.861     6.51    3.24
 233325.441   102.689     4.88    2.70
 233699.899   103.240     1.47    2.31
 234074.284   103.704     1.24    2.95
 234448.596   103.495    -0.56    4.02
 234822.836   103.956     1.23    4.65
 235197.002   105.321     3.65    4.89
 235571.096   107.872     6.82    5.96
 235945.117   112.634    12.73    7.46
 236319.066   116.658    10.76    7.46
 236692.942   118.642     5.31    7.45
 237066.746   117.765    -2.35    8.78
 237440.477   114.806    -7.92    8.79
 237814.136   112.628    -5.83    7.39
 238187.722   111.429    -3.21    4.79
 238561.236   111.301    -0.34    3.29
 238934.678   112.401     2.95    3.46
 239308.048   114.096     4.54    3.20
 239681.345   113.975    -0.32    3.92
 240054.570   112.743    -3.30    4.02
 240427.723   112.111    -1.69    4.17
 240800.804   112.670     1.50    5.21
 241173.813   114.872     5.90    5.28
 241546.749   117.861     8.01    3.67
 241919.614   119.516     4.44    2.91
 242292.407   119.275    -0.65    2.85
 242665.128   118.588    -1.84    3.07
 243037.777   118.309    -0.75    3.28
 243410.355   119.213     2.43    3.02
 243782.860   119.987     2.08    2.88
 244155.294   119.675    -0.84    3.07
 244527.656   120.077     1.08    2.81
 244899.947   121.789     4.60    3.11
 245272.166   122.614     2.22    3.01
 245644.313   123.486     2.34    2.61
 246016.389   122.407    -2.90    3.59
 246388.394   120.675    -4.66    3.63
 246760.327   118.268    -6.47    4.42
 247132.188   114.756    -9.44    5.52
 247503.978   110.668   -10.99    6.17
 247875.697   106.531   -11.13    5.59
 248247.345   102.838    -9.94    4.39
 248618.921   100.225    -7.03    4.36
 248990.427    98.780    -3.89    4.01
 249361.861    97.206    -4.24    4.77
 249733.224    96.390    -2.20    5.31
 250104.516    95.848    -1.46    5.60
 250475.737    97.583     4.67    6.92
 250846.886   101.246     9.87    6.59
 251217.965   103.281     5.48    5.63
 251588.973   102.189    -2.94    6.44
 251959.911    98.367   -10.30    7.86
 252330.777    92.653   -15.40    6.27
 252701.573    88.941   -10.01    3.04
 253072.297    86.884    -5.55    2.62
 253442.952    85.486    -3.77    2.73
 253813.535    83.661    -4.92    3.43
 254184.048    82.975    -1.85    3.22
 254554.490    84.303     3.58    4.58
 254924.862    88.321    10.85    6.89
 255295.163    93.654    14.40    7.54
 255665.394    98.726    13.70    7.05
 256035.554   101.884     8.53    6.45
 256405.644   102.861     2.64    6.48
 256775.664   101.187    -4.52    5.95
 257145.613    99.619    -4.24    5.35
 257515.492    96.952    -7.21    4.79
 257885.301    94.390    -6.93    4.07
 258255.040    93.020    -3.70    3.51
 258624.708    90.990    -5.49    3.03
 258994.307    89.247    -4.71    3.61
 259363.835    88.099    -3.11    4.13
 259733.294    87.367    -1.98    3.81
 260102.682    87.872     1.37    3.41
 260472.000    90.713     7.69    5.12
 260841.249    93.555     7.70    5.33
 261210.427    94.574     2.76    4.55
 261579.536    95.101     1.43    3.87
 261948.575    95.117     0.04    3.08
 262317.545    94.956    -0.44    3.56
 262686.444    93.838    -3.03    4.46
 263055.274    92.837    -2.71    4.75
 263424.034    91.803    -2.81    4.06
 263792.725    91.244    -1.51    3.40
 264161.346    91.402     0.43    2.89
 264529.898    93.721     6.29    5.48
 264898.380    98.686    13.47    8.88
 265266.793   104.194    14.95    9.76
 265635.136   111.640    20.21    6.90
 266003.410   116.424    12.99    5.76
 266371.615   119.282     7.76    3.59
 266739.750   119.384     0.28    3.76
 267107.816   118.763    -1.69    3.79
 267475.813   117.672    -2.96    3.18
 267843.741   114.650    -8.21    5.86
 268211.600   110.194   -12.11    6.81
 268579.389   107.396    -7.61    5.11
 268947.110   105.309    -5.67    4.25
 269314.761   105.710     1.09    5.05
 269682.344   104.372    -3.64    6.18
 270049.857   101.907    -6.71    6.30
 270417.302    99.543    -6.43    6.44
 270784.678    97.651    -5.15    5.51
 271151.985    95.547    -5.73    5.39
 271519.224    94.022    -4.15    5.06
 271886.393    92.956    -2.90    5.07
 272253.494    94.091     3.09    6.26
 272620.526    96.421     6.35    7.65
 272987.490   101.191    12.99    8.27
 273354.385   104.860    10.00    6.90
 273721.212   106.252     3.79    6.10
 274087.970   105.872    -1.03    5.64
 274454.659   105.291    -1.59    4.40
 274821.280   105.029    -0.71    2.69
 275187.833   105.100     0.19    2.96
 275554.317   105.436     0.92    3.19
 275920.733   106.444     2.75    3.56
 276287.081   106.452     0.02    3.83
 276653.361   106.414    -0.10    4.41
 277021.211   105.486    -2.52    5.14
 277401.633   103.849    -4.30    5.24
 277781.980   103.291    -1.47    4.14
 278162.253   103.160    -0.35    3.23
 278542.451   103.645     1.28    3.24
 278922.575   103.837     0.50    4.61
 279302.625   103.757    -0.21    5.48
 279682.601   103.734    -0.06    5.42
 280062.503   104.134     1.05    4.78
 280442.330   103.654    -1.26    4.59
 280822.083   101.741    -5.04    4.38
 281201.763   100.688    -2.77    3.72
 281581.368    99.601    -2.86    3.00
 281960.899    97.229    -6.25    3.73
 282340.357    94.214    -7.94    5.67
 282719.740    89.872   -11.44    5.67
 283099.050    85.662   -11.10    5.14
 283478.286    82.619    -8.02    5.25
 283857.449    80.511    -5.56    5.36
 284236.537    81.965     3.84    6.40
 284615.552    83.716     4.62    6.38
 284994.494    86.482     7.30    4.93
 285373.361    88.233     4.62    3.38
 285752.156    87.637    -1.57    3.20
 286130.876    86.396    -3.28    4.08
 286509.524    84.314    -5.50    4.28
 286888.098    83.277    -2.74    4.16
 287266.598    82.390    -2.34    4.61
 287645.026    81.082    -3.46    4.79
 288023.380    80.230    -2.25    4.71
 288401.661    77.792    -6.44    4.83
 288779.868    75.468    -6.14    4.46
 289158.003    74.723    -1.97    4.65
 289536.064    72.908    -4.80    4.65
 289914.053    73.401     1.30    5.83
 290291.968    71.933    -3.88    8.19
 290669.810    67.528   -11.66   10.57
 291047.580    61.724   -15.36   10.88
 291425.276    55.989   -15.18    6.66
 291802.900    54.272    -4.54    3.97
 292180.451    55.895     4.30    5.13
 292557.929    58.410     6.66    5.45
 292935.335    60.183     4.70    4.47
 293312.668    61.761     4.18    3.89
 293689.928    62.861     2.91    3.52
 294067.115    63.358     1.32    3.12
