# NaN NaN NaN ;Mean Elev.(m), Avg Gradient(m/km), RMS Gradient(m/km) - SRTM1     
# NaN NaN NaN ;Mean Elev.(m), Avg Gradient(m/km), RMS Gradient(m/km) - ASTER GDEM
#    4.236  -1.924  14.977 ;Mean Elev.(m), Avg Gradient(m/km), RMS Gradient(m/km) - GMTED2010 
  6    59.292 52418.68732501  0.67  65.310095  63.266305  9.005
  6    56.960 52418.68732566  3.44  65.307445  63.269445  9.005
  7    19.012 52453.68735009 18.41  65.318697  63.262225 20.092
  7    18.842 52453.68735074 20.03  65.316047  63.265355 20.092
  7    21.556 52453.68735138 20.71  65.313387  63.268485 20.092
  7    21.984 52453.68735203 25.36  65.310737  63.271625 20.092
  8    31.544 52488.68732971  1.07  65.324081  63.269025 18.189
  8    29.412 52488.68733035 11.48  65.321431  63.272155 18.189
  8    51.040 52488.68733099 21.22  65.318771  63.275285 18.189
  9    48.593 52523.68730428  0.95  65.326652  63.269129  3.926
  9    39.860 52523.68730492  1.45  65.324002  63.272269  3.926
 12    12.282 52628.68727970 19.27  65.317049  63.263168  6.052
 12    12.895 52628.68728035 18.91  65.314389  63.266298  6.052
 12    13.492 52628.68728099 19.70  65.311739  63.269428  6.052
 13    11.845 52663.68731642 14.37  65.321792  63.263854  2.732
 13    12.700 52663.68731706 15.25  65.319142  63.266984  2.732
 13    13.764 52663.68731771 14.08  65.316482  63.270114  2.732
 13    14.598 52663.68731835 13.45  65.313832  63.273254  2.732
 14    13.322 52698.68729160 11.74  65.314020  63.262824  2.639
 14    13.772 52698.68729224 11.49  65.311360  63.265954  2.639
 14    14.470 52698.68729289 11.27  65.308710  63.269084  2.639
 15    15.810 52733.68731578  9.15  65.328636  63.269326  2.832
 15    16.166 52733.68731642  9.73  65.325986  63.272456  2.832
 15    16.296 52733.68731707  9.54  65.323326  63.275596  2.832
 16    46.151 52768.68731758  9.83  65.329403  63.267415  5.481
 16    45.124 52768.68731822  7.57  65.326743  63.270545  5.481
 18    16.421 52838.68740342 18.89  65.316188  63.263305  8.183
 18    16.705 52838.68740407 20.39  65.313528  63.266435  8.183
 18    17.332 52838.68740471 25.13  65.310878  63.269565  8.183
 20    35.589 52908.68742404  3.17  65.329347  63.266951  3.924
 20    41.664 52908.68742469  1.70  65.326697  63.270081  3.924
 20    15.698 52908.68742598 21.26  65.321382  63.276352 11.820
 21    10.325 52943.68735366 48.15  65.316702  63.263064 16.001
 21     9.792 52943.68735431 49.38  65.314052  63.266194 16.001
 21     9.565 52943.68735495 51.07  65.311392  63.269324 16.001
 23    12.425 53013.68740973 15.27  65.322566  63.266382  2.739
 23    13.506 53013.68741037 14.21  65.319916  63.269522  2.739
 23    14.212 53013.68741102 13.91  65.317253  63.272652  3.600
 24    11.562 53048.68737973 13.97  65.314972  63.261439  2.344
 24    12.979 53048.68738037 13.43  65.312322  63.264569  2.344
 24    13.634 53048.68738102 13.11  65.309662  63.267699  2.344
 25    13.548 53083.68741566  9.29  65.319045  63.265011  2.105
 25    14.293 53083.68741631  9.29  65.316395  63.268141  2.105
 25    14.799 53083.68741695  9.42  65.313735  63.271281  2.105
 28    16.092 53188.68742545 17.70  65.326145  63.264891  5.765
 28    16.123 53188.68742609 17.49  65.323495  63.268021  5.765
 28    16.832 53188.68742674 17.31  65.320845  63.271161  5.765
 28    17.397 53188.68742738 18.26  65.318187  63.274290 21.088
 29    14.065 53223.68744209 15.34  65.325459  63.267907  3.579
 29    14.783 53223.68744273 18.12  65.322799  63.271037  3.579
 29    14.866 53223.68744338 18.87  65.320149  63.274168 22.871
 30    12.824 53258.68741740 15.04  65.325247  63.267601  4.341
 30    15.648 53258.68741804 15.14  65.322597  63.270731  4.341
 30    16.847 53258.68741869 16.36  65.319944  63.273864 10.077
 31    12.223 53293.68743971 25.57  65.307590  63.261387  7.122
 31    11.051 53293.68744036 35.44  65.304940  63.264517  7.122
 31    11.159 53293.68744100 39.04  65.302280  63.267647  7.122
 32    11.824 53328.68741325 23.33  65.324941  63.264238  5.715
 32    12.100 53328.68741389 30.26  65.322291  63.267368  5.715
 32    12.405 53328.68741454 23.95  65.319631  63.270508  5.715
 32    12.262 53328.68741518 24.50  65.316975  63.273637  4.609
 33    11.904 53363.68736618 17.33  65.331639  63.267559  3.195
 33    12.543 53363.68736682 16.81  65.328989  63.270689  3.195
 33    13.333 53363.68736747 16.09  65.326339  63.273829  3.195
 33    13.990 53363.68736811 15.59  65.323681  63.276959  3.303
 34    11.372 53398.68738889 17.16  65.315656  63.263135  4.027
 34    12.463 53398.68738954 16.19  65.313006  63.266265  4.027
 34    13.221 53398.68739018 16.37  65.310346  63.269405  4.027
 35    12.996 53433.68738017 13.23  65.329051  63.268558  6.094
 35    13.790 53433.68738082 11.96  65.326401  63.271698  6.094
 35    14.904 53433.68738146 11.50  65.323739  63.274829  4.067
 37    37.560 53503.68746631 22.71  65.318457  63.263399  7.566
 37    16.947 53503.68746760 48.78  65.313147  63.269669  7.566
 38    15.920 53538.68746363 22.54  65.319436  63.267876  5.163
 38    16.625 53538.68746427 23.14  65.316786  63.271016  5.163
 38    16.627 53538.68746492 31.29  65.314127  63.274146 20.073
 39    14.107 53573.68746222 49.93  65.322534  63.264702 10.286
 39    14.178 53573.68746286 49.71  65.319884  63.267832 10.286
 39    14.211 53573.68746351 49.27  65.317234  63.270972 10.286
 39    14.317 53573.68746415 49.90  65.314576  63.274103 37.835
 40    13.988 53608.68741212 11.34  65.331516  63.267108  4.719
 40    14.590 53608.68741277 12.48  65.328866  63.270248  4.719
 40    15.581 53608.68741341 14.03  65.326206  63.273378  4.719
 40    17.871 53608.68741406 15.70  65.323551  63.276511 12.383
 41    14.398 53643.68741439 16.69  65.308931  63.265361  4.040
 41    11.359 53643.68741504 22.31  65.306281  63.268491  4.040
 42    10.130 53678.68743185 46.04  65.319183  63.263566  9.643
 42    10.551 53678.68743249 52.54  65.316533  63.266696  9.643
 42    10.464 53678.68743314 51.64  65.313873  63.269836  9.643
 43    12.174 53713.68736099 16.82  65.331025  63.269156  9.283
 43    11.662 53713.68736163 19.23  65.328375  63.272296  9.283
 43    13.000 53713.68736228 17.46  65.325715  63.275427  6.514
 44    13.390 53748.68727460  7.65  65.313239  63.262965  7.519
 44    14.412 53748.68727525 12.19  65.310579  63.266095  7.519
 44    14.714 53748.68727589 14.72  65.307919  63.269225  7.519
 46    28.544 53818.68726894  1.99  65.334004  63.273246  1.642
 46    15.741 53818.68726958  7.55  65.331348  63.276380  2.363
 47    13.463 53853.68734583  6.95  65.311713  63.262488  2.314
 47    14.200 53853.68734647  7.01  65.309063  63.265618  2.314
 47    15.235 53853.68734712  7.49  65.306403  63.268758  2.314
 48    75.120 53888.68735376  6.83  65.327147  63.264912  5.894
 48    37.621 53888.68735440 10.58  65.324497  63.268042  5.894
 48    37.456 53888.68735505 11.30  65.321847  63.271172  5.894
 48    38.033 53888.68735569 12.69  65.319190  63.274310 17.468
 49    43.019 53923.68742138 10.09  65.313833  63.259345  4.862
 49    36.517 53923.68742202 14.02  65.311183  63.262475  4.862
 49    16.694 53923.68742331 28.91  65.305873  63.268745  4.862
 50    13.330 53958.68741379 49.82  65.319807  63.263962 10.822
 50    13.124 53958.68741443 52.23  65.317157  63.267092 10.822
 50    13.098 53958.68741508 50.68  65.314507  63.270232 10.822
 51    33.750 53993.68734250 13.78  65.311020  63.258913  5.758
 51    11.007 53993.68734443 37.44  65.303050  63.268303  5.758
 52    13.305 54028.68740317 20.34  65.315079  63.263243  5.569
 52    13.449 54028.68740381 20.94  65.312419  63.266373  5.569
 52    14.125 54028.68740446 25.03  65.309769  63.269503  5.569
 53    11.605 54063.68739733 22.89  65.325562  63.268152  3.756
 53    13.290 54063.68739798 23.13  65.322902  63.271282  3.756
 53    13.376 54063.68739862 23.71  65.320247  63.274420  5.111
 54    11.968 54098.68736486 16.48  65.328583  63.268105  2.490
 54    13.637 54098.68736550 14.32  65.325933  63.271245  2.490
 54    14.238 54098.68736615 14.22  65.323278  63.274376  2.615
 55    14.131 54133.68732063 11.27  65.313333  63.262790  2.277
 55    14.260 54133.68732127 14.32  65.310673  63.265920  2.277
 55    14.794 54133.68732192 14.65  65.308023  63.269050  2.277
 56    13.707 54168.68733915 12.24  65.325293  63.267733  1.901
 56    14.429 54168.68733979 12.23  65.322643  63.270873  1.901
 56    15.149 54168.68734044 12.05  65.319981  63.274004  2.170
 57    10.412 54203.68732436 23.73  65.313713  63.262172  6.426
 57    11.040 54203.68732501 22.55  65.311063  63.265302  6.426
 57    10.431 54203.68732565 21.75  65.308403  63.268432  6.426
 58    62.508 54238.68735945  4.64  65.321649  63.263782  4.437
 58    61.255 54238.68736009  3.43  65.318989  63.266912  4.437
 58    59.150 54238.68736073  2.39  65.316339  63.270042  4.437
 58    38.070 54238.68736138  9.19  65.313679  63.273182  4.437
 59    52.371 54273.68737736  1.14  65.323081  63.264870  5.789
 59    17.404 54273.68737865 24.57  65.317771  63.271140  5.789
 59    18.352 54273.68737929 35.52  65.315110  63.274270 18.513
 60    16.890 54308.68737895 22.44  65.321408  63.263830  3.816
 60    17.495 54308.68737959 23.72  65.318748  63.266960  3.816
 60    17.997 54308.68738024 24.93  65.316098  63.270100  3.816
 60    18.981 54308.68738088 31.68  65.313445  63.273228 15.023
 61    15.871 54343.68735823 24.97  65.326452  63.272036  4.992
 61    16.562 54343.68735888 25.46  65.323792  63.275168 14.985
 62    49.105 54378.68731459  0.97  65.316871  63.263271  3.395
 62    40.078 54378.68731524  2.05  65.314221  63.266401  3.395
 63    11.307 54413.68730475 46.15  65.324492  63.265035  9.524
 63    11.677 54413.68730539 40.47  65.321842  63.268165  9.524
 63    11.399 54413.68730604 42.13  65.319182  63.271305  9.524
 63    11.252 54413.68730668 34.59  65.316528  63.274434 13.382
 64    11.376 54448.68728059 17.56  65.315544  63.260464  3.775
 64    12.313 54448.68728124 17.24  65.312894  63.263594  3.775
 64    13.527 54448.68728188 17.07  65.310234  63.266724  3.775
 64    14.301 54448.68728253 17.79  65.307584  63.269854  3.775
 65    12.203 54483.68729843 12.19  65.323148  63.264387  2.082
 65    13.326 54483.68729907 11.94  65.320488  63.267517  2.082
 65    13.949 54483.68729972 12.21  65.317838  63.270657  2.082
 65    14.443 54483.68730036 13.26  65.315176  63.273785  3.161
 66    12.226 54518.68729458 10.60  65.317143  63.262409  1.991
 66    13.055 54518.68729522 10.26  65.314491  63.265545  2.624
 66    14.501 54518.68729587 10.42  65.311831  63.268675  2.624
 67     9.997 54553.68731108 36.08  65.326266  63.268377 11.360
 67     9.772 54553.68731172 32.25  65.323616  63.271507 11.360
 67     9.571 54553.68731237 29.28  65.320966  63.274637 11.360
 68    12.544 54588.68729079 21.68  65.318712  63.263875  6.315
 68    11.717 54588.68729144 17.10  65.316063  63.267006  8.536
 68    11.641 54588.68729208 18.59  65.313403  63.270136  8.536
 69    58.683 54623.68730824  0.06  65.323581  63.264475  5.063
 69    41.777 54623.68730889  3.70  65.320926  63.267606 10.828
 69    17.056 54623.68730953 18.53  65.318276  63.270736 10.828
 69    17.265 54623.68731017 23.38  65.315616  63.273866 10.828
 70    18.419 54658.68731696 42.68  65.320841  63.263183 12.182
 70    18.431 54658.68731761 43.96  65.318185  63.266313 11.432
 70    18.821 54658.68731825 43.92  65.315535  63.269443 11.432
 70    17.911 54658.68731890 43.23  65.312875  63.272573 11.432
 71    32.661 54693.68729867  8.93  65.324678  63.267144  3.519
 71    13.577 54693.68729996 27.19  65.319370  63.273406 14.786
 72    42.146 54728.68727119  1.37  65.316178  63.263765  2.997
 72    16.648 54728.68727248 19.25  65.310871  63.270033 14.507
 73    33.144 54763.68727561 11.61  65.322621  63.263386  2.788
 73    12.209 54763.68727755 38.06  65.314656  63.272775 14.400
 74    12.719 54798.68726406 22.32  65.313007  63.261386  4.141
 74    12.984 54798.68726471 22.53  65.310351  63.264521  6.318
 74    13.638 54798.68726535 22.71  65.307691  63.267651  6.318
 75    12.548 54833.68726637 11.40  65.323207  63.264462  2.033
 75    13.054 54833.68726702 12.58  65.320551  63.267593  3.177
 75    14.026 54833.68726766 11.16  65.317901  63.270723  3.177
 75    14.529 54833.68726831 11.93  65.315241  63.273853  3.177
 76    14.203 54868.68726085 10.01  65.313827  63.263141  3.508
 76    14.592 54868.68726150  9.98  65.311166  63.266277  2.666
 76    15.388 54868.68726214 10.10  65.308516  63.269407  2.666
 77    12.763 54903.68727612 10.70  65.326345  63.266769  2.862
 77    13.489 54903.68727676 10.61  65.323695  63.269899  2.862
 77    14.253 54903.68727741  8.91  65.321035  63.273029  2.862
 78    14.686 54938.68725142  3.35  65.318802  63.261824  3.299
 78    15.820 54938.68725207  3.08  65.316152  63.264964  3.299
 78    15.975 54938.68725271  3.31  65.313502  63.268094  3.299
 78    16.291 54938.68725336  4.12  65.310842  63.271224  3.299
 79    16.394 54973.68728312 17.57  65.319608  63.263800  5.880
 79    17.050 54973.68728376 18.31  65.316952  63.266931 20.825
 79    18.043 54973.68728440 21.63  65.314292  63.270061 20.825
 80    59.726 55008.68729755  1.93  65.323826  63.264059  6.250
 80    15.085 55008.68729884 23.88  65.318524  63.270321 14.600
 80    16.647 55008.68729948 26.67  65.315864  63.273451 14.600
 81    14.730 55043.68728733 12.87  65.321735  63.264020  4.044
 81    15.719 55043.68728798 17.91  65.319074  63.267150 32.595
 81    16.632 55043.68728862 19.67  65.316424  63.270280 32.595
 81    17.038 55043.68728927 24.28  65.313764  63.273410 32.595
 82    34.897 55078.68726488  6.78  65.328710  63.265567  4.141
 82    13.197 55078.68726617 25.25  65.323395  63.271831 15.608
 82    13.378 55078.68726682 34.86  65.320745  63.274961 15.608
 83    48.691 55113.68721959  1.56  65.318059  63.263422  3.210
 83    46.083 55113.68722024  2.16  65.315409  63.266562  3.210
 84    10.019 55148.68721988 34.30  65.322515  63.263169 10.251
 84    10.127 55148.68722052 38.36  65.319863  63.266299  9.793
 84    10.069 55148.68722117 38.35  65.317203  63.269429  9.793
 84    10.026 55148.68722181 34.87  65.314553  63.272559  9.793
 85    11.742 55183.68720171 16.01  65.313851  63.262112  5.133
 85    12.839 55183.68720236 16.36  65.311194  63.265239  4.051
 85    13.617 55183.68720300 16.11  65.308544  63.268369  4.051
 86    11.934 55218.68721787 11.58  65.324400  63.264599  4.791
 86    13.221 55218.68721851 11.60  65.321749  63.267730  3.726
 86    13.879 55218.68721916 11.55  65.319089  63.270860  3.726
 86    15.222 55218.68721980 11.15  65.316439  63.273990  3.726
 87    12.619 55253.68719748 10.45  65.318140  63.262034  3.636
 87    13.667 55253.68719812 11.22  65.315491  63.265169  3.314
 87    14.493 55253.68719877 10.76  65.312831  63.268299  3.314
 87    14.434 55253.68719941 10.60  65.310181  63.271429  3.314
 88     7.536 55288.68720857  6.70  65.326631  63.268491  2.832
 88    12.717 55288.68720922  5.02  65.323981  63.271621  2.832
 88     9.252 55288.68720986  4.46  65.321331  63.274751  2.832
 89    45.140 55323.68718560 10.45  65.320468  63.264276  4.453
 89    45.045 55323.68718624  7.46  65.317808  63.267408 10.476
 89    58.054 55323.68718688  5.00  65.315158  63.270538 10.476
 90    16.190 55358.68718510 43.84  65.318204  63.270369 19.717
 90    15.621 55358.68718574 50.13  65.315544  63.273499 19.717
 91    14.648 55393.68718730 23.53  65.317654  63.262732  5.457
 91    14.909 55393.68718794 23.54  65.314996  63.265860 26.133
 91    15.545 55393.68718859 26.16  65.312336  63.268990 26.133
 92    14.877 55428.68719989 33.19  65.321929  63.264376 12.550
 92    15.290 55428.68720053 29.11  65.319266  63.267506  8.896
 92    15.576 55428.68720118 26.19  65.316616  63.270636  8.896
 92    15.663 55428.68720182 29.45  65.313956  63.273766  8.896
 93    34.695 55463.68716385  4.03  65.329682  63.269495 12.495
 93    34.677 55463.68716450  2.30  65.327032  63.272625 12.495
 93    16.153 55463.68716514 14.87  65.324382  63.275755 12.495
