# NaN NaN NaN ;Mean Elev.(m), Avg Gradient(m/km), RMS Gradient(m/km) - SRTM1     
#   22.542  -1.149   2.372 ;Mean Elev.(m), Avg Gradient(m/km), RMS Gradient(m/km) - ASTER GDEM
#   28.516  -1.166   4.099 ;Mean Elev.(m), Avg Gradient(m/km), RMS Gradient(m/km) - GMTED2010 
  6    32.719 52438.25855177 30.12  72.744882  61.235377 24.884
  6    32.421 52438.25855241 29.91  72.742532  61.232217 24.884
  6    32.074 52438.25855306 31.20  72.740182  61.229057 24.884
  6    32.228 52438.25855370 32.05  72.737832  61.225897 24.884
  6    32.232 52438.25855435 29.07  72.735482  61.222747 24.884
  6    32.265 52438.25855499 24.24  72.733142  61.219587 24.884
  6    32.557 52438.25855564 21.90  72.730792  61.216427 24.884
  6    32.531 52438.25855628 30.10  72.728442  61.213277 24.884
  7    32.636 52473.25855179 30.94  72.746989  61.234436 27.501
  7    32.464 52473.25855243 31.01  72.744639  61.231286 27.501
  7    32.421 52473.25855307 30.82  72.742289  61.228126 27.501
  7    32.304 52473.25855372 29.10  72.739939  61.224966 27.501
  7    32.244 52473.25855436 28.46  72.737599  61.221816 27.501
  7    32.515 52473.25855501 24.34  72.735249  61.218656 27.501
  7    32.673 52473.25855565 23.22  72.732901  61.215501  9.360
  8    31.640 52508.25852076 25.64  72.750871  61.237946 24.901
  8    31.486 52508.25852140 23.59  72.748531  61.234786 24.901
  8    29.863 52508.25852205 23.93  72.746181  61.231626 24.901
  8    29.861 52508.25852269 24.43  72.743831  61.228476 24.901
  8    29.934 52508.25852334 24.86  72.741481  61.225316 24.901
  8    29.835 52508.25852398 23.24  72.739131  61.222156 24.901
  8    29.871 52508.25852463 22.98  72.736781  61.218996 24.901
  8    31.562 52508.25852527 23.89  72.734441  61.215846 24.901
 11    31.244 52613.25852189 25.18  72.743196  61.235222  5.868
 11    28.245 52613.25852253 26.78  72.740846  61.232062  5.868
 11    28.097 52613.25852318 26.92  72.738499  61.228898  9.303
 11    28.144 52613.25852382 25.38  72.736149  61.225748  9.303
 11    28.176 52613.25852446 28.61  72.733799  61.222588  9.303
 11    28.181 52613.25852511 24.81  72.731459  61.219428  9.303
 11    28.034 52613.25852575 24.22  72.729109  61.216278  9.303
 11    28.149 52613.25852640 23.93  72.726759  61.213118  9.303
 12    29.317 52648.25850151 15.21  72.767607  61.246791  2.966
 12    30.062 52648.25850216 15.21  72.765257  61.243631  2.966
 12    30.408 52648.25850280 14.75  72.762907  61.240471  2.966
 12    30.568 52648.25850345 14.94  72.760547  61.237321  2.966
 12    30.662 52648.25850409 14.78  72.758197  61.234161  2.966
 12    30.624 52648.25850473 14.44  72.755847  61.231001  2.966
 12    30.516 52648.25850538 14.75  72.753497  61.227851  2.966
 13    30.226 52683.25847806 10.15  72.760708  61.243598  2.411
 13    30.327 52683.25847870 11.36  72.758358  61.240448  2.411
 13    30.316 52683.25847934 10.23  72.756008  61.237288  2.411
 13    29.278 52683.25847999 13.75  72.753663  61.234125  3.388
 13    29.073 52683.25848063 15.83  72.751313  61.230975  3.388
 13    30.478 52683.25848128 10.29  72.748963  61.227815  3.388
 13    30.708 52683.25848192 10.93  72.746613  61.224655  3.388
 13    30.436 52683.25848257 11.86  72.744263  61.221505  3.388
 14    30.533 52718.25853491 11.82  72.757857  61.240909  2.372
 14    30.316 52718.25853556 11.83  72.755507  61.237759  2.372
 14    30.449 52718.25853620 12.21  72.753147  61.234599  2.372
 14    29.814 52718.25853685 14.78  72.750797  61.231439  2.372
 14    30.628 52718.25853749 11.64  72.748457  61.228289  2.372
 14    30.654 52718.25853814 11.97  72.746107  61.225129  2.372
 14    30.572 52718.25853878 11.52  72.743757  61.221969  2.372
 15    29.003 52753.25856236 17.16  72.730234  61.231301  9.506
 15    29.393 52753.25856301 18.46  72.727884  61.228151  9.506
 15    29.803 52753.25856365 17.70  72.725544  61.224991  9.506
 15    29.578 52753.25856430 18.75  72.723194  61.221831  9.506
 15    29.491 52753.25856494 18.00  72.720844  61.218681  9.506
 15    29.160 52753.25856559 17.66  72.718494  61.215521  9.506
 15    28.647 52753.25856623 18.78  72.716154  61.212361  9.506
 15    26.613 52753.25856688 18.53  72.713804  61.209201  9.506
 16    32.341 52788.25850370 39.57  72.776359  61.249752 37.062
 16    31.680 52788.25850435 30.72  72.774009  61.246592 37.062
 16    31.486 52788.25850499 29.82  72.771649  61.243442 37.062
 16    31.525 52788.25850564 30.20  72.769299  61.240282 37.062
 16    31.736 52788.25850628 32.18  72.766949  61.237122 37.062
 17    32.117 52823.25857581 31.77  72.771524  61.247352 30.928
 17    31.796 52823.25857645 32.19  72.769174  61.244192 30.928
 17    31.772 52823.25857710 32.15  72.766824  61.241042 30.928
 17    31.853 52823.25857774 33.42  72.764474  61.237882 30.928
 17    31.949 52823.25857839 32.86  72.762114  61.234722 30.928
 18    29.914 52858.25862190 26.82  72.773712  61.249738 13.922
 18    27.475 52858.25862255 25.62  72.771352  61.246578 13.922
 18    27.758 52858.25862319 26.30  72.769002  61.243428 13.922
 18    28.008 52858.25862384 27.97  72.766652  61.240268 13.922
 18    28.086 52858.25862448 33.18  72.764302  61.237108 13.922
 19    26.059 52893.25865638 36.94  72.751243  61.237990 20.580
 19    25.980 52893.25865702 37.89  72.748893  61.234830 20.580
 19    25.853 52893.25865767 39.36  72.746543  61.231680 20.580
 19    25.904 52893.25865831 39.12  72.744193  61.228520 20.580
 19    25.778 52893.25865896 38.19  72.741838  61.225357 21.093
 19    25.895 52893.25865960 36.95  72.739488  61.222207 21.093
 19    25.892 52893.25866025 37.50  72.737148  61.219047 21.093
 19    25.844 52893.25866089 34.41  72.734798  61.215887 21.093
 20    29.828 52928.25860911 23.32  72.734533  61.230715 26.722
 20    25.398 52928.25860975 30.13  72.732183  61.227555 26.722
 20    25.409 52928.25861040 24.92  72.729843  61.224405 26.722
 20    25.524 52928.25861104 21.78  72.727489  61.221246 22.410
 20    25.434 52928.25861169 19.75  72.725149  61.218086 22.410
 20    31.237 52928.25861233 21.63  72.722799  61.214926 22.410
 20    31.400 52928.25861298 24.59  72.720459  61.211766 22.410
 20    31.508 52928.25861362 25.44  72.718109  61.208616 22.410
 21    25.774 52963.25858324 21.86  72.777309  61.246178  4.923
 21    25.686 52963.25858388 22.14  72.774960  61.243025  6.079
 21    25.492 52963.25858453 22.65  72.772610  61.239865  6.079
 22    24.995 52998.25862439 18.31  72.750029  61.237537 12.864
 22    25.509 52998.25862503 16.52  72.747679  61.234377 12.864
 22    25.619 52998.25862568 16.50  72.745329  61.231227 12.864
 22    25.593 52998.25862632 20.89  72.742979  61.228067 12.864
 22    25.476 52998.25862696 29.03  72.740629  61.224907 12.864
 22    25.517 52998.25862761 35.09  72.738279  61.221757 12.864
 22    25.413 52998.25862825 39.35  72.735929  61.218597 12.864
 22    25.424 52998.25862890 31.86  72.733589  61.215437 12.864
 23    29.325 53033.25858025 12.76  72.738396  61.232812  2.477
 23    28.364 53033.25858090 13.61  72.736046  61.229656  5.787
 23    25.286 53033.25858154 19.62  72.733706  61.226496  5.787
 23    25.158 53033.25858219 24.68  72.731356  61.223336  5.787
 23    25.283 53033.25858283 24.22  72.729006  61.220176  5.787
 23    25.179 53033.25858348 18.11  72.726666  61.217026  5.787
 23    27.130 53033.25858412 14.06  72.724316  61.213866  5.787
 23    26.990 53033.25858476 13.70  72.721976  61.210706  5.787
 24    29.476 53068.25859042 11.76  72.766293  61.246865  2.222
 24    30.195 53068.25859107 11.43  72.763943  61.243715  2.222
 24    30.042 53068.25859171 11.84  72.761593  61.240555  2.222
 24    30.166 53068.25859235 11.67  72.759243  61.237395  2.222
 24    30.157 53068.25859300 11.79  72.756897  61.234237  3.170
 24    30.279 53068.25859364 11.33  72.754547  61.231087  3.170
 24    30.392 53068.25859429 11.65  72.752197  61.227927  3.170
 25    25.717 53103.25858279 16.48  72.733853  61.231204  4.156
 25    25.678 53103.25858343 17.31  72.731503  61.228054  4.156
 25    25.741 53103.25858408 19.38  72.729161  61.224897  5.916
 25    25.667 53103.25858472 18.87  72.726811  61.221737  5.916
 25    25.627 53103.25858537 17.66  72.724461  61.218577  5.916
 25    25.469 53103.25858601 17.80  72.722121  61.215417  5.916
 25    25.554 53103.25858666 15.80  72.719771  61.212267  5.916
 25    25.584 53103.25858730 15.71  72.717431  61.209107  5.916
 26    29.018 53138.25859390 38.52  72.770999  61.247847 27.059
 26    29.048 53138.25859454 30.71  72.768649  61.244697 27.059
 26    28.933 53138.25859519 29.08  72.766299  61.241537 27.059
 26    29.117 53138.25859583 27.17  72.763949  61.238377 27.059
 26    29.104 53138.25859648 29.54  72.761593  61.235218 30.830
 27    31.796 53173.25863813 26.74  72.759765  61.242526 25.223
 27    31.874 53173.25863877 30.23  72.757405  61.239376 25.223
 27    31.600 53173.25863942 28.77  72.755055  61.236216 25.223
 27    31.436 53173.25864006 28.63  72.752705  61.233056 25.223
 27    31.526 53173.25864070 28.25  72.750355  61.229906 25.223
 27    31.628 53173.25864135 28.75  72.748005  61.226746 25.223
 27    31.756 53173.25864199 26.09  72.745656  61.223584 40.980
 28    29.854 53208.25865500 49.21  72.751197  61.237955 21.286
 28    29.820 53208.25865564 44.57  72.748847  61.234805 21.286
 28    29.778 53208.25865629 42.69  72.746497  61.231645 21.286
 28    29.761 53208.25865693 42.58  72.744147  61.228482 27.240
 28    29.718 53208.25865757 44.52  72.741807  61.225332 27.240
 28    29.754 53208.25865822 42.33  72.739457  61.222172 27.240
 28    29.710 53208.25865886 40.18  72.737107  61.219012 27.240
 28    29.625 53208.25865951 35.73  72.734757  61.215862 27.240
 29    31.019 53243.25862303 17.39  72.750379  61.235960 24.186
 29    29.117 53243.25862368 19.92  72.748039  61.232800 24.186
 29    29.069 53243.25862432 21.28  72.745686  61.229636 33.109
 29    27.059 53243.25862497 26.75  72.743336  61.226486 33.109
 29    26.807 53243.25862561 32.09  72.740996  61.223326 33.109
 29    26.769 53243.25862626 31.27  72.738646  61.220166 33.109
 29    26.803 53243.25862690 33.73  72.736296  61.217016 33.109
 30    27.917 53278.25859628 22.25  72.775116  61.248525 17.562
 30    26.894 53278.25859692 23.14  72.772756  61.245375 17.562
 30    26.896 53278.25859757 25.64  72.770406  61.242215 17.562
 30    27.969 53278.25859821 30.22  72.768056  61.239055 17.562
 31    28.391 53313.25862820 36.29  72.755702  61.238634 26.290
 31    28.282 53313.25862884 41.96  72.753352  61.235474 26.290
 31    28.181 53313.25862949 40.96  72.751002  61.232314 26.290
 31    28.361 53313.25863013 43.44  72.748652  61.229154 26.290
 31    28.174 53313.25863078 39.43  72.746302  61.226004 26.290
 31    28.112 53313.25863142 38.71  72.743952  61.222844 26.290
 31    28.114 53313.25863207 35.71  72.741612  61.219684 26.290
 32    30.589 53348.25859405 18.54  72.754075  61.238372  4.487
 32    29.097 53348.25859469 18.86  72.751725  61.235212  4.487
 32    30.651 53348.25859534 17.88  72.749375  61.232052  4.487
 32    30.174 53348.25859598 20.06  72.747025  61.228902  4.487
 32    29.768 53348.25859662 20.11  72.744675  61.225742  4.487
 32    29.505 53348.25859727 20.22  72.742335  61.222582  4.487
 32    29.262 53348.25859791 19.99  72.739985  61.219422  4.487
 33    28.201 53383.25856032 16.36  72.774486  61.248149  3.067
 33    28.552 53383.25856097 15.67  72.772136  61.244989  3.067
 33    28.933 53383.25856161 15.29  72.769786  61.241829  3.067
 33    29.517 53383.25856226 15.16  72.767436  61.238679  3.067
 34    28.629 53418.25857148 14.75  72.768681  61.246751  3.298
 34    29.314 53418.25857213 15.20  72.766331  61.243591  3.298
 34    29.749 53418.25857277 15.53  72.763981  61.240431  3.298
 34    29.889 53418.25857342 15.72  72.761631  61.237281  3.298
 34    30.230 53418.25857406 15.41  72.759281  61.234121  3.298
 34    30.158 53418.25857470 16.65  72.756931  61.230961  3.298
 36    31.381 53488.25866245 25.88  72.747693  61.235832 25.009
 36    31.534 53488.25866309 24.46  72.745343  61.232682 25.009
 36    29.397 53488.25866374 27.54  72.742993  61.229522 25.009
 36    27.897 53488.25866438 28.62  72.740643  61.226362 25.009
 36    27.890 53488.25866503 28.89  72.738303  61.223202 25.009
 36    27.864 53488.25866567 27.74  72.735953  61.220052 25.009
 36    28.000 53488.25866632 26.68  72.733603  61.216892 25.009
 36    31.177 53488.25866696 25.72  72.731253  61.213732 25.009
 37    31.515 53523.25864897 28.72  72.763654  61.245768 35.928
 37    31.113 53523.25864962 30.49  72.761294  61.242608 35.928
 37    31.204 53523.25865026 30.84  72.758944  61.239458 35.928
 37    31.295 53523.25865091 32.50  72.756594  61.236298 35.928
 37    31.347 53523.25865155 32.09  72.754244  61.233138 35.928
 37    31.417 53523.25865220 33.74  72.751894  61.229978 35.928
 37    31.538 53523.25865284 33.94  72.749544  61.226828 35.928
 37    31.396 53523.25865348 35.61  72.747194  61.223668 35.928
 38    31.914 53558.25867760 40.39  72.743144  61.234844 27.491
 38    30.948 53558.25867825 21.80  72.740794  61.231684 27.491
 38    29.505 53558.25867889 19.17  72.738454  61.228534 27.491
 38    29.502 53558.25867954 19.68  72.736104  61.225374 27.491
 38    29.554 53558.25868018 20.52  72.733754  61.222214 27.491
 38    30.432 53558.25868083 18.17  72.731404  61.219064 27.491
 38    31.265 53558.25868147 16.15  72.729054  61.215904 27.491
 38    31.491 53558.25868211 27.70  72.726714  61.212744 27.491
 39    30.783 53593.25861417 24.85  72.753102  61.237462 27.403
 39    28.984 53593.25861482 21.17  72.750752  61.234302 27.403
 39    29.008 53593.25861546 21.51  72.748402  61.231152 27.403
 39    27.198 53593.25861611 27.85  72.746052  61.227992 27.403
 39    27.111 53593.25861675 23.71  72.743712  61.224832 27.403
 39    27.105 53593.25861740 25.24  72.741362  61.221672 27.403
 39    27.168 53593.25861804 23.33  72.739012  61.218522 27.403
 40    26.473 53628.25860286 28.97  72.771742  61.248896 21.430
 40    26.316 53628.25860350 25.43  72.769392  61.245746 21.430
 40    27.951 53628.25860415 17.95  72.767032  61.242586 21.430
 40    28.140 53628.25860479 21.84  72.764682  61.239426 21.430
 40    28.067 53628.25860544 26.16  72.762332  61.236276 21.430
 40    30.232 53628.25860608 19.53  72.759982  61.233116 21.430
 41    29.697 53663.25862983 29.55  72.755512  61.239454 26.058
 41    30.992 53663.25863047 16.55  72.753162  61.236294 26.058
 41    31.005 53663.25863112 16.88  72.750812  61.233134 26.058
 41    30.620 53663.25863176 16.62  72.748462  61.229984 26.058
 41    28.403 53663.25863240 19.22  72.746112  61.226824 26.058
 41    26.803 53663.25863305 25.11  72.743762  61.223664 26.058
 41    26.836 53663.25863369 30.20  72.741422  61.220504 26.058
 42    26.237 53698.25859271 50.53  72.748510  61.235612 30.574
 42    26.110 53698.25859335 52.39  72.746160  61.232452 30.574
 42    26.153 53698.25859400 49.62  72.743810  61.229302 30.574
 42    26.251 53698.25859464 49.33  72.741460  61.226142 30.574
 42    26.226 53698.25859529 47.41  72.739120  61.222982 30.574
 42    26.094 53698.25859593 35.65  72.736770  61.219822 30.574
 42    26.067 53698.25859658 31.03  72.734420  61.216672 30.574
 43    30.971 53733.25851521 18.73  72.745522  61.235725  6.037
 43    27.134 53733.25851586 19.06  72.743172  61.232565  6.037
 43    27.151 53733.25851650 18.51  72.740822  61.229415  6.037
 43    28.756 53733.25851715 18.29  72.738472  61.226255  6.037
 43    27.039 53733.25851779 17.87  72.736132  61.223095  6.037
 43    26.924 53733.25851844 19.16  72.733782  61.219935  6.037
 43    26.711 53733.25851908 21.19  72.731432  61.216785  6.037
 43    26.701 53733.25851972 19.38  72.729092  61.213625  6.037
 44    27.960 53768.25849172 12.21  72.772876  61.248548  3.225
 44    27.651 53768.25849236 13.00  72.770526  61.245398  3.225
 44    28.469 53768.25849300 12.09  72.768166  61.242238  3.225
 44    27.202 53768.25849365 12.55  72.765816  61.239078  3.225
 44    29.267 53768.25849429 12.64  72.763466  61.235928  3.225
 45    29.540 53803.25849250 10.89  72.749522  61.236458  3.107
 45    29.888 53803.25849314 10.55  72.747172  61.233298  3.107
 45    29.532 53803.25849379 10.41  72.744822  61.230148  3.107
 45    29.468 53803.25849443 10.76  72.742472  61.226988  3.107
 45    29.281 53803.25849508 10.71  72.740132  61.223828  3.107
 45    28.922 53803.25849572 11.24  72.737782  61.220668  3.107
 45    28.907 53803.25849636 10.67  72.735432  61.217518  3.107
 45    28.798 53803.25849701 10.50  72.733092  61.214358  3.107
 46    31.297 53838.25850471 12.74  72.774433  61.249865  2.139
 46    31.193 53838.25850536 11.96  72.772073  61.246715  2.139
 46    31.263 53838.25850600 11.88  72.769723  61.243555  2.139
 46    31.184 53838.25850665 11.55  72.767373  61.240395  2.139
 46    31.344 53838.25850729 11.59  72.765023  61.237245  2.139
 47    29.525 53873.25855526 37.63  72.764304  61.245695 36.589
 47    29.405 53873.25855591 35.48  72.761954  61.242535 36.589
 47    29.361 53873.25855655 37.91  72.759604  61.239385 36.589
 47    29.342 53873.25855720 35.39  72.757244  61.236225 36.589
 47    29.368 53873.25855784 33.01  72.754894  61.233065 36.589
 47    29.318 53873.25855849 31.34  72.752544  61.229905 36.589
 47    29.339 53873.25855913 30.59  72.750204  61.226755 36.589
 48    31.642 53908.25859914 36.98  72.754781  61.239160 32.574
 48    31.237 53908.25859978 26.93  72.752431  61.236000 32.574
 48    30.956 53908.25860043 28.85  72.750081  61.232840 32.574
 48    31.012 53908.25860107 27.37  72.747731  61.229690 32.574
 48    31.304 53908.25860172 28.35  72.745381  61.226530 32.574
 48    31.476 53908.25860236 30.36  72.743041  61.223370 32.574
 48    31.404 53908.25860301 27.83  72.740691  61.220210 32.574
 49    31.696 53943.25862549 21.03  72.740806  61.232941 26.873
 49    29.634 53943.25862614 19.04  72.738456  61.229791 26.873
 49    30.482 53943.25862678 16.55  72.736106  61.226631 26.873
 49    29.188 53943.25862742 18.46  72.733766  61.223471 26.873
 49    29.096 53943.25862807 18.48  72.731416  61.220311 26.873
 49    31.139 53943.25862871 16.07  72.729066  61.217161 26.873
 49    31.392 53943.25862936 22.60  72.726716  61.214001 26.873
 49    31.670 53943.25863000 30.52  72.724376  61.210841 26.873
 50    29.717 53978.25857722 24.96  72.739209  61.231960 25.513
 50    26.884 53978.25857787 24.86  72.736859  61.228810 25.513
 50    26.815 53978.25857851 25.80  72.734509  61.225650 25.513
 50    26.724 53978.25857916 26.62  72.732169  61.222490 25.513
 50    26.647 53978.25857980 27.29  72.729819  61.219330 25.513
 50    26.741 53978.25858045 24.64  72.727469  61.216180 25.513
 50    31.412 53978.25858109 26.95  72.725129  61.213020 25.513
 51    28.453 54013.25858216 26.13  72.780836  61.251877 19.340
 51    28.372 54013.25858280 25.04  72.778486  61.248717 19.340
 51    28.306 54013.25858345 23.55  72.776136  61.245567 19.340
 51    27.954 54013.25858409 21.01  72.773776  61.242407 19.340
 51    28.285 54013.25858474 22.24  72.771426  61.239247 19.340
 52    27.752 54048.25859192 43.19  72.770372  61.247240 20.745
 52    27.709 54048.25859257 41.16  72.768022  61.244090 20.745
 52    27.646 54048.25859321 41.00  72.765672  61.240930 20.745
 52    27.788 54048.25859386 36.79  72.763322  61.237770 20.745
 52    27.719 54048.25859450 34.14  72.760972  61.234620 20.745
 54    30.409 54118.25851812 12.84  72.736867  61.232922  2.832
 54    29.917 54118.25851876 13.49  72.734517  61.229772  2.832
 54    29.876 54118.25851941 13.36  72.732167  61.226612  2.832
 54    29.796 54118.25852005 12.99  72.729827  61.223452  2.832
 54    29.694 54118.25852070 13.69  72.727477  61.220292  2.832
 54    29.319 54118.25852134 13.97  72.725127  61.217142  2.832
 54    29.537 54118.25852199 13.69  72.722787  61.213982  2.832
 54    28.873 54118.25852263 14.56  72.720437  61.210822  2.832
 55    31.018 54153.25854073 10.66  72.753724  61.237792  2.276
 55    30.890 54153.25854137 10.28  72.751374  61.234632  2.276
 55    31.049 54153.25854202 10.48  72.749024  61.231472  2.276
 55    31.059 54153.25854266 10.24  72.746674  61.228322  2.276
 55    30.792 54153.25854331 10.46  72.744324  61.225162  2.276
 55    30.731 54153.25854395 10.38  72.741984  61.222002  2.276
 55    30.618 54153.25854460 10.79  72.739634  61.218842  2.276
 57    31.710 54223.25854881 31.78  72.763975  61.246003 27.800
 57    31.785 54223.25854946 29.24  72.761625  61.242843 27.800
 57    31.626 54223.25855010 28.84  72.759275  61.239683 27.800
 57    31.260 54223.25855075 29.48  72.756925  61.236533 27.800
 57    31.252 54223.25855139 29.97  72.754575  61.233373 27.800
 57    31.210 54223.25855204 32.14  72.752225  61.230213 27.800
 57    31.384 54223.25855268 32.49  72.749875  61.227063 27.800
 57    31.454 54223.25855333 33.82  72.747525  61.223903 27.800
 58    32.339 54258.25857231 35.66  72.754379  61.237304 27.133
 58    32.001 54258.25857296 39.63  72.752029  61.234144 27.133
 58    32.062 54258.25857360 38.38  72.749689  61.230984 27.133
 58    32.224 54258.25857425 38.30  72.747339  61.227834 27.133
 58    32.459 54258.25857489 32.70  72.744989  61.224674 27.133
 58    32.438 54258.25857554 31.98  72.742639  61.221514 27.133
 59    33.084 54293.25857408 30.93  72.760237  61.242850 13.352
 59    32.969 54293.25857473 30.47  72.757877  61.239700 13.352
 59    32.764 54293.25857537 30.91  72.755537  61.236540 13.352
 59    32.762 54293.25857602 32.47  72.753177  61.233380 13.352
 59    32.884 54293.25857666 33.36  72.750837  61.230220 13.352
 59    32.943 54293.25857730 32.36  72.748487  61.227070 13.352
 59    32.978 54293.25857795 31.26  72.746137  61.223910 13.352
 60    31.404 54328.25857065 21.64  72.751822  61.236260 30.957
 60    29.801 54328.25857130 24.36  72.749472  61.233100 30.957
 60    29.899 54328.25857194 23.61  72.747132  61.229940 30.957
 60    29.948 54328.25857259 26.23  72.744782  61.226790 30.957
 60    29.980 54328.25857323 28.24  72.742432  61.223630 30.957
 60    29.985 54328.25857387 28.72  72.740082  61.220470 30.957
 60    30.014 54328.25857452 34.05  72.737732  61.217320 30.957
 61    31.800 54363.25851955 24.32  72.739215  61.233473 21.572
 61    31.447 54363.25852019 18.72  72.736865  61.230313 21.572
 61    31.319 54363.25852084 18.15  72.734515  61.227163 21.572
 61    29.531 54363.25852148 19.11  72.732165  61.224003 21.572
 61    30.306 54363.25852213 18.52  72.729825  61.220843 21.572
 61    31.162 54363.25852277 17.74  72.727475  61.217683 21.572
 61    31.674 54363.25852342 22.02  72.725135  61.214533 21.572
 61    31.802 54363.25852406 24.44  72.722785  61.211373 21.572
 62    27.075 54398.25850822 29.04  72.765935  61.247095 21.620
 62    28.031 54398.25850887 19.21  72.763585  61.243935 21.620
 62    31.706 54398.25850951 19.36  72.761235  61.240785 21.620
 62    31.249 54398.25851016 19.92  72.758875  61.237625 21.620
 62    29.202 54398.25851080 21.17  72.756535  61.234465 21.620
 62    28.498 54398.25851145 23.33  72.754175  61.231315 21.620
 62    28.370 54398.25851209 22.48  72.751835  61.228155 21.620
 62    27.594 54398.25851274 23.03  72.749485  61.224995 21.620
 63    31.205 54433.25846886 30.12  72.746363  61.236080  7.923
 63    26.892 54433.25846950 34.69  72.744013  61.232920  7.923
 63    28.663 54433.25847015 27.39  72.741663  61.229760  7.923
 63    29.236 54433.25847079 22.86  72.739313  61.226600  7.923
 63    29.307 54433.25847144 22.88  72.736963  61.223450  7.923
 63    28.112 54433.25847208 23.22  72.734623  61.220290  7.923
 63    27.321 54433.25847273 24.22  72.732273  61.217130  7.923
 63    27.706 54433.25847337 23.76  72.729933  61.213970  7.923
 64    28.354 54468.25849056 16.16  72.770486  61.246933  3.338
 64    29.102 54468.25849121 16.70  72.768136  61.243783  3.338
 64    29.547 54468.25849185 16.37  72.765776  61.240623  3.338
 64    30.109 54468.25849250 15.67  72.763426  61.237463  3.338
 64    30.200 54468.25849314 15.07  72.761076  61.234303  3.338
 65    31.307 54503.25848520 15.58  72.745848  61.233894  3.159
 65    31.045 54503.25848584 14.70  72.743508  61.230734  3.159
 65    29.749 54503.25848649 14.64  72.741158  61.227574  3.159
 65    29.732 54503.25848713 14.23  72.738808  61.224424  3.159
 65    29.524 54503.25848777 14.42  72.736458  61.221264  3.159
 65    29.294 54503.25848842 14.04  72.734118  61.218104  3.159
 65    29.333 54503.25848906 14.91  72.731768  61.214954  3.159
 66    30.865 54538.25850793 11.49  72.756460  61.239127  2.097
 66    30.764 54538.25850857 11.39  72.754119  61.235966  2.387
 66    30.733 54538.25850922 11.68  72.751759  61.232816  2.387
 66    30.828 54538.25850986 11.36  72.749419  61.229656  2.387
 66    30.837 54538.25851050 11.30  72.747069  61.226496  2.387
 66    30.620 54538.25851115 12.54  72.744719  61.223336  2.387
 66    30.539 54538.25851179 12.09  72.742369  61.220186  2.387
 67    31.201 54573.25848586  5.87  72.744425  61.235097  1.950
 67    30.842 54573.25848650  6.52  72.742075  61.231947  1.950
 67    30.846 54573.25848714  6.01  72.739725  61.228790  1.960
 67    30.693 54573.25848779  5.74  72.737385  61.225630  1.960
 67    30.603 54573.25848843  5.62  72.735035  61.222470  1.960
 67    30.894 54573.25848908  5.71  72.732685  61.219310  1.960
 67    31.022 54573.25848972  5.52  72.730345  61.216160  1.960
 67    30.853 54573.25849037  5.96  72.727995  61.213000  1.960
 68    31.718 54608.25850095 30.78  72.756057  61.238812 33.001
 68    31.299 54608.25850159 27.92  72.753707  61.235652 33.001
 68    31.404 54608.25850224 27.37  72.751352  61.232491 36.318
 68    31.545 54608.25850288 27.62  72.749002  61.229341 36.318
 68    31.498 54608.25850353 28.98  72.746652  61.226181 36.318
 68    31.547 54608.25850417 28.03  72.744302  61.223021 36.318
 68    31.673 54608.25850482 27.36  72.741962  61.219861 36.318
 69    32.092 54643.25851004 35.10  72.751310  61.236542 25.389
 69    31.796 54643.25851069 30.99  72.748960  61.233381 35.073
 69    31.560 54643.25851133 31.99  72.746610  61.230231 35.073
 69    31.839 54643.25851198 29.95  72.744260  61.227071 35.073
 69    31.924 54643.25851262 30.23  72.741910  61.223911 35.073
 69    31.964 54643.25851327 31.87  72.739570  61.220751 35.073
 69    31.986 54643.25851391 30.23  72.737220  61.217601 35.073
 70    31.451 54678.25851137 20.14  72.753486  61.237898 21.539
 70    31.395 54678.25851202 22.16  72.751136  61.234738 21.539
 70    31.077 54678.25851266 21.97  72.748785  61.231576 25.386
 70    31.013 54678.25851331 19.76  72.746435  61.228426 25.386
 70    30.009 54678.25851395 22.81  72.744085  61.225266 25.386
 70    30.449 54678.25851460 18.45  72.741735  61.222106 25.386
 70    30.835 54678.25851524 16.92  72.739395  61.218946 25.386
 71    31.547 54713.25846534 30.84  72.742594  61.233911 18.421
 71    26.359 54713.25846599 25.33  72.740254  61.230761 18.421
 71    26.220 54713.25846663 28.36  72.737902  61.227604 21.086
 71    26.258 54713.25846728 30.71  72.735552  61.224444 21.086
 71    26.321 54713.25846792 33.93  72.733212  61.221284 21.086
 71    26.199 54713.25846856 33.36  72.730862  61.218124 21.086
 71    26.391 54713.25846921 35.07  72.728522  61.214974 21.086
 71    26.547 54713.25846985 37.47  72.726172  61.211814 21.086
 72    31.643 54748.25847939 16.91  72.762146  61.243756 19.605
 72    31.720 54748.25848004 20.01  72.759786  61.240596 19.605
 72    31.336 54748.25848068 20.78  72.757446  61.237436 19.605
 72    30.985 54748.25848133 17.06  72.755086  61.234276 19.605
 72    26.733 54748.25848197 21.89  72.752736  61.231126 19.605
 72    26.970 54748.25848262 20.90  72.750386  61.227966 19.605
 72    27.010 54748.25848326 27.33  72.748046  61.224806 19.605
 73    27.460 54783.25845177 37.29  72.751316  61.237342  9.752
 73    27.481 54783.25845241 41.65  72.748969  61.234181 20.713
 73    27.457 54783.25845306 44.32  72.746619  61.231031 20.713
 73    27.251 54783.25845370 46.62  72.744269  61.227871 20.713
 73    27.411 54783.25845435 48.70  72.741919  61.224711 20.713
 73    27.326 54783.25845499 47.63  72.739569  61.221561 20.713
 73    27.412 54783.25845563 41.54  72.737229  61.218401 20.713
 73    27.292 54783.25845628 34.03  72.734879  61.215241 20.713
 74    28.262 54818.25847155 15.15  72.764768  61.245096  3.573
 74    28.149 54818.25847219 16.10  72.762408  61.241936  3.573
 74    30.222 54818.25847284 15.14  72.760058  61.238786  3.573
 74    28.151 54818.25847348 20.72  72.757708  61.235626  3.573
 74    28.165 54818.25847412 19.15  72.755364  61.232466  4.368
 74    30.195 54818.25847477 16.54  72.753014  61.229316  4.368
 74    28.034 54818.25847541 17.04  72.750664  61.226156  4.368
 75    31.194 54853.25844891 12.14  72.750111  61.236784  2.641
 75    31.222 54853.25844956 12.07  72.747771  61.233624  2.641
 75    30.353 54853.25845020 12.84  72.745416  61.230461  4.524
 75    29.945 54853.25845085 12.90  72.743066  61.227311  4.524
 75    29.734 54853.25845149 13.49  72.740726  61.224151  4.524
 75    29.789 54853.25845214 13.37  72.738376  61.220991  4.524
 75    29.754 54853.25845278 13.02  72.736026  61.217841  4.524
 75    27.430 54853.25845343 23.97  72.733676  61.214681  4.524
 76    30.798 54888.25847830  9.99  72.752556  61.236366  2.846
 76    30.978 54888.25847895  9.99  72.750206  61.233206  2.846
 76    30.604 54888.25847959 10.06  72.747856  61.230056  2.846
 76    30.229 54888.25848024  9.93  72.745506  61.226896  2.846
 76    29.941 54888.25848088 11.15  72.743156  61.223736  2.846
 76    30.013 54888.25848153 10.53  72.740806  61.220586  2.846
 77    31.076 54923.25845026  5.59  72.735673  61.231905  6.083
 77    30.937 54923.25845091  5.59  72.733333  61.228745  6.083
 77    30.942 54923.25845155  6.03  72.730983  61.225585  6.083
 77    30.580 54923.25845220  6.78  72.728633  61.222425  6.083
 77    30.654 54923.25845284  7.03  72.726293  61.219275  6.083
 77    29.148 54923.25845349  8.94  72.723943  61.216115  6.083
 77    26.125 54923.25845413 13.83  72.721603  61.212955  6.083
 77    26.121 54923.25845477 19.33  72.719253  61.209795  6.083
 78    31.655 54958.25847281 28.72  72.764091  61.245739 29.724
 78    31.535 54958.25847345 26.36  72.761741  61.242579 29.724
 78    31.521 54958.25847409 27.15  72.759391  61.239429 29.724
 78    31.573 54958.25847474 29.33  72.757041  61.236269 29.724
 78    31.472 54958.25847538 28.61  72.754692  61.233108 38.260
 78    31.549 54958.25847603 29.71  72.752342  61.229958 38.260
 78    31.702 54958.25847667 32.01  72.749992  61.226798 38.260
 78    31.624 54958.25847732 34.62  72.747642  61.223638 38.260
 79    31.440 54993.25849731 32.56  72.751746  61.237657 31.025
 79    31.092 54993.25849795 27.27  72.749398  61.234496 31.534
 79    30.860 54993.25849860 26.39  72.747048  61.231346 31.534
 79    30.901 54993.25849924 26.09  72.744708  61.228186 31.534
 79    31.027 54993.25849989 23.88  72.742358  61.225026 31.534
 79    31.142 54993.25850053 23.96  72.740008  61.221876 31.534
 79    31.315 54993.25850118 22.29  72.737658  61.218716 31.534
 79    31.451 54993.25850182 23.55  72.735308  61.215556 31.534
 80    30.747 55028.25848762 34.28  72.752065  61.237731 23.164
 80    30.677 55028.25848826 33.03  72.749714  61.234570 35.145
 80    30.771 55028.25848891 37.52  72.747364  61.231420 35.145
 80    30.780 55028.25848955 40.87  72.745014  61.228260 35.145
 80    30.703 55028.25849020 44.02  72.742664  61.225100 35.145
 80    30.650 55028.25849084 46.88  72.740324  61.221940 35.145
 80    30.728 55028.25849149 46.72  72.737974  61.218790 35.145
 81    28.098 55063.25847971 47.66  72.752743  61.236899 16.794
 81    28.071 55063.25848036 49.64  72.750393  61.233739 16.794
 81    27.975 55063.25848100 51.45  72.748049  61.230575 29.233
 81    27.909 55063.25848165 51.21  72.745699  61.227425 29.233
 81    28.021 55063.25848229 50.81  72.743349  61.224265 29.233
 81    28.029 55063.25848294 48.85  72.740999  61.221105 29.233
 81    27.986 55063.25848358 48.80  72.738649  61.217955 29.233
 82    29.933 55098.25842768 23.69  72.735515  61.231772 24.181
 82    26.857 55098.25842833 24.37  72.733167  61.228615 20.668
 82    26.819 55098.25842897 23.82  72.730817  61.225455 20.668
 82    26.640 55098.25842962 23.12  72.728477  61.222295 20.668
 82    26.687 55098.25843026 22.42  72.726127  61.219135 20.668
 82    30.791 55098.25843091 19.77  72.723777  61.215985 20.668
 82    31.208 55098.25843155 24.82  72.721437  61.212825 20.668
 82    31.474 55098.25843220 26.68  72.719087  61.209665 20.668
 83    30.503 55133.25842215 20.20  72.762659  61.244554 10.104
 83    31.308 55133.25842280 17.82  72.760309  61.241404 10.104
 83    31.081 55133.25842344 18.43  72.757959  61.238244 10.104
 83    30.979 55133.25842409 18.52  72.755611  61.235087  7.038
 83    30.893 55133.25842473 19.15  72.753261  61.231937  7.038
 83    30.555 55133.25842538 19.53  72.750911  61.228777  7.038
 83    30.515 55133.25842602 20.13  72.748561  61.225617  7.038
 84    30.765 55168.25838915 17.57  72.748951  61.235805  3.226
 84    30.547 55168.25838980 17.83  72.746601  61.232645  3.226
 84    28.665 55168.25839044 18.22  72.744251  61.229481  4.313
 84    29.225 55168.25839109 18.46  72.741901  61.226331  4.313
 84    29.058 55168.25839173 18.99  72.739551  61.223171  4.313
 84    27.451 55168.25839238 20.22  72.737211  61.220011  4.313
 84    27.621 55168.25839302 19.11  72.734861  61.216861  4.313
 85    29.300 55203.25841440 11.69  72.763199  61.245402  2.689
 85    29.664 55203.25841505 12.36  72.760839  61.242242  2.689
 85    29.775 55203.25841569 13.57  72.758489  61.239092  2.689
 85    29.501 55203.25841634 11.67  72.756139  61.235932  2.689
 85    29.860 55203.25841698 11.56  72.753787  61.232772  3.142
 85    30.275 55203.25841763 11.00  72.751437  61.229622  3.142
 85    30.240 55203.25841827 11.47  72.749097  61.226462  3.142
 85    30.186 55203.25841892 12.27  72.746747  61.223302  3.142
 86    29.550 55238.25839709 11.14  72.744476  61.235593  2.238
 86    29.665 55238.25839773 10.72  72.742124  61.232430  2.680
 86    29.401 55238.25839837 10.69  72.739774  61.229280  2.680
 86    29.275 55238.25839902 10.96  72.737434  61.226120  2.680
 86    29.072 55238.25839966 11.35  72.735084  61.222960  2.680
 86    29.032 55238.25840031 11.85  72.732734  61.219810  2.680
 86    29.013 55238.25840095 12.05  72.730384  61.216650  2.680
 86    28.666 55238.25840160 12.28  72.728044  61.213490  2.680
 87    29.861 55273.25841003  9.47  72.752269  61.237267  2.104
 87    30.124 55273.25841068  9.43  72.749916  61.234106  2.547
 87    29.775 55273.25841132  9.24  72.747566  61.230956  2.547
 87    29.775 55273.25841197  9.61  72.745216  61.227796  2.547
 87    30.069 55273.25841261  9.82  72.742866  61.224636  2.547
 87    29.964 55273.25841326  9.58  72.740526  61.221476  2.547
 87    29.453 55273.25841390  9.45  72.738176  61.218326  2.547
 88    30.043 55308.25837984 27.82  72.741826  61.233927 13.169
 88    26.082 55308.25838049 30.72  72.739484  61.230769 29.171
 88    26.144 55308.25838113 32.12  72.737134  61.227609 29.171
 88    26.216 55308.25838178 27.73  72.734784  61.224449 29.171
 88    26.975 55308.25838242 26.41  72.732434  61.221289 29.171
 88    26.209 55308.25838307 28.63  72.730094  61.218139 29.171
 88    26.115 55308.25838371 33.57  72.727744  61.214979 29.171
 88    26.095 55308.25838436 30.99  72.725404  61.211819 29.171
 89    31.605 55343.25837825 30.07  72.758009  61.240508 28.574
 89    31.079 55343.25837890 30.05  72.755659  61.237348 28.574
 89    30.976 55343.25837954 28.09  72.753309  61.234198 28.574
 89    31.089 55343.25838019 27.67  72.750959  61.231038 28.574
 89    31.232 55343.25838083 28.91  72.748608  61.227876 34.584
 89    31.270 55343.25838148 32.18  72.746268  61.224726 34.584
 89    31.313 55343.25838212 28.23  72.743918  61.221566 34.584
 90    32.230 55378.25837352 40.00  72.749897  61.237325 29.492
 90    31.943 55378.25837416 28.55  72.747552  61.234162 35.130
 90    31.594 55378.25837480 27.45  72.745202  61.231012 35.130
 90    31.598 55378.25837545 27.45  72.742852  61.227852 35.130
 90    31.634 55378.25837609 25.33  72.740502  61.224692 35.130
 90    31.688 55378.25837674 24.57  72.738152  61.221542 35.130
 90    31.905 55378.25837738 24.32  72.735812  61.218382 35.130
 90    31.972 55378.25837803 24.81  72.733462  61.215222 35.130
 91    31.224 55413.25839566 24.37  72.766059  61.246456 21.467
 91    30.857 55413.25839630 24.44  72.763709  61.243296 21.467
 91    30.882 55413.25839695 26.47  72.761359  61.240146 21.467
 91    30.977 55413.25839759 27.49  72.759009  61.236986 21.467
 91    30.986 55413.25839824 28.08  72.756660  61.233826 37.822
 91    31.046 55413.25839888 29.66  72.754310  61.230676 37.822
 91    31.163 55413.25839953 30.42  72.751960  61.227516 37.822
 92    31.527 55448.25838727 23.65  72.750797  61.236293 25.747
 92    31.311 55448.25838792 22.79  72.748447  61.233143 25.747
 92    27.853 55448.25838856 25.70  72.746097  61.229983 25.747
 92    29.530 55448.25838921 23.10  72.743748  61.226829 28.108
 92    27.782 55448.25838985 24.61  72.741398  61.223669 28.108
 92    27.900 55448.25839050 26.39  72.739048  61.220509 28.108
 92    27.843 55448.25839114 25.53  72.736708  61.217349 28.108
 93    29.834 55483.25831665 24.47  72.737790  61.233084 25.506
 93    30.409 55483.25831730 20.95  72.735440  61.229934 25.506
 93    27.134 55483.25831794 22.62  72.733101  61.226776 21.756
 93    27.146 55483.25831859 23.14  72.730751  61.223616 21.756
 93    27.112 55483.25831923 21.24  72.728401  61.220456 21.756
 93    27.510 55483.25831988 20.35  72.726061  61.217296 21.756
 93    31.441 55483.25832052 24.06  72.723711  61.214146 21.756
 93    31.480 55483.25832117 28.31  72.721371  61.210986 21.756
