# NaN NaN NaN ;Mean Elev.(m), Avg Gradient(m/km), RMS Gradient(m/km) - SRTM1     
#   -4.329     NaN     NaN ;Mean Elev.(m), Avg Gradient(m/km), RMS Gradient(m/km) - ASTER GDEM
#    2.251  -0.255   6.607 ;Mean Elev.(m), Avg Gradient(m/km), RMS Gradient(m/km) - GMTED2010 
  8  65.286248  65.147725     9.083     9.285 33 52478.28768886 25.324
  9  65.285579  65.143309     8.545     8.669 34 52513.28763271 28.954
 10  65.269060  65.114102     6.861     6.971 31 52548.28768090 23.713
 11  65.280801  65.131964     5.607     5.601 31 52583.28767663 33.483
 14  65.292503  65.159007     5.326     5.351 30 52688.28762140 13.143
 15  65.284584  65.138574     5.475     5.479 33 52723.28767141 12.989
 16  65.310006  65.188612     4.590     4.007 26 52758.28768280  9.647
 17  65.270769  65.109249     8.841     8.853 31 52793.28765095 24.158
 18  65.268948  65.107046     8.670     8.663 31 52828.28771917 25.138
 19  65.268817  65.109114     6.796     6.831 31 52863.28776378 24.417
 20  65.287516  65.150236     6.285     6.284 33 52898.28778536 24.688
 21  65.309561  65.183324     6.128     6.066 28 52933.28772416 19.696
 22  65.269175  65.113857     2.474     2.486 31 52968.28774665 26.384
 23  65.288905  65.153638     5.018     5.075 32 53003.28776156 26.467
 24  65.309290  65.183282     4.440     4.477 27 53038.28770470 12.541
 25  65.286100  65.146253     5.904     6.023 34 53073.28773960 10.874
 26  65.309291  65.186595     4.798     4.602 27 53108.28770451 10.101
 27  65.277605  65.127779     5.074     5.063 30 53143.28775262 27.439
 28  65.283481  65.136497     8.441     8.656 32 53178.28777121 18.464
 29  65.285901  65.144639     7.889     7.887 33 53213.28779052 25.328
 30  65.290029  65.154966     4.547     4.119 32 53248.28775772 34.643
 31  65.270365  65.117319     5.552     5.630 31 53283.28775682 20.740
 32  65.269931  65.116825     4.178     4.179 31 53318.28775460 41.668
 33  65.285857  65.145471     4.655     4.234 34 53353.28771527 29.040
 34  65.269952  65.112912     4.537     4.079 31 53388.28771850 14.007
 35  65.281106  65.132231     4.467     4.186 31 53423.28771490 13.811
 36  65.270610  65.107509     5.498     6.089 30 53458.28772482 10.474
 37  65.285974  65.145884     4.515     4.549 34 53493.28780267 27.464
 38  65.279493  65.130480     8.578     8.666 30 53528.28778356 19.491
 39  65.301751  65.170451     7.977     7.998 25 53563.28780564 18.081
 40  65.285616  65.146550     5.595     5.768 33 53598.28775095 42.811
 41  65.267924  65.113498     5.002     5.232 31 53633.28775310 25.853
 42  65.285264  65.144416     3.754     3.782 34 53668.28776915 51.457
 43  65.285517  65.142008     3.555     3.564 34 53703.28771247 38.371
 44  65.308512  65.180272     3.432     3.450 27 53738.28761437 23.539
 45  65.269703  65.113805     4.493     4.403 31 53773.28764148 14.857
 46  65.290205  65.155598     5.048     5.175 31 53808.28761994 12.432
 48  65.267593  65.113493     7.896     7.869 31 53878.28769765 36.270
 49  65.285771  65.145917     8.718     8.707 33 53913.28774448 20.432
 51  65.292736  65.159406     6.191     6.167 31 53983.28769640 19.812
 52  65.269168  65.110953     5.978     6.045 31 54018.28773582 21.031
 53  65.268624  65.112171     6.279     6.470 31 54053.28772894 15.170
 54  65.286332  65.147208     6.728     6.790 34 54088.28771385 16.691
 56  65.286309  65.142490     6.707     6.804 33 54158.28767808 10.345
 57  65.269228  65.110066     8.166     8.092 31 54193.28764413  8.180
 58  65.284137  65.137504     7.911     8.035 33 54228.28769091 27.243
 59  65.282385  65.134749     8.816     9.049 32 54263.28771009 21.948
 60  65.283984  65.137105     8.975     9.283 33 54298.28771467 21.624
 61  65.286232  65.146848     9.445     9.435 34 54333.28770254 28.399
 63  65.286377  65.144319     6.484     6.441 34 54403.28764640 17.606
 65  65.271470  65.118826     5.858     5.675 30 54473.28763718 17.297
 66  65.269908  65.110590     5.625     5.617 31 54508.28762070 14.436
 67  65.285785  65.141152     5.381     5.493 33 54543.28764721 12.890
 68  65.277146  65.127248     3.943     3.291 30 54578.28761962  9.553
 69  65.285935  65.141454     9.198     9.203 33 54613.28763757 46.969
 70  65.281416  65.133271     8.512     8.569 31 54648.28764625 18.589
 71  65.286126  65.147036     8.295     7.889 33 54683.28764377 32.511
 72  65.268839  65.108842     6.378     6.470 31 54718.28759816 23.290
 73  65.283253  65.135178     4.392     4.406 32 54753.28761898 48.610
 74  65.269222  65.110796     4.732     4.713 32 54788.28758905 31.633
 75  65.271170  65.119366     4.636     4.420 29 54823.28761686 14.443
 76  65.269369  65.107668     5.407     5.527 31 54858.28758497 12.092
 77  65.286359  65.147061     5.453     5.472 34 54893.28761394 10.799
 78  65.269435  65.113698     6.962     6.984 31 54928.28758192 11.510
 80  65.286445  65.145527     8.971     8.968 34 54998.28763425 21.202
 81  65.280963  65.132361     7.931     7.977 31 55033.28762595 22.016
 82  65.286221  65.148915     6.920     7.054 33 55068.28761093 26.994
 83  65.269861  65.113567     5.837     5.991 31 55103.28755631 21.965
 84  65.285305  65.139133     4.025     4.085 34 55138.28755991 33.627
 85  65.268623  65.108944     3.853     3.678 31 55173.28752637 18.903
 86  65.279693  65.130726     5.167     4.989 31 55208.28755603 13.881
 87  65.269087  65.112966     6.130     6.118 31 55243.28753023 13.598
 88  65.286572  65.147581     5.198     5.178 33 55278.28754664 11.708
 89  65.282784  65.134337     3.579     3.585 31 55313.28751160 33.764
 90  65.286688  65.145302     8.565     8.596 34 55348.28751745 21.707
 91  65.268607  65.113768     7.992     7.956 31 55383.28751417 24.773
 92  65.278526  65.128852     7.517     7.534 30 55418.28753952 32.827
 93  65.288756  65.153079     4.827     4.853 32 55453.28751518 41.981
 94  65.308126  65.180366     4.372     4.381 27 55488.28743100 44.699
