# NaN NaN NaN ;Mean Elev.(m), Avg Gradient(m/km), RMS Gradient(m/km) - SRTM1     
#   22.000  -0.517   3.346 ;Mean Elev.(m), Avg Gradient(m/km), RMS Gradient(m/km) - ASTER GDEM
#   33.798  -0.153   1.928 ;Mean Elev.(m), Avg Gradient(m/km), RMS Gradient(m/km) - GMTED2010 
  8  74.843946  61.152840    34.955    34.955  2 52486.25256644 22.441
  9  74.838586  61.151426    32.724    33.078  3 52521.25253462 23.390
 11  74.842244  61.152911    29.850    29.850  2 52591.25257713 40.229
 13  74.848049  61.154913    32.880    32.880  2 52661.25254093 12.003
 14  74.864108  61.153310    33.820    33.858  3 52696.25251905 11.555
 15  74.852893  61.152866    34.695    34.786  3 52731.25254674 10.453
 16  74.831051  61.154217    32.253    31.602  4 52766.25255660 40.531
 17  74.861504  61.151904    35.387    35.448  3 52801.25255601 25.784
 18  74.858326  61.151675    33.849    33.556  3 52836.25262275 24.274
 19  74.853943  61.152423    29.732    29.840  3 52871.25266358 33.313
 20  74.847947  61.154992    29.065    29.065  2 52906.25265929 30.388
 21  74.863806  61.152817    28.691    28.710  3 52941.25259018 35.460
 23  74.843186  61.155060    32.939    32.939  2 53011.25264272 12.789
 24  74.854614  61.152318    33.523    33.566  3 53046.25260737 12.767
 25  74.837201  61.150737    33.400    33.349  3 53081.25264265 10.775
 26  74.851420  61.152571    34.441    34.441  2 53116.25261226  8.331
 27  74.844697  61.152486    34.832    34.832  2 53151.25266034 33.855
 28  74.859078  61.153342    35.468    35.458  3 53186.25264643 46.605
 29  74.845745  61.153407    33.373    33.373  2 53221.25267318 18.936
 30  74.833649  61.153353    31.837    31.435  4 53256.25264999 24.088
 31  74.850884  61.153426    33.386    33.386  2 53291.25266296 17.880
 32  74.849478  61.152516    30.465    30.465  2 53326.25263781 31.897
 35  74.843761  61.153561    32.683    32.683  2 53431.25260740 14.188
 36  74.858133  61.152418    34.437    34.437  2 53466.25263845 10.262
 37  74.843289  61.155027    34.597    34.597  2 53501.25269537 48.211
 39  74.838425  61.151052    31.764    31.761  3 53571.25269409 27.618
 40  74.835222  61.151609    30.615    30.675  4 53606.25264217 24.514
 41  74.856026  61.153514    30.492    29.771  3 53641.25264121 26.510
 42  74.843408  61.153234    31.655    31.655  2 53676.25266112 20.059
 43  74.842551  61.153330    29.760    29.760  2 53711.25259068 20.706
 45  74.852304  61.153764    32.079    32.272  3 53781.25253216 11.494
 46  74.835313  61.152281    33.531    33.335  4 53816.25250077 12.012
 47  74.852944  61.153760    29.184    29.184  2 53851.25256851 26.817
 48  74.857998  61.152744    34.498    34.424  3 53886.25257662 28.329
 49  74.838001  61.150309    34.558    34.403  3 53921.25264776 23.629
 50  74.836843  61.152263    32.308    32.210  4 53956.25264438 26.969
 52  74.857724  61.151751    30.383    29.531  3 54026.25262901 29.635
 53  74.853123  61.152855    32.014    32.014  2 54061.25262249 30.810
 54  74.836950  61.151940    29.524    29.379  4 54096.25259610 17.636
 56  74.840768  61.152384    33.080    33.080  2 54166.25256817 12.595
 57  74.856227  61.153315    29.563    29.563  3 54201.25254641 40.066
 58  74.852342  61.152577    35.353    35.353  2 54236.25258259 25.382
 59  74.847880  61.153052    36.267    36.267  2 54271.25260339 26.581
 60  74.850625  61.153883    36.156    36.156  2 54306.25260583 35.564
 61  74.843763  61.154016    33.492    33.492  2 54341.25258745 19.557
 62  74.852772  61.152241    32.008    31.043  3 54376.25254073 22.788
 63  74.847763  61.154869    32.098    32.098  2 54411.25253402 20.937
 64  74.858464  61.152199    31.772    31.766  3 54446.25250484 21.510
 65  74.849830  61.152958    32.750    32.750  2 54481.25252597 16.942
 66  74.859056  61.153058    32.638    32.753  3 54516.25251888 14.867
 67  74.843013  61.154920    34.653    34.653  2 54551.25253865 14.826
 68  74.851832  61.153187    31.565    31.582  3 54586.25251449 30.655
 69  74.848483  61.153549    35.653    35.653  2 54621.25253358 49.655
 70  74.845812  61.152574    34.094    34.094  2 54656.25254392 23.481
 71  74.844826  61.153875    31.942    31.942  2 54691.25252832 20.343
 72  74.857306  61.152466    29.719    29.719  2 54726.25249491 36.639
 73  74.847193  61.154379    30.346    30.346  2 54761.25250528 49.847
 74  74.858698  61.152455    31.010    31.010  2 54796.25248835 35.027
 75  74.848255  61.153842    30.702    30.702  2 54831.25250566 17.525
 76  74.857915  61.152382    31.867    31.867  2 54866.25248358 13.954
 77  74.841581  61.153650    32.585    32.585  2 54901.25250496 12.999
 78  74.853805  61.152783    29.719    29.691  3 54936.25247400 26.905
 79  74.850702  61.152786    34.225    34.225  2 54971.25250668 23.276
 80  74.846495  61.155020    34.528    34.528  2 55006.25252580 25.683
 81  74.850169  61.154539    33.040    33.040  2 55041.25251383 49.480
 82  74.842398  61.153014    30.845    30.845  2 55076.25249541 26.822
 83  74.854296  61.152787    30.496    29.905  3 55111.25244673 27.293
 84  74.844687  61.152293    30.070    30.070  2 55146.25244934 36.937
 85  74.860233  61.153720    30.044    30.040  3 55181.25242428 22.060
 86  74.846035  61.153988    32.326    32.326  2 55216.25244347 13.328
 87  74.856342  61.151722    33.390    33.561  3 55251.25242167 10.973
 88  74.838676  61.150417    34.817    34.794  3 55286.25243791 10.006
 89  74.846276  61.153461    31.304    31.304  2 55321.25241112 31.250
 90  74.846896  61.154413    35.130    35.130  2 55356.25241131 28.570
 91  74.853908  61.153545    35.368    35.368  2 55391.25241219 26.382
 92  74.849375  61.153346    32.679    32.905  3 55426.25242796 25.848
 93  74.842861  61.153818    30.646    30.639  3 55461.25239535 50.002
