-132306.167    13.995     0.00    2.56
-131933.816    14.127     0.35    2.30
-131561.538    14.512     1.03    2.02
-131189.334    14.945     1.16    1.56
-130817.203    15.344     1.07    1.42
-130445.145    15.746     1.08    1.57
-130073.161    16.017     0.73    1.67
-129701.249    16.642     1.68    1.97
-129329.411    17.377     1.98    1.88
-128957.645    17.603     0.61    1.73
-128585.953    17.703     0.27    1.46
-128214.333    18.496     2.13    1.96
-127842.787    19.759     3.40    2.34
-127471.313    21.481     4.64    2.64
-127099.912    23.388     5.13    2.86
-126728.584    25.218     4.93    2.73
-126357.328    26.932     4.62    2.15
-125986.146    27.687     2.03    1.59
-125615.036    26.972    -1.93    2.03
-125243.998    25.593    -3.72    2.55
-124873.033    23.684    -5.15    2.53
-124502.141    22.677    -2.71    2.12
-124131.321    22.010    -1.80    1.71
-123760.573    20.621    -3.75    2.71
-123389.898    19.170    -3.92    3.13
-123019.296    17.366    -4.87    3.10
-122648.765    15.319    -5.53    1.72
-122278.307    14.770    -1.48    1.61
-121907.921    14.948     0.48    1.98
-121537.608    15.984     2.80    2.83
-121167.366    17.305     3.57    2.98
-120797.196    18.877     4.25    2.79
-120427.099    20.365     4.02    2.73
-120057.074    22.454     5.65    2.90
-119687.120    24.168     4.63    2.65
-119317.239    25.810     4.44    2.33
-118947.429    26.940     3.06    2.08
-118577.691    26.943     0.01    3.40
-118208.026    24.998    -5.26    5.86
-117838.431    22.929    -5.60    6.75
-117468.909    21.799    -3.06    7.07
-117099.458    22.865     2.89    7.15
-116730.079    24.028     3.15    6.77
-116360.772    26.112     5.64    4.77
-115991.536    26.127     0.04    3.17
-115622.371    22.659    -9.39    4.44
-115253.278    19.602    -8.28    4.97
-114884.257    16.847    -7.47    4.20
-114515.307    15.127    -4.66    3.14
-114146.428    14.305    -2.23    2.33
-113777.621    14.838     1.45    3.17
-113408.884    16.202     3.70    4.44
-113040.219    18.534     6.33    5.01
-112671.626    21.181     7.18    4.55
-112303.103    23.309     5.77    2.88
-111934.652    23.561     0.68    1.78
-111566.271    23.786     0.61    1.90
-111197.962    24.132     0.94    2.17
-110829.723    24.763     1.71    2.73
-110461.556    27.025     6.14    3.58
-110093.459    29.584     6.95    4.62
-109725.434    31.434     5.03    4.68
-109357.479    32.234     2.18    4.68
-108989.595    29.961    -6.18    5.88
-108621.781    26.377    -9.75    5.27
-108254.039    23.680    -7.33    3.99
-107886.367    23.130    -1.50    2.95
-107518.765    25.804     7.27    4.56
-107151.234    28.133     6.34    4.35
-106783.774    29.837     4.64    3.02
-106416.384    30.456     1.68    2.18
-106049.065    30.365    -0.25    2.32
-105681.816    30.894     1.44    2.48
-105314.638    30.557    -0.92    3.02
-104947.530    30.107    -1.22    4.95
-104580.492    28.342    -4.81    6.28
-104213.524    25.687    -7.23    6.85
-103846.627    24.157    -4.17    7.33
-103479.799    23.748    -1.12    7.50
-103113.042    23.124    -1.70    7.46
-102746.355    21.604    -4.14    5.74
-102379.738    20.561    -2.85    3.24
-102013.191    19.691    -2.37    2.52
-101646.714    19.733     0.11    2.90
-101280.307    20.025     0.80    3.60
-100913.970    19.467    -1.52    3.99
-100547.703    19.469     0.01    4.72
-100181.506    19.534     0.18    5.12
 -99815.378    18.317    -3.32    5.00
 -99435.570    17.223    -2.88    4.22
 -99054.959    16.854    -0.97    3.47
 -98674.425    18.163     3.44    4.24
 -98293.967    21.032     7.54    3.98
 -97913.585    22.411     3.62    2.99
 -97533.279    22.227    -0.48    2.86
 -97153.050    21.525    -1.85    2.91
 -96772.896    20.547    -2.57    2.38
 -96392.819    20.218    -0.87    2.49
 -96012.817    19.354    -2.27    3.01
 -95632.892    18.400    -2.51    3.09
 -95253.042    17.658    -1.95    3.12
 -94873.268    16.574    -2.85    1.77
 -94493.570    17.366     2.08    2.19
 -94113.948    18.574     3.18    2.45
 -93734.401    20.032     3.84    2.40
 -93354.930    21.198     3.07    2.34
 -92975.535    22.342     3.02    2.39
 -92596.215    23.497     3.05    2.10
 -92216.971    23.934     1.15    1.89
 -91837.802    24.169     0.62    1.88
 -91458.709    24.809     1.69    1.76
 -91079.691    25.341     1.40    1.91
 -90700.749    26.877     4.05    3.06
 -90321.882    29.318     6.44    4.55
 -89943.090    32.843     9.31    5.41
 -89564.373    37.319    11.82    5.06
 -89185.731    40.706     8.95    4.87
 -88807.165    43.319     6.90    3.57
 -88428.673    43.627     0.81    3.10
 -88050.257    42.929    -1.85    3.21
 -87671.916    42.354    -1.52    2.98
 -87293.649    42.331    -0.06    2.92
 -86915.458    43.433     2.91    2.54
 -86537.341    44.104     1.77    1.98
 -86159.300    44.240     0.36    1.72
 -85781.333    44.253     0.03    1.70
 -85403.440    44.227    -0.07    1.68
 -85025.623    43.467    -2.01    2.08
 -84647.880    42.570    -2.37    2.18
 -84270.211    41.032    -4.07    2.59
 -83892.618    39.202    -4.85    3.04
 -83515.098    37.684    -4.02    4.15
 -83137.653    36.400    -3.40    4.93
 -82760.283    35.240    -3.07    5.48
 -82382.987    34.800    -1.17    5.50
 -82005.765    35.275     1.26    5.31
 -81628.618    35.749     1.26    5.36
 -81251.545    36.175     1.13    5.59
 -80874.546    38.341     5.75    5.38
 -80497.621    39.638     3.44    4.56
 -80120.770    40.329     1.83    3.56
 -79743.994    38.070    -6.00    7.07
 -79367.291    35.448    -6.96    7.82
 -78990.663    34.455    -2.64    7.72
 -78614.108    33.365    -2.89    7.56
 -78237.627    35.321     5.20    8.90
 -77861.221    36.340     2.71    8.54
 -77484.888    34.147    -5.83    9.17
 -77108.628    33.072    -2.86    8.95
 -76732.443    32.342    -1.94    6.76
 -76356.331    33.218     2.33    4.03
 -75980.293    33.788     1.51    3.28
 -75604.328    32.182    -4.27    4.14
 -75228.437    29.932    -5.98    5.74
 -74852.620    26.121   -10.14    6.09
 -74476.876    22.979    -8.36    6.54
 -74101.205    20.279    -7.19    6.73
 -73725.608    18.503    -4.73    6.44
 -73350.084    16.718    -4.75    5.98
 -72974.633    14.309    -6.42    4.38
 -72599.256    12.755    -4.14    2.47
 -72223.952    12.155    -1.60    1.45
 -71848.721    12.124    -0.08    1.43
 -71473.563    12.273     0.40    1.41
 -71098.478    12.535     0.70    1.15
 -70723.467    12.423    -0.30    1.19
 -70348.528    12.145    -0.74    1.14
 -69973.662    11.854    -0.78    1.06
 -69598.869    11.913     0.16    1.16
 -69224.150    11.866    -0.13    1.08
 -68849.503    11.847    -0.05    1.16
 -68474.928    11.672    -0.47    1.28
 -68100.427    11.550    -0.33    1.23
 -67725.998    11.791     0.64    1.33
 -67351.642    11.852     0.17    1.23
 -66977.358    12.115     0.70    1.29
 -66603.147    12.109    -0.02    1.22
 -66229.009    12.155     0.12    1.25
 -65854.943    12.280     0.34    1.27
 -65480.950    12.115    -0.44    1.30
 -65107.029    11.938    -0.48    1.23
 -64733.180    11.691    -0.66    1.05
 -64359.404    11.474    -0.58    0.99
 -63985.700    11.615     0.38    0.98
 -63612.068    11.511    -0.28    1.02
 -63238.508    11.210    -0.81    1.70
 -62865.021     9.798    -3.78    4.08
 -62491.605     8.630    -3.13    4.68
 -62118.262     7.999    -1.69    4.90
 -61744.991     7.990    -0.02    5.17
 -61371.792     8.474     1.30    5.15
 -60998.665     8.479     0.01    5.35
 -60625.609     8.690     0.57    5.09
 -60252.626     9.661     2.60    5.13
 -59879.714    10.859     3.21    5.58
 -59506.875    13.002     5.75    4.52
 -59134.107    14.758     4.71    5.02
 -58761.410    15.900     3.06    5.33
 -58388.786    17.133     3.31    5.44
 -58016.233    18.581     3.89    5.45
 -57643.751    18.841     0.70    4.75
 -57271.341    19.025     0.49    3.98
 -56899.003    18.745    -0.75    3.31
 -56526.736    16.227    -6.76    5.68
 -56154.540    14.668    -4.19    7.14
 -55782.416    14.144    -1.41    7.42
 -55410.364    14.607     1.24    7.11
 -55038.382    16.559     5.25    6.26
 -54666.472    18.730     5.84    3.32
 -54294.633    14.706   -10.82    8.86
 -53922.865    10.321   -11.80   10.13
 -53551.168     9.172    -3.09   10.08
 -53179.543    11.434     6.09   10.63
 -52807.988    17.089    15.22    8.73
 -52436.505    21.250    11.20    2.39
 -52065.092    20.830    -1.13    2.08
 -51693.751    19.695    -3.06    2.27
 -51322.480    18.984    -1.92    2.09
 -50951.280    19.480     1.34    2.35
 -50580.151    20.924     3.89    2.15
 -50209.093    22.273     3.64    1.80
 -49838.105    23.402     3.04    1.65
 -49467.188    23.584     0.49    2.06
 -49096.342    23.084    -1.35    2.50
 -48725.566    22.150    -2.52    2.32
 -48354.861    20.633    -4.09    3.38
 -47984.227    20.115    -1.40    3.71
 -47613.663    19.340    -2.09    5.62
 -47243.169    17.820    -4.10    7.22
 -46872.746    16.032    -4.83    8.74
 -46502.394    13.172    -7.72   10.03
 -46132.111    10.906    -6.12    9.93
 -45761.899     8.525    -6.43    9.74
 -45391.757     8.055    -1.27    9.41
 -45021.686     8.319     0.71    9.41
 -44651.684     9.226     2.45    9.88
 -44281.753     8.083    -3.09    9.95
 -43911.891     5.740    -6.33    9.26
 -43542.100     4.093    -4.46    8.25
 -43172.379     3.071    -2.76    7.16
 -42802.728     4.737     4.51    8.68
 -42433.147     5.993     3.40    9.15
 -42063.635     6.341     0.94    9.33
 -41694.194     5.935    -1.10    9.01
 -41324.822     5.793    -0.38    7.96
 -40955.520     8.768     8.05    8.63
 -40586.288    12.772    10.85    7.47
 -40217.125    14.342     4.25    5.97
 -39848.032    14.316    -0.07    5.94
 -39479.009    14.684     1.00    4.40
 -39110.056    15.979     3.51    2.33
 -38741.171    16.644     1.80    2.12
 -38372.357    16.977     0.90    1.81
 -38003.612    17.181     0.55    2.13
 -37634.936    16.830    -0.95    4.76
 -37266.330    16.295    -1.45    5.32
 -36897.793    16.103    -0.52    5.42
 -36529.325    15.013    -2.96    5.06
 -36160.927    14.200    -2.21    2.95
 -35792.597    14.641     1.20    2.35
 -35424.337    15.676     2.81    2.15
 -35056.147    16.579     2.45    2.05
 -34688.025    17.218     1.73    1.48
 -34319.972    16.829    -1.06    1.39
 -33951.989    16.470    -0.98    1.39
 -33584.074    16.511     0.11    1.44
 -33216.228    17.195     1.86    1.53
 -32848.451    18.145     2.58    1.30
 -32480.744    18.756     1.66    1.83
 -32113.105    19.341     1.59    2.03
 -31745.534    19.342     0.00    3.56
 -31378.033    18.063    -3.48    6.55
 -31010.600    17.434    -1.71    7.15
 -30643.236    17.582     0.40    6.85
 -30275.941    17.837     0.69    6.91
 -29908.714    19.354     4.13    4.75
 -29541.556    20.244     2.43    2.84
 -29174.466    19.515    -1.99    4.98
 -28807.445    18.931    -1.59    6.75
 -28440.492    15.877    -8.32    9.42
 -28073.608    14.550    -3.62    9.88
 -27706.792    15.206     1.79    9.41
 -27340.044    15.789     1.59    8.38
 -26973.365    18.073     6.23    5.92
 -26606.754    19.461     3.79    2.25
 -26240.211    19.572     0.30    1.91
 -25873.736    19.354    -0.60    1.71
 -25507.330    18.841    -1.40    1.66
 -25140.992    18.589    -0.69    1.30
 -24764.814    18.240    -0.93    0.89
 -24384.358    18.232    -0.02    0.86
 -24003.975    17.865    -0.96    1.45
 -23623.667    17.365    -1.31    1.58
 -23243.433    16.837    -1.39    1.40
 -22863.273    16.091    -1.96    1.52
 -22483.187    15.679    -1.08    1.55
 -22103.175    14.760    -2.42    1.64
 -21723.238    14.013    -1.96    1.37
 -21343.374    14.243     0.60    1.68
 -20963.584    14.883     1.69    1.80
 -20583.868    15.797     2.41    1.63
 -20204.226    16.354     1.47    1.07
 -19824.658    16.365     0.03    0.99
 -19445.163    16.051    -0.83    1.07
 -19065.743    16.098     0.12    1.31
 -18686.395    15.986    -0.29    1.62
 -18307.122    13.214    -7.31    6.08
 -17927.922    11.687    -4.03    7.06
 -17548.796    10.485    -3.17    7.59
 -17169.743     9.791    -1.83    8.18
 -16790.763     9.400    -1.03    8.16
 -16411.857    10.088     1.82    7.83
 -16033.025    10.492     1.07    6.81
 -15654.265    11.470     2.58    5.89
 -15275.579    13.434     5.19    3.92
 -14896.967    11.841    -4.21    6.38
 -14518.427    10.679    -3.07    7.45
 -14139.961     9.852    -2.18    7.85
 -13761.567    10.825     2.57    7.86
 -13383.247    11.450     1.65    7.57
 -13005.000    10.789    -1.75    6.80
 -12626.826     7.945    -7.52    6.68
 -12248.725     5.263    -7.09    5.37
 -11870.696     3.315    -5.15    2.80
 -11492.741     2.377    -2.48    0.38
 -11114.858     2.377     0.00    0.00
 -10737.049     2.377     0.00    0.00
 -10359.311     2.377     0.00    0.00
  -9981.647     2.377     0.00    0.00
  -9604.055     2.377     0.00    0.00
  -9226.536     2.377     0.00    0.00
  -8849.090     2.377     0.00    0.00
  -8471.716     2.377     0.00    0.00
  -8094.414     2.377     0.00    0.00
  -7717.185     2.377     0.00    0.00
  -7340.029     2.377     0.00    0.00
  -6962.944     2.377     0.00    0.00
  -6585.933     2.377     0.00    0.00
  -6208.993     2.377     0.00    0.00
  -5832.125     2.377     0.00    0.00
  -5455.330     2.377     0.00    0.00
  -5078.607     2.377     0.00    0.00
  -4701.956     2.109    -0.71    0.69
  -4325.378     1.958    -0.40    0.87
  -3948.871     1.804    -0.41    1.03
  -3572.436     1.633    -0.45    1.17
  -3196.073     1.447    -0.49    1.32
  -2819.782     1.158    -0.77    1.43
  -2443.563     0.829    -0.88    1.45
  -2067.416     0.551    -0.74    1.40
  -1691.341     0.352    -0.53    1.32
  -1315.337     0.179    -0.46    1.22
   -939.405     0.112    -0.18    1.15
   -563.545     0.202     0.24    1.11
   -187.756     0.476     0.73    1.17
    187.961     0.699     0.59    1.09
    563.606     1.252     1.47    1.18
    939.180     1.699     1.19    1.31
   1314.683     2.252     1.47    1.32
   1690.114     2.679     1.14    1.18
   2065.474     3.039     0.96    0.81
   2440.762     3.317     0.74    0.28
   2815.979     3.377     0.16    0.00
   3191.125     3.377     0.00    0.00
   3566.200     3.377     0.00    0.00
   3941.203     3.377     0.00    0.00
   4316.135     3.377     0.00    0.00
   4690.996     3.377     0.00    0.00
   5065.786     3.377     0.00    0.00
   5440.506     3.377     0.00    0.00
   5815.154     3.377     0.00    0.00
   6189.731     3.377     0.00    0.00
   6564.237     3.377     0.00    0.00
   6938.672     3.377     0.00    0.00
   7313.037     3.377     0.00    0.00
   7687.331     3.377     0.00    0.00
   8061.554     3.377     0.00    0.00
   8435.706     3.377     0.00    0.00
   8809.788     3.377     0.00    0.00
   9183.799     3.377     0.00    0.00
   9557.739     3.377     0.00    0.00
   9931.609     3.377     0.00    0.00
  10305.409     3.377     0.00    0.00
  10679.137     3.377     0.00    0.00
  11052.796     3.377     0.00    0.00
  11426.384     3.377     0.00    0.00
  11799.902     3.377     0.00    0.00
  12173.349     3.377     0.00    0.00
  12546.727     3.377     0.00    0.00
  12920.034     3.377     0.00    0.00
  13293.270     3.377     0.00    0.00
  13666.437     3.377     0.00    0.00
  14039.534     3.377     0.00    0.00
  14412.560     3.377     0.00    0.00
  14785.517     3.377     0.00    0.00
  15158.403     3.377     0.00    0.00
  15531.220     3.377     0.00    0.00
  15903.966     3.377     0.00    0.00
  16276.643     3.377     0.00    0.00
  16649.250     3.377     0.00    0.00
  17021.787     3.377     0.00    0.00
  17394.254     3.377     0.00    0.00
  17766.652     3.377     0.00    0.00
  18138.980     3.377     0.00    0.00
  18511.238     3.377     0.00    0.00
  18883.427     3.377     0.00    0.00
  19255.546     3.377     0.00    0.00
  19627.596     3.377     0.00    0.00
  19999.576     3.377     0.00    0.00
  20371.487     3.377     0.00    0.00
  20743.328     3.377     0.00    0.00
  21115.100     3.377     0.00    0.00
  21486.803     3.377     0.00    0.00
  21858.436     3.377     0.00    0.00
  22230.000     3.377     0.00    0.00
  22601.495     3.377     0.00    0.00
  22972.921     3.377     0.00    0.00
  23344.277     3.377     0.00    0.00
  23715.565     3.377     0.00    0.00
  24086.783     3.377     0.00    0.00
  24457.933     3.377     0.00    0.00
  24829.013     3.377     0.00    0.00
  25200.025     3.377     0.00    0.00
  25570.967     3.377     0.00    0.00
  25941.841     3.377     0.00    0.00
  26312.646     3.377     0.00    0.00
  26683.382     3.377     0.00    0.00
  27054.049     3.377     0.00    0.00
  27424.648     3.377     0.00    0.00
  27795.178     3.377     0.00    0.00
  28165.639     3.377     0.00    0.00
  28536.032     3.377     0.00    0.00
  28906.356     3.377     0.00    0.00
  29276.612     3.377     0.00    0.00
  29646.799     3.377     0.00    0.00
  30016.918     3.377     0.00    0.00
  30386.968     3.377     0.00    0.00
  30756.950     3.377     0.00    0.00
  31126.864     3.377     0.00    0.00
  31496.709     3.377     0.00    0.00
  31866.486     3.377     0.00    0.00
  32236.195     3.377     0.00    0.00
  32605.835     3.377     0.00    0.00
  32975.408     3.377     0.00    0.00
  33344.912     3.377     0.00    0.00
  33714.349     3.377     0.00    0.00
  34083.717     3.377     0.00    0.00
  34453.017     3.377     0.00    0.00
  34822.250     3.377     0.00    0.00
  35191.414     3.377     0.00    0.00
  35560.511     3.377     0.00    0.00
  35929.540     3.377     0.00    0.00
  36298.500     3.377     0.00    0.00
  36667.394     3.377     0.00    0.00
  37036.219     3.377     0.00    0.00
  37404.977     3.377     0.00    0.00
  37773.667     3.377     0.00    0.00
  38142.289     3.377     0.00    0.00
  38510.844     3.377     0.00    0.00
  38879.331     3.377     0.00    0.00
  39247.751     3.377     0.00    0.00
  39616.104     3.377     0.00    0.00
  39984.389     3.377     0.00    0.00
  40352.606     3.377     0.00    0.00
  40720.756     3.377     0.00    0.00
  41088.839     3.377     0.00    0.00
  41456.855     3.377     0.00    0.00
  41824.803     3.377     0.00    0.00
  42192.684     3.377     0.00    0.00
  42560.498     3.377     0.00    0.00
  42928.245     3.377     0.00    0.00
  43295.924     3.377     0.00    0.00
  43663.537     3.377     0.00    0.00
  44031.082     3.377     0.00    0.00
  44398.561     3.377     0.00    0.00
  44765.973     3.377     0.00    0.00
  45133.317     3.377     0.00    0.00
  45500.595     3.377     0.00    0.00
  45867.806     3.377     0.00    0.00
  46234.950     3.377     0.00    0.00
  46602.028     3.377     0.00    0.00
  46969.038     3.364    -0.03    0.11
  47335.982     3.319    -0.12    0.28
  47702.860     3.159    -0.44    0.57
  48069.670     2.836    -0.88    0.85
  48436.414     2.488    -0.95    0.94
  48803.092     2.342    -0.40    0.93
  49169.703     2.389     0.13    0.96
  49536.247     2.746     0.97    0.90
  49909.090     3.172     1.14    0.58
  50289.393     3.377     0.54    0.00
  50669.623     3.377     0.00    0.00
  51049.781     3.377     0.00    0.00
  51429.868     3.377     0.00    0.00
  51809.881     3.377     0.00    0.00
  52189.823     3.377     0.00    0.00
  52569.693     3.377     0.00    0.00
  52949.491     3.377     0.00    0.00
  53329.216     3.377     0.00    0.00
  53708.870     3.377     0.00    0.00
  54088.451     3.377     0.00    0.00
  54467.961     3.377     0.00    0.00
  54847.399     3.377     0.00    0.00
  55226.765     3.377     0.00    0.00
  55606.060     3.377     0.00    0.00
  55985.282     3.377     0.00    0.00
  56364.433     3.377     0.00    0.00
  56743.513     3.377     0.00    0.00
  57122.520     3.377     0.00    0.00
  57501.457     3.377     0.00    0.00
  57880.321     3.377     0.00    0.00
  58259.114     3.294    -0.22    0.28
  58637.836     2.921    -0.99    0.73
  59016.486     2.520    -1.06    0.89
  59395.065     2.139    -1.00    0.88
  59773.573     1.923    -0.57    0.82
  60152.009     2.072     0.39    0.91
  60530.374     2.160     0.23    0.94
  60908.668     2.537     1.00    0.95
  61286.891     2.877     0.90    0.84
  61665.042     3.200     0.86    0.54
  62043.123     3.377     0.47    0.00
  62421.132     3.377     0.00    0.00
  62799.070     3.377     0.00    0.00
  63176.938     3.377     0.00    0.00
  63554.734     3.377     0.00    0.00
  63932.460     3.377     0.00    0.00
  64310.115     3.377     0.00    0.00
  64687.699     3.377     0.00    0.00
  65065.212     3.377     0.00    0.00
  65442.654     3.377     0.00    0.00
  65820.026     3.352    -0.07    0.16
  66197.327     3.168    -0.49    0.56
  66574.558     2.946    -0.59    0.73
  66951.718     2.901    -0.12    0.74
  67328.807     2.934     0.09    0.69
  67705.826     2.977     0.11    0.66
  68082.775     3.048     0.19    0.61
  68459.653     3.234     0.49    0.38
  68836.460     3.339     0.28    0.19
  69213.198     3.377     0.10    0.00
  69589.865     3.377     0.00    0.00
  69966.462     3.377     0.00    0.00
  70342.988     3.377     0.00    0.00
  70719.445     3.377     0.00    0.00
  71095.831     3.365    -0.03    0.11
  71472.147     3.305    -0.16    0.34
  71848.393     3.112    -0.51    0.66
  72224.570     2.924    -0.50    0.81
  72600.676     2.706    -0.58    0.92
  72976.712     2.461    -0.65    0.97
  73352.678     2.109    -0.94    0.93
  73728.575     1.888    -0.59    0.82
  74104.401     1.714    -0.46    0.67
  74480.158     1.762     0.13    0.73
  74855.845     2.088     0.87    0.88
  75231.462     2.436     0.93    0.96
  75607.010     2.639     0.54    1.01
  75982.488     2.767     0.34    1.05
  76357.897     2.722    -0.12    1.32
  76733.236     2.636    -0.23    1.54
  77108.505     2.247    -1.03    1.85
  77483.705     1.290    -2.55    2.24
  77858.835     0.389    -2.40    2.17
  78233.896    -0.428    -2.18    1.83
  78608.888     0.423     2.27    4.01
  78983.811     2.902     6.61    6.68
  79358.664     6.096     8.52    8.83
  79733.448     9.673     9.54    9.96
  80108.162    13.888    11.25    9.36
  80482.808    16.014     5.67    7.72
  80857.384    18.630     6.98    5.92
  81231.891    19.018     1.04    5.38
  81606.329    17.970    -2.80    5.52
  81980.699    16.902    -2.85    5.36
  82354.999    14.377    -6.75    4.74
  82729.230    12.249    -5.69    3.62
  83103.392    13.819     4.20    4.77
  83477.486    16.592     7.41    4.51
  83851.511    18.770     5.82    3.60
  84225.467    19.287     1.38    3.13
  84599.354    16.172    -8.33    6.32
  84973.172    11.902   -11.42    8.37
  85346.922     7.570   -11.59    7.40
  85720.603     3.902    -9.81    4.31
  86094.215     2.570    -3.57    1.82
  86467.759     3.197     1.68    0.70
  86841.235     3.377     0.48    0.00
  87214.642     3.377     0.00    0.00
  87587.980     3.377     0.00    0.00
  87961.250     3.377     0.00    0.00
  88334.452     3.377     0.00    0.00
  88707.585     3.377     0.00    0.00
  89080.650     3.377     0.00    0.00
  89453.647     3.390     0.03    0.11
  89826.576     3.342    -0.13    0.36
  90199.436     2.934    -1.09    1.34
  90572.228     2.246    -1.85    2.02
  90944.952     1.655    -1.58    2.30
  91317.608     0.965    -1.85    2.44
  91690.196     0.364    -1.61    2.37
  92062.716    -0.076    -1.18    2.24
  92435.168    -0.560    -1.30    1.98
  92807.552    -0.835    -0.74    1.73
  93179.869    -1.162    -0.88    1.36
  93552.117    -1.361    -0.54    0.96
  93924.298    -1.386    -0.07    0.89
  94296.410    -1.470    -0.23    0.79
  94668.455    -1.521    -0.14    0.44
  95040.433    -1.195     0.88    1.20
  95412.342    -0.686     1.37    1.73
  95784.184    -0.176     1.37    2.07
  96155.959     0.236     1.11    2.29
  96527.666     1.148     2.45    2.40
  96899.305     2.133     2.65    2.07
  97270.877     2.901     2.07    1.36
  97642.381     3.364     1.25    0.11
  98013.818     3.279    -0.23    0.34
  98385.188     3.095    -0.50    0.58
  98756.490     3.024    -0.19    0.61
  99127.725     2.972    -0.14    0.67
  99498.893     2.895    -0.21    0.70
  99869.994     2.890    -0.01    0.72
 100241.027     2.883    -0.02    0.72
 100611.993     2.914     0.09    0.69
 100982.892     2.979     0.17    0.64
 101353.724     3.060     0.22    0.61
 101724.489     3.015    -0.12    0.67
 102095.187     2.979    -0.10    0.73
 102465.818     2.967    -0.03    0.75
 102836.382     2.939    -0.08    0.76
 103206.879     3.198     0.70    1.48
 103577.310     3.948     2.02    3.22
 103947.673     4.520     1.54    3.89
 104317.970     4.244    -0.74    3.17
 104688.200     3.651    -1.60    2.14
 105058.363     3.043    -1.64    1.17
 105428.459     2.642    -1.09    0.65
 105798.489     2.570    -0.20    0.57
 106168.452     2.828     0.70    0.86
 106538.349     3.854     2.77    2.29
 106908.179     4.511     1.78    2.40
 107277.943     4.907     1.07    2.57
 107647.640     4.945     0.10    2.91
 108017.271     6.718     4.80    8.00
 108386.835    13.352    17.95   14.75
 108756.333    21.494    22.03   18.00
 109125.765    31.439    26.91   16.82
 109495.130    39.279    21.23   10.30
 109864.429    42.587     8.96    3.73
 110233.662    40.653    -5.24    4.39
 110602.829    38.439    -6.00    4.40
 110971.930    38.267    -0.47    4.47
 111340.964    40.225     5.30    5.83
 111709.932    42.094     5.07    5.53
 112078.835    43.518     3.86    5.34
 112447.671    41.091    -6.58    7.13
 112816.442    38.668    -6.57    6.68
 113185.146    37.883    -2.13    5.82
 113553.785    36.934    -2.57    3.93
 113922.357    35.694    -3.36    4.83
 114290.864    34.039    -4.49    6.09
 114659.305    32.236    -4.89    5.64
 115027.681    30.846    -3.77    3.91
 115395.990    32.072     3.33    4.17
 115764.234    33.499     3.87    3.75
 116132.413    33.401    -0.27    4.30
 116500.525    32.060    -3.64    4.82
 116868.573    29.032    -8.23    5.07
 117236.554    27.533    -4.07    5.08
 117604.470    27.962     1.17    7.54
 117972.321    29.651     4.59    9.13
 118340.106    32.003     6.40    8.80
 118707.826    34.991     8.12    7.39
 119075.480    39.514    12.30    6.23
 119443.069    45.151    15.33    7.90
 119810.593    51.389    16.97    9.85
 120178.051    56.596    14.17    9.54
 120545.445    58.197     4.36    8.10
 120912.773    56.746    -3.95    8.40
 121280.036    52.043   -12.80   11.22
 121647.234    45.926   -16.66   13.84
 122014.366    37.338   -23.39   13.29
 122381.434    30.083   -19.76    8.88
 122748.437    26.474    -9.83    4.45
 123115.374    25.463    -2.76    2.72
 123482.247    25.488     0.07    2.47
 123849.055    25.341    -0.40    2.06
 124215.798    25.340    -0.00    1.67
 124585.579    25.630     0.78    1.76
 124965.734    26.043     1.09    1.84
 125345.817    26.151     0.28    1.53
 125725.831    25.673    -1.26    1.76
 126105.774    24.060    -4.25    2.81
 126485.647    22.223    -4.83    2.63
 126865.449    20.577    -4.33    2.10
 127245.182    19.078    -3.95    1.78
 127624.844    18.084    -2.62    2.21
 128004.436    18.056    -0.07    2.84
 128383.959    18.051    -0.01    4.38
 128763.411    18.081     0.08    5.39
 129142.793    17.685    -1.04    6.01
 129522.105    17.669    -0.04    6.58
 129901.347    20.523     7.52    8.55
 130280.520    25.048    11.93    9.27
 130659.622    28.755     9.78    7.17
 131038.655    32.290     9.33    3.67
 131417.618    33.027     1.94    3.46
 131796.511    33.481     1.20    3.62
 132175.335    35.302     4.80    3.89
 132554.088    37.584     6.03    3.92
 132932.773    39.774     5.78    3.58
 133311.388    42.530     7.28    3.77
 133689.933    44.133     4.24    3.55
 134068.408    45.883     4.62    3.56
 134446.815    46.689     2.13    3.48
 134825.152    46.283    -1.07    3.53
 135203.419    45.289    -2.63    3.86
 135581.617    43.587    -4.50    3.64
 135959.746    42.352    -3.26    2.83
 136337.806    41.706    -1.71    2.29
 136715.796    40.816    -2.35    2.83
 137093.717    40.303    -1.36    2.87
 137471.569    39.722    -1.54    2.53
 137849.352    39.846     0.33    2.55
 138227.066    39.972     0.33    2.38
 138604.711    40.303     0.88    2.27
 138982.286    40.035    -0.71    2.37
 139359.793    39.039    -2.64    2.49
 139737.231    38.555    -1.28    2.53
 140114.600    37.701    -2.26    3.10
 140491.900    36.160    -4.09    4.47
 140869.132    34.582    -4.18    4.22
 141246.294    32.639    -5.15    3.45
 141623.388    31.039    -4.24    3.65
 142000.413    29.974    -2.82    3.32
 142377.370    29.630    -0.91    3.86
 142754.258    30.015     1.02    4.38
 143131.077    30.491     1.26    4.39
 143507.828    30.020    -1.25    4.21
 143884.510    29.148    -2.31    3.25
 144261.124    28.714    -1.15    3.09
 144637.669    29.694     2.60    3.79
 145014.146    30.243     1.46    3.64
 145390.555    30.852     1.62    2.78
 145766.895    30.994     0.38    2.31
 146143.167    30.316    -1.80    2.15
 146519.371    29.777    -1.43    2.23
 146895.506    30.279     1.34    2.84
 147271.574    29.989    -0.77    2.89
 147647.573    29.962    -0.07    3.85
 148023.504    29.503    -1.22    4.61
 148399.367    27.972    -4.07    4.86
 148775.162    26.668    -3.47    5.17
 149150.889    24.706    -5.22    5.24
 149526.548    23.078    -4.33    5.41
 149902.139    21.079    -5.32    4.90
 150277.662    20.197    -2.35    3.27
 150653.118    19.823    -1.00    2.47
 151028.506    20.520     1.86    2.44
 151403.825    21.459     2.50    2.03
 151779.078    22.312     2.27    2.33
 152154.262    23.133     2.19    3.08
 152529.379    25.048     5.10    4.35
 152904.428    27.555     6.69    4.23
 153279.410    28.352     2.12    3.72
 153654.324    28.587     0.63    3.58
 154029.170    28.287    -0.80    3.41
 154403.949    28.035    -0.67    2.97
 154778.661    28.503     1.25    3.03
 155153.305    28.305    -0.53    2.78
 155527.882    28.969     1.77    2.96
 155902.391    29.278     0.82    3.02
 156276.834    29.920     1.71    2.57
 156651.208    30.413     1.32    2.72
 157025.516    30.451     0.10    2.76
 157399.757    30.264    -0.50    2.50
 157773.930    30.426     0.43    2.86
 158148.037    29.523    -2.41    3.79
 158522.076    28.011    -4.04    3.93
 158896.048    26.267    -4.66    3.49
 159269.953    24.669    -4.27    2.22
 159643.791    24.316    -0.95    1.97
 160017.563    24.157    -0.42    2.21
 160391.267    23.722    -1.16    2.33
 160764.905    24.214     1.32    2.75
 161138.475    24.858     1.72    2.70
 161511.979    25.377     1.39    2.40
 161885.416    25.081    -0.79    2.61
 162258.787    24.402    -1.82    2.75
 162632.091    23.689    -1.91    2.65
 163005.328    23.127    -1.51    2.46
 163378.498    22.757    -0.99    2.23
 163751.602    21.829    -2.49    2.14
 164124.640    20.710    -3.00    1.93
 164497.610    20.722     0.03    2.06
 164870.515    21.414     1.85    2.28
 165243.353    22.377     2.58    1.96
 165616.125    22.957     1.56    1.52
 165988.830    22.202    -2.03    2.18
 166361.469    22.377     0.47    2.31
 166734.041    21.758    -1.66    2.71
 167106.548    20.516    -3.33    2.97
 167478.988    20.525     0.02    2.99
 167851.362    21.174     1.74    2.86
 168223.670    22.487     3.52    2.58
 168595.912    23.073     1.58    2.23
 168968.087    23.859     2.11    2.21
 169340.197    24.997     3.06    2.89
 169712.241    26.266     3.41    3.29
 170084.218    27.747     3.98    2.83
 170456.130    28.471     1.95    2.54
 170827.976    28.327    -0.39    2.56
 171199.756    28.139    -0.51    2.77
 171571.470    27.177    -2.59    3.58
 171943.118    25.943    -3.32    4.75
 172314.701    25.162    -2.10    4.89
 172686.218    24.698    -1.25    4.51
 173057.669    24.527    -0.46    4.26
 173429.054    23.784    -2.00    4.04
 173800.374    22.351    -3.86    4.14
 174171.629    20.196    -5.80    3.43
 174542.817    19.214    -2.64    3.53
 174913.941    19.602     1.04    4.92
 175284.998    20.589     2.66    5.77
 175655.991    23.148     6.90    6.94
 176026.918    25.514     6.38    6.63
 176397.779    28.525     8.12    6.16
 176768.575    30.702     5.87    4.77
 177139.306    32.027     3.58    2.91
 177509.972    32.301     0.74    2.27
 177880.572    32.184    -0.32    2.45
 178251.107    30.764    -3.83    3.92
 178621.577    28.784    -5.34    4.33
 178991.982    27.513    -3.43    3.69
 179362.322    26.364    -3.10    2.90
 179732.597    26.913     1.48    2.53
 180102.806    27.127     0.58    1.89
 180472.951    27.673     1.48    2.12
 180843.031    29.279     4.34    2.58
 181213.046    29.846     1.53    3.05
 181582.996    30.797     2.57    3.68
 181952.881    31.389     1.60    3.79
 182322.701    31.627     0.64    3.70
 182692.456    30.645    -2.65    3.33
 183062.147    30.661     0.04    2.86
 183431.773    31.280     1.68    3.56
 183801.334    32.390     3.00    3.92
 184170.831    32.809     1.13    3.42
 184540.263    32.276    -1.44    3.61
 184909.630    32.112    -0.44    3.38
 185278.933    31.827    -0.77    3.06
 185648.171    31.477    -0.95    3.15
 186017.345    30.789    -1.86    2.78
 186386.455    29.823    -2.62    2.03
 186755.500    29.364    -1.24    1.78
 187124.480    29.767     1.09    2.58
 187493.397    30.679     2.47    3.42
 187862.249    31.499     2.22    3.33
 188231.036    31.935     1.18    3.08
 188599.760    32.852     2.49    3.40
 188968.419    34.166     3.56    3.71
 189337.014    34.999     2.26    4.03
 189705.545    35.311     0.85    3.89
 190074.012    34.535    -2.10    3.47
 190442.414    34.455    -0.22    3.11
 190810.753    35.462     2.73    2.94
 191179.028    36.595     3.07    3.61
 191547.239    37.426     2.26    3.90
 191915.385    39.617     5.95    4.95
 192283.468    42.305     7.30    5.81
 192651.487    44.846     6.90    5.92
 193019.442    47.864     8.20    5.21
 193387.333    50.302     6.62    5.19
 193755.161    51.999     4.61    4.69
 194122.925    53.574     4.28    4.04
 194490.625    55.204     4.43    3.87
 194858.261    55.769     1.54    3.55
 195225.834    54.564    -3.28    4.77
 195593.343    52.669    -5.16    6.15
 195960.789    53.427     2.06    8.08
 196328.171    55.804     6.47    8.96
 196695.489    60.541    12.90    7.19
 197062.744    64.019     9.47    4.20
 197429.936    65.102     2.95    3.59
 197797.064    65.816     1.94    3.62
 198164.129    66.455     1.74    3.85
 198531.130    69.118     7.25    6.26
 198898.069    72.548     9.35    8.85
 199265.057    76.463    10.67   11.01
 199645.063    80.056     9.45   12.15
 200025.002    83.096     8.00   12.45
 200404.871    87.442    11.44   11.70
 200784.673    90.789     8.81   11.64
 201164.405    91.315     1.38   13.05
 201544.070    90.611    -1.85   14.63
 201923.666    89.194    -3.73   16.17
 202303.194    86.539    -6.99   17.23
 202682.654    85.364    -3.10   17.84
 203062.045    83.289    -5.47   17.71
 203441.368    81.798    -3.93   16.97
 203820.623    79.428    -6.25   17.88
 204199.810    70.950   -22.35   19.77
 204578.929    63.100   -20.70   19.46
 204957.980    54.987   -21.40   18.05
 205336.963    45.941   -23.86   15.55
 205715.878    42.003   -10.39   13.59
 206094.725    38.605    -8.97   11.96
 206473.504    35.164    -9.08   10.12
 206852.216    33.200    -5.19    9.07
 207230.859    30.767    -6.42    7.17
 207609.435    28.574    -5.79    5.36
 207987.943    27.760    -2.15    4.19
 208366.383    28.177     1.10    3.27
 208744.756    27.921    -0.68    3.20
 209123.061    28.179     0.68    3.43
 209501.298    28.104    -0.20    3.52
 209879.468    27.574    -1.40    3.21
 210257.570    28.431     2.26    2.63
 210635.605    28.316    -0.30    2.98
 211013.572    28.134    -0.48    2.74
 211391.472    28.389     0.68    2.94
 211769.305    28.959     1.51    2.84
 212147.070    29.908     2.51    2.11
 212524.768    31.579     4.43    3.26
 212902.399    32.952     3.63    3.97
 213279.962    34.999     5.42    3.69
 213657.458    36.673     4.43    3.34
 214034.888    37.587     2.42    3.68
 214412.250    40.744     8.37    5.16
 214789.544    46.014    13.97    9.35
 215166.772    51.579    14.75   11.75
 215543.933    57.329    15.24   11.52
 215921.027    62.908    14.79   11.27
 216298.054    71.438    22.62   10.40
 216675.014    82.087    28.25   13.21
 217051.907    92.901    28.69   14.74
 217428.733   102.219    24.72   12.87
 217805.493   108.064    15.51   10.00
 218182.185   112.298    11.24   10.26
 218558.811   116.489    11.13    9.91
 218935.371   120.818    11.49    8.56
 219311.863   121.118     0.79    8.51
 219688.289   115.149   -15.85   11.69
 220064.649   109.621   -14.69   11.77
 220440.942   107.889    -4.60   11.10
 220817.168   112.464    12.16   15.25
 221193.328   121.428    23.83   15.40
 221569.421   129.698    21.98   12.15
 221945.448   135.451    15.30   10.87
 222321.409   139.503    10.78    9.03
 222697.303   143.389    10.34    6.96
 223073.131   144.967     4.20    4.98
 223448.893   145.476     1.35    5.40
 223824.588   146.225     1.99    6.53
 224200.218   146.317     0.24    6.55
 224575.781   146.663     0.92    5.84
 224951.278   145.402    -3.36    5.50
 225326.709   141.723    -9.80    5.42
 225702.073   139.994    -4.61    4.40
 226077.372   139.390    -1.61    4.11
 226452.605   139.920     1.41    3.32
 226827.772   140.025     0.28    2.68
 227202.873   137.089    -7.83    5.30
 227577.908   132.728   -11.63    6.84
 227952.877   126.253   -17.26    7.46
 228327.781   118.633   -20.32    7.82
 228702.618   114.525   -10.96    6.60
 229077.390   113.377    -3.06    6.09
 229452.096   113.164    -0.57    7.43
 229826.737   114.934     4.72    8.52
 230201.312   116.266     3.56    9.36
 230575.821   115.577    -1.84    9.46
 230950.264   114.896    -1.82    9.46
 231324.643   112.236    -7.10    9.09
 231698.955   109.556    -7.16    7.70
 232073.202   106.525    -8.10    6.03
 232447.384   103.735    -7.46    5.87
 232821.500   101.142    -6.93    5.23
 233195.551    98.124    -8.07    5.20
 233569.537    96.039    -5.57    5.01
 233943.457    95.263    -2.08    5.09
 234317.312    96.624     3.64    5.99
 234691.102    99.225     6.96    6.08
 235064.827   101.278     5.49    5.48
 235438.487   102.564     3.44    4.72
 235812.081   103.502     2.51    4.31
 236185.610   103.672     0.45    3.13
 236559.074   103.377    -0.79    2.56
 236932.474   102.946    -1.15    2.63
 237305.808   103.677     1.96    3.62
 237679.077   104.714     2.78    3.90
 238052.281   105.677     2.58    3.56
 238425.421   106.679     2.69    3.12
 238798.496   105.827    -2.28    4.26
 239171.505   104.039    -4.79    4.71
 239544.450   102.767    -3.41    3.80
 239917.331   101.323    -3.87    3.28
 240290.146   100.027    -3.48    3.23
 240662.897    97.296    -7.33    7.24
 241035.583    91.105   -16.61   12.10
 241408.205    82.890   -22.04   13.92
 241780.762    76.982   -15.86   11.45
 242153.254    76.025    -2.57    9.50
 242525.682    76.365     0.91    8.17
 242898.046    77.809     3.88    6.93
 243270.345    76.340    -3.95    6.22
 243642.580    73.074    -8.77    3.33
 244014.750    72.994    -0.22    3.16
 244386.856    72.603    -1.05    3.54
 244758.897    71.303    -3.50    4.27
 245130.875    70.498    -2.16    3.84
 245502.788    70.727     0.61    3.85
 245874.637    71.689     2.59    3.32
 246246.421    73.352     4.47    3.17
 246618.142    73.377     0.07    3.55
 246989.798    70.864    -6.76    5.73
 247361.391    69.107    -4.73    6.87
 247732.919    70.014     2.44    7.82
 248104.383    72.035     5.44    7.68
 248475.784    76.142    11.06    6.67
 248847.120    79.763     9.75    5.71
 249218.393    80.627     2.32    5.09
 249589.601    80.580    -0.13    4.89
 249960.746    79.977    -1.62    4.94
 250331.827    80.258     0.76    4.93
 250702.844    81.735     3.98    5.09
 251073.797    81.282    -1.22    5.67
 251444.687    78.214    -8.27    8.19
 251815.513    75.580    -7.10    8.44
 252186.276    75.352    -0.61    8.14
 252556.974    77.758     6.49    7.61
 252927.610    81.673    10.56    5.01
 253298.181    84.350     7.22    3.66
 253668.689    86.227     5.07    4.10
 254039.134    88.525     6.20    3.92
 254409.515    91.167     7.13    4.25
 254779.833    94.035     7.74    3.58
 255150.088    94.192     0.42    3.76
 255520.279    93.782    -1.11    5.39
 255890.406    94.043     0.71    5.02
 256260.471    94.512     1.27    5.45
 256630.472    92.093    -6.54    8.52
 257000.410    88.824    -8.83   10.54
 257370.285    85.599    -8.72   11.20
 257740.097    82.269    -9.00    9.55
 258109.845    81.735    -1.44    8.17
 258479.531    82.161     1.15    6.25
 258849.153    84.587     6.56    6.53
 259218.712    87.166     6.98    7.69
 259588.209    90.896    10.09    7.65
 259957.642    95.188    11.61    7.78
 260327.013    98.564     9.14    8.15
 260696.320   100.283     4.65    7.57
 261065.565   100.402     0.32    7.71
 261434.747    99.455    -2.56    8.69
 261803.866   101.852     6.49   10.06
 262172.923   106.689    13.10    9.32
 262541.916   111.589    13.28    6.37
 262910.847   113.666     5.63    4.30
 263279.716   114.689     2.77    4.82
 263648.521   115.864     3.18    5.35
 264017.264   116.920     2.86    5.40
 264385.945   119.010     5.67    5.32
 264754.563   120.339     3.60    4.75
 265123.118   121.156     2.22    4.48
 265491.611   122.252     2.97    4.30
 265860.042   121.928    -0.88    4.46
 266228.410   119.502    -6.59    6.77
 266596.715   117.142    -6.41    7.09
 266964.959   118.902     4.78   10.04
 267333.140   125.516    17.96   14.44
 267701.259   138.535    35.36   15.89
 268069.315   148.095    25.97   12.13
 268437.309   155.238    19.41    6.68
 268805.242   159.006    10.24    4.71
 269173.112   161.807     7.61    5.02
 269540.919   163.706     5.16    4.87
 269908.665   163.236    -1.28    5.46
 270276.349   159.702    -9.61    7.99
 270643.971   154.732   -13.52    7.99
 271011.530   149.668   -13.77    7.95
 271379.028   145.529   -11.26    6.78
 271746.464   143.932    -4.34    6.58
 272113.838   141.603    -6.34    4.98
 272481.150   139.964    -4.46    4.30
 272848.400   138.188    -4.84    4.63
 273215.588   136.377    -4.93    5.41
 273582.715   135.350    -2.79    4.54
 273949.780   136.541     3.24    4.08
 274327.002   137.647     2.93    3.10
 274706.798   137.339    -0.81    3.64
 275086.528   136.022    -3.47    4.19
 275466.191   134.002    -5.32    4.20
 275845.787   131.787    -5.83    4.55
 276225.317   129.834    -5.15    4.84
 276604.780   126.839    -7.89    4.17
 276984.177   124.300    -6.69    4.76
 277363.508   122.939    -3.59    4.85
 277742.772   122.065    -2.30    5.11
 278121.969   121.014    -2.77    4.78
 278501.101   118.750    -5.97    5.80
 278880.166   114.701   -10.68    6.27
 279259.165   112.809    -4.99    6.07
 279638.097   113.043     0.62    7.11
 280016.963   114.798     4.63    7.81
 280395.763   117.127     6.15    6.93
 280774.497   118.351     3.23    6.65
 281153.165   117.339    -2.67    6.69
 281531.767   115.229    -5.57    7.07
 281910.303   113.664    -4.13    6.97
 282288.773   112.567    -2.90    5.19
 282667.177   112.287    -0.74    4.07
 283045.515   114.352     5.46    4.66
 283423.787   116.297     5.14    5.84
 283801.993   118.111     4.80    6.20
 284180.133   119.497     3.66    5.81
 284558.208   117.784    -4.53    6.35
 284936.217   114.363    -9.05    7.80
 285314.160   111.077    -8.69    7.29
 285692.038   110.364    -1.89    6.42
 286069.849   111.833     3.89    6.63
 286447.596   114.390     6.77    4.68
 286825.276   112.789    -4.24    5.29
 287202.891   108.377   -11.68    6.12
 287580.441   104.454   -10.39    4.76
 287957.925   100.739    -9.84    4.13
 288335.344    97.922    -7.46    4.68
 288712.697    97.529    -1.04    5.25
 289089.985   100.921     8.99    9.16
 289467.207   108.582    20.30   11.02
 289844.365   116.444    20.84    6.56
 290221.457   119.452     7.97    3.78
 290598.484   119.620     0.45    3.97
 290975.445   118.081    -4.08    4.33
 291352.341   116.523    -4.13    2.59
 291729.173   115.655    -2.30    2.74
 292105.939   114.706    -2.52    3.78
 292482.640   113.453    -3.33    4.18
 292859.276   111.535    -5.09    3.78
 293235.847   111.731     0.52    3.49
 293612.353   112.087     0.95    3.08
 293988.794   112.556     1.25    2.94
 294365.171   113.227     1.78    4.03
 294741.482   113.698     1.25    5.11
 295117.729   114.108     1.09    5.73
 295493.911   114.232     0.33    5.35
 295870.028   113.002    -3.27    5.70
 296246.080   110.969    -5.40    5.19
 296622.068   108.527    -6.49    3.09
 296997.991   107.296    -3.27    2.38
 297373.849   108.701     3.74    3.67
 297749.643   110.969     6.03    5.44
 298125.372   115.864    13.03    6.92
 298501.036   119.674    10.14    6.45
 298876.637   121.127     3.87    5.62
 299252.172   121.495     0.98    5.06
 299627.644   118.579    -7.76    5.19
 300003.051   115.954    -6.99    4.33
 300378.393   114.503    -3.86    3.15
 300753.671   113.620    -2.35    2.11
 301128.885   113.595    -0.07    2.20
 301504.035   112.061    -4.09    4.49
 301879.120   107.761   -11.46    7.62
 302254.142   101.569   -16.51    9.70
 302629.099    95.189   -17.01    9.36
 303003.992    90.921   -11.38    6.72
 303378.821    89.149    -4.73    5.62
 303753.585    90.870     4.59    7.91
 304128.286    93.535     7.11    8.80
 304502.923    96.089     6.82    7.86
 304877.496    96.956     2.31    6.23
 305252.005    94.440    -6.72    5.81
 305626.450    92.013    -6.48    4.37
 306000.831    90.403    -4.30    3.23
 306375.148    89.661    -1.98    3.01
 306749.402    89.764     0.28    3.65
 307123.592    90.788     2.73    3.90
 307497.718    93.064     6.08    3.90
 307871.780    94.701     4.37    3.77
 308245.779    95.883     3.16    4.28
 308619.714    96.169     0.76    4.70
 308993.585    96.833     1.77    4.06
 309367.393    99.203     6.34    4.06
 309741.138   101.127     5.14    3.89
 310114.818   102.693     4.19    3.17
 310488.436   103.238     1.46    2.37
 310861.990   103.974     1.97    2.18
 311235.480   104.326     0.94    1.95
 311608.908   102.934    -3.73    3.14
 311982.271   100.210    -7.29    4.96
 312355.572    97.455    -7.38    4.70
 312728.809    97.620     0.44    4.56
 313101.983    99.679     5.52    5.20
 313475.094   102.543     7.67    3.92
 313848.142   104.377     4.91    1.75
 314221.126   104.352    -0.07    2.09
 314594.048   104.164    -0.50    2.24
 314966.906   104.736     1.53    2.18
 315339.701   105.108     1.00    2.15
 315712.434   105.585     1.28    2.27
 316085.103   105.769     0.50    2.98
 316457.709   105.140    -1.69    3.14
 316830.253   104.377    -2.05    3.22
 317202.733   103.531    -2.27    3.07
 317575.151   102.195    -3.59    2.11
 317947.506   100.896    -3.49    2.31
 318319.798    99.263    -4.39    2.62
 318692.027    97.430    -4.92    2.75
 319064.194    96.152    -3.43    2.16
 319436.298    95.523    -1.69    1.83
 319808.339    94.941    -1.57    1.85
 320180.318    95.000     0.16    1.81
 320552.234    94.261    -1.99    2.04
 320924.088    93.958    -0.82    2.23
 321295.878    95.514     4.19    3.25
 321667.607    96.728     3.26    3.34
 322039.273    98.602     5.04    2.93
 322410.876   100.025     3.83    2.13
 322782.418   100.022    -0.01    2.06
 323153.896    98.742    -3.45    2.45
 323525.313    97.753    -2.66    2.62
 323896.667    96.215    -4.14    2.48
 324267.959    94.002    -5.96    2.71
 324639.188    92.048    -5.26    2.94
 325010.356    89.777    -6.12    2.86
 325381.461    87.634    -5.77    2.63
 325752.504    86.877    -2.04    2.35
 326123.485    86.034    -2.27    2.82
 326494.404    85.351    -1.84    3.46
 326865.261    85.188    -0.44    3.69
 327236.055    83.764    -3.84    3.82
 327606.788    82.755    -2.72    3.59
 327977.459    82.277    -1.29    2.61
 328348.068    82.431     0.42    2.36
 328718.615    82.952     1.41    2.80
 329089.100    84.512     4.21    3.47
 329459.523    86.572     5.56    4.41
 329829.885    88.025     3.92    3.91
 330200.184    87.839    -0.50    3.81
 330570.422    86.890    -2.56    4.09
 330940.599    83.939    -7.97    5.38
 331310.713    80.946    -8.08    6.38
 331680.766    78.864    -5.62    6.98
 332050.757    76.728    -5.77    5.49
 332420.687    76.559    -0.46    3.83
 332790.555    76.224    -0.90    3.84
 333160.362    75.403    -2.22    3.71
 333530.107    74.012    -3.76    3.90
 333899.791    73.664    -0.94    3.93
 334269.413    73.918     0.69    5.02
 334638.974    74.914     2.69    5.30
 335008.473    74.593    -0.87    5.47
 335377.912    72.548    -5.53    4.81
 335747.288    69.444    -8.40    3.57
 336116.604    67.403    -5.53    2.63
 336485.858    66.228    -3.18    2.03
 336855.051    65.668    -1.52    1.80
 337224.183    65.897     0.62    2.06
 337593.254    65.302    -1.61    2.53
 337962.264    63.990    -3.55    3.78
 338331.212    62.954    -2.81    3.79
 338700.100    62.796    -0.43    4.17
 339068.926    64.403     4.36    5.01
 339437.692    66.363     5.32    5.01
 339806.396    68.736     6.43    3.75
 340175.040    70.457     4.67    1.89
 340543.622    70.577     0.33    2.48
 340912.144    71.390     2.21    3.13
 341280.605    72.706     3.57    4.74
 341649.005    75.416     7.36    7.15
 342017.344    78.468     8.28    7.82
 342385.623    80.556     5.67    8.60
 342753.841    81.870     3.57    7.59
 343121.998    82.969     2.98    6.33
 343490.094    82.795    -0.47    5.93
 343858.130    81.929    -2.35    5.70
 344226.105    81.280    -1.76    6.08
