# NaN NaN NaN ;Mean Elev.(m), Avg Gradient(m/km), RMS Gradient(m/km) - SRTM1     
#   37.750  -0.411   7.105 ;Mean Elev.(m), Avg Gradient(m/km), RMS Gradient(m/km) - ASTER GDEM
#   27.696  -0.886   3.419 ;Mean Elev.(m), Avg Gradient(m/km), RMS Gradient(m/km) - GMTED2010 
  7    26.563 52448.65683430 29.74  78.301521  60.406224 27.951
  7    26.731 52448.65683495 25.47  78.299281  60.409394 27.951
  7    26.852 52448.65683559 25.98  78.297031  60.412564 27.951
  8    41.371 52483.65682051 36.58  78.317900  60.400936 26.280
  8    41.318 52483.65682116 38.37  78.315660  60.404096 26.280
  8    41.365 52483.65682180 36.34  78.313420  60.407266 26.280
  8    41.336 52483.65682245 39.66  78.311170  60.410426 26.280
  9    41.803 52518.65677790 19.72  78.332629  60.392698 30.479
  9    41.714 52518.65677854 18.50  78.330389  60.395868 30.479
  9    41.617 52518.65677918 17.05  78.328149  60.399028 30.479
  9    41.597 52518.65677983 17.79  78.325909  60.402198 30.479
  9    41.893 52518.65678047 20.24  78.323669  60.405358 30.479
  9    40.868 52518.65678112 28.22  78.321419  60.408528 30.479
 10    42.355 52553.65683125 24.77  78.300102  60.404525 32.387
 10    41.811 52553.65683189 20.48  78.297861  60.407694 23.425
 10    41.682 52553.65683254 21.53  78.295611  60.410864 23.425
 11    37.175 52588.65681161 52.22  78.323275  60.397668 22.149
 11    37.254 52588.65681226 45.98  78.321035  60.400838 22.149
 11    37.123 52588.65681290 47.90  78.318795  60.403998 22.149
 11    37.243 52588.65681355 45.71  78.316545  60.407168 22.149
 12    40.443 52623.65676036 17.02  78.332423  60.394067  3.399
 12    40.396 52623.65676100 16.92  78.330183  60.397237  3.399
 12    40.391 52623.65676165 16.76  78.327943  60.400407  3.399
 12    40.339 52623.65676229 17.09  78.325703  60.403567  3.399
 12    41.219 52623.65676294 17.96  78.323463  60.406737  3.399
 13    40.018 52658.65678178 13.83  78.318828  60.399784  2.859
 13    40.555 52658.65678243 14.15  78.316588  60.402954  2.859
 13    40.593 52658.65678307 14.01  78.314338  60.406114  2.859
 13    40.964 52658.65678372 13.98  78.312098  60.409284  2.859
 15    41.271 52728.65680018 11.68  78.322239  60.397973  2.019
 15    41.338 52728.65680082 11.71  78.319999  60.401133  2.019
 15    41.066 52728.65680147 11.25  78.317759  60.404303  2.019
 15    41.491 52728.65680211 11.16  78.315509  60.407463  2.019
 16    37.810 52763.65681279 31.88  78.320676  60.399328 25.986
 16    37.804 52763.65681343 31.05  78.318436  60.402488 25.986
 16    37.835 52763.65681408 29.70  78.316196  60.405658 25.986
 16    41.393 52763.65681472 28.95  78.313956  60.408828 25.986
 17    42.292 52798.65678939 24.74  78.309801  60.403553 38.886
 17    42.211 52798.65679003 26.47  78.307561  60.406723 38.886
 17    42.409 52798.65679068 28.67  78.305311  60.409883 38.886
 18    38.847 52833.65685893 33.37  78.311985  60.401341 39.942
 18    38.835 52833.65685958 37.32  78.309745  60.404501 39.942
 18    38.844 52833.65686022 45.59  78.307505  60.407671 39.942
 18    38.891 52833.65686087 49.39  78.305255  60.410831 39.942
 19    36.387 52868.65690028 46.84  78.322800  60.397872 31.056
 19    36.329 52868.65690092 46.87  78.320560  60.401042 31.056
 19    36.392 52868.65690157 46.95  78.318310  60.404202 31.056
 19    36.292 52868.65690221 46.61  78.316070  60.407372 31.056
 22    37.771 52973.65688676 20.61  78.309460  60.402014  4.298
 22    36.231 52973.65688741 20.60  78.307210  60.405174  4.298
 22    38.728 52973.65688805 20.31  78.304970  60.408344  4.298
 22    38.691 52973.65688870 20.24  78.302720  60.411504  4.298
 23    38.879 53008.65689438 16.79  78.312891  60.401848  3.497
 23    39.397 53008.65689502 16.91  78.310641  60.405008  3.497
 23    39.294 53008.65689567 16.92  78.308401  60.408178  3.497
 24    40.441 53043.65685355 13.95  78.301600  60.405865  2.980
 24    39.227 53043.65685420 14.19  78.299350  60.409025  2.980
 24    38.614 53043.65685484 14.82  78.297110  60.412195  2.980
 25    40.641 53078.65688532 11.12  78.316788  60.399530  2.466
 25    41.473 53078.65688596 10.87  78.314548  60.402690  2.466
 25    41.360 53078.65688661 10.74  78.312298  60.405860  2.466
 25    40.392 53078.65688725 10.90  78.310058  60.409030  2.466
 26    42.470 53113.65685729  8.87  78.299116  60.404509  2.624
 26    42.250 53113.65685793  9.19  78.296866  60.407679  2.624
 26    42.170 53113.65685858  9.35  78.294626  60.410839  2.624
 26    42.190 53113.65685922  9.29  78.292376  60.414009  2.624
 27    42.060 53148.65690202 24.72  78.309457  60.403170 39.651
 27    41.754 53148.65690267 25.13  78.307217  60.406340 39.651
 27    41.942 53148.65690331 27.37  78.304977  60.409500 39.651
 28    42.701 53183.65689729 38.13  78.325862  60.395617 30.513
 28    42.700 53183.65689793 37.55  78.323622  60.398777 30.513
 28    42.605 53183.65689858 35.55  78.321382  60.401947 30.513
 28    42.632 53183.65689922 38.21  78.319132  60.405107 30.513
 28    42.554 53183.65689987 40.55  78.316892  60.408277 30.513
 29    40.155 53218.65692239 21.17  78.320822  60.397785 32.578
 29    41.201 53218.65692303 14.29  78.318582  60.400955 32.578
 29    41.357 53218.65692368 15.32  78.316332  60.404115 32.578
 29    40.975 53218.65692432 16.03  78.314092  60.407285 32.578
 29    41.607 53218.65692497 16.56  78.311852  60.410455 32.578
 30    35.630 53253.65689922 27.62  78.327618  60.395213 25.745
 30    35.695 53253.65689987 31.54  78.325378  60.398373 25.745
 30    35.735 53253.65690051 33.78  78.323138  60.401543 25.745
 30    35.896 53253.65690116 30.99  78.320898  60.404713 25.745
 30    35.963 53253.65690180 33.51  78.318648  60.407873 25.745
 31    40.892 53288.65690547 19.99  78.295181  60.407423 30.509
 31    36.835 53288.65690612 26.97  78.292941  60.410583 30.509
 31    38.448 53288.65690676 30.96  78.290701  60.413753 30.509
 32    37.322 53323.65687797 24.00  78.328033  60.395298  5.109
 32    37.320 53323.65687861 19.88  78.325793  60.398468  5.109
 32    39.741 53323.65687926 17.84  78.323553  60.401638  5.109
 32    39.956 53323.65687990 17.28  78.321303  60.404798  5.109
 32    40.350 53323.65688054 16.14  78.319063  60.407968  5.109
 33    39.736 53358.65684016 19.90  78.337567  60.390679  3.921
 33    37.205 53358.65684080 20.64  78.335327  60.393839  3.921
 33    37.102 53358.65684145 19.57  78.333087  60.397009  3.921
 33    39.414 53358.65684209 19.12  78.330847  60.400169  3.921
 33    39.282 53358.65684274 19.08  78.328607  60.403339  3.921
 33    36.839 53358.65684338 18.71  78.326367  60.406509  3.921
 34    40.034 53393.65686007 18.43  78.304456  60.404392  3.897
 34    39.163 53393.65686071 18.30  78.302216  60.407562  3.897
 34    38.536 53393.65686136 18.34  78.299966  60.410722  3.897
 35    39.965 53428.65685129 16.46  78.332957  60.393261  3.662
 35    40.025 53428.65685194 17.03  78.330717  60.396431  3.662
 35    38.765 53428.65685258 16.58  78.328477  60.399591  3.662
 35    39.297 53428.65685323 16.86  78.326237  60.402761  3.662
 35    39.118 53428.65685387 17.41  78.323997  60.405921  3.662
 36    42.086 53463.65687461  9.08  78.309420  60.402097  2.312
 36    41.831 53463.65687525 10.23  78.307180  60.405267  2.312
 36    42.014 53463.65687590 10.40  78.304930  60.408427  2.312
 37    41.826 53498.65694355 22.96  78.307194  60.402724 31.024
 37    41.327 53498.65694419 25.74  78.304954  60.405894 31.024
 37    41.499 53498.65694484 28.82  78.302714  60.409064 31.024
 38    41.392 53533.65692528 49.30  78.326949  60.395810 25.648
 38    41.415 53533.65692593 47.45  78.324709  60.398970 25.648
 38    41.205 53533.65692657 47.09  78.322469  60.402140 25.648
 38    41.250 53533.65692722 48.07  78.320219  60.405300 25.648
 38    41.359 53533.65692786 46.78  78.317979  60.408470 25.648
 40    40.261 53603.65688698 16.30  78.334397  60.392845 24.807
 40    40.790 53603.65688762 13.16  78.332157  60.396015 24.807
 40    40.342 53603.65688827 13.47  78.329917  60.399175 24.807
 40    40.190 53603.65688891 17.20  78.327677  60.402345 24.807
 40    40.376 53603.65688955 21.06  78.325437  60.405515 24.807
 40    40.527 53603.65689020 32.22  78.323187  60.408675 24.807
 41    41.144 53638.65688862 19.23  78.302141  60.405282 31.378
 41    37.778 53638.65688927 25.41  78.299891  60.408442 31.378
 41    35.950 53638.65688991 31.87  78.297651  60.411612 31.378
 42    40.332 53673.65690823 18.99  78.308847  60.402780 21.337
 42    40.065 53673.65690887 20.99  78.306607  60.405950 21.337
 42    40.370 53673.65690952 20.74  78.304367  60.409120 21.337
 43    36.401 53708.65683630 27.02  78.338888  60.390962  7.223
 43    36.344 53708.65683694 28.05  78.336648  60.394122  7.223
 43    36.323 53708.65683759 26.79  78.334408  60.397292  7.223
 43    36.474 53708.65683823 26.53  78.332168  60.400452  7.223
 43    36.430 53708.65683887 24.58  78.329928  60.403622  7.223
 44    36.091 53743.65674675 22.87  78.343876  60.391242  4.812
 44    36.225 53743.65674740 21.99  78.341636  60.394412  4.812
 44    36.168 53743.65674804 22.87  78.339396  60.397582  4.812
 44    36.180 53743.65674869 21.78  78.337156  60.400742  4.812
 45    36.974 53778.65677672 14.90  78.322671  60.398421  2.993
 45    36.354 53778.65677737 14.76  78.320431  60.401591  2.993
 45    35.638 53778.65677801 15.21  78.318181  60.404751  2.993
 45    36.559 53778.65677866 14.78  78.315941  60.407921  2.993
 46    36.984 53813.65674880 12.77  78.341865  60.390855  3.070
 46    36.973 53813.65674944 12.52  78.339625  60.394015  3.070
 46    37.405 53813.65675008 12.73  78.337385  60.397185  3.070
 46    34.992 53813.65675073 13.55  78.335145  60.400345  3.070
 46    35.334 53813.65675137 12.95  78.332905  60.403515  3.070
 47    35.485 53848.65681074 29.25  78.302562  60.405657 16.697
 47    35.392 53848.65681139 30.32  78.300312  60.408827 16.697
 47    35.606 53848.65681203 29.54  78.298072  60.411987 16.697
 49    41.694 53918.65689114 22.92  78.307550  60.402954 36.930
 49    41.657 53918.65689179 24.63  78.305310  60.406114 36.930
 49    41.899 53918.65689243 27.07  78.303070  60.409284 36.930
 50    39.297 53953.65689310 15.72  78.308361  60.403129 33.539
 50    40.600 53953.65689374 17.61  78.306111  60.406299 33.539
 50    38.890 53953.65689439 23.31  78.303871  60.409469 33.539
 52    35.814 54023.65687387 52.28  78.308089  60.403517 17.823
 52    35.841 54023.65687452 50.93  78.305849  60.406687 17.823
 52    35.799 54023.65687516 42.11  78.303599  60.409857 17.823
 53    39.530 54058.65686436 42.80  78.327168  60.395617 16.489
 53    39.414 54058.65686501 31.69  78.324928  60.398777 16.489
 53    39.418 54058.65686565 29.20  78.322688  60.401947 16.489
 53    39.361 54058.65686630 31.93  78.320438  60.405107 16.489
 53    39.475 54058.65686694 43.83  78.318198  60.408277 16.489
 54    37.178 54093.65684294 16.32  78.333327  60.392597  3.542
 54    36.955 54093.65684359 16.00  78.331087  60.395767  3.542
 54    36.530 54093.65684423 16.95  78.328847  60.398927  3.542
 54    36.558 54093.65684488 17.69  78.326607  60.402097  3.542
 54    36.677 54093.65684552 17.07  78.324367  60.405267  3.542
 54    36.655 54093.65684617 16.91  78.322127  60.408427  3.542
 55    36.123 54128.65678538 18.19  78.303733  60.405831  3.453
 55    38.004 54128.65678602 17.27  78.301483  60.408991  3.453
 55    37.754 54128.65678666 17.07  78.299243  60.412161  3.453
 56    37.450 54163.65681433 14.20  78.321521  60.398293  3.415
 56    36.338 54163.65681498 14.71  78.319281  60.401463  3.415
 56    36.378 54163.65681562 15.28  78.317041  60.404623  3.415
 56    36.029 54163.65681627 15.28  78.314791  60.407793  3.415
 57    38.272 54198.65678701  7.62  78.309231  60.402276  6.114
 57    39.478 54198.65678766  7.66  78.306991  60.405446  6.114
 57    36.245 54198.65678830  9.76  78.304741  60.408606  6.114
 58    42.248 54233.65682895 22.94  78.315142  60.400953 40.349
 58    42.129 54233.65682960 25.30  78.312892  60.404113 40.349
 58    42.209 54233.65683024 27.37  78.310652  60.407283 40.349
 58    42.441 54233.65683089 33.86  78.308412  60.410443 40.349
 59    44.087 54268.65684775 24.43  78.319950  60.399607 15.981
 59    43.965 54268.65684839 25.21  78.317710  60.402767 15.981
 59    43.875 54268.65684903 28.71  78.315470  60.405937 15.981
 59    44.107 54268.65684968 26.79  78.313220  60.409097 15.981
 60    43.204 54303.65685088 32.00  78.320746  60.397937 38.659
 60    42.732 54303.65685152 24.19  78.318506  60.401107 38.659
 60    42.681 54303.65685217 24.54  78.316256  60.404267 38.659
 60    42.967 54303.65685281 27.27  78.314016  60.407437 38.659
 61    37.641 54338.65683509 46.29  78.326950  60.395281 29.695
 61    37.635 54338.65683573 45.37  78.324710  60.398441 29.695
 61    37.504 54338.65683638 41.38  78.322470  60.401611 29.695
 61    37.493 54338.65683702 43.94  78.320230  60.404771 29.695
 61    37.630 54338.65683766 45.33  78.317980  60.407941 29.695
 62    36.522 54373.65678506 48.00  78.314092  60.400615 37.206
 62    36.454 54373.65678571 42.80  78.311842  60.403775 37.206
 62    36.487 54373.65678635 48.77  78.309602  60.406945 37.206
 62    36.491 54373.65678700 35.28  78.307362  60.410105 37.206
 63    41.033 54408.65678138 24.33  78.320764  60.398184 23.543
 63    41.085 54408.65678202 22.61  78.318524  60.401354 23.543
 63    41.764 54408.65678267 21.42  78.316274  60.404514 23.543
 63    42.051 54408.65678331 23.18  78.314034  60.407684 23.543
 64    36.368 54443.65674750 28.70  78.303678  60.405370  7.658
 64    36.315 54443.65674814 28.63  78.301428  60.408530  7.658
 64    38.755 54443.65674879 26.31  78.299188  60.411700  7.658
 65    40.228 54478.65677104 18.43  78.321145  60.398144  5.268
 65    39.410 54478.65677168 23.08  78.318905  60.401314  5.268
 65    39.730 54478.65677233 25.30  78.316655  60.404474  5.268
 65    40.073 54478.65677297 20.38  78.314415  60.407644  5.268
 66    39.587 54513.65676228 18.39  78.305679  60.405177  3.478
 66    39.498 54513.65676293 19.04  78.303439  60.408347  3.478
 66    40.863 54513.65676357 17.56  78.301189  60.411507  3.478
 67    41.667 54548.65678457 13.84  78.324606  60.397975  2.479
 67    42.169 54548.65678522 13.83  78.322366  60.401145  2.479
 67    41.615 54548.65678586 14.71  78.320126  60.404315  2.479
 67    41.715 54548.65678651 14.04  78.317876  60.407475  2.479
 68    38.588 54583.65675715 27.93  78.316836  60.401222 17.831
 68    38.547 54583.65675780 25.74  78.314596  60.404392 17.831
 68    38.713 54583.65675844 22.93  78.312356  60.407552 17.831
 68    40.550 54583.65675909 21.54  78.310106  60.410722 17.831
 69    41.864 54618.65677716 22.07  78.317499  60.400763 36.969
 69    41.950 54618.65677780 23.03  78.315259  60.403933 36.969
 69    42.179 54618.65677845 29.43  78.313019  60.407093 36.969
 69    42.353 54618.65677909 31.76  78.310769  60.410263 36.969
 70    41.519 54653.65678867 22.88  78.316917  60.400516 29.564
 70    40.918 54653.65678931 20.40  78.314677  60.403686 29.564
 70    41.961 54653.65678996 19.33  78.312437  60.406846 29.564
 70    41.368 54653.65679060 26.22  78.310197  60.410016 29.564
 71    40.828 54688.65677678 17.91  78.323432  60.398595 27.053
 71    40.945 54688.65677742 16.24  78.321192  60.401755 27.053
 71    41.625 54688.65677807 17.79  78.318942  60.404925 27.053
 71    42.317 54688.65677871 18.67  78.316702  60.408085 27.053
 72    41.588 54723.65673775 19.16  78.307128  60.403126 26.674
 72    41.044 54723.65673839 19.06  78.304878  60.406286 26.674
 72    38.273 54723.65673904 26.50  78.302638  60.409456 26.674
 73    40.763 54758.65675244 22.17  78.320879  60.397947 15.565
 73    40.562 54758.65675309 21.38  78.318639  60.401117 15.565
 73    40.726 54758.65675373 21.43  78.316389  60.404287 15.565
 73    40.301 54758.65675438 23.05  78.314149  60.407447 15.565
 74    37.789 54793.65673125 31.82  78.302802  60.404328 13.796
 74    37.713 54793.65673189 33.72  78.300562  60.407498 13.796
 74    37.696 54793.65673254 34.50  78.298312  60.410658 13.796
 75    37.536 54828.65675189 20.94  78.316608  60.400822  4.794
 75    36.513 54828.65675254 21.22  78.314368  60.403992  4.794
 75    36.552 54828.65675318 20.73  78.312128  60.407152  4.794
 75    36.777 54828.65675382 19.92  78.309878  60.410322  4.794
 76    38.370 54863.65672517 16.08  78.308995  60.402805  2.833
 76    38.191 54863.65672581 15.91  78.306745  60.405975  2.833
 76    38.752 54863.65672646 15.75  78.304505  60.409145  2.833
 77    38.631 54898.65675058 13.89  78.322433  60.396997  2.766
 77    38.102 54898.65675123 14.42  78.320193  60.400167  2.766
 77    38.560 54898.65675187 14.53  78.317943  60.403337  2.766
 77    37.004 54898.65675252 15.01  78.315703  60.406497  2.766
 77    39.707 54898.65675316 13.95  78.313463  60.409667  2.766
 78    36.815 54933.65671930 20.32  78.310646  60.402501  5.077
 78    36.347 54933.65671994 20.73  78.308406  60.405671  5.077
 78    36.108 54933.65672059 21.30  78.306156  60.408841  5.077
 79    41.302 54968.65675305 26.80  78.316900  60.401392 28.367
 79    41.315 54968.65675370 25.07  78.314660  60.404562 28.367
 79    41.498 54968.65675434 25.08  78.312420  60.407722 28.367
 80    41.960 55003.65677252 33.97  78.314997  60.400225 23.189
 80    41.755 55003.65677316 32.65  78.312757  60.403395 23.189
 80    41.781 55003.65677381 32.43  78.310517  60.406555 23.189
 80    41.798 55003.65677445 35.93  78.308277  60.409725 23.189
 81    40.282 55038.65675884 25.73  78.321688  60.397539 19.041
 81    39.837 55038.65675948 22.55  78.319438  60.400699 19.041
 81    40.094 55038.65676013 22.07  78.317198  60.403869 19.041
 81    40.275 55038.65676077 21.09  78.314958  60.407029 19.041
 81    39.839 55038.65676142 31.11  78.312718  60.410199 19.041
 82    40.793 55073.65674330 17.08  78.326584  60.395795 22.588
 82    40.617 55073.65674395 17.80  78.324344  60.398955 22.588
 82    40.430 55073.65674459 15.89  78.322104  60.402125 22.588
 82    40.763 55073.65674524 16.78  78.319854  60.405295 22.588
 82    40.731 55073.65674588 19.09  78.317614  60.408455 22.588
 83    35.605 55108.65669242 20.27  78.308561  60.402473 27.640
 83    39.561 55108.65669306 19.04  78.306311  60.405633 27.640
 83    40.084 55108.65669371 21.74  78.304071  60.408803 27.640
 84    37.483 55143.65669590 39.77  78.319028  60.400555 16.536
 84    37.531 55143.65669655 41.77  78.316788  60.403725 16.536
 84    37.401 55143.65669719 43.49  78.314548  60.406885 16.536
 84    37.509 55143.65669783 40.10  78.312308  60.410055 16.536
 85    37.016 55178.65666638 27.28  78.303870  60.405153  6.647
 85    37.026 55178.65666702 26.44  78.301630  60.408323  6.647
 85    36.978 55178.65666767 25.93  78.299380  60.411483  6.647
 86    37.469 55213.65669000 15.18  78.320973  60.397635  3.107
 86    36.698 55213.65669064 15.59  78.318723  60.400805  3.107
 86    36.526 55213.65669129 15.80  78.316483  60.403975  3.107
 86    36.502 55213.65669193 15.38  78.314243  60.407135  3.107
 86    36.563 55213.65669258 15.01  78.312003  60.410305  3.107
 87    40.054 55248.65666529 11.55  78.311244  60.402833  2.470
 87    39.670 55248.65666593 11.48  78.309004  60.405993  2.470
 87    39.524 55248.65666658 11.65  78.306754  60.409163  2.470
 88    42.163 55283.65668370  8.13  78.323345  60.397398  2.041
 88    42.240 55283.65668435  8.39  78.321105  60.400568  2.041
 88    42.272 55283.65668499  7.88  78.318855  60.403738  2.041
 88    42.073 55283.65668564  8.81  78.316615  60.406898  2.041
 88    42.526 55283.65668628  8.04  78.314375  60.410068  2.041
 89    37.329 55318.65665535 30.91  78.316934  60.401139 30.144
 89    37.371 55318.65665599 28.21  78.314694  60.404309 30.144
 89    37.455 55318.65665664 27.00  78.312454  60.407469 30.144
 89    37.442 55318.65665728 31.55  78.310214  60.410639 30.144
 90    42.922 55353.65665691 23.72  78.321562  60.398724 36.556
 90    42.373 55353.65665755 23.70  78.319312  60.401894 36.556
 90    42.614 55353.65665820 26.11  78.317072  60.405064 36.556
 90    42.712 55353.65665884 29.89  78.314832  60.408224 36.556
 91    42.790 55388.65665586 24.34  78.307564  60.402645 42.681
 91    42.597 55388.65665651 26.01  78.305314  60.405815 42.681
 91    42.846 55388.65665715 27.05  78.303074  60.408985 42.681
 92    40.335 55423.65667442 27.13  78.321071  60.398324 22.760
 92    41.689 55423.65667506 18.52  78.318821  60.401494 22.760
 92    41.850 55423.65667571 18.86  78.316581  60.404664 22.760
 92    42.242 55423.65667635 20.57  78.314341  60.407824 22.760
 93    36.784 55458.65664470 35.91  78.329935  60.393895 33.161
 93    36.640 55458.65664535 33.30  78.327695  60.397065 33.161
 93    36.813 55458.65664599 36.00  78.325455  60.400235 33.161
 93    36.764 55458.65664664 45.76  78.323215  60.403395 33.161
 93    36.768 55458.65664728 48.05  78.320965  60.406565 33.161
 93    36.774 55458.65664793 46.07  78.318725  60.409725 33.161
