-181183.276    19.743     0.00    3.13
-180808.968    18.983    -2.03    2.46
-180434.595    18.868    -0.31    2.40
-180060.155    19.387     1.39    2.39
-179685.649    19.687     0.80    2.66
-179311.078    19.611    -0.20    2.64
-178936.440    19.696     0.23    2.71
-178561.737    20.179     1.29    2.06
-178186.967    19.529    -1.74    2.55
-177812.131    17.996    -4.09    3.22
-177437.229    16.513    -3.95    2.86
-177062.261    15.674    -2.24    1.90
-176687.227    16.320     1.72    2.59
-176312.126    17.412     2.91    2.87
-175936.959    19.377     5.24    5.93
-175561.726    20.549     3.12    6.96
-175186.427    19.714    -2.22    6.17
-174811.061    18.361    -3.60    3.96
-174435.628    17.554    -2.15    2.36
-174060.129    17.097    -1.22    1.29
-173684.564    17.319     0.59    1.29
-173308.932    17.146    -0.46    1.82
-172933.234    16.399    -1.99    2.05
-172557.469    15.520    -2.34    1.97
-172181.637    15.369    -0.40    1.61
-171805.739    15.467     0.26    1.49
-171429.774    15.575     0.29    1.54
-171053.742    15.433    -0.38    1.56
-170677.643    14.726    -1.88    1.17
-170301.478    14.727     0.00    1.43
-169925.245    15.570     2.24    2.63
-169548.946    18.122     6.78    4.05
-169172.580    20.739     6.95    3.97
-168796.147    20.757     0.05    4.28
-168419.647    19.838    -2.44    4.86
-168043.080    17.591    -5.97    4.24
-167666.445    16.015    -4.18    2.32
-167289.744    16.428     1.10    2.71
-166912.976    16.566     0.37    2.59
-166536.140    16.122    -1.18    1.84
-166159.237    16.068    -0.14    1.90
-165782.267    16.038    -0.08    2.00
-165405.230    16.545     1.35    4.55
-165028.125    22.870    16.77   18.32
-164650.953    39.529    44.16   29.98
-164273.714    58.708    50.83   32.83
-163896.407    77.134    48.83   24.02
-163519.032    84.875    20.51   15.84
-163141.590    86.658     4.72   15.32
-162764.081    85.544    -2.95   14.19
-162386.504    91.391    15.48   14.95
-162008.860   100.376    23.79   15.33
-161631.147   113.949    35.93   20.59
-161253.367   128.364    38.15   21.49
-160875.520   135.665    19.32   18.38
-160497.604   141.706    15.98   19.26
-160119.621   134.281   -19.64   21.38
-159741.570   126.683   -20.10   16.16
-159363.451   129.603     7.72   16.29
-158985.264   136.683    18.72   16.48
-158607.010   144.085    19.57   14.54
-158228.687   140.665    -9.04   18.34
-157850.296   133.355   -19.32   19.32
-157471.837   127.406   -15.72   16.34
-157093.310   128.595     3.14   14.96
-156714.715   134.611    15.89   14.65
-156336.052   143.891    24.50   16.46
-155957.321   154.684    28.49   14.15
-155578.521   158.913    11.16   11.35
-155199.653   161.751     7.49    9.18
-154820.717   162.154     1.06   11.40
-154441.712   166.052    10.28   13.93
-154062.639   173.374    19.31   14.63
-153683.498   177.257    10.24   13.20
-153304.288   175.726    -4.04   11.61
-152925.010   166.867   -23.36   18.10
-152545.663   155.813   -29.14   18.76
-152166.248   148.867   -18.31   13.78
-151786.764   144.245   -12.18    8.68
-151407.211   144.008    -0.63    7.01
-151027.590   141.391    -6.89    7.55
-150647.899   138.726    -7.02    8.00
-150268.141   139.086     0.95    8.16
-149888.313   139.496     1.08    8.01
-149508.417   140.859     3.59    6.00
-149128.451   136.904   -10.41    8.95
-148757.668   132.281   -12.47   11.33
-148390.845   129.864    -6.59   13.15
-148023.958   129.172    -1.89   14.40
-147657.008   127.062    -5.75   15.18
-147289.994   119.355   -21.00   20.43
-146922.917   111.441   -21.56   21.22
-146555.776    98.977   -33.94   21.58
-146188.571    89.720   -25.21   19.73
-145821.302    81.196   -23.21   18.44
-145453.969    77.727    -9.44   17.51
-145086.573    75.489    -6.09   17.01
-144719.112    74.838    -1.77   16.42
-144351.588    71.608    -8.79   15.24
-143983.999    67.603   -10.89   16.97
-143616.347    59.952   -20.81   18.69
-143248.631    51.172   -23.88   17.73
-142880.850    43.504   -20.85   14.72
-142513.006    34.970   -23.20   11.07
-142145.097    30.813   -11.30    8.69
-141777.124    38.558    21.05   20.43
-141409.087    48.980    28.31   25.72
-141040.985    66.529    47.67   28.78
-140672.820    84.438    48.64   25.43
-140304.590    93.489    24.58   22.32
-139936.295   102.090    23.35   19.44
-139567.937   109.578    20.33   18.07
-139199.513   114.155    12.42   16.42
-138831.026   119.739    15.15   11.73
-138462.474   124.535    13.01    9.51
-138093.857   123.209    -3.60    9.83
-137725.176   122.492    -1.94    8.64
-137356.430   123.452     2.60    7.26
-136987.620   123.887     1.18    5.91
-136618.745   119.602   -11.61   10.63
-136249.805   114.157   -14.76   14.23
-135880.801   105.146   -24.42   16.76
-135511.732    98.246   -18.70   17.17
-135142.598    94.122   -11.17   19.12
-134773.399    91.030    -8.37   20.83
-134404.135    88.233    -7.57   22.42
-134034.807    82.764   -14.81   21.75
-133665.413    76.720   -16.36   18.11
-133295.955    75.097    -4.39   17.41
-132926.431    71.172   -10.62   19.40
-132556.843    64.391   -18.34   17.92
-132187.189    62.794    -4.32   16.53
-131817.471    65.038     6.07   18.24
-131447.687    70.208    13.98   18.88
-131077.838    78.529    22.50   16.27
-130707.924    77.428    -2.98   16.96
-130337.945    74.808    -7.08   18.69
-129967.900    66.195   -23.27   17.84
-129597.790    59.964   -16.83   15.62
-129227.615    54.257   -15.42    7.42
-128857.374    58.562    11.63   11.77
-128487.068    69.470    29.45   18.74
-128116.696    81.611    32.78   20.54
-127746.259    97.878    43.91   19.01
-127375.757   104.852    18.82   14.06
-127005.189   103.134    -4.64   14.64
-126634.555    98.690   -11.99   14.30
-126263.856    92.345   -17.11    8.15
-125893.091    90.092    -6.08    7.71
-125522.260    86.801    -8.87    9.74
-125151.364    85.420    -3.72    8.12
-124780.402    89.060     9.81   12.75
-124409.374    94.983    15.96   14.07
-124038.280   104.183    24.79   11.50
-123667.120   109.294    13.77    8.38
-123295.895   107.701    -4.29    9.90
-122924.603   106.995    -1.90    9.90
-122553.246   107.454     1.24    9.54
-122181.823   109.147     4.56    8.95
-121810.333   112.899    10.10    9.03
-121438.777   118.282    14.48    9.44
-121067.156   124.220    15.98   10.93
-120695.468   129.399    13.93   10.27
-120323.714   132.815     9.19    5.97
-119951.894   131.640    -3.16    7.38
-119580.007   127.954    -9.91    8.00
-119208.054   122.968   -13.41    8.52
-118836.035   119.359    -9.70    9.54
-118463.950   114.677   -12.58   10.25
-118091.798   108.322   -17.07    8.10
-117719.580    99.939   -22.52   11.09
-117347.295    96.630    -8.89   11.25
-116974.944   100.428    10.20   12.87
-116602.526   104.428    10.74   13.72
-116230.041   109.594    13.87   11.53
-115857.490   106.220    -9.06   13.89
-115484.873   100.903   -14.27   12.25
-115112.188   100.630    -0.73   11.98
-114739.437   101.330     1.88   12.82
-114366.619   106.169    12.98   12.45
-113993.735   110.090    10.52   13.71
-113620.783   113.483     9.10   15.54
-113247.765   118.949    14.65   15.69
-112874.680   126.645    20.63   15.42
-112501.528   134.114    20.01   15.48
-112128.309   141.870    20.78   14.28
-111755.022   148.257    17.11   10.81
-111381.669   151.628     9.03    8.88
-111008.249   154.539     7.79    8.68
-110634.762   155.578     2.78    9.79
-110261.207   157.245     4.46    8.87
-109887.585   159.196     5.22    6.72
-109513.897   158.185    -2.70    5.33
-109140.140   155.967    -5.93    5.53
-108766.317   153.208    -7.38    5.17
-108392.426   150.001    -8.58    5.41
-108018.468   147.673    -6.22    6.22
-107644.442   143.992    -9.84    6.77
-107270.349   138.828   -13.80    9.26
-106896.189   137.379    -3.87   11.25
-106521.961   138.920     4.12   12.18
-106147.665   139.062     0.38   12.14
-105773.302   138.501    -1.50   12.33
-105398.871   135.294    -8.56   12.34
-105024.373   133.074    -5.93   12.11
-104649.806   132.379    -1.86   11.39
-104275.172   134.879     6.67   11.34
-103900.471   139.992    13.64   13.89
-103525.701   144.001    10.70   13.98
-103150.864   143.944    -0.15   13.68
-102775.959   148.048    10.95   13.81
-102400.985   150.245     5.86   16.92
-102025.944   149.233    -2.70   18.34
-101650.835   151.928     7.18   17.08
-101275.658   152.499     1.52   17.32
-100900.413   153.932     3.82   14.48
-100525.100   160.257    16.85   11.44
-100149.718   163.554     8.78   11.05
 -99774.268   164.608     2.81   11.67
 -99398.751   164.339    -0.72   13.17
 -99023.164   166.258     5.11   14.28
 -98647.510   169.074     7.50   15.98
 -98271.787   167.066    -5.34   16.37
 -97895.996   169.562     6.64   18.86
 -97520.137   170.105     1.44   19.53
 -97144.209   173.233     8.32   20.77
 -96768.212   176.372     8.35   24.51
 -96392.147   178.150     4.73   25.73
 -96016.014   176.448    -4.53   25.88
 -95639.812   170.443   -15.96   24.00
 -95263.541   159.070   -30.22   21.02
 -94887.202   151.861   -19.16   15.40
 -94510.794   148.628    -8.59   13.49
 -94134.317   146.529    -5.57   13.23
 -93757.771   144.599    -5.13   13.36
 -93381.157   140.660   -10.46   14.35
 -93004.473   136.025   -12.30   12.34
 -92627.721   134.403    -4.30   11.56
 -92250.900   136.891     6.60   11.67
 -91874.010   142.745    15.53   13.69
 -91497.051   149.306    17.40   10.78
 -91120.023   150.038     1.94    9.62
 -90742.926   150.085     0.12   11.86
 -90365.759   149.690    -1.05   11.61
 -89988.524   145.045   -12.31   13.75
 -89611.219   142.595    -6.49   15.54
 -89233.845   135.635   -18.44   15.34
 -88856.402   133.322    -6.13   14.78
 -88478.889   133.421     0.26   13.10
 -88101.308   133.233    -0.50   11.93
 -87723.656   123.899   -24.71   17.77
 -87345.936   115.233   -22.94   17.98
 -86968.146   111.456   -10.00   17.97
 -86590.286   111.995     1.43   18.39
 -86212.357   115.208     8.50   17.48
 -85834.358   118.035     7.48   13.98
 -85456.290   119.983     5.15   13.30
 -85078.152   122.677     7.13   11.28
 -84699.944   121.389    -3.40   11.26
 -84321.667   119.329    -5.45   11.49
 -83943.319   116.879    -6.48   11.66
 -83564.902   114.794    -5.51   10.75
 -83186.415   112.389    -6.35   13.45
 -82807.859   109.221    -8.37   15.85
 -82429.232   101.430   -20.57   16.42
 -82050.535    96.374   -13.35   14.77
 -81671.769    97.486     2.94   15.39
 -81292.932   102.025    11.98   15.72
 -80914.025   108.284    16.52   16.04
 -80535.048   108.845     1.48   14.76
 -80156.001   111.156     6.10   13.70
 -79776.884   113.875     7.17   15.49
 -79397.697   111.480    -6.32   15.90
 -79018.439   113.821     6.17   15.44
 -78639.111   120.257    16.97   16.31
 -78259.712   122.883     6.92   16.91
 -77880.244   130.099    19.01   14.52
 -77500.704   134.525    11.66   13.64
 -77121.095   137.697     8.35   13.17
 -76741.415   140.630     7.73   11.40
 -76361.664   139.102    -4.02   12.97
 -75981.842   136.233    -7.55   14.46
 -75601.950   131.416   -12.68   15.31
 -75221.988   130.040    -3.62   14.99
 -74841.955   127.021    -7.94   14.52
 -74461.850   124.066    -7.77   11.04
 -74087.261   125.489     3.80    9.88
 -73720.637   127.797     6.29    9.76
 -73353.949   133.733    16.19    8.90
 -72987.196   137.707    10.84    6.83
 -72620.377   138.977     3.46    5.03
 -72253.493   136.332    -7.21    7.66
 -71886.544   131.628   -12.82    9.82
 -71519.529   125.570   -16.50    9.37
 -71152.449   118.739   -18.61    9.13
 -70785.303   113.293   -14.83   11.16
 -70418.092   106.696   -17.96    9.99
 -70050.816   101.952   -12.92    6.49
 -69683.474    99.389    -6.98    7.01
 -69316.066    98.768    -1.69    7.19
 -68948.593    98.381    -1.05    7.06
 -68581.054    97.421    -2.61    6.87
 -68213.450    95.025    -6.52    6.97
 -67845.780    93.134    -5.14    7.36
 -67478.044    92.320    -2.21    7.07
 -67110.242    92.080    -0.65    6.95
 -66742.375    92.297     0.59    6.97
 -66374.441    94.413     5.75    8.33
 -66006.442    96.156     4.73    8.98
 -65638.377    99.515     9.13    8.39
 -65270.246   102.079     6.96    6.51
 -64902.048   104.293     6.01    5.74
 -64533.785   106.308     5.47    4.89
 -64165.456   105.542    -2.08    6.91
 -63797.061   103.304    -6.07    8.73
 -63428.599    97.257   -16.41   10.24
 -63060.072    91.133   -16.62    9.90
 -62691.478    87.352   -10.26    7.41
 -62322.818    84.673    -7.27    6.50
 -61954.091    82.365    -6.26    6.05
 -61585.299    83.004     1.73    6.71
 -61216.440    84.123     3.03    7.89
 -60847.514    87.161     8.24    8.82
 -60478.523    91.455    11.64    8.00
 -60109.464    91.968     1.39    8.56
 -59740.339    89.891    -5.62    9.89
 -59371.148    87.891    -5.42   11.05
 -59001.890    83.862   -10.91   11.17
 -58632.566    80.128   -10.11   11.90
 -58263.175    75.591   -12.28   11.40
 -57893.717    71.040   -12.32   10.63
 -57524.193    69.650    -3.76    9.63
 -57154.601    71.739     5.65   11.98
 -56784.943    76.540    12.99   13.97
 -56415.219    85.245    23.54   11.17
 -56045.427    89.489    11.48    9.60
 -55675.568    94.339    13.11    9.77
 -55305.643    99.207    13.16    9.30
 -54935.650   101.028     4.92    8.84
 -54565.591   102.822     4.85    8.84
 -54195.464   100.668    -5.82   12.58
 -53825.271    96.013   -12.57   13.11
 -53455.010    92.715    -8.91   13.99
 -53084.682    93.670     2.58   13.68
 -52714.287    92.558    -3.00   12.82
 -52343.825    92.606     0.13   11.36
 -51973.296    87.009   -15.10   12.95
 -51602.699    78.858   -21.99   14.19
 -51232.035    69.221   -26.00   15.19
 -50861.303    61.016   -22.13   13.68
 -50490.505    54.186   -18.42    8.26
 -50119.638    50.529    -9.86    6.61
 -49748.705    48.066    -6.64    6.18
 -49377.703    46.977    -2.94    6.88
 -49006.634    47.305     0.88    7.97
 -48635.498    48.050     2.01    9.41
 -48264.294    48.116     0.18   11.57
 -47893.022    46.635    -3.99   11.50
 -47521.683    44.413    -5.98   11.30
 -47150.276    42.980    -3.86   11.07
 -46778.801    40.128    -7.68   10.21
 -46407.258    41.160     2.78    9.85
 -46035.648    44.004     7.65   12.29
 -45663.969    45.971     5.29   12.80
 -45292.223    47.100     3.04   14.11
 -44920.409    41.775   -14.32   14.56
 -44548.526    35.184   -17.72    9.50
 -44176.576    35.352     0.45    9.15
 -43804.558    39.879    12.17   11.43
 -43432.471    45.787    15.88   11.37
 -43060.316    50.903    13.75   10.09
 -42688.094    53.895     8.04    8.65
 -42315.802    58.430    12.18    7.44
 -41943.443    60.986     6.86    6.39
 -41571.016    61.341     0.95    6.08
 -41198.520    59.435    -5.12    7.13
 -40825.955    58.492    -2.53    7.28
 -40453.323    61.386     7.77   11.85
 -40080.622    70.668    24.90   15.95
 -39707.852    81.483    29.01   15.55
 -39335.014    91.122    25.85   12.89
 -38962.107    94.090     7.96   12.92
 -38589.132    93.586    -1.35   15.27
 -38216.088    94.527     2.52   15.00
 -37842.975    94.858     0.89   12.65
 -37469.794    95.959     2.95   10.14
 -37096.544    94.353    -4.30   12.04
 -36723.225    89.915   -11.89   13.34
 -36349.837    82.062   -21.03   12.25
 -35976.381    76.763   -14.19   11.46
 -35602.855    72.282   -12.00   13.02
 -35229.261    68.594    -9.87   10.94
 -34855.598    68.635     0.11    8.85
 -34481.865    72.602    10.61    9.26
 -34108.064    79.208    17.67    9.06
 -33734.194    84.750    14.82    7.89
 -33360.254    89.633    13.06    5.66
 -32986.245    91.495     4.98    4.54
 -32612.167    90.064    -3.82    7.67
 -32238.020    87.340    -7.28    9.37
 -31863.803    83.821    -9.40    9.65
 -31489.518    83.040    -2.09    8.91
 -31115.162    82.426    -1.64    7.54
 -30740.738    81.245    -3.15    7.23
 -30366.244    80.291    -2.55    6.85
 -29991.680    82.522     5.96    8.50
 -29617.047    87.196    12.48    9.29
 -29242.345    89.520     6.20    7.74
 -28867.573    87.305    -5.91    9.35
 -28492.731    83.474   -10.22    9.09
 -28117.820    80.823    -7.07    6.64
 -27742.838    84.056     8.62    8.79
 -27367.788    90.661    17.61    8.61
 -26992.667    95.611    13.19    7.55
 -26617.476    97.586     5.26    6.09
 -26242.216    96.379    -3.22    6.39
 -25866.886    94.148    -5.94    5.45
 -25491.486    93.293    -2.28    3.86
 -25116.016    94.352     2.82    3.20
 -24740.475    95.356     2.67    2.35
 -24364.865    92.721    -7.02    6.62
 -23989.185    87.679   -13.42    9.11
 -23613.434    81.329   -16.90    8.87
 -23237.614    75.438   -15.68    6.40
 -22861.723    71.468   -10.56    5.11
 -22485.762    67.859    -9.60    6.14
 -22109.731    65.082    -7.39    7.00
 -21733.629    63.133    -5.18    7.67
 -21357.457    61.792    -3.56    8.16
 -20981.214    60.435    -3.61    9.59
 -20604.901    58.892    -4.10    9.19
 -20228.518    58.120    -2.05    9.36
 -19852.064    56.114    -5.33    8.03
 -19475.539    52.708    -9.05    8.91
 -19098.944    50.791    -5.09    8.74
 -18722.279    51.171     1.01   10.77
 -18345.542    51.974     2.13   10.03
 -17968.735    51.510    -1.23    9.42
 -17591.857    48.080    -9.10    9.30
 -17214.908    42.388   -15.10    9.78
 -16837.889    36.419   -15.83   10.23
 -16460.798    31.001   -14.37    7.74
 -16083.637    28.268    -7.25    4.99
 -15706.405    26.538    -4.59    4.09
 -15329.101    26.426    -0.30    4.10
 -14951.727    26.739     0.83    4.26
 -14574.281    27.698     2.54    5.73
 -14196.765    30.209     6.65    7.09
 -13819.177    32.147     5.13    7.34
 -13441.518    32.350     0.54    7.69
 -13063.788    31.306    -2.77    8.21
 -12685.986    31.082    -0.59    9.51
 -12308.113    29.377    -4.51   10.52
 -11930.169    25.292   -10.81   11.71
 -11552.154    20.591   -12.44   11.31
 -11174.067    15.939   -12.30    6.70
 -10795.908    14.995    -2.49    4.48
 -10417.678    17.477     6.56    6.50
 -10039.376    20.395     7.71    6.97
  -9661.003    22.030     4.32    7.30
  -9282.558    19.271    -7.29   10.75
  -8904.042    13.509   -15.22   12.89
  -8525.453     7.628   -15.53   11.72
  -8146.793     2.542   -13.43    5.53
  -7768.061     1.282    -3.33    1.33
  -7389.258     1.939     1.73    0.80
  -7010.382     2.233     0.78    0.00
  -6631.435     2.233     0.00    0.00
  -6252.415     2.233     0.00    0.00
  -5873.324     2.233     0.00    0.00
  -5494.160     2.233     0.00    0.00
  -5114.924     2.233     0.00    0.00
  -4735.616     2.233     0.00    0.00
  -4356.236     2.233     0.00    0.00
  -3976.784     2.233     0.00    0.00
  -3597.260     2.233     0.00    0.00
  -3217.663     2.090    -0.38    0.52
  -2837.994     1.708    -1.01    1.03
  -2458.252     1.127    -1.53    1.36
  -2078.439     0.545    -1.53    1.41
  -1698.552     0.082    -1.22    1.26
  -1318.593    -0.141    -0.59    1.09
   -938.562    -0.038     0.27    1.17
   -558.458     0.186     0.59    1.31
   -178.281     0.292     0.28    1.36
    201.968     0.450     0.42    1.39
    580.680     0.335    -0.30    1.35
    947.094     0.328    -0.02    1.30
   1313.575     0.421     0.25    1.32
   1680.123     0.633     0.58    1.36
   2046.737     0.828     0.53    1.39
   2413.419     1.270     1.20    1.32
   2780.167     1.744     1.29    1.00
   3146.982     2.108     0.99    0.49
   3513.865     2.233     0.34    0.00
   3880.814     2.233     0.00    0.00
   4247.831     2.233     0.00    0.00
   4614.914     2.233     0.00    0.00
   4982.065     2.233     0.00    0.00
   5349.283     2.233     0.00    0.00
   5716.568     2.233     0.00    0.00
   6083.920     2.233     0.00    0.00
   6451.340     2.233     0.00    0.00
   6818.827     2.233     0.00    0.00
   7186.381     2.233     0.00    0.00
   7554.003     2.233     0.00    0.00
   7921.692     2.233     0.00    0.00
   8289.449     2.233     0.00    0.00
   8657.273     2.233     0.00    0.00
   9025.165     2.233     0.00    0.00
   9393.125     2.233     0.00    0.00
   9761.152     2.233     0.00    0.00
  10129.247     2.233     0.00    0.00
  10497.409     2.233     0.00    0.00
  10865.639     2.233     0.00    0.00
  11233.937     2.233     0.00    0.00
  11602.303     2.233     0.00    0.00
  11970.737     2.233     0.00    0.00
  12339.238     2.233     0.00    0.00
  12707.808     2.233     0.00    0.00
  13076.445     2.233     0.00    0.00
  13445.150     2.233     0.00    0.00
  13813.924     2.233     0.00    0.00
  14182.765     2.233     0.00    0.00
  14551.675     2.233     0.00    0.00
  14920.653     2.233     0.00    0.00
  15289.699     2.233     0.00    0.00
  15658.813     2.233     0.00    0.00
  16027.996     2.233     0.00    0.00
  16397.247     2.233     0.00    0.00
  16766.566     2.233     0.00    0.00
  17135.954     2.233     0.00    0.00
  17505.410     2.233     0.00    0.00
  17874.934     2.233     0.00    0.00
  18244.527     2.233     0.00    0.00
  18614.189     2.233     0.00    0.00
  18983.919     2.186    -0.13    0.26
  19353.717     1.998    -0.51    0.69
  19723.585     1.733    -0.72    1.01
  20093.521     1.501    -0.63    1.20
  20463.525     1.382    -0.32    1.26
  20833.599     1.349    -0.09    1.23
  21203.741     1.419     0.19    1.21
  21573.953     1.440     0.06    1.21
  21944.233     1.562     0.33    1.16
  22314.582     1.503    -0.16    1.20
  22685.000     1.462    -0.11    1.23
  23055.486     1.233    -0.62    1.35
  23426.042     1.026    -0.56    1.41
  23796.668     0.780    -0.66    1.43
  24167.362     0.558    -0.60    1.41
  24538.125     0.359    -0.54    1.36
  24908.957     0.100    -0.70    1.26
  25279.859    -0.179    -0.75    1.11
  25650.830    -0.267    -0.24    0.98
  26021.870    -0.163     0.28    1.12
  26392.980     0.341     1.36    1.36
  26764.159     0.826     1.31    1.42
  27135.408     1.330     1.36    1.29
  27506.725     1.761     1.16    0.99
  27878.113     2.102     0.92    0.53
  28249.570     2.233     0.35    0.00
  28621.096     2.233     0.00    0.00
  28992.692     2.233     0.00    0.00
  29364.358     2.233     0.00    0.00
  29736.094     2.233     0.00    0.00
  30107.899     2.233     0.00    0.00
  30479.774     2.233     0.00    0.00
  30851.719     2.233     0.00    0.00
  31223.733     2.233     0.00    0.00
  31595.818     2.233     0.00    0.00
  31967.972     2.233     0.00    0.00
  32340.197     2.025    -0.56    0.58
  32712.491     1.486    -1.45    1.10
  33084.856     1.122    -0.98    1.13
  33457.290     0.899    -0.60    1.01
  33829.795     0.776    -0.33    0.81
  34202.370     1.049     0.73    0.56
  34575.015     1.233     0.49    0.00
  34947.730     1.233     0.00    0.00
  35320.516     1.233     0.00    0.00
  35693.372     1.233     0.00    0.00
  36066.298     1.233     0.00    0.00
  36439.295     1.233     0.00    0.00
  36812.362     1.233     0.00    0.00
  37185.500     1.233     0.00    0.00
  37558.708     1.233     0.00    0.00
  37931.986     1.233     0.00    0.00
  38305.336     1.233     0.00    0.00
  38678.756     1.233     0.00    0.00
  39052.246     1.233     0.00    0.00
  39425.808     1.233     0.00    0.00
  39799.440     1.233     0.00    0.00
  40173.143     1.233     0.00    0.00
  40546.916     1.233     0.00    0.00
  40920.761     1.233     0.00    0.00
  41294.677     1.233     0.00    0.00
  41668.663     1.233     0.00    0.00
  42042.721     1.233     0.00    0.00
  42416.849     1.233     0.00    0.00
  42791.049     1.233     0.00    0.00
  43165.320     1.233     0.00    0.00
  43539.662     1.233     0.00    0.00
  43914.075     1.233     0.00    0.00
  44288.559     1.233     0.00    0.00
  44663.115     1.233     0.00    0.00
  45037.742     1.397     0.44    0.48
  45412.440     3.014     4.32    3.00
  45787.210     5.474     6.56    4.44
  46162.051     8.384     7.76    4.33
  46536.964    11.016     7.02    2.58
  46911.948    11.784     2.05    1.14
  47287.004    11.828     0.12    1.15
  47662.131    11.415    -1.10    1.15
  48037.330    11.124    -0.77    1.15
  48412.601    10.796    -0.87    1.12
  48787.944    10.912     0.31    1.02
  49163.358    11.279     0.98    1.22
  49538.844    11.364     0.23    1.16
  49914.402    11.003    -0.96    1.36
  50290.032    10.970    -0.09    1.39
  50665.734    10.830    -0.37    1.30
  51041.507     9.295    -4.09    3.87
  51417.353     6.290    -8.00    6.00
  51793.271     2.820    -9.23    5.90
  52169.261     2.256    -1.50    5.38
  52545.323     3.733     3.93    5.47
  52921.457     5.608     4.99    4.45
  53297.664     7.533     5.12    2.06
  53673.943     7.279    -0.68    1.51
  54050.294     7.381     0.27    1.63
  54426.717     8.083     1.87    1.42
  54803.213     8.517     1.15    0.90
  55179.781     8.994     1.27    1.36
  55556.422     9.416     1.12    1.29
  55933.135     9.474     0.16    1.24
  56309.921     9.864     1.03    1.80
  56686.779    10.658     2.11    2.41
  57063.711    10.768     0.29    2.66
  57440.714    10.922     0.41    2.56
  57817.791    11.099     0.47    2.28
  58194.940    10.616    -1.28    1.89
  58572.162    10.082    -1.42    0.91
  58949.457     9.989    -0.25    0.91
  59326.825     9.093    -2.37    3.01
  59704.265     7.415    -4.45    4.35
  60081.779     4.775    -6.99    5.09
  60459.366     2.862    -5.07    4.97
  60837.026     2.687    -0.46    4.63
  61214.759     3.823     3.01    5.25
  61592.565     9.974    16.28    8.54
  61970.444    16.267    16.65    9.29
  62348.396    19.035     7.32   10.71
  62726.422    18.872    -0.43   13.49
  63104.521    14.221   -12.30   15.43
  63482.693     7.257   -18.42   13.73
  63860.939     2.037   -13.80    8.28
  64239.258    -0.670    -7.16    0.88
  64617.651     1.971     6.98    5.96
  64996.117     4.611     6.97    8.06
  65374.657     7.980     8.90    9.83
  65753.271     9.294     3.47   10.25
  66131.958     7.937    -3.58   10.42
  66510.719     6.307    -4.30    9.87
  66889.553     6.497     0.50    9.18
  67268.461     8.209     4.52   10.03
  67647.444    12.819    12.17   11.58
  68026.500    19.316    17.14   10.86
  68405.630    23.509    11.06    8.91
  68784.833    27.221     9.79    4.97
  69164.111    27.869     1.71    5.70
  69543.463    29.035     3.07    6.09
  69922.889    29.692     1.73    6.35
  70302.389    31.187     3.94    6.33
  70681.964    31.888     1.85    6.24
  71061.612    32.709     2.16    5.43
  71441.335    33.314     1.59    5.18
  71821.132    34.326     2.66    4.58
  72201.003    35.661     3.52    4.82
  72580.949    36.523     2.27    4.21
  72960.969    36.852     0.86    3.76
  73341.064    35.635    -3.20    4.96
  73721.233    32.282    -8.82    6.09
  74101.477    30.991    -3.39    6.09
  74481.796    30.147    -2.22    6.21
  74862.189    31.532     3.64    6.18
  75242.656    33.739     5.80    5.55
  75611.555    36.471     7.41    3.75
  75977.822    37.257     2.15    2.39
  76344.157    37.396     0.38    2.40
  76710.561    37.318    -0.21    2.23
  77077.033    37.460     0.39    2.58
  77443.574    37.630     0.46    2.75
  77810.184    36.619    -2.76    3.79
  78176.862    36.336    -0.77    4.41
  78543.608    34.256    -5.67    4.91
  78910.424    34.210    -0.13    5.01
  79277.308    35.609     3.81    4.30
  79644.261    36.221     1.67    3.65
  80011.283    36.042    -0.49    3.98
  80378.374    34.060    -5.40    4.79
  80745.534    32.403    -4.51    5.38
  81112.762    30.778    -4.43    6.30
  81480.060    29.647    -3.08    6.50
  81847.427    29.324    -0.88    6.25
  82214.862    28.733    -1.61    4.89
  82582.367    28.687    -0.12    3.86
  82949.941    29.872     3.22    4.01
  83317.585    31.733     5.06    3.87
  83685.297    34.026     6.24    3.99
  84053.079    36.744     7.39    2.83
  84420.930    37.292     1.49    2.62
  84788.850    37.589     0.81    2.98
  85156.840    38.040     1.22    2.31
  85524.899    37.923    -0.32    2.00
  85893.028    38.302     1.03    1.69
  86261.226    38.546     0.66    1.41
  86629.494    38.106    -1.19    1.78
  86997.831    37.945    -0.44    2.05
  87366.238    37.739    -0.56    2.46
  87734.714    37.618    -0.33    2.30
  88103.261    37.653     0.09    1.92
  88471.877    37.971     0.86    1.96
  88840.562    37.876    -0.26    2.54
  89209.318    37.267    -1.65    4.15
  89578.143    35.962    -3.54    6.09
  89947.039    32.532    -9.30    7.57
  90316.004    29.721    -7.62    7.29
  90685.039    28.915    -2.18    6.52
  91054.145    28.826    -0.24    6.60
  91423.320    29.187     0.98    6.78
  91792.565    29.761     1.56    6.50
  92161.881    29.578    -0.50    6.11
  92531.267    29.150    -1.16    5.43
  92900.723    29.687     1.45    4.98
  93270.249    31.708     5.47    3.98
  93639.845    33.210     4.06    3.19
  94009.512    34.111     2.44    2.22
  94379.249    35.585     3.99    1.76
  94749.057    37.498     5.17    2.29
  95118.935    39.322     4.93    2.83
  95488.884    41.495     5.87    3.58
  95858.903    43.358     5.04    3.52
  96228.992    43.686     0.89    3.27
  96599.153    40.417    -8.83    6.91
  96969.384    34.768   -15.26    9.25
  97339.685    30.532   -11.44    7.48
  97710.058    29.187    -3.63    6.55
  98080.501    30.630     3.90    7.03
  98451.015    32.903     6.13    6.77
  98821.600    33.983     2.91    5.90
  99192.255    32.469    -4.09    6.20
  99562.982    27.221   -14.16    7.94
  99933.780    22.608   -12.44    6.63
 100304.648    20.739    -5.04    4.76
 100675.588    21.551     2.19    5.41
 101046.599    24.602     8.22    6.06
 101417.681    28.187     9.66    4.80
 101788.834    30.009     4.91    3.42
 102160.058    29.390    -1.67    4.65
 102531.354    25.782    -9.72    7.06
 102902.721    20.188   -15.06    7.93
 103274.159    16.160   -10.85    5.66
 103645.669    15.346    -2.19    3.94
 104017.250    18.294     7.93    5.17
 104388.902    23.382    13.69    6.01
 104760.627    27.757    11.77    4.64
 105132.422    28.119     0.97    4.60
 105504.289    25.944    -5.85    6.48
 105876.228    23.324    -7.04    5.53
 106248.239    21.803    -4.09    3.33
 106620.321    23.517     4.61    4.50
 106992.475    27.372    10.36    5.74
 107364.701    31.710    11.65    5.10
 107736.998    33.957     6.04    4.68
 108109.368    34.130     0.47    4.73
 108481.809    34.233     0.27    4.83
 108854.323    35.727     4.01    5.86
 109226.908    38.790     8.22    6.46
 109599.566    41.670     7.73    5.03
 109972.295    41.937     0.72    5.45
 110345.097    40.314    -4.35    5.82
 110717.971    40.301    -0.04    5.60
 111090.917    41.437     3.05    5.37
 111463.935    43.209     4.75    3.90
 111837.025    44.349     3.06    2.98
 112210.188    44.791     1.18    2.83
 112583.424    45.858     2.86    2.87
 112956.731    46.997     3.05    3.07
 113330.112    47.023     0.07    3.39
 113703.564    45.031    -5.34    4.26
 114077.090    43.129    -5.09    3.86
 114450.687    43.761     1.69    4.53
 114824.358    46.430     7.14    6.39
 115198.101    49.665     8.65    6.43
 115571.917    52.876     8.59    4.03
 115945.806    52.846    -0.08    4.31
 116319.767    52.127    -1.92    5.19
 116693.801    52.051    -0.20    5.26
 117067.908    52.547     1.33    5.12
 117442.088    53.122     1.54    5.17
 117816.341    52.070    -2.81    5.06
 118190.667    52.437     0.98    6.37
 118565.067    53.774     3.57    7.99
 118939.539    55.653     5.02    7.70
 119314.084    56.784     3.02    6.41
 119688.703    54.290    -6.66    6.83
 120063.394    48.397   -15.73    8.44
 120438.159    42.562   -15.57    9.00
 120812.998    36.888   -15.14    5.31
 121187.909    35.915    -2.60    5.06
 121562.894    38.352     6.50    7.04
 121937.953    41.880     9.41    5.97
 122313.085    43.384     4.01    4.09
 122688.290    40.514    -7.65    5.81
 123063.570    36.861    -9.73    6.09
 123438.922    36.403    -1.22    6.04
 123814.349    39.716     8.82    8.33
 124189.849    44.311    12.24    7.24
 124565.422    46.616     6.14    4.60
 124941.070    46.744     0.34    4.42
 125316.791    47.092     0.92    4.98
 125692.587    49.721     7.00    6.10
 126068.456    52.070     6.25    4.62
 126444.399    52.368     0.79    4.25
 126820.416    53.477     2.95    4.90
 127196.507    56.761     8.73    6.79
 127572.672    60.647    10.33    5.88
 127948.912    63.166     6.70    3.83
 128325.225    64.290     2.99    2.99
 128701.613    63.154    -3.02    3.29
 129078.075    59.884    -8.69    5.25
 129454.611    56.994    -7.68    6.91
 129831.222    54.405    -6.88    6.81
 130207.907    53.255    -3.05    6.18
 130584.666    53.986     1.94    6.57
 130961.500    55.795     4.80    6.66
 131338.409    58.051     5.99    5.70
 131715.392    59.505     3.86    4.80
 132092.450    58.244    -3.35    5.26
 132469.582    57.968    -0.73    5.72
 132846.789    58.676     1.88    5.78
 133224.071    59.494     2.17    4.72
 133601.427    60.960     3.89    4.01
 133978.858    61.619     1.75    3.29
 134356.365    60.681    -2.49    3.01
 134733.946    59.062    -4.29    3.56
 135111.602    54.960   -10.86    6.31
 135489.333    51.585    -8.94    6.52
 135867.139    50.401    -3.13    6.57
 136245.020    50.457     0.15    6.90
 136622.977    51.974     4.01    5.77
 137001.008    53.026     2.78    4.28
 137379.115    52.098    -2.45    3.62
 137757.297    50.163    -5.12    3.00
 138135.555    48.143    -5.34    2.92
 138513.887    45.888    -5.96    3.18
 138892.296    42.949    -7.77    4.27
 139270.779    40.197    -7.27    4.61
 139649.338    37.343    -7.54    4.69
 140027.973    35.340    -5.29    4.77
 140406.683    35.507     0.44    5.29
 140785.469    36.685     3.11    5.66
 141164.331    38.334     4.35    4.30
 141543.268    39.745     3.72    3.30
 141922.281    40.480     1.94    4.20
 142301.370    42.221     4.59    6.02
 142680.534    44.733     6.63    6.78
 143059.775    45.965     3.25    6.26
 143439.092    45.244    -1.90    5.36
 143818.484    44.060    -3.12    4.85
 144197.953    42.788    -3.35    4.58
 144577.497    41.221    -4.13    4.00
 144957.118    40.132    -2.87    4.07
 145336.815    38.790    -3.53    3.82
 145716.588    37.812    -2.57    3.24
 146096.437    35.873    -5.11    3.34
 146476.363    34.517    -3.57    3.97
 146856.365    31.345    -8.35    5.19
 147236.444    27.681    -9.64    4.87
 147616.599    25.255    -6.38    4.58
 147996.830    24.072    -3.11    4.33
 148377.138    22.525    -4.07    4.43
 148757.522    20.804    -4.52    4.44
 149137.984    20.244    -1.47    5.35
 149518.521    19.389    -2.25    6.15
 149899.136    17.333    -5.40    6.36
 150272.488    15.292    -5.47    5.75
 150638.538    13.499    -4.90    4.97
 151004.657    12.060    -3.93    3.84
 151370.847    10.858    -3.28    3.81
 151737.106    10.835    -0.06    4.38
 152103.436    11.290     1.24    4.72
 152469.837    11.999     1.94    4.54
 152836.307    12.152     0.42    4.71
 153202.848    10.644    -4.12    4.99
 153569.460     8.503    -5.84    4.69
 153936.142     6.143    -6.44    3.23
 154302.894     4.684    -3.98    1.09
 154669.717     4.828     0.39    0.79
 155036.610     4.733    -0.26    0.67
 155403.574     4.514    -0.60    0.62
 155770.609     4.210    -0.83    0.65
 156137.714     3.952    -0.70    0.81
 156504.890     3.846    -0.29    0.78
 156872.137     3.807    -0.11    0.73
 157239.455     3.637    -0.46    1.14
 157606.843     4.003     1.00    2.59
 157974.303     3.469    -1.45    2.87
 158341.833     2.983    -1.32    3.04
 158709.434     2.099    -2.40    1.81
 159077.107     1.649    -1.22    1.30
 159444.850     1.994     0.94    1.61
 159812.664     3.221     3.34    2.77
 160180.550     5.969     7.47    5.36
 160548.507     8.784     7.65    7.35
 160916.535    12.457     9.98    9.18
 161284.634    14.005     4.21    9.99
 161652.805    14.403     1.08    9.92
 162021.046    13.811    -1.61    9.63
 162389.360    14.705     2.43    9.18
 162757.744    15.077     1.01    7.99
 163126.201    18.186     8.44    7.54
 163494.728    20.915     7.40    5.96
 163863.327    22.763     5.02    3.68
 164231.998    23.301     1.46    2.75
 164600.741    23.100    -0.54    2.65
 164969.555    22.869    -0.63    2.82
 165338.441    22.766    -0.28    2.98
 165707.398    22.469    -0.80    3.23
