# NaN NaN NaN ;Mean Elev.(m), Avg Gradient(m/km), RMS Gradient(m/km) - SRTM1     
#   37.750  -0.411   7.105 ;Mean Elev.(m), Avg Gradient(m/km), RMS Gradient(m/km) - ASTER GDEM
#   27.696  -0.886   3.419 ;Mean Elev.(m), Avg Gradient(m/km), RMS Gradient(m/km) - GMTED2010 
  7  78.299278  60.409394    26.715    26.731  3 52448.65683495 27.509
  8  78.314538  60.405681    41.348    41.351  4 52483.65682148 37.954
  9  78.327028  60.400613    41.582    41.581  6 52518.65677951 22.409
 10  78.297858  60.407694    41.949    41.811  3 52553.65683189 22.663
 11  78.319912  60.402418    37.199    37.209  4 52588.65681258 48.826
 12  78.327943  60.400403    40.558    40.391  5 52623.65676165 17.171
 13  78.315463  60.404534    40.533    40.574  4 52658.65678275 13.994
 15  78.318876  60.402718    41.291    41.305  4 52728.65680115 11.457
 16  78.317316  60.404075    38.710    37.823  4 52763.65681376 30.544
 17  78.307558  60.406720    42.304    42.292  3 52798.65679003 26.925
 18  78.308622  60.406086    38.854    38.846  4 52833.65685990 45.142
 19  78.319435  60.402622    36.350    36.358  4 52868.65690124 46.819
 22  78.306090  60.406759    37.855    38.231  4 52973.65688773 20.443
 23  78.310644  60.405011    39.190    39.294  3 53008.65689502 16.874
 24  78.299353  60.409028    39.428    39.227  3 53043.65685420 14.336
 25  78.313423  60.404277    40.966    41.001  4 53078.65688629 10.910
 26  78.295746  60.409259    42.270    42.220  4 53113.65685825  9.179
 27  78.307217  60.406337    41.919    41.942  3 53148.65690267 25.904
 28  78.321377  60.401947    42.638    42.628  5 53183.65689858 38.293
 29  78.316337  60.404120    41.059    41.299  5 53218.65692368 17.438
 30  78.323137  60.401543    35.784    35.797  5 53253.65690051 31.982
 31  78.292941  60.410586    38.725    38.448  3 53288.65690612 27.888
 32  78.323548  60.401633    38.938    38.681  5 53323.65687926 20.033
 33  78.331967  60.398591    38.263    38.287  6 53358.65684177 19.551
 34  78.302213  60.407559    39.244    39.163  3 53393.65686071 18.357
 35  78.328477  60.399594    39.434    39.520  5 53428.65685258 16.881
 36  78.307177  60.405264    41.977    42.014  3 53463.65687525  9.942
 37  78.304954  60.405894    41.551    41.499  3 53498.65694419 26.483
 38  78.322464  60.402140    41.324    41.262  5 53533.65692657 47.834
 40  78.328796  60.400761    40.414    40.362  6 53603.65688859 25.081
 41  78.299894  60.408445    38.291    37.778  3 53638.65688927 28.172
 42  78.306607  60.405950    40.256    40.332  3 53673.65690887 20.327
 43  78.334408  60.397289    36.394    36.373  5 53708.65683759 26.732
 44  78.340516  60.395995    36.166    36.174  4 53743.65674772 22.406
 45  78.319306  60.403171    36.381    36.456  4 53778.65677769 14.916
 46  78.337385  60.397182    36.338    36.425  5 53813.65675008 12.919
 47  78.300315  60.408824    35.494    35.485  3 53848.65681139 29.727
 49  78.305310  60.406117    41.750    41.694  3 53918.65689179 25.210
 50  78.306114  60.406299    39.596    39.297  3 53953.65689374 20.132
 52  78.305846  60.406687    35.818    35.814  3 54023.65687452 50.131
 53  78.322683  60.401947    39.440    39.418  5 54058.65686565 39.738
 54  78.327727  60.400513    36.759    36.816  6 54093.65684456 16.857
 55  78.301486  60.408994    37.294    37.754  3 54128.65678602 17.538
 56  78.318158  60.403043    36.549    36.358  4 54163.65681530 14.890
 57  78.306988  60.405443    37.999    38.272  3 54198.65678766  8.467
 58  78.311774  60.405698    42.257    42.229  4 54233.65682992 29.437
 59  78.316587  60.404352    44.008    44.026  4 54268.65684871 26.603
 60  78.317381  60.402687    42.896    42.849  4 54303.65685185 28.237
 61  78.322469  60.401611    37.581    37.544  5 54338.65683638 44.760
 62  78.310725  60.405360    36.488    36.489  4 54373.65678603 46.044
 63  78.317399  60.402934    41.483    41.425  4 54408.65678235 23.011
 64  78.301431  60.408533    37.146    36.368  3 54443.65674814 28.013
 65  78.317780  60.402894    39.860    39.902  4 54478.65677200 22.558
 66  78.303436  60.408344    39.983    39.587  3 54513.65676293 18.372
 67  78.321243  60.402728    41.791    41.691  4 54548.65678554 14.120
 68  78.313474  60.405972    39.100    38.651  4 54583.65675812 25.233
 69  78.314137  60.405513    42.087    42.064  4 54618.65677812 28.355
 70  78.313557  60.405266    41.442    41.444  4 54653.65678963 23.055
 71  78.320067  60.403340    41.429    41.285  4 54688.65677775 17.738
 72  78.304881  60.406289    40.302    41.044  3 54723.65673839 23.079
 73  78.317514  60.402699    40.588    40.644  4 54758.65675341 22.062
 74  78.300559  60.407495    37.732    37.713  3 54793.65673189 33.486
 75  78.313245  60.405572    36.844    36.664  4 54828.65675286 20.729
 76  78.306748  60.405975    38.438    38.370  3 54863.65672581 15.915
 77  78.317944  60.403332    38.401    38.560  5 54898.65675187 14.380
 78  78.308403  60.405671    36.423    36.347  3 54933.65671994 20.802
 79  78.314660  60.404559    41.372    41.315  3 54968.65675370 25.729
 80  78.311637  60.404975    41.823    41.789  4 55003.65677349 33.981
 81  78.317199  60.403869    40.065    40.061  5 55038.65676013 26.304
 82  78.322100  60.402125    40.667    40.655  5 55073.65674459 17.464
 83  78.306314  60.405636    38.417    39.561  3 55108.65669306 20.490
 84  78.315668  60.405305    37.481    37.496  4 55143.65669687 41.545
 85  78.301627  60.408320    37.006    37.016  3 55178.65666702 26.586
 86  78.316484  60.403970    36.752    36.600  5 55213.65669129 15.401
 87  78.309001  60.405996    39.749    39.670  3 55248.65666593 11.561
 88  78.318856  60.403733    42.255    42.272  5 55283.65668499  8.262
 89  78.313574  60.405889    37.399    37.406  4 55318.65665632 29.806
 90  78.318195  60.403476    42.655    42.663  4 55353.65665787 26.659
 91  78.305317  60.405815    42.744    42.790  3 55388.65665651 25.939
 92  78.317703  60.403076    41.529    41.770  4 55423.65667538 22.892
 93  78.324331  60.401813    36.757    36.774  6 55458.65664632 44.036
