# NaN NaN NaN ;Mean Elev.(m), Avg Gradient(m/km), RMS Gradient(m/km) - SRTM1     
#    5.642  -0.254  19.333 ;Mean Elev.(m), Avg Gradient(m/km), RMS Gradient(m/km) - ASTER GDEM
#    2.895  -0.035   0.502 ;Mean Elev.(m), Avg Gradient(m/km), RMS Gradient(m/km) - GMTED2010 
  7    16.985 52475.28408928 30.07  65.003416  63.247456 13.711
  7    16.939 52475.28408992 28.87  65.000766  63.244326 13.711
  7    16.509 52475.28409057 28.62  64.998116  63.241196 13.711
  7    16.661 52475.28409121 28.30  64.995466  63.238066 13.711
  7    16.964 52475.28409186 27.10  64.992816  63.234926 13.711
  7    17.100 52475.28409250 29.41  64.990166  63.231796 13.711
  8    16.363 52510.28404740 28.36  65.004204  63.245657 27.517
  8    16.178 52510.28404805 26.24  65.001554  63.242527 27.517
  8    15.799 52510.28404869 29.88  64.998904  63.239387 27.517
  8    16.032 52510.28404934 28.32  64.996254  63.236257 27.517
  8    16.308 52510.28404998 28.11  64.993611  63.233121 44.831
  8    16.497 52510.28405063 29.43  64.990961  63.229991 44.831
  9    15.891 52545.28405916 34.45  65.012787  63.236583 17.853
  9    15.882 52545.28405981 23.69  65.010137  63.233453 17.853
  9    13.865 52545.28406045 22.07  65.007487  63.230323 17.853
  9    13.648 52545.28406110 23.11  65.004837  63.227193 17.853
  9    15.284 52545.28406174 24.19  65.002187  63.224053 17.853
  9    15.419 52545.28406239 23.33  64.999537  63.220923 17.853
  9    16.347 52545.28406303 21.68  64.996897  63.217793 17.853
  9    15.887 52545.28406368 23.28  64.994247  63.214663 17.853
 10    15.086 52580.28408848 22.75  65.006549  63.243403 15.223
 10    15.122 52580.28408913 22.41  65.003896  63.240275  9.732
 10    15.071 52580.28408977 21.19  65.001246  63.237145  9.732
 10    15.062 52580.28409042 22.48  64.998596  63.234015  9.732
 10    14.325 52580.28409106 23.92  64.995946  63.230875  9.732
 10    12.551 52580.28409171 38.60  64.993296  63.227745  9.732
 11    15.235 52615.28405328 14.55  65.008470  63.263155  4.091
 11    15.092 52615.28405393 13.69  65.005820  63.260025  4.091
 11    14.814 52615.28405457 14.63  65.003160  63.256895  4.091
 11    14.486 52615.28405522 13.12  65.000510  63.253765  4.091
 11    14.139 52615.28405586 13.24  64.997860  63.250625  4.091
 11    13.862 52615.28405651 12.34  64.995207  63.247494  3.521
 11    13.958 52615.28405715 12.68  64.992557  63.244364  3.521
 11    14.557 52615.28405780 12.17  64.989917  63.241234  3.521
 11    14.596 52615.28405844 12.41  64.987267  63.238094  3.521
 12    15.723 52650.28403607 11.73  65.010691  63.238946  2.725
 12    15.500 52650.28403671 11.45  65.008041  63.235816  2.725
 12    15.034 52650.28403736 11.48  65.005391  63.232686  2.725
 12    14.363 52650.28403800 11.65  65.002741  63.229546  2.725
 12    14.391 52650.28403865 11.46  65.000091  63.226416  2.725
 12    14.353 52650.28403929 12.01  64.997441  63.223286  2.725
 12    14.690 52650.28403994 11.84  64.994791  63.220146  2.725
 13    14.992 52685.28402090  7.17  65.004555  63.245752  2.146
 13    14.973 52685.28402154  6.92  65.001905  63.242612  2.146
 13    15.002 52685.28402218  7.20  64.999255  63.239482  2.146
 13    14.968 52685.28402283  7.06  64.996615  63.236352  2.146
 13    14.920 52685.28402347  7.10  64.993965  63.233212  2.146
 13    14.800 52685.28402412  7.26  64.991315  63.230082  2.146
 14    14.754 52720.28407301  8.33  65.004278  63.242291  2.574
 14    14.990 52720.28407366  8.37  65.001628  63.239161  2.574
 14    15.395 52720.28407430  6.95  64.998978  63.236031  2.574
 14    15.756 52720.28407495  8.35  64.996328  63.232901  2.574
 14    15.799 52720.28407559  7.81  64.993678  63.229761  2.574
 15    11.332 52755.28409650 20.40  64.988277  63.247589  6.491
 15    11.328 52755.28409715 19.44  64.985627  63.244459  6.491
 15    11.974 52755.28409779 14.18  64.982977  63.241319  6.491
 16    15.638 52790.28404659 30.42  65.011856  63.234542 23.045
 16    15.560 52790.28404723 19.54  65.009206  63.231412 23.045
 16    15.592 52790.28404788 22.02  65.006556  63.228272 23.045
 16    15.616 52790.28404852 21.64  65.003906  63.225142 23.045
 16    15.791 52790.28404917 23.29  65.001256  63.222012 23.045
 16    15.986 52790.28404981 24.69  64.998606  63.218882 23.045
 16    15.989 52790.28405046 26.72  64.995956  63.215742 23.045
 16    16.077 52790.28405497 31.61  64.977436  63.193812 23.045
 17    16.289 52825.28411609 40.00  65.010855  63.236400 22.954
 17    16.263 52825.28411673 30.57  65.008205  63.233270 22.954
 17    16.037 52825.28411738 26.84  65.005555  63.230140 22.954
 17    15.958 52825.28411802 25.67  65.002905  63.227000 22.954
 17    16.002 52825.28411867 24.92  65.000255  63.223870 22.954
 17    15.870 52825.28411931 25.19  64.997605  63.220740 22.954
 17    16.221 52825.28411996 25.01  64.994955  63.217610 22.954
 18    13.109 52860.28416211 47.31  65.010961  63.235579 22.180
 18    13.106 52860.28416275 49.02  65.008311  63.232449 22.180
 18    13.176 52860.28416340 46.73  65.005661  63.229319 22.180
 18    13.107 52860.28416404 48.64  65.003011  63.226179 22.180
 18    13.142 52860.28416469 46.35  65.000361  63.223049 22.180
 18    13.148 52860.28416533 40.74  64.997711  63.219919 22.180
 18    12.771 52860.28416598 30.19  64.995061  63.216789 22.180
 19    10.939 52895.28419086 30.90  65.003531  63.247443 13.363
 19    11.189 52895.28419150 25.79  65.000881  63.244313 13.363
 19    11.196 52895.28419215 22.99  64.998231  63.241173 13.363
 19    14.195 52895.28419279 22.12  64.995581  63.238043 13.363
 19    14.927 52895.28419344 19.97  64.992931  63.234913 13.363
 19    14.705 52895.28419408 20.73  64.990281  63.231783 13.363
 20    10.026 52930.28413692 48.37  65.005022  63.263006 31.027
 20    10.120 52930.28413757 53.63  65.002372  63.259866 31.027
 20    10.087 52930.28413821 49.23  64.999722  63.256736 31.027
 20    10.042 52930.28413886 36.05  64.997072  63.253606 31.027
 20    10.155 52930.28413950 22.28  64.994422  63.250476 31.027
 20    10.345 52930.28414015 19.11  64.991772  63.247336 31.027
 20    11.195 52930.28414079 18.49  64.989122  63.244206 31.027
 20    14.070 52930.28414144 16.93  64.986470  63.241070 16.629
 21    10.081 52965.28413326 29.15  65.013476  63.235767 13.188
 21    10.132 52965.28413391 31.05  65.010816  63.232637 13.188
 21    10.216 52965.28413455 33.71  65.008166  63.229507 13.188
 21    10.177 52965.28413520 31.90  65.005526  63.226377 13.188
 21    10.172 52965.28413584 30.96  65.002876  63.223237 13.188
 21    10.160 52965.28413648 30.65  65.000226  63.220107 13.188
 21    10.084 52965.28413713 26.78  64.997576  63.216977 13.188
 21     9.879 52965.28413777 25.03  64.994926  63.213847 13.188
 21    10.204 52965.28414164 26.29  64.979056  63.195047 13.188
 22     9.553 53000.28416454 19.61  65.003982  63.251991  5.184
 22     9.926 53000.28416519 18.36  65.001322  63.248851  5.184
 22    10.013 53000.28416583 18.75  64.998672  63.245721  5.184
 22    10.048 53000.28416648 19.55  64.996022  63.242591  5.184
 22     9.923 53000.28416712 18.23  64.993372  63.239461  5.184
 22     9.867 53000.28416776 19.02  64.990722  63.236321  5.184
 22     9.767 53000.28416841 19.36  64.988072  63.233191  5.184
 23    14.558 53035.28411201 13.15  65.006298  63.261586  2.985
 23    14.407 53035.28411265 12.81  65.003648  63.258456  2.985
 23    13.232 53035.28411330 13.30  65.000988  63.255316  2.985
 23    12.971 53035.28411394 12.76  64.998338  63.252186  2.985
 23    12.782 53035.28411459 12.70  64.995684  63.249054  3.387
 23    10.916 53035.28411523 12.65  64.993034  63.245924  3.387
 23    11.020 53035.28411588 12.55  64.990394  63.242794  3.387
 23    12.081 53035.28411652 13.17  64.987744  63.239654  3.387
 24    14.137 53070.28413508 13.12  65.004617  63.240817  2.550
 24    14.375 53070.28413573 13.07  65.001967  63.237677  2.550
 24    14.412 53070.28413637 13.21  64.999317  63.234547  2.550
 24    14.406 53070.28413702 13.29  64.996667  63.231417  2.550
 24    14.838 53070.28413766 12.85  64.994017  63.228287  2.550
 25    15.625 53105.28411429  8.65  64.999197  63.258474  2.102
 25    15.226 53105.28411622  8.98  64.991243  63.249070  2.354
 25    15.163 53105.28411687  9.20  64.988593  63.245940  2.354
 25    15.122 53105.28411751  9.21  64.985943  63.242810  2.354
 25    15.434 53105.28411816  8.99  64.983293  63.239670  2.354
 26    12.750 53140.28414143 35.62  65.009192  63.238971 23.075
 26    14.736 53140.28414207 27.66  65.006532  63.235841 23.075
 26    13.414 53140.28414272 26.64  65.003882  63.232711 23.075
 26    13.406 53140.28414336 26.72  65.001242  63.229581 23.075
 26    12.732 53140.28414401 32.85  64.998592  63.226441 23.075
 26    12.766 53140.28414465 46.46  64.995942  63.223311 23.075
 27    15.446 53175.28417488 20.64  65.005228  63.241361 32.284
 27    15.020 53175.28417552 23.61  65.002578  63.238231 32.284
 27    15.272 53175.28417617 23.21  64.999928  63.235091 32.284
 27    15.547 53175.28417681 22.83  64.997278  63.231961 32.284
 27    15.583 53175.28417746 22.09  64.994638  63.228831 32.284
 28    14.744 53210.28419223 20.40  65.002966  63.245818 29.528
 28    14.816 53210.28419287 19.51  65.000316  63.242688 29.528
 28    14.464 53210.28419352 20.96  64.997666  63.239548 29.528
 28    14.850 53210.28419416 19.58  64.995016  63.236418 29.528
 28    15.124 53210.28419480 19.88  64.992366  63.233288 29.528
 29    11.128 53245.28416009 28.48  65.002981  63.246238 18.040
 29    10.946 53245.28416074 23.75  65.000331  63.243108 18.040
 29    11.021 53245.28416138 18.07  64.997681  63.239968 18.040
 29    14.687 53245.28416203 15.73  64.995031  63.236838 18.040
 29    14.891 53245.28416267 16.73  64.992381  63.233708 18.040
 29    14.541 53245.28416331 17.19  64.989741  63.230578 18.040
 30    14.890 53280.28414425 29.20  65.009440  63.236341 12.735
 30    15.183 53280.28414490 21.72  65.006780  63.233211 12.735
 30    10.912 53280.28414554 20.57  65.004130  63.230081 12.735
 30    11.093 53280.28414619 20.61  65.001490  63.226941 12.735
 30    10.989 53280.28414683 21.26  64.998840  63.223811 12.735
 30    10.967 53280.28414748 26.82  64.996190  63.220681 12.735
 31    12.238 53315.28416079 31.37  65.005405  63.240316 22.394
 31    12.218 53315.28416143 32.30  65.002755  63.237176 22.394
 31    12.296 53315.28416208 36.28  65.000105  63.234046 22.394
 31    12.201 53315.28416272 39.69  64.997455  63.230916 22.394
 31    12.243 53315.28416337 38.60  64.994805  63.227786 22.394
 32    14.121 53350.28412586 15.35  65.004503  63.244075  5.681
 32    14.117 53350.28412650 15.94  65.001853  63.240945  5.681
 32    12.219 53350.28412715 17.59  64.999203  63.237805  5.681
 32    12.104 53350.28412779 17.70  64.996553  63.234675  5.681
 32    12.148 53350.28412844 18.53  64.993903  63.231545  5.681
 33    14.959 53385.28410722 13.06  65.009202  63.235132  3.659
 33    14.340 53385.28410787 12.63  65.006552  63.232002  3.659
 33    13.744 53385.28410851 12.63  65.003902  63.228862  3.659
 33    13.540 53385.28410916 12.42  65.001252  63.225732  3.659
 33    11.777 53385.28410980 12.74  64.998602  63.222602  3.659
 33    11.351 53385.28411045 13.86  64.995952  63.219472  3.659
 34    14.738 53420.28411124 12.70  65.009266  63.239716  3.583
 34    14.533 53420.28411189 12.63  65.006616  63.236576  3.583
 34    14.398 53420.28411253 12.47  65.003966  63.233446  3.583
 34    13.811 53420.28411318 12.49  65.001316  63.230316  3.583
 34    13.275 53420.28411382 13.09  64.998676  63.227176  3.583
 34    12.197 53420.28411447 13.19  64.996026  63.224046  3.583
 35    15.275 53455.28411788 12.44  65.014414  63.233430  2.258
 35    14.841 53455.28411853 12.09  65.011764  63.230300  2.258
 35    14.571 53455.28411917 12.03  65.009114  63.227160  2.258
 35    14.808 53455.28411982 12.14  65.006464  63.224030  2.258
 35    15.242 53455.28412046 11.95  65.003814  63.220900  2.258
 35    15.141 53455.28412111 12.38  65.001164  63.217770  2.258
 35    15.200 53455.28412175 11.65  64.998524  63.214630  2.258
 35    15.580 53455.28412240 11.53  64.995874  63.211500  2.258
 35    15.786 53455.28412304 11.28  64.993224  63.208370  2.258
 35    15.602 53455.28412433 11.25  64.987934  63.202100  2.258
 35    15.623 53455.28412497 11.44  64.985284  63.198970  2.258
 35    15.553 53455.28412562 11.35  64.982644  63.195840  2.258
 35    15.897 53455.28412626 11.62  64.979994  63.192700  2.258
 36    12.596 53490.28420076 39.09  65.003074  63.247526 26.491
 36    12.385 53490.28420140 27.64  65.000424  63.244396 26.491
 36    12.282 53490.28420205 25.53  64.997774  63.241256 26.491
 36    12.391 53490.28420269 31.28  64.995124  63.238126 26.491
 36    12.523 53490.28420334 28.49  64.992474  63.234996 26.491
 36    12.563 53490.28420398 32.50  64.989824  63.231856 26.491
 37    15.591 53525.28418619 21.36  65.007418  63.241374 35.982
 37    15.128 53525.28418683 22.31  65.004768  63.238234 35.982
 37    15.342 53525.28418748 21.99  65.002118  63.235104 35.982
 37    15.421 53525.28418812 21.79  64.999468  63.231974 35.982
 37    15.730 53525.28418876 21.48  64.996818  63.228844 35.982
 37    15.791 53525.28418941 22.93  64.994168  63.225704 35.982
 38    15.260 53560.28421003 53.89  65.010248  63.262221 34.018
 38    15.238 53560.28421067 53.39  65.007598  63.259091 34.018
 38    15.248 53560.28421132 51.66  65.004938  63.255961 34.018
 38    15.255 53560.28421196 48.82  65.002288  63.252821 34.018
 38    15.251 53560.28421261 45.35  64.999642  63.249692 26.425
 38    15.248 53560.28421325 41.11  64.996982  63.246562 26.425
 38    15.210 53560.28421390 40.50  64.994332  63.243422 26.425
 38    15.183 53560.28421454 39.87  64.991682  63.240292 26.425
 38    15.207 53560.28421519 39.35  64.989032  63.237162 26.425
 39    12.248 53595.28415145 23.78  65.003779  63.245939 15.224
 39    12.098 53595.28415210 17.82  65.001129  63.242809 15.224
 39    11.632 53595.28415274 18.13  64.998479  63.239669 15.224
 39    14.651 53595.28415339 15.88  64.995829  63.236539 15.224
 39    14.548 53595.28415403 16.40  64.993179  63.233409 15.224
 39    12.047 53595.28415468 17.10  64.990529  63.230269 15.224
 40    15.105 53630.28414612 24.24  65.010496  63.237789 15.882
 40    14.929 53630.28414677 24.16  65.007846  63.234659 15.882
 40    10.945 53630.28414741 17.04  65.005196  63.231529 15.882
 40    10.965 53630.28414806 16.82  65.002536  63.228389 15.882
 40    11.143 53630.28414870 17.23  64.999886  63.225259 15.882
 40    13.619 53630.28414935 19.41  64.997236  63.222129 15.882
 41    14.479 53665.28416844 19.16  65.004537  63.245542 11.544
 41    14.405 53665.28416908 17.91  65.001887  63.242402 11.544
 41    14.274 53665.28416973 16.51  64.999237  63.239272 11.544
 41    14.268 53665.28417037 19.01  64.996587  63.236142 11.544
 41    13.939 53665.28417102 21.48  64.993937  63.233012 11.544
 41    13.334 53665.28417166 14.79  64.991287  63.229872 11.544
 42    10.262 53700.28412242 28.74  65.005281  63.247154 25.149
 42    10.233 53700.28412306 35.34  65.002629  63.244023 16.810
 42    10.226 53700.28412371 30.44  64.999979  63.240893 16.810
 42    10.203 53700.28412435 27.81  64.997329  63.237763 16.810
 42    10.206 53700.28412500 25.80  64.994689  63.234623 16.810
 42    10.325 53700.28412564 24.06  64.992039  63.231493 16.810
 44    10.206 53770.28403442 13.50  65.010642  63.238254  3.486
 44    10.263 53770.28403506 13.63  65.007992  63.235124  3.486
 44    10.115 53770.28403570 13.63  65.005352  63.231994  3.486
 44    10.285 53770.28403635 12.80  65.002702  63.228864  3.486
 44    10.239 53770.28403699 13.13  65.000052  63.225724  3.486
 44    10.119 53770.28403764 13.54  64.997402  63.222594  3.486
 45    15.813 53805.28402610 14.12  65.004048  63.248805  2.292
 45    15.360 53805.28402674 13.96  65.001398  63.245675  2.292
 45    15.088 53805.28402739 13.83  64.998748  63.242545  2.292
 45    14.989 53805.28402803 14.36  64.996098  63.239405  2.292
 45    14.920 53805.28402868 14.85  64.993448  63.236275  2.292
 45    15.468 53805.28402932 13.63  64.990798  63.233145  2.292
 47    14.092 53875.28409459 43.48  65.006573  63.238660 32.517
 47    14.157 53875.28409524 37.91  65.003923  63.235530 32.517
 47    14.142 53875.28409588 38.15  65.001273  63.232400 32.517
 47    14.127 53875.28409653 34.22  64.998623  63.229260 32.517
 47    14.162 53875.28409717 41.33  64.995973  63.226130 32.517
 49    14.668 53945.28415756 27.51  65.008328  63.260741 30.101
 49    14.500 53945.28415820 27.25  65.005678  63.257611 30.101
 49    14.412 53945.28415885 28.41  65.003018  63.254481 30.101
 49    13.777 53945.28415949 29.11  65.000368  63.251341 30.101
 49    14.190 53945.28416014 27.34  64.997722  63.248212 25.380
 49    14.459 53945.28416078 32.02  64.995062  63.245082 25.380
 49    14.668 53945.28416143 29.92  64.992412  63.241942 25.380
 49    14.797 53945.28416207 38.05  64.989762  63.238812 25.380
 49    14.687 53945.28416272 51.28  64.987112  63.235682 25.380
 50    15.288 53980.28410438 24.63  65.010068  63.262552 29.179
 50    12.700 53980.28410503 24.59  65.007418  63.259422 29.179
 50    12.250 53980.28410567 28.85  65.004768  63.256292 29.179
 50    12.214 53980.28410632 27.77  65.002108  63.253152 29.179
 50    11.965 53980.28410696 25.07  64.999458  63.250022 29.179
 50    12.029 53980.28410761 20.52  64.996806  63.246890 21.269
 50    11.546 53980.28410825 20.01  64.994156  63.243760 21.269
 50    11.414 53980.28410890 18.85  64.991516  63.240630 21.269
 50    15.020 53980.28410954 17.72  64.988866  63.237490 21.269
 51    15.067 54015.28412760 26.46  65.012860  63.234177 21.944
 51    11.202 54015.28412824 17.82  65.010210  63.231047 21.944
 51    10.879 54015.28412889 17.54  65.007560  63.227917 21.944
 51    10.856 54015.28412953 18.92  65.004910  63.224777 21.944
 51    14.328 54015.28413017 20.47  65.002260  63.221647 21.944
 51    11.129 54015.28413082 26.62  64.999610  63.218517 21.944
 51    11.181 54015.28413146 30.54  64.996960  63.215387 21.944
 51    11.274 54015.28413211 29.86  64.994320  63.212247 21.944
 51    15.028 54015.28413533 33.40  64.981080  63.196587 21.944
 51    15.558 54015.28413598 27.73  64.978440  63.193457 21.944
 52    12.206 54050.28412973 35.01  65.008254  63.236741 28.832
 52    12.308 54050.28413037 36.44  65.005604  63.233611 28.832
 52    12.334 54050.28413102 40.12  65.002954  63.230481 28.832
 52    12.305 54050.28413166 48.46  65.000304  63.227351 28.832
 52    12.312 54050.28413231 51.66  64.997654  63.224211 28.832
 52    12.304 54050.28413295 32.54  64.995014  63.221081 28.832
 54    15.405 54120.28404530 12.30  64.999395  63.258011  6.421
 54    15.000 54120.28404594 12.38  64.996745  63.254871  6.421
 54    14.779 54120.28404723 12.94  64.991450  63.248604  2.719
 54    15.089 54120.28404788 12.47  64.988800  63.245474  2.719
 54    15.236 54120.28404852 12.59  64.986150  63.242344  2.719
 54    15.446 54120.28404917 12.42  64.983500  63.239204  2.719
 56    16.092 54190.28404139 10.87  65.006944  63.260927  2.230
 56    15.747 54190.28404203 10.96  65.004294  63.257797  2.230
 56    15.816 54190.28404268 10.89  65.001644  63.254667  2.230
 56    15.719 54190.28404332 11.02  64.998984  63.251537  2.230
 56    15.461 54190.28404397 10.88  64.996334  63.248397  2.230
 56    15.521 54190.28404461 10.78  64.993694  63.245267  2.230
 56    15.324 54190.28404526 11.36  64.991044  63.242137  2.230
 56    15.309 54190.28404590 11.05  64.988394  63.239007  2.230
 56    15.710 54190.28404655 10.79  64.985744  63.235867  2.230
 57    15.494 54225.28408933 38.22  65.006794  63.242555 37.218
 57    15.438 54225.28408997 31.99  65.004144  63.239425 37.218
 57    15.500 54225.28409062 37.28  65.001494  63.236295 37.218
 57    15.509 54225.28409126 38.15  64.998844  63.233155 37.218
 57    15.503 54225.28409191 35.39  64.996194  63.230025 37.218
 57    15.522 54225.28409255 39.12  64.993544  63.226895 37.218
 58    16.395 54260.28410962 52.41  65.005870  63.242989 48.093
 58    16.422 54260.28411026 51.96  65.003220  63.239859 48.093
 58    16.391 54260.28411091 50.67  65.000570  63.236729 48.093
 58    16.373 54260.28411155 50.40  64.997920  63.233599 48.093
 58    16.339 54260.28411220 52.22  64.995270  63.230459 48.093
 58    16.338 54260.28411284 52.52  64.992630  63.227329 48.093
 59    17.103 54295.28411358 30.22  65.005656  63.243252 27.037
 59    16.564 54295.28411422 29.36  65.003006  63.240122 27.037
 59    16.555 54295.28411487 28.86  65.000356  63.236992 27.037
 59    16.787 54295.28411551 28.27  64.997706  63.233852 27.037
 59    17.037 54295.28411616 29.08  64.995056  63.230722 27.037
 59    17.145 54295.28411680 29.03  64.992416  63.227592 27.037
 60    16.586 54330.28410578 32.89  65.004059  63.246269 30.306
 60    16.746 54330.28410643 34.41  65.001409  63.243139 30.306
 60    16.811 54330.28410707 34.70  64.998759  63.240009 30.306
 60    16.668 54330.28410772 34.48  64.996109  63.236879 30.306
 60    16.572 54330.28410836 33.05  64.993469  63.233739 30.306
 60    16.605 54330.28410901 32.89  64.990819  63.230609 30.306
 61    15.316 54365.28404757 25.05  65.007376  63.261555 21.770
 61    12.715 54365.28404821 30.31  65.004726  63.258415 21.770
 61    12.698 54365.28404886 33.43  65.002076  63.255285 21.770
 61    12.517 54365.28404950 31.43  64.999426  63.252155 21.770
 61    12.657 54365.28405015 24.64  64.996766  63.249025 21.770
 61    14.266 54365.28405079 20.01  64.994116  63.245885 21.770
 61    14.507 54365.28405144 19.34  64.991476  63.242755 21.770
 61    14.860 54365.28405208 20.08  64.988826  63.239625 21.770
 61    15.407 54365.28405273 22.34  64.986176  63.236495 21.770
 62    15.309 54400.28404777 20.86  65.007076  63.243406 12.013
 62    15.161 54400.28404841 18.89  65.004426  63.240276 12.013
 62    15.158 54400.28404906 18.86  65.001776  63.237136 12.013
 62    14.887 54400.28404970 17.37  64.999126  63.234006 12.013
 62    14.450 54400.28405035 16.77  64.996476  63.230876 12.013
 62    14.413 54400.28405099 17.38  64.993826  63.227746 12.013
 63    14.608 54435.28400196 24.38  65.010742  63.260954 12.967
 63    10.606 54435.28400260 25.08  65.008092  63.257824 12.967
 63    10.995 54435.28400325 25.99  65.005442  63.254694 12.967
 63    11.062 54435.28400389 26.47  65.002792  63.251554 12.967
 63    10.984 54435.28400454 26.03  65.000132  63.248424 12.967
 63    10.895 54435.28400518 26.44  64.997482  63.245294 12.967
 63    10.883 54435.28400582 27.67  64.994832  63.242164 12.967
 63    10.835 54435.28400647 26.69  64.992192  63.239024 12.967
 63    10.829 54435.28400711 25.67  64.989542  63.235894 12.967
 64    11.073 54470.28403242 16.00  65.009583  63.237604  4.173
 64    11.409 54470.28403306 15.29  65.006933  63.234464  4.173
 64    12.512 54470.28403371 15.91  65.004283  63.231334  4.173
 64    13.424 54470.28403435 14.17  65.001633  63.228204  4.173
 64    13.307 54470.28403500 14.78  64.998983  63.225074  4.173
 64    13.830 54470.28403564 14.16  64.996333  63.221934  4.173
 65    14.692 54505.28401618 12.76  65.008830  63.258894  4.129
 65    14.545 54505.28401683 13.16  65.006181  63.255764  3.411
 65    13.669 54505.28401747 13.17  65.003531  63.252634  3.411
 65    13.578 54505.28401812 12.58  65.000871  63.249504  3.411
 65    13.862 54505.28401876 12.77  64.998231  63.246364  3.411
 65    14.152 54505.28401941 12.69  64.995581  63.243234  3.411
 65    14.033 54505.28402005 12.16  64.992931  63.240104  3.411
 65    14.193 54505.28402069 12.11  64.990281  63.236964  3.411
 65    13.702 54505.28402134 12.23  64.987631  63.233834  3.411
 66    15.012 54540.28404682 11.58  65.004438  63.241656  2.541
 66    15.141 54540.28404747 11.12  65.001788  63.238516  2.541
 66    15.121 54540.28404811 11.05  64.999138  63.235386  2.541
 66    14.932 54540.28404876 11.17  64.996488  63.232256  2.541
 66    14.861 54540.28404940 11.31  64.993838  63.229126  2.541
 67    15.916 54575.28401638  7.60  65.010791  63.262536  6.672
 67    10.476 54575.28401702  9.88  65.008141  63.259396  6.672
 67    10.287 54575.28401767 13.30  65.005481  63.256266  6.672
 67    10.406 54575.28401831 16.11  65.002833  63.253133  5.008
 67    10.522 54575.28401896 11.80  65.000183  63.250003  5.008
 67    14.933 54575.28401960  6.67  64.997533  63.246873  5.008
 67    15.406 54575.28402025  6.41  64.994883  63.243733  5.008
 67    15.410 54575.28402089  6.14  64.992233  63.240603  5.008
 67    10.836 54575.28402154  9.26  64.989583  63.237473  5.008
 67    13.679 54575.28402218  8.06  64.986933  63.234333  5.008
 68    15.121 54610.28403836 26.85  65.005693  63.244238 28.150
 68    15.154 54610.28403900 20.04  65.003043  63.241108 28.150
 68    15.036 54610.28403965 19.48  65.000393  63.237978 28.150
 68    15.130 54610.28404029 20.43  64.997743  63.234838 28.150
 68    15.519 54610.28404094 18.85  64.995093  63.231708 28.150
 68    15.618 54610.28404158 20.78  64.992443  63.228578 28.150
 69    15.762 54645.28404589 23.21  65.005200  63.245464 30.954
 69    15.404 54645.28404654 22.75  65.002550  63.242334 30.954
 69    15.167 54645.28404718 23.91  64.999900  63.239204 30.954
 69    15.403 54645.28404783 25.45  64.997250  63.236064 30.954
 69    15.697 54645.28404847 24.46  64.994600  63.232934 30.954
 69    15.767 54645.28404912 24.82  64.991950  63.229804 30.954
 70    13.543 54680.28404690 30.92  65.005375  63.246640 14.554
 70    13.750 54680.28404754 33.70  65.002725  63.243510 14.554
 70    13.810 54680.28404818 34.60  65.000075  63.240380 14.554
 70    13.821 54680.28404883 35.91  64.997425  63.237250 14.554
 70    13.807 54680.28404947 37.20  64.994775  63.234110 14.554
 70    13.751 54680.28405012 37.58  64.992125  63.230980 14.554
 71    11.055 54715.28399436 27.90  65.009879  63.262627 34.462
 71    11.104 54715.28399500 30.43  65.007219  63.259497 34.462
 71    11.273 54715.28399565 25.98  65.004569  63.256357 34.462
 71    11.285 54715.28399629 31.67  65.001919  63.253227 34.462
 71    11.191 54715.28399694 30.83  64.999266  63.250093 16.674
 71    11.123 54715.28399758 24.46  64.996616  63.246963 16.674
 71    10.958 54715.28399823 21.63  64.993976  63.243833 16.674
 71    14.534 54715.28399887 17.19  64.991326  63.240693 16.674
 71    15.083 54715.28399952 17.93  64.988676  63.237563 16.674
 72    14.586 54750.28401882 19.18  65.006227  63.240066 16.870
 72    14.903 54750.28401947 19.12  65.003577  63.236926 16.870
 72    14.874 54750.28402011 17.64  65.000927  63.233796 16.870
 72    11.948 54750.28402076 16.84  64.998277  63.230666 16.870
 72    11.451 54750.28402140 17.92  64.995627  63.227536 16.870
 73    12.102 54785.28398606 40.83  65.003179  63.248736 27.780
 73    12.017 54785.28398670 49.79  65.000529  63.245596 27.780
 73    12.032 54785.28398735 49.67  64.997879  63.242466 27.780
 73    12.021 54785.28398799 45.85  64.995229  63.239336 27.780
 73    12.010 54785.28398864 49.41  64.992579  63.236196 27.780
 73    12.039 54785.28398928 50.24  64.989929  63.233066 27.780
 74    12.672 54820.28401149 14.23  65.008650  63.240920  4.669
 74    14.966 54820.28401214 14.11  65.005990  63.237780  4.669
 74    12.964 54820.28401278 14.85  65.003340  63.234650  4.669
 74    12.871 54820.28401343 13.79  65.000690  63.231520  4.669
 74    12.869 54820.28401407 14.04  64.998040  63.228390  4.669
 74    12.942 54820.28401472 12.62  64.995400  63.225250  4.669
 75    12.624 54855.28398237 12.41  65.004337  63.248756  3.393
 75    14.094 54855.28398302 11.91  65.001687  63.245626  3.393
 75    14.045 54855.28398366 12.35  64.999037  63.242486  3.393
 75    13.829 54855.28398430 12.00  64.996387  63.239356  3.393
 75    13.431 54855.28398495 11.72  64.993747  63.236226  3.393
 75    12.690 54855.28398559 11.25  64.991097  63.233086  3.393
 76    13.757 54890.28401470 10.77  65.005465  63.247701  2.956
 76    13.602 54890.28401534 10.36  65.002815  63.244571  2.956
 76    14.960 54890.28401599 10.19  65.000165  63.241441  2.956
 76    14.804 54890.28401663 10.05  64.997515  63.238301  2.956
 76    14.358 54890.28401728 10.07  64.994865  63.235171  2.956
 76    14.320 54890.28401792 10.31  64.992215  63.232041  2.956
 77    16.253 54925.28397895  3.44  65.005507  63.262018  1.889
 77    16.286 54925.28397959  3.61  65.002857  63.258878  1.889
 77    16.186 54925.28398024  3.53  65.000207  63.255748  1.889
 77    16.097 54925.28398088  3.24  64.997557  63.252614  2.042
 77    16.024 54925.28398153  3.26  64.994907  63.249484  2.042
 77    15.918 54925.28398217  3.30  64.992257  63.246354  2.042
 77    15.770 54925.28398282  3.32  64.989607  63.243214  2.042
 77    15.705 54925.28398346  3.38  64.986957  63.240084  2.042
 78    14.359 54960.28401345 32.11  65.006549  63.241761 28.885
 78    14.342 54960.28401409 32.06  65.003899  63.238631 28.885
 78    14.426 54960.28401474 32.17  65.001249  63.235491 28.885
 78    14.516 54960.28401538 33.09  64.998599  63.232361 28.885
 78    14.454 54960.28401602 33.60  64.995949  63.229231 28.885
 78    14.534 54960.28401667 44.58  64.993299  63.226101 28.885
 79    15.290 54995.28403447 25.05  65.004327  63.246723 29.416
 79    15.259 54995.28403511 20.25  65.001677  63.243593 29.416
 79    14.904 54995.28403576 20.99  64.999027  63.240463 29.416
 79    15.175 54995.28403640 22.14  64.996377  63.237323 29.416
 79    15.330 54995.28403705 21.40  64.993727  63.234193 29.416
 79    15.422 54995.28403769 21.96  64.991077  63.231063 29.416
 80    14.663 55030.28402430 23.76  65.005432  63.246794 22.404
 80    14.964 55030.28402494 19.47  65.002782  63.243664 22.404
 80    14.793 55030.28402558 16.77  65.000132  63.240534 22.404
 80    14.896 55030.28402623 18.85  64.997482  63.237394 22.404
 80    14.982 55030.28402687 19.76  64.994832  63.234264 22.404
 80    15.051 55030.28402752 18.30  64.992182  63.231134 22.404
 81    14.247 55065.28401512 18.36  65.003065  63.245169 14.336
 81    11.950 55065.28401577 18.45  65.000415  63.242029 14.336
 81    11.855 55065.28401641 18.67  64.997765  63.238899 14.336
 81    14.665 55065.28401705 18.94  64.995115  63.235769 14.336
 81    14.230 55065.28401770 17.84  64.992465  63.232629 14.336
 82    15.266 55100.28395518 25.77  65.004275  63.261933 34.328
 82    11.216 55100.28395582 26.82  65.001625  63.258803 34.328
 82    11.294 55100.28395646 32.08  64.998975  63.255673 34.328
 82    11.422 55100.28395711 31.12  64.996325  63.252533 34.328
 82    11.268 55100.28395775 24.84  64.993672  63.249400 24.888
 82    10.957 55100.28395840 21.84  64.991022  63.246270 24.888
 82    11.142 55100.28395904 21.35  64.988372  63.243140 24.888
 82    12.947 55100.28395969 16.50  64.985722  63.240000 24.888
 83    14.776 55135.28396122 15.18  65.006243  63.240646  6.174
 83    14.998 55135.28396187 15.19  65.003593  63.237506  6.174
 83    14.969 55135.28396251 14.48  65.000943  63.234376  6.174
 83    11.073 55135.28396316 13.74  64.998293  63.231246  6.174
 83    10.949 55135.28396380 14.19  64.995653  63.228116  6.174
 84    10.670 55170.28392268 20.79  65.003730  63.251146  6.404
 84    10.694 55170.28392333 22.64  65.001080  63.248016  6.404
 84    10.752 55170.28392397 21.77  64.998430  63.244876  6.404
 84    10.742 55170.28392462 22.51  64.995780  63.241746  6.404
 84    10.730 55170.28392526 21.90  64.993140  63.238616  6.404
 84    10.722 55170.28392590 21.37  64.990490  63.235486  6.404
 85    10.399 55205.28395460 13.42  65.005545  63.239305  4.017
 85    10.533 55205.28395524 13.09  65.002895  63.236165  4.017
 85    10.406 55205.28395589 13.14  65.000245  63.233035  4.017
 85    10.418 55205.28395653 12.86  64.997595  63.229905  4.017
 85    10.437 55205.28395718 12.47  64.994945  63.226775  4.017
 86    10.020 55240.28392686 13.43  65.010145  63.262483  4.880
 86    13.112 55240.28392751 12.94  65.007495  63.259353  4.880
 86    10.915 55240.28392815 12.97  65.004845  63.256213  4.880
 86    11.867 55240.28392880 13.37  65.002187  63.253083  3.606
 86    12.484 55240.28392944 13.47  64.999537  63.249953  3.606
 86    10.463 55240.28393009 13.09  64.996887  63.246823  3.606
 86    10.266 55240.28393073 13.73  64.994237  63.243683  3.606
 86    12.562 55240.28393138 12.73  64.991587  63.240553  3.606
 86    12.978 55240.28393202 12.23  64.988937  63.237423  3.606
 87    12.636 55275.28394698 13.22  65.005109  63.248208  3.665
 87     9.907 55275.28394763 13.66  65.002459  63.245078  3.665
 87    10.064 55275.28394827 13.44  64.999809  63.241948  3.665
 87    10.245 55275.28394892 12.74  64.997159  63.238808  3.665
 87    10.155 55275.28394956 12.33  64.994509  63.235678  3.665
 87     9.911 55275.28395020 12.14  64.991859  63.232548  3.665
 88    15.144 55310.28391074 33.83  65.009284  63.260984 27.533
 88    10.520 55310.28391139 33.08  65.006634  63.257844 27.533
 88    10.477 55310.28391203 33.46  65.003984  63.254714 27.533
 88    10.528 55310.28391268 34.38  65.001331  63.251580 26.844
 88    10.498 55310.28391332 37.79  64.998681  63.248450 26.844
 88    10.600 55310.28391397 36.64  64.996031  63.245320 26.844
 88    10.655 55310.28391461 41.79  64.993381  63.242190 26.844
 88    10.599 55310.28391526 35.18  64.990731  63.239050 26.844
 88    10.528 55310.28391590 34.91  64.988081  63.235920 26.844
 89    15.125 55345.28391626 25.63  65.006022  63.244629 26.857
 89    15.030 55345.28391691 20.46  65.003372  63.241499 26.857
 89    14.732 55345.28391755 20.64  65.000722  63.238359 26.857
 89    15.043 55345.28391820 23.09  64.998072  63.235229 26.857
 89    15.200 55345.28391884 19.64  64.995422  63.232099 26.857
 89    15.273 55345.28391949 22.64  64.992772  63.228969 26.857
 90    15.478 55380.28390901 44.73  65.004718  63.249600 31.805
 90    15.451 55380.28390966 44.49  65.002068  63.246460 31.805
 90    15.393 55380.28391030 44.78  64.999418  63.243330 31.805
 90    15.382 55380.28391095 45.07  64.996768  63.240200 31.805
 90    15.361 55380.28391159 42.92  64.994118  63.237060 31.805
 90    15.381 55380.28391224 43.84  64.991468  63.233930 31.805
 91    14.653 55415.28393673 18.70  65.007559  63.239533 20.253
 91    14.853 55415.28393738 19.84  65.004909  63.236393 20.253
 91    14.712 55415.28393802 18.05  65.002259  63.233263 20.253
 91    14.526 55415.28393867 16.49  64.999609  63.230133 20.253
 91    14.643 55415.28393931 17.86  64.996959  63.227003 20.253
 91    14.875 55415.28393996 16.83  64.994319  63.223863 20.253
 92    11.807 55450.28392116 24.10  65.003099  63.247666 17.614
 92    11.642 55450.28392181 19.52  65.000449  63.244536 17.614
 92    11.393 55450.28392245 17.82  64.997799  63.241396 17.614
 92    14.250 55450.28392310 16.63  64.995149  63.238266 17.614
 92    15.006 55450.28392374 16.99  64.992499  63.235136 17.614
 92    14.873 55450.28392438 18.10  64.989859  63.231996 17.614
 93    15.015 55485.28384336 22.16  65.007159  63.262925 21.285
 93    14.905 55485.28384400 18.93  65.004509  63.259795 21.285
 93    12.384 55485.28384464 24.26  65.001859  63.256655 21.285
 93    11.261 55485.28384529 25.41  64.999209  63.253525 21.285
 93    11.189 55485.28384593 22.63  64.996554  63.250392 18.277
 93    11.031 55485.28384658 20.69  64.993904  63.247262 18.277
 93    10.951 55485.28384722 20.26  64.991254  63.244132 18.277
 93    14.144 55485.28384787 15.00  64.988604  63.241002 18.277
 93    14.915 55485.28384851 15.20  64.985964  63.237862 18.277
