# NaN NaN NaN ;Mean Elev.(m), Avg Gradient(m/km), RMS Gradient(m/km) - SRTM1     
#   36.047  -0.536   5.894 ;Mean Elev.(m), Avg Gradient(m/km), RMS Gradient(m/km) - ASTER GDEM
#   42.385  -0.051   1.779 ;Mean Elev.(m), Avg Gradient(m/km), RMS Gradient(m/km) - GMTED2010 
  7  80.506382  59.286760    51.838    51.781  9 52445.65261624 33.227
  8  80.505668  59.301823    48.834    48.867  9 52480.65261084 37.176
  9  80.506995  59.324564    47.147    46.842  8 52515.65256503 22.626
 10  80.504554  59.286217    47.338    47.221  7 52550.65260481 23.657
 11  80.503849  59.324363    44.984    44.973 10 52585.65258503 50.170
 12  80.499423  59.325708    46.833    46.900 10 52620.65256741 19.122
 16  80.505320  59.303536    46.306    46.322  9 52760.65260872 36.447
 17  80.505386  59.301039    50.718    50.749 10 52795.65256580 30.639
 18  80.505276  59.302761    47.737    47.458  9 52830.65263267 24.028
 19  80.498476  59.324591    44.728    44.736 10 52865.65268076 39.911
 20  80.495445  59.325561    44.052    44.016 10 52900.65270978 35.929
 21  80.501418  59.325606    44.491    43.705 10 52935.65265150 28.928
 22  80.505993  59.297335    46.546    46.561 10 52970.65266739 20.454
 23  80.506417  59.297684    45.482    45.318 10 53005.65268273 21.617
 24  80.504707  59.285783    46.465    46.456  6 53040.65263129 14.818
 25  80.500733  59.313547    47.233    47.259 13 53075.65266899 13.509
 26  80.502723  59.286122    45.008    45.002  6 53110.65263399 15.615
 27  80.505631  59.297584    50.339    50.345 10 53145.65267838 41.572
 28  80.497460  59.324655    50.194    50.176 10 53180.65269343 28.703
 29  80.503999  59.306585    46.365    46.359  9 53215.65271229 50.488
 30  80.499202  59.326370    44.491    44.504  9 53250.65269165 50.861
 31  80.505112  59.284820    45.016    44.850  6 53285.65267792 26.856
 32  80.498991  59.325517    44.751    44.742  9 53320.65266521 33.767
 33  80.508084  59.324635    45.674    45.721  9 53355.65263374 23.437
 34  80.508355  59.286259    45.420    45.487  9 53390.65263689 22.105
 35  80.502078  59.325426    47.075    47.185 10 53425.65264138 17.267
 36  80.505330  59.301946    49.184    49.298 10 53460.65264508  8.463
 37  80.507950  59.287781    49.958    49.964 10 53495.65272460 45.708
 38  80.499997  59.326582    48.782    48.525  9 53530.65270853 24.424
 39  80.503900  59.306348    47.116    46.925  9 53565.65273229 26.864
 40  80.503701  59.323936    44.962    45.022  9 53600.65267849 36.583
 41  80.507332  59.285727    46.221    45.584  9 53635.65266832 24.229
 42  80.508984  59.291175    46.059    46.057 12 53670.65269041 37.866
 43  80.506745  59.324638    44.825    44.742  9 53705.65263033 34.821
 44  80.515784  59.323075    44.813    44.614  7 53740.65254229 21.422
 45  80.495390  59.326081    45.135    45.145 11 53775.65256503 18.212
 46  80.508561  59.324919    45.853    46.073  9 53810.65254551 14.464
 47  80.508966  59.287401    44.628    44.523 10 53845.65258457 11.741
 48  80.497471  59.319204    49.836    49.845 13 53880.65261664 35.684
 49  80.508125  59.291446    50.421    50.404 12 53915.65266952 31.270
 50  80.507944  59.293317    46.546    45.994 11 53950.65267802 35.938
 51  80.502959  59.324358    45.275    45.309  9 53985.65261992 38.115
 52  80.507409  59.294975    46.718    46.411 10 54020.65265377 39.313
 53  80.499305  59.326732    46.458    46.689  9 54055.65265106 27.960
 54  80.502151  59.325203    45.425    45.674 10 54090.65263740 23.309
 55  80.508053  59.289570    45.635    45.601 11 54125.65255979 30.173
 56  80.496631  59.320926    47.040    46.763 12 54160.65260428 16.257
 57  80.508289  59.291656    46.859    46.214 11 54195.65256183  7.206
 58  80.503440  59.307900    50.700    50.734 10 54230.65261455 33.640
 59  80.499020  59.316634    51.828    51.897 13 54265.65263379 31.634
 60  80.495182  59.325454    50.300    50.308 10 54300.65263999 46.925
 61  80.499130  59.325072    46.158    45.824 10 54335.65262843 46.508
 63  80.495591  59.325904    44.968    44.506 11 54405.65257306 40.899
 64  80.508303  59.285654    46.530    46.109  9 54440.65252295 22.812
 65  80.496841  59.320992    47.797    47.685 12 54475.65255945 16.918
 66  80.509237  59.288824    47.105    47.554 11 54510.65253854 14.068
 67  80.496504  59.325522    47.298    47.337 11 54545.65257465 12.084
 68  80.497431  59.319323    47.421    47.423 13 54580.65254026 44.654
 69  80.494936  59.326108    50.206    50.217 11 54615.65256412 32.482
 70  80.505585  59.302681    48.094    48.104  9 54650.65257188 39.640
 71  80.498499  59.325189    45.050    45.047 10 54685.65256968 50.622
 72  80.508666  59.289007    45.728    45.765 11 54720.65251397 31.380
 73  80.497641  59.318830    45.923    45.667 13 54755.65254280 34.902
 74  80.508542  59.286318    46.421    46.425 10 54790.65250675 34.302
 75  80.504759  59.304619    46.201    46.189  8 54825.65253652 22.066
 76  80.508354  59.291573    46.546    46.589 12 54860.65250124 16.434
 77  80.494772  59.326546    47.133    47.328 10 54895.65254166 16.055
 78  80.508688  59.289945    47.740    47.459 12 54930.65249898 19.919
 79  80.498033  59.317804    49.929    49.944 14 54965.65254069 52.147
 80  80.504786  59.304531    50.115    50.101  8 55000.65255803 48.737
 82  80.499921  59.325287    46.856    46.800 10 55070.65253703 24.724
 83  80.508701  59.287596    44.940    44.937 10 55105.65247228 47.802
 84  80.494739  59.325387    46.524    46.535 12 55140.65248589 47.218
 85  80.509073  59.287915    45.507    45.516 11 55175.65244026 26.322
 86  80.500873  59.312651    46.450    46.741 13 55210.65247839 14.041
 87  80.507116  59.294969    46.858    46.810 11 55245.65244700 12.629
 88  80.495541  59.326979    48.850    48.713 10 55280.65247493  6.978
 89  80.503381  59.308183    45.846    45.875 10 55315.65243774 34.014
 90  80.497185  59.325626    50.918    50.911 10 55350.65244626 29.570
 91  80.508980  59.288653    51.056    51.070 11 55385.65243310 35.174
 92  80.496719  59.321334    48.514    48.620 12 55420.65246393 24.946
 93  80.501237  59.324977    47.303    47.106  9 55455.65244065 21.946
 94  80.509796  59.324402    48.868    48.432  8 55490.65235802 20.217
