# NaN NaN NaN ;Mean Elev.(m), Avg Gradient(m/km), RMS Gradient(m/km) - SRTM1     
#    6.070  -0.515  20.153 ;Mean Elev.(m), Avg Gradient(m/km), RMS Gradient(m/km) - ASTER GDEM
#   25.597  -0.064  20.469 ;Mean Elev.(m), Avg Gradient(m/km), RMS Gradient(m/km) - GMTED2010 
 10  67.029571  62.207336    19.101    19.152  3 52574.27632407 20.073
 11  67.027836  62.207259    16.761    16.761  2 52609.27628367 34.913
 13  67.029945  62.206605    17.678    17.678  2 52679.27625537 12.262
 15  67.013689  62.207836    19.597    19.674  3 52749.27632501 10.171
 18  67.038699  62.206276    18.704    18.704  2 52854.27639136 20.295
 20  67.020157  62.206952    20.103    20.103  2 52924.27637904 14.595
 21  67.046390  62.205646    12.756    12.756  2 52959.27634532 33.205
 23  67.024158  62.207895    12.908    12.908  2 53029.27634020 22.495
 24  67.039985  62.206720    15.233    15.233  2 53064.27634765 14.477
 25  67.016630  62.207041    20.083    20.038  3 53099.27635953  7.970
 26  67.042023  62.205529    15.116    15.028  3 53134.27634692 24.554
 28  67.030930  62.207434    20.058    20.058  2 53204.27641847 35.227
 29  67.029372  62.206430    18.207    18.207  2 53239.27638702 14.348
 34  67.035315  62.205917    16.226    16.226  2 53414.27634639 13.669
 39  67.029701  62.206203    16.540    16.540  2 53589.27638914 36.922
 40  67.038373  62.205900    16.829    16.886  3 53624.27636551 23.930
 41  67.036265  62.207284    14.210    14.210  2 53659.27639223 33.335
 42  67.025565  62.207739    12.566    12.566  2 53694.27636973 39.606
 43  67.022899  62.208116    17.069    17.069  2 53729.27629273 23.681
 46  67.045573  62.205810    20.501    20.501  2 53834.27626011  8.660
 47  67.034074  62.205493    17.271    17.271  2 53869.27632364 31.053
 49  67.022865  62.207061    19.560    19.560  2 53939.27639132 38.929
 50  67.021012  62.207623    18.425    18.182  3 53974.27635152 17.690
 54  67.017927  62.207416    14.948    14.948  2 54114.27629465 20.757
 56  67.019969  62.207870    20.005    20.005  2 54184.27628471  8.957
 57  67.037082  62.207603    19.089    19.089  2 54219.27631310 25.890
 59  67.032692  62.207500    43.392    43.392  2 54289.27634089 15.603
 61  67.019979  62.207241    18.887    18.505  3 54359.27629388 21.888
 62  67.034080  62.205867    19.667    19.667  2 54394.27627885 18.537
 63  67.026642  62.206722    14.658    14.658  2 54429.27624410 22.049
 64  67.037865  62.205510    17.716    17.716  2 54464.27625799 19.211
 65  67.028973  62.207771    14.996    14.996  2 54499.27625443 17.606
 66  67.034450  62.206661    18.629    18.629  2 54534.27627215 12.489
 67  67.021666  62.206596    19.740    19.740  2 54569.27625828  6.599
 68  67.033784  62.206981   100.785   100.785  2 54604.27626646  0.622
 70  67.028704  62.206241    19.700    19.700  2 54674.27627981 22.079
 71  67.026135  62.207950    17.550    17.550  2 54709.27623711 19.719
 72  67.033154  62.205202    19.712    19.712  2 54744.27624648 17.389
 73  67.030718  62.208044    15.265    15.265  2 54779.27622049 48.373
 76  67.033875  62.206702    16.770    16.770  2 54884.27624322 13.053
 79  67.030629  62.206793    23.061    23.267  3 54989.27626178 34.825
 81  67.031204  62.207887    17.574    17.574  2 55059.27624784 18.662
 82  67.020456  62.208122    14.952    14.952  2 55094.27620140 36.353
 83  67.033138  62.206445    17.048    17.048  2 55129.27618967 22.107
 85  67.035400  62.206781    17.266    17.344  3 55199.27618095  8.814
 87  67.032918  62.206878    15.023    15.023  2 55269.27617571 11.354
 88  67.022470  62.208208    12.111    12.111  2 55304.27614839 12.889
 90  67.029679  62.207223    20.538    20.510  3 55374.27613965 30.277
 91  67.036039  62.206463    20.182    20.238  3 55409.27616086 31.429
 92  67.030329  62.207127    18.659    18.659  2 55444.27615666 14.632
 93  67.019323  62.207331    18.710    18.710  2 55479.27609395 17.695
