# NaN NaN NaN ;Mean Elev.(m), Avg Gradient(m/km), RMS Gradient(m/km) - SRTM1     
#   44.269  -0.845   4.579 ;Mean Elev.(m), Avg Gradient(m/km), RMS Gradient(m/km) - ASTER GDEM
#   43.959  -0.850   3.849 ;Mean Elev.(m), Avg Gradient(m/km), RMS Gradient(m/km) - GMTED2010 
  7    53.913 52452.23105018 30.49  81.287449  59.064048 36.022
  7    53.698 52452.23105082 28.63  81.285369  59.060868 36.022
  8    52.310 52487.23103199 25.60  81.290610  59.061562 32.061
  8    50.648 52487.23103264 32.11  81.288520  59.058392 32.061
  9    51.448 52522.23100218 21.95  81.287049  59.064620 30.909
  9    48.181 52522.23100282 36.81  81.284959  59.061440 30.909
 11    49.156 52592.23104804 47.84  81.289614  59.066300 18.943
 11    48.864 52592.23104869 50.77  81.287534  59.063120 18.943
 12    49.553 52627.23096626 20.07  81.309558  59.057577  6.002
 12    49.002 52627.23096690 18.10  81.307478  59.054397  6.002
 12    48.335 52627.23096755 16.90  81.305388  59.051217  6.002
 13    50.159 52662.23101161 15.70  81.292101  59.063710  3.865
 13    49.808 52662.23101226 14.35  81.290021  59.060530  3.865
 14    49.628 52697.23098893 13.84  81.306896  59.059409  3.355
 14    49.405 52697.23098957 12.77  81.304806  59.056229  3.355
 14    48.825 52697.23099022 13.01  81.302716  59.053049  3.355
 15    48.308 52732.23101269 16.97  81.297052  59.059142  3.581
 15    48.230 52732.23101333 17.77  81.294972  59.055962  3.581
 16    53.206 52767.23102006 36.03  81.282358  59.069187 40.534
 16    53.060 52767.23102071 31.38  81.280268  59.066007 40.534
 17    53.594 52802.23103057 33.50  81.303252  59.058545 41.938
 17    53.265 52802.23103122 29.99  81.301162  59.055365 41.938
 18    48.793 52837.23109597 50.27  81.300260  59.058200 27.057
 18    48.713 52837.23109661 45.36  81.298170  59.055020 27.057
 19    47.624 52872.23113601 46.69  81.297503  59.060429 32.906
 19    47.731 52872.23113666 49.22  81.295413  59.057249 32.906
 20    50.583 52907.23112564 30.70  81.292820  59.062584 26.758
 20    46.840 52907.23112628 32.62  81.290740  59.059404 26.758
 21    46.542 52942.23105446 28.00  81.307842  59.058396 20.297
 21    46.179 52942.23105511 30.45  81.305752  59.055216 20.297
 21    46.452 52942.23105575 37.92  81.303662  59.052036 20.297
 23    48.864 53012.23110958 15.99  81.288463  59.064613  3.286
 23    48.826 53012.23111023 15.91  81.286373  59.061433  3.286
 24    48.478 53047.23107739 16.82  81.297816  59.058709  4.560
 24    47.247 53047.23107803 17.47  81.295726  59.055529  4.560
 25    51.109 53082.23111098 12.59  81.287146  59.067410  2.209
 25    51.440 53082.23111163 11.86  81.285056  59.064230  2.209
 25    51.052 53082.23111227 12.01  81.282976  59.061050  2.209
 26    49.615 53117.23108216 18.07  81.295502  59.061152 17.377
 26    49.617 53117.23108280 18.54  81.293412  59.057972 17.377
 27    53.560 53152.23113105 29.18  81.290433  59.062579 40.755
 27    53.188 53152.23113169 28.28  81.288353  59.059399 40.755
 28    52.247 53187.23111862 26.00  81.300637  59.058253 32.772
 28    52.264 53187.23111926 30.60  81.298547  59.055073 32.772
 29    51.523 53222.23114092 24.58  81.290998  59.061885 28.846
 29    50.969 53222.23114157 20.10  81.288918  59.058705 28.846
 30    51.300 53257.23111591 25.44  81.284097  59.068687 29.458
 30    50.970 53257.23111655 19.67  81.282017  59.065507 29.458
 30    48.974 53257.23111720 24.34  81.279927  59.062327 29.458
 31    50.304 53292.23113441 23.27  81.293254  59.060868 26.222
 31    48.516 53292.23113505 26.44  81.291164  59.057688 26.222
 35    49.537 53432.23107633 15.29  81.290312  59.063994  3.354
 35    49.349 53432.23107697 14.30  81.288232  59.060814  3.354
 36    51.447 53467.23111177 10.15  81.300230  59.059843  2.628
 36    51.009 53467.23111241 10.80  81.298140  59.056663  2.628
 37    52.982 53502.23116375 33.15  81.289040  59.064990 36.212
 37    52.722 53502.23116439 28.70  81.286950  59.061810 36.212
 38    51.851 53537.23115692 26.92  81.291099  59.061586 33.449
 38    51.092 53537.23115757 31.96  81.289009  59.058406 33.449
 39    51.337 53572.23116103 18.76  81.286894  59.064408 33.290
 39    50.868 53572.23116168 23.87  81.284804  59.061228 33.290
 40    51.090 53607.23110909 21.18  81.285929  59.068299 26.823
 40    50.773 53607.23110974 19.73  81.283849  59.065119 26.823
 40    47.808 53607.23111038 28.76  81.281759  59.061939 26.823
 41    50.003 53642.23111109 17.63  81.298836  59.059323 19.738
 41    47.703 53642.23111173 17.00  81.296746  59.056143 19.738
 42    50.254 53677.23112952 17.51  81.289036  59.064230 14.874
 42    50.053 53677.23113016 18.47  81.286946  59.061050 14.874
 43    48.834 53712.23105858 22.59  81.289613  59.064056  7.454
 43    48.852 53712.23105922 23.01  81.287533  59.060876  7.454
 44    48.872 53747.23097140 19.45  81.306994  59.057219  4.585
 44    48.275 53747.23097205 19.18  81.304904  59.054049  4.585
 45    49.068 53782.23100228 16.71  81.294698  59.059910  4.114
 45    48.484 53782.23100292 15.65  81.292618  59.056730  4.114
 46    49.563 53817.23096683 14.05  81.285823  59.066952  3.671
 46    49.283 53817.23096748 13.28  81.283743  59.063782  3.671
 46    50.248 53817.23096812 13.15  81.281653  59.060602  3.671
 47    48.588 53852.23104007 20.70  81.295498  59.060980 10.835
 47    47.849 53852.23104072 24.01  81.293418  59.057800 10.835
 48    53.559 53887.23104592 53.41  81.302230  59.059988 42.514
 48    53.450 53887.23104656 51.24  81.300140  59.056808 42.514
 49    52.373 53922.23111641 30.64  81.288456  59.067049 37.048
 49    52.149 53922.23111705 26.81  81.286366  59.063869 37.048
 49    52.238 53922.23111770 28.50  81.284276  59.060689 37.048
 50    52.059 53957.23111108 25.56  81.286915  59.068887 28.577
 50    51.628 53957.23111173 21.57  81.284825  59.065707 28.577
 50    49.525 53957.23111237 22.19  81.282735  59.062527 28.577
 51    48.244 53992.23103549 40.20  81.309883  59.059170 37.808
 51    48.030 53992.23103614 43.39  81.307793  59.055990 37.808
 51    48.046 53992.23103678 43.63  81.305703  59.052810 37.808
 52    50.186 54027.23109916 23.43  81.301757  59.059840  9.193
 52    49.616 54027.23109981 20.82  81.299677  59.056660  9.193
 53    49.055 54062.23109300 29.61  81.295873  59.060209 13.230
 53    49.038 54062.23109364 33.88  81.293793  59.057029 13.230
 55    49.493 54132.23101465 15.15  81.302834  59.060361  4.546
 55    48.870 54132.23101530 16.45  81.300744  59.057181  4.546
 55    48.065 54132.23101594 17.28  81.298664  59.054001  4.546
 56    49.652 54167.23103612 13.92  81.288367  59.065079  2.963
 56    49.949 54167.23103676 12.76  81.286287  59.061899  2.963
 57    47.965 54202.23101835 24.08  81.299312  59.060066 12.934
 57    47.893 54202.23101899 23.87  81.297222  59.056886 12.934
 58    54.086 54237.23105380 34.90  81.295748  59.060544 25.999
 58    54.008 54237.23105444 32.48  81.293658  59.057364 25.999
 59    54.714 54272.23107328 47.95  81.292754  59.061456 45.233
 59    54.712 54272.23107393 48.92  81.290674  59.058276 45.233
 60    52.079 54307.23107533 34.18  81.295682  59.062733 30.718
 60    51.923 54307.23107597 27.34  81.293592  59.059553 30.718
 61    48.653 54342.23105542 51.97  81.288917  59.063513 31.270
 61    48.691 54342.23105607 46.86  81.286837  59.060333 31.270
 62    47.309 54377.23101101 41.99  81.296412  59.059215 29.500
 62    47.335 54377.23101166 42.40  81.294322  59.056045 29.500
 63    50.824 54412.23100246 29.59  81.292925  59.064216 17.466
 63    50.427 54412.23100311 18.36  81.290835  59.061036 17.466
 64    48.776 54447.23097612 20.02  81.300593  59.059156  5.859
 64    48.260 54447.23097677 20.81  81.298503  59.055986  5.859
 66    49.538 54517.23098992 17.17  81.301316  59.060255  4.568
 66    48.367 54517.23099056 17.08  81.299226  59.057075  4.568
 67    49.917 54552.23100769  8.43  81.287975  59.063503  5.648
 67    47.598 54552.23100834  9.57  81.285895  59.060323  5.648
 68    53.551 54587.23098528 45.81  81.296342  59.061440 43.854
 68    53.367 54587.23098593 33.38  81.294252  59.058260 43.854
 69    52.733 54622.23100395 44.31  81.292240  59.061532 44.880
 69    52.821 54622.23100460 37.11  81.290150  59.058352 44.880
 70    51.640 54657.23101362 25.24  81.290886  59.061145 27.092
 70    51.127 54657.23101427 26.33  81.288796  59.057965 27.092
 71    50.707 54692.23099661 27.66  81.289911  59.062131 27.186
 71    47.596 54692.23099725 34.09  81.287821  59.058961 27.186
 72    50.518 54727.23096630 20.58  81.298846  59.058562 20.900
 72    49.713 54727.23096694 18.79  81.296766  59.055382 20.900
 73    47.784 54762.23097397 53.61  81.292299  59.062559 29.300
 73    47.633 54762.23097461 51.35  81.290209  59.059389 29.300
 74    50.454 54797.23095977 24.93  81.300164  59.058151 11.534
 74    50.339 54797.23096042 29.10  81.298084  59.054971 11.534
 75    49.697 54832.23096321 16.14  81.292926  59.063042  4.721
 75    49.604 54832.23096385 15.40  81.290836  59.059872  4.721
 76    49.213 54867.23095539 16.58  81.300467  59.058362  3.330
 76    48.874 54867.23095604 15.40  81.298387  59.055182  3.330
 77    49.851 54902.23097331 14.91  81.287797  59.065159  2.916
 77    49.910 54902.23097396 13.91  81.285707  59.061989  2.916
 78    50.489 54937.23094479 28.07  81.297890  59.060671 21.921
 78    50.504 54937.23094543 32.08  81.295800  59.057491 21.921
 79    53.404 54972.23097737 38.48  81.295851  59.062201 43.511
 79    53.145 54972.23097801 30.98  81.293761  59.059021 43.511
 80    52.729 55007.23099499 27.99  81.290569  59.062944 39.720
 80    52.558 55007.23099564 24.98  81.288479  59.059774 39.720
 81    51.817 55042.23098347 37.46  81.294900  59.062817 27.493
 81    50.045 55042.23098412 45.12  81.292810  59.059647 27.493
 82    51.135 55077.23096278 25.46  81.290067  59.065367 24.006
 82    51.056 55077.23096343 21.46  81.287977  59.062187 24.006
 83    50.640 55112.23091663 20.74  81.297155  59.059965 19.343
 83    49.803 55112.23091727 15.42  81.295065  59.056785 19.343
 84    50.099 55147.23091755 29.59  81.292294  59.064046 12.341
 84    50.054 55147.23091819 30.35  81.290204  59.060866 12.341
 85    48.997 55182.23089654 20.19  81.300193  59.057926  3.599
 85    49.003 55182.23089719 18.34  81.298103  59.054746  3.599
 86    49.820 55217.23091360 14.93  81.290464  59.062716  3.234
 86    48.833 55217.23091425 14.61  81.288374  59.059536  3.234
 87    49.025 55252.23089294 13.53  81.299681  59.058876  3.079
 87    48.438 55252.23089359 13.34  81.297601  59.055696  3.079
 88    50.843 55287.23090527 15.36  81.287874  59.065492  2.217
 88    51.316 55287.23090592 15.12  81.285784  59.062312  2.217
 89    52.751 55322.23088096 35.52  81.291906  59.062940 34.848
 89    52.765 55322.23088161 32.72  81.289816  59.059770 34.848
 90    54.546 55357.23088059 36.47  81.291992  59.063301 36.320
 90    54.516 55357.23088124 35.87  81.289902  59.060131 36.320
 91    53.417 55392.23088317 50.59  81.296044  59.059445 42.076
 91    53.284 55392.23088382 51.11  81.293954  59.056265 42.076
 92    51.712 55427.23089691 31.74  81.294765  59.062191 29.476
 92    49.991 55427.23089755 27.70  81.292675  59.059011 29.476
 93    51.211 55462.23086246 26.75  81.288791  59.063551 26.297
 93    52.132 55462.23086311 19.61  81.286701  59.060381 26.297
