# NaN NaN NaN ;Mean Elev.(m), Avg Gradient(m/km), RMS Gradient(m/km) - SRTM1     
#  -11.985  -0.314   5.521 ;Mean Elev.(m), Avg Gradient(m/km), RMS Gradient(m/km) - ASTER GDEM
#    3.705  -0.027   1.777 ;Mean Elev.(m), Avg Gradient(m/km), RMS Gradient(m/km) - GMTED2010 
  8     6.558 52498.67797030 26.73  66.094874  66.258524 38.889
  8     5.979 52498.67797094 26.60  66.091624  66.261604 38.889
  8     5.548 52498.67797159 22.56  66.088366  66.264690 30.546
  8     4.970 52498.67797223 22.39  66.085106  66.267780 30.546
  8     5.188 52498.67797288 21.64  66.081856  66.270860 30.546
  8     5.925 52498.67797352 21.71  66.078596  66.273940 30.546
  8     6.541 52498.67797417 22.90  66.075336  66.277020 30.546
  8     6.668 52498.67797481 39.96  66.072076  66.280110 30.546
 10     3.932 52568.67798434 25.67  66.087155  66.253504 11.599
 10     3.502 52568.67798499 27.22  66.083905  66.256584 11.599
 10     3.752 52568.67798563 21.93  66.080645  66.259674 11.599
 10     3.651 52568.67798628 20.19  66.077395  66.262754 11.599
 10     3.122 52568.67798692 21.16  66.074135  66.265834 11.599
 10     4.327 52568.67798757 19.48  66.070875  66.268924 11.599
 10     4.927 52568.67798821 20.92  66.067615  66.272004 11.599
 10     5.333 52568.67798886 21.29  66.064359  66.275089 11.301
 11     3.012 52603.67797543 23.92  66.090961  66.259237  6.382
 11     2.707 52603.67797608 25.84  66.087711  66.262327  6.382
 11     2.835 52603.67797672 27.36  66.084451  66.265407  6.382
 11     2.859 52603.67797737 30.73  66.081201  66.268487  6.382
 11     2.734 52603.67797801 31.40  66.077941  66.271567  6.382
 11     2.782 52603.67797866 29.59  66.074691  66.274657  6.382
 11     2.888 52603.67797930 26.78  66.071431  66.277737  6.382
 13     3.720 52673.67795047 12.94  66.090653  66.259053  2.588
 13     3.528 52673.67795111 12.77  66.087403  66.262133  2.588
 13     3.274 52673.67795176 13.32  66.084143  66.265223  2.588
 13     2.864 52673.67795240 13.83  66.080893  66.268303  2.588
 13     2.678 52673.67795305 13.36  66.077633  66.271383  2.588
 13     3.140 52673.67795369 13.70  66.074373  66.274473  2.588
 13     4.032 52673.67795434 13.68  66.071123  66.277553  2.588
 14     4.152 52708.67796001 10.30  66.086460  66.249915  2.595
 14     3.892 52708.67796066 10.79  66.083200  66.253005  2.595
 14     3.765 52708.67796130 11.23  66.079950  66.256085  2.595
 14     3.508 52708.67796195 11.11  66.076690  66.259165  2.595
 14     3.417 52708.67796259 11.13  66.073440  66.262245  2.595
 14     2.633 52708.67796324 11.68  66.070180  66.265335  2.595
 14     2.139 52708.67796388 11.66  66.066920  66.268415  2.595
 14     2.309 52708.67796453 11.20  66.063660  66.271495  2.595
 14     1.780 52708.67796517 12.18  66.060400  66.274585  2.595
 15     3.908 52743.67799047  8.48  66.089378  66.254617  2.707
 15     3.389 52743.67799111  8.74  66.086128  66.257707  2.707
 15     3.307 52743.67799176  8.26  66.082878  66.260787  2.707
 15     2.503 52743.67799240  9.51  66.079618  66.263867  2.707
 15     3.107 52743.67799305  8.95  66.076358  66.266947  2.707
 15     1.947 52743.67799369 10.69  66.073108  66.270037  2.707
 15     2.134 52743.67799433  9.57  66.069848  66.273117  2.707
 15     1.565 52743.67799498  9.20  66.066588  66.276197  2.707
 17     6.344 52813.67800941 35.58  66.080499  66.247510 27.293
 17     5.955 52813.67801005 32.57  66.077249  66.250590 27.293
 17     6.023 52813.67801070 34.47  66.073989  66.253670 27.293
 17     6.457 52813.67801134 38.71  66.070739  66.256750 27.293
 17     6.353 52813.67801199 43.03  66.067479  66.259840 27.293
 17     6.412 52813.67801263 41.38  66.064219  66.262920 27.293
 17     6.253 52813.67801328 39.59  66.060959  66.266000 27.293
 17     6.194 52813.67801392 40.51  66.057699  66.269090 27.293
 17     6.287 52813.67801457 44.97  66.054439  66.272170 27.293
 19     3.773 52883.67809943 40.49  66.088714  66.253266 20.932
 19     4.025 52883.67810007 38.38  66.085454  66.256346 20.932
 19     4.183 52883.67810072 35.55  66.082204  66.259426 20.932
 19     4.091 52883.67810136 35.51  66.078944  66.262516 20.932
 19     3.531 52883.67810201 35.33  66.075694  66.265596 20.932
 19     3.306 52883.67810265 32.57  66.072434  66.268676 20.932
 19     3.802 52883.67810329 30.50  66.069174  66.271766 20.932
 19     3.572 52883.67810394 31.24  66.065914  66.274846 20.932
 20     2.909 52918.67805667 32.74  66.096038  66.258413 18.067
 20     3.078 52918.67805732 28.69  66.092788  66.261503 18.067
 20     2.547 52918.67805796 29.39  66.089528  66.264583 18.067
 20     2.151 52918.67805861 26.86  66.086278  66.267663 18.067
 20     2.409 52918.67805925 22.92  66.083018  66.270743 18.067
 20     3.296 52918.67805989 20.62  66.079768  66.273833 18.067
 20     5.151 52918.67806054 19.83  66.076508  66.276913 18.067
 20     5.445 52918.67806118 21.44  66.073248  66.279993 18.067
 21    -1.001 52953.67801797 26.11  66.086536  66.249387  7.240
 21    -0.235 52953.67801861 26.82  66.083286  66.252467  7.240
 21     0.287 52953.67801926 27.32  66.080026  66.255547  7.240
 21     0.592 52953.67801990 28.67  66.076766  66.258627  7.240
 21     1.020 52953.67802055 28.62  66.073516  66.261717  7.240
 21     1.001 52953.67802119 31.00  66.070256  66.264797  7.240
 21     1.005 52953.67802184 31.82  66.066996  66.267877  7.240
 21     0.973 52953.67802248 31.41  66.063736  66.270957  7.240
 21     0.861 52953.67802313 30.10  66.060476  66.274047  7.240
 22     4.227 52988.67802750 16.02  66.094206  66.257789  3.324
 22     1.055 52988.67802814 16.67  66.090956  66.260879  3.324
 22     1.503 52988.67802878 17.39  66.087696  66.263959  3.324
 22     1.270 52988.67802943 18.83  66.084446  66.267039  3.324
 22     2.292 52988.67803007 17.13  66.081186  66.270119  3.324
 22     1.451 52988.67803072 17.36  66.077926  66.273209  3.324
 22     1.291 52988.67803136 17.45  66.074666  66.276289  3.324
 22     4.153 52988.67803201 17.21  66.071406  66.279369  3.324
 23     4.497 53023.67801482 10.28  66.099140  66.259023  2.563
 23     3.668 53023.67801547 10.75  66.095890  66.262113  2.563
 23     2.896 53023.67801611 11.92  66.092630  66.265193  2.563
 23     1.757 53023.67801676 12.01  66.089380  66.268273  2.563
 23     2.359 53023.67801740 11.50  66.086120  66.271353  2.563
 23     2.673 53023.67801805 11.27  66.082860  66.274443  2.563
 23     3.591 53023.67801869 11.03  66.079610  66.277523  2.563
 23     3.756 53023.67801934 11.19  66.076350  66.280603  2.563
 24     4.240 53058.67801029 10.52  66.089958  66.258113  2.424
 24     3.641 53058.67801093 10.93  66.086708  66.261193  2.424
 24     3.402 53058.67801158 11.12  66.083448  66.264283  2.424
 24     3.095 53058.67801222 11.06  66.080188  66.267363  2.424
 24     2.976 53058.67801287 11.44  66.076928  66.270443  2.424
 24     3.151 53058.67801351 11.43  66.073678  66.273533  2.424
 24     3.723 53058.67801416 11.73  66.070418  66.276613  2.424
 25     4.348 53093.67804773  8.80  66.092993  66.256175  2.819
 25     3.900 53093.67804838  9.13  66.089733  66.259255  2.819
 25     2.951 53093.67804902  9.66  66.086483  66.262345  2.819
 25     2.374 53093.67804967 10.18  66.083223  66.265425  2.819
 25     2.535 53093.67805031 10.37  66.079973  66.268505  2.819
 25     1.769 53093.67805096 11.04  66.076713  66.271595  2.819
 25     2.822 53093.67805160 10.55  66.073463  66.274675  2.819
 25     1.040 53093.67805225 10.06  66.070203  66.277755  2.819
 26     4.528 53128.67801849  7.59  66.089294  66.251111  2.575
 26     4.410 53128.67801914  7.86  66.086044  66.254201  2.575
 26     4.107 53128.67801978  7.90  66.082784  66.257281  2.575
 26     3.937 53128.67802043  8.08  66.079534  66.260361  2.575
 26     3.067 53128.67802107  8.54  66.076274  66.263451  2.575
 26     2.828 53128.67802172  8.97  66.073014  66.266531  2.575
 26     2.123 53128.67802236  9.25  66.069754  66.269611  2.575
 26     2.265 53128.67802301  9.37  66.066494  66.272701  2.575
 26     2.970 53128.67802365  9.30  66.063234  66.275781  2.575
 28     5.631 53198.67808644 37.82  66.089469  66.254310 28.776
 28     5.606 53198.67808708 33.16  66.086209  66.257390 28.776
 28     5.273 53198.67808773 34.16  66.082959  66.260480 28.776
 28     5.433 53198.67808837 33.89  66.079699  66.263560 28.776
 28     5.462 53198.67808902 34.31  66.076439  66.266640 28.776
 28     5.434 53198.67808966 35.50  66.073189  66.269720 28.776
 28     5.630 53198.67809031 35.54  66.069929  66.272810 28.776
 28     5.764 53198.67809095 38.88  66.066669  66.275890 28.776
 29     5.525 53233.67805916 39.04  66.098843  66.259244 19.171
 29     2.982 53233.67805981 36.63  66.095593  66.262324 19.171
 29     3.277 53233.67806045 29.88  66.092333  66.265414 19.171
 29     2.972 53233.67806110 28.32  66.089083  66.268494 19.171
 29     2.600 53233.67806174 28.08  66.085823  66.271574 19.171
 29     2.585 53233.67806239 26.09  66.082563  66.274664 19.171
 29     2.749 53233.67806303 27.12  66.079303  66.277744 19.171
 29     2.558 53233.67806368 26.58  66.076053  66.280824 19.171
 30     3.251 53268.67802668 36.29  66.102755  66.260054 23.952
 30     3.447 53268.67802733 36.75  66.099505  66.263144 23.952
 30     3.651 53268.67802797 34.27  66.096255  66.266224 23.952
 30     3.238 53268.67802862 31.83  66.092995  66.269304 23.952
 30     2.732 53268.67802926 31.38  66.089745  66.272394 23.952
 30     2.127 53268.67802990 31.42  66.086485  66.275474 23.952
 30     2.483 53268.67803055 30.26  66.083235  66.278554 23.952
 30     2.416 53268.67803119 30.21  66.079975  66.281644 23.952
 31     5.577 53303.67808448 22.97  66.078506  66.249344 20.794
 31     3.212 53303.67808512 25.62  66.075256  66.252424 20.794
 31     2.080 53303.67808577 28.08  66.071996  66.255504 20.794
 31     2.249 53303.67808641 37.93  66.068746  66.258594 20.794
 31     2.228 53303.67808706 50.87  66.065486  66.261674 20.794
 31     2.176 53303.67808770 50.62  66.062226  66.264754 20.794
 31     2.226 53303.67808835 50.16  66.058976  66.267834 20.794
 31     2.277 53303.67808899 50.93  66.055716  66.270924 20.794
 31     2.039 53303.67808964 36.52  66.052456  66.274004 20.794
 32     4.274 53338.67805486 16.22  66.090943  66.257869  3.462
 32     3.258 53338.67805551 16.49  66.087693  66.260959  3.462
 32     2.145 53338.67805615 18.20  66.084433  66.264039  3.462
 32     2.110 53338.67805680 18.81  66.081183  66.267119  3.462
 32     2.030 53338.67805744 18.65  66.077923  66.270199  3.462
 32     1.904 53338.67805809 19.49  66.074663  66.273289  3.462
 32     1.808 53338.67805873 17.53  66.071403  66.276369  3.462
 32     1.706 53338.67805938 17.78  66.068153  66.279449  3.462
 33     4.005 53373.67798777 12.96  66.102876  66.260135  2.613
 33     3.472 53373.67798841 12.76  66.099626  66.263225  2.613
 33     2.361 53373.67798906 13.84  66.096376  66.266305  2.613
 33     2.439 53373.67798970 14.43  66.093116  66.269385  2.613
 33     2.451 53373.67799035 14.23  66.089866  66.272465  2.613
 33     2.429 53373.67799099 14.10  66.086606  66.275555  2.613
 33     2.409 53373.67799163 13.65  66.083346  66.278635  2.613
 33     2.229 53373.67799228 13.75  66.080086  66.281715  2.613
 34     4.654 53408.67802774 11.83  66.088294  66.254030  2.540
 34     3.966 53408.67802838 11.88  66.085034  66.257110  2.540
 34     2.867 53408.67802903 12.56  66.081784  66.260200  2.540
 34     2.160 53408.67802967 13.49  66.078524  66.263280  2.540
 34     2.347 53408.67803031 13.47  66.075264  66.266360  2.540
 34     2.623 53408.67803096 12.59  66.072014  66.269440  2.540
 34     3.676 53408.67803160 12.10  66.068754  66.272530  2.540
 34     3.937 53408.67803225 12.75  66.065494  66.275610  2.540
 35     3.917 53443.67801237  8.82  66.102463  66.259250  2.491
 35     3.142 53443.67801301  9.54  66.099213  66.262330  2.491
 35     2.596 53443.67801366  9.70  66.095963  66.265420  2.491
 35     2.096 53443.67801430 10.62  66.092703  66.268500  2.491
 35     2.098 53443.67801495 10.59  66.089453  66.271580  2.491
 35     2.132 53443.67801559  9.91  66.086193  66.274670  2.491
 35     2.020 53443.67801623  9.70  66.082933  66.277750  2.491
 35     2.699 53443.67801688  9.97  66.079683  66.280830  2.491
 36     4.280 53478.67808694  7.73  66.083426  66.248590  2.617
 36     4.284 53478.67808758  7.62  66.080176  66.251670  2.617
 36     3.580 53478.67808823  8.49  66.076916  66.254750  2.617
 36     3.137 53478.67808887  8.17  66.073666  66.257840  2.617
 36     2.686 53478.67808952  9.09  66.070406  66.260920  2.617
 36     2.408 53478.67809016  9.05  66.067146  66.264000  2.617
 36     2.245 53478.67809081  9.22  66.063896  66.267080  2.617
 36     2.032 53478.67809145  9.17  66.060636  66.270170  2.617
 36     1.300 53478.67809209  9.70  66.057376  66.273250  2.617
 37     6.696 53513.67809676 39.62  66.091109  66.253243 34.216
 37     6.558 53513.67809741 26.03  66.087859  66.256333 34.216
 37     6.054 53513.67809805 24.90  66.084599  66.259413 34.216
 37     5.732 53513.67809869 23.03  66.081349  66.262493 34.216
 37     6.254 53513.67809934 21.74  66.078089  66.265583 34.216
 37     6.495 53513.67809998 22.34  66.074829  66.268663 34.216
 37     6.657 53513.67810063 23.49  66.071569  66.271743 34.216
 37     6.548 53513.67810127 26.11  66.068319  66.274833 34.216
 37     6.601 53513.67810192 37.90  66.065059  66.277913 34.216
 38     5.821 53548.67811527 21.56  66.090356  66.254049 28.773
 38     5.398 53548.67811591 17.76  66.087096  66.257129 28.773
 38     4.707 53548.67811656 17.95  66.083846  66.260209 28.773
 38     4.854 53548.67811720 16.39  66.080586  66.263299 28.773
 38     4.955 53548.67811784 16.22  66.077336  66.266379 28.773
 38     5.268 53548.67811849 16.28  66.074076  66.269459 28.773
 38     5.539 53548.67811913 17.90  66.070816  66.272549 28.773
 38     5.711 53548.67811978 23.99  66.067566  66.275629 28.773
 39     4.104 53583.67808145 45.51  66.091623  66.259769 25.874
 39     4.063 53583.67808209 40.05  66.088373  66.262849 25.874
 39     3.989 53583.67808274 31.95  66.085113  66.265939 25.874
 39     3.648 53583.67808338 31.40  66.081863  66.269019 25.874
 39     3.612 53583.67808403 28.74  66.078603  66.272099 25.874
 39     3.668 53583.67808467 30.45  66.075343  66.275189 25.874
 39     4.095 53583.67808531 38.85  66.072083  66.278269 25.874
 40     3.297 53618.67803746 34.48  66.099966  66.259107 24.163
 40     3.521 53618.67803811 31.49  66.096716  66.262197 24.163
 40     3.627 53618.67803875 30.94  66.093466  66.265277 24.163
 40     3.129 53618.67803940 31.16  66.090206  66.268357 24.163
 40     2.475 53618.67804004 31.34  66.086956  66.271447 24.163
 40     2.280 53618.67804068 29.28  66.083696  66.274527 24.163
 40     2.466 53618.67804133 27.46  66.080436  66.277607 24.163
 40     2.560 53618.67804197 27.70  66.077186  66.280697 24.163
 41     3.736 53653.67805966 34.40  66.085466  66.252809 25.037
 41     3.914 53653.67806031 32.37  66.082206  66.255889 25.037
 41     3.845 53653.67806095 31.31  66.078956  66.258969 25.037
 41     3.158 53653.67806160 30.03  66.075696  66.262059 25.037
 41     2.740 53653.67806224 30.43  66.072436  66.265139 25.037
 41     3.046 53653.67806289 28.43  66.069186  66.268219 25.037
 41     2.345 53653.67806353 28.63  66.065926  66.271309 25.037
 41     1.703 53653.67806418 27.96  66.062666  66.274389 25.037
 42    -4.432 53688.67805785 23.36  66.089921  66.253843  9.407
 42    -3.944 53688.67805849 24.16  66.086661  66.256923  9.407
 42    -3.426 53688.67805914 25.02  66.083411  66.260013  9.407
 42    -3.122 53688.67805978 27.45  66.080151  66.263093  9.407
 42    -3.087 53688.67806043 31.74  66.076901  66.266173  9.407
 42    -3.102 53688.67806107 35.32  66.073641  66.269253  9.407
 42    -3.025 53688.67806172 35.33  66.070381  66.272343  9.407
 42    -3.002 53688.67806236 35.64  66.067131  66.275423  9.407
 43     3.165 53723.67798331 17.47  66.103926  66.259607  3.312
 43     3.295 53723.67798396 18.41  66.100676  66.262697  3.312
 43     1.187 53723.67798460 18.90  66.097426  66.265777  3.312
 43     1.091 53723.67798525 20.39  66.094166  66.268857  3.312
 43     2.365 53723.67798589 19.38  66.090916  66.271947  3.312
 43     2.592 53723.67798654 18.79  66.087656  66.275027  3.312
 43     3.038 53723.67798718 18.70  66.084396  66.278107  3.312
 43     3.607 53723.67798783 19.27  66.081146  66.281197  3.312
 44     4.002 53758.67792156 12.74  66.087528  66.253267  3.112
 44     3.663 53758.67792221 13.10  66.084268  66.256347  3.112
 44     3.098 53758.67792285 14.27  66.081018  66.259427  3.112
 44     1.707 53758.67792349 15.06  66.077758  66.262517  3.112
 44     2.219 53758.67792414 13.96  66.074498  66.265597  3.112
 44     2.922 53758.67792478 13.57  66.071238  66.268677  3.112
 44     3.387 53758.67792543 14.06  66.067978  66.271767  3.112
 44     3.763 53758.67792607 14.01  66.064718  66.274847  3.112
 45     3.749 53793.67794327 11.60  66.096440  66.258125  2.988
 45     3.272 53793.67794392 12.33  66.093190  66.261205  2.988
 45     1.854 53793.67794456 12.39  66.089930  66.264295  2.988
 45     1.772 53793.67794521 12.83  66.086680  66.267375  2.988
 45     2.034 53793.67794585 13.31  66.083420  66.270455  2.988
 45     2.712 53793.67794650 12.78  66.080170  66.273545  2.988
 45     3.041 53793.67794714 12.40  66.076910  66.276625  2.988
 45     3.839 53793.67794779 11.94  66.073650  66.279705  2.988
 46     4.435 53828.67791400  9.34  66.084680  66.249289  2.760
 46     4.301 53828.67791465  9.48  66.081430  66.252379  2.760
 46     3.991 53828.67791529 10.31  66.078170  66.255459  2.760
 46     3.898 53828.67791594  9.89  66.074910  66.258539  2.760
 46     3.553 53828.67791658 10.14  66.071660  66.261629  2.760
 46     3.315 53828.67791723 10.37  66.068400  66.264709  2.760
 46     2.816 53828.67791787 10.47  66.065140  66.267789  2.760
 46     2.051 53828.67791852 11.95  66.061880  66.270869  2.760
 46     3.458 53828.67791916 10.46  66.058620  66.273959  2.760
 47     6.138 53863.67799634  1.63  66.085054  66.249523  3.985
 47     5.747 53863.67799699  1.70  66.081804  66.252603  3.985
 47     5.015 53863.67799763  2.26  66.078544  66.255683  3.985
 47     4.802 53863.67799828  1.86  66.075294  66.258773  3.985
 47     4.406 53863.67799892  2.50  66.072034  66.261853  3.985
 47     3.900 53863.67799957  2.27  66.068774  66.264933  3.985
 47     4.668 53863.67800021  2.28  66.065514  66.268013  3.985
 47     5.430 53863.67800085  2.16  66.062264  66.271103  3.985
 47     5.978 53863.67800150  1.88  66.059004  66.274183  3.985
 48     6.299 53898.67802112 24.15  66.088253  66.253476 34.862
 48    -1.131 53898.67802176 26.60  66.084993  66.256556 34.862
 48    -0.611 53898.67802241 20.91  66.081743  66.259646 34.862
 48     5.556 53898.67802305 15.70  66.078483  66.262726 34.862
 48     4.829 53898.67802369 16.06  66.075223  66.265806 34.862
 48     5.567 53898.67802434 16.41  66.071973  66.268886 34.862
 48     5.848 53898.67802498 16.56  66.068713  66.271976 34.862
 48     6.217 53898.67802563 19.11  66.065453  66.275056 34.862
 49     5.482 53933.67806599 23.73  66.086237  66.249959 23.664
 49     4.940 53933.67806664 21.93  66.082987  66.253039 23.664
 49     4.682 53933.67806728 20.32  66.079727  66.256119 23.664
 49     2.865 53933.67806793 24.76  66.076477  66.259209 23.664
 49     3.381 53933.67806857 22.43  66.073217  66.262289 23.664
 49     3.753 53933.67806922 21.92  66.069967  66.265369 23.664
 49     4.658 53933.67806986 20.21  66.066707  66.268449 23.664
 49     5.131 53933.67807051 17.97  66.063447  66.271539 23.664
 49     5.509 53933.67807115 21.91  66.060187  66.274619 23.664
 50     3.590 53968.67803833 50.61  66.090649  66.254577 31.524
 50     3.594 53968.67803898 51.57  66.087389  66.257657 31.524
 50     3.670 53968.67803962 37.15  66.084139  66.260737 31.524
 50     3.649 53968.67804027 48.07  66.080879  66.263827 31.524
 50     3.577 53968.67804091 41.50  66.077629  66.266907 31.524
 50     3.513 53968.67804156 41.59  66.074369  66.269987 31.524
 50     3.529 53968.67804220 44.08  66.071119  66.273077 31.524
 50     3.652 53968.67804285 45.77  66.067859  66.276157 31.524
 51     3.904 54003.67800839 38.23  66.081182  66.249441 23.036
 51     3.828 54003.67800904 38.49  66.077932  66.252521 23.036
 51     3.883 54003.67800968 37.14  66.074672  66.255601 23.036
 51     4.017 54003.67801033 34.76  66.071412  66.258681 23.036
 51     3.166 54003.67801097 34.28  66.068162  66.261771 23.036
 51     2.380 54003.67801162 34.32  66.064902  66.264851 23.036
 51     1.704 54003.67801226 31.63  66.061642  66.267931 23.036
 51     1.916 54003.67801290 29.68  66.058382  66.271021 23.036
 51     0.999 54003.67801355 29.21  66.055122  66.274101 23.036
 52     0.955 54038.67804341 16.77  66.087790  66.254388  4.958
 52     1.496 54038.67804406 17.77  66.084530  66.257468  4.958
 52     1.989 54038.67804470 18.30  66.081280  66.260548  4.958
 52     2.107 54038.67804535 20.31  66.078020  66.263638  4.958
 52     2.129 54038.67804599 20.41  66.074760  66.266718  4.958
 52     1.917 54038.67804664 22.44  66.071510  66.269798  4.958
 52     1.886 54038.67804728 21.12  66.068250  66.272888  4.958
 52     1.823 54038.67804793 20.37  66.064990  66.275968  4.958
 53     4.620 54073.67803825 10.09  66.091644  66.257381  2.398
 53     4.279 54073.67803890 10.11  66.088394  66.260461  2.398
 53     3.344 54073.67803954 11.38  66.085134  66.263551  2.398
 53     3.027 54073.67804019 11.83  66.081884  66.266631  2.398
 53     3.276 54073.67804083 11.46  66.078624  66.269711  2.398
 53     4.420 54073.67804148 10.99  66.075364  66.272801  2.398
 53     4.794 54073.67804212 10.75  66.072114  66.275881  2.398
 53     5.720 54073.67804277 10.70  66.068854  66.278961  2.398
 54     5.757 54108.67798510 11.12  66.102811  66.259165  2.674
 54     5.041 54108.67798575 11.95  66.099561  66.262255  2.674
 54     3.499 54108.67798639 12.71  66.096311  66.265335  2.674
 54     3.823 54108.67798704 13.17  66.093051  66.268415  2.674
 54     3.549 54108.67798768 12.99  66.089801  66.271505  2.674
 54     3.968 54108.67798833 12.71  66.086541  66.274585  2.674
 54     4.400 54108.67798897 11.96  66.083291  66.277665  2.674
 54     5.171 54108.67798962 11.44  66.080031  66.280755  2.674
 55     6.249 54143.67797387  8.77  66.087435  66.250043  2.134
 55     5.676 54143.67797452  8.85  66.084185  66.253123  2.134
 55     4.768 54143.67797516  9.45  66.080925  66.256203  2.134
 55     4.122 54143.67797581  9.98  66.077675  66.259283  2.134
 55     3.798 54143.67797645 10.59  66.074415  66.262373  2.134
 55     3.612 54143.67797710 10.61  66.071155  66.265453  2.134
 55     4.044 54143.67797774 10.69  66.067895  66.268533  2.134
 55     5.072 54143.67797839  9.49  66.064645  66.271623  2.134
 55     5.810 54143.67797903  9.51  66.061385  66.274703  2.134
 56     4.995 54178.67796949  9.64  66.094769  66.261007  2.238
 56     4.355 54178.67797014  9.34  66.091519  66.264097  2.238
 56     3.983 54178.67797078 10.30  66.088259  66.267177  2.238
 56     3.648 54178.67797143 10.07  66.085009  66.270257  2.238
 56     3.877 54178.67797207 10.42  66.081749  66.273347  2.238
 56     4.549 54178.67797272 10.22  66.078489  66.276427  2.238
 56     5.328 54178.67797336 10.05  66.075229  66.279507  2.238
 57     2.775 54213.67798190 14.17  66.085934  66.252171 17.820
 57     2.195 54213.67798254 15.26  66.082674  66.255251 17.820
 57     1.708 54213.67798319 15.99  66.079424  66.258341 17.820
 57     2.028 54213.67798383 19.23  66.076164  66.261421 17.820
 57     2.413 54213.67798448 21.18  66.072904  66.264501 17.820
 57     3.405 54213.67798512 22.63  66.069654  66.267581 17.820
 57     4.257 54213.67798577 23.66  66.066394  66.270671 17.820
 57     2.112 54213.67798641 30.86  66.063134  66.273751 17.820
 57     5.366 54213.67798706 27.33  66.059874  66.276831 17.820
 58     6.449 54248.67801046 23.48  66.087474  66.253775 25.376
 58     5.938 54248.67801111 21.91  66.084214  66.256855 25.376
 58     5.678 54248.67801175 16.94  66.080964  66.259945 25.376
 58     5.493 54248.67801240 18.67  66.077704  66.263025 25.376
 58     5.453 54248.67801304 19.40  66.074444  66.266105 25.376
 58     6.134 54248.67801369 18.61  66.071194  66.269185 25.376
 58     6.398 54248.67801433 20.46  66.067934  66.272275 25.376
 58     6.481 54248.67801498 23.06  66.064674  66.275355 25.376
 59     6.565 54283.67801912 28.67  66.090476  66.256507 31.344
 59     6.425 54283.67801976 29.42  66.087226  66.259597 31.344
 59     6.766 54283.67802041 43.95  66.083966  66.262677 31.344
 59     6.859 54283.67802105 44.19  66.080716  66.265757 31.344
 59     6.597 54283.67802170 33.45  66.077459  66.268839 36.123
 59     6.829 54283.67802234 37.63  66.074199  66.271929 36.123
 59     6.853 54283.67802299 31.98  66.070939  66.275009 36.123
 59     6.740 54283.67802363 40.36  66.067679  66.278089 36.123
 60     6.225 54318.67801705 26.92  66.090890  66.258112 28.873
 60     5.682 54318.67801769 24.45  66.087640  66.261202 28.873
 60     5.370 54318.67801834 21.03  66.084380  66.264282 28.873
 60     4.731 54318.67801898 21.28  66.081130  66.267362 28.873
 60     5.170 54318.67801962 21.66  66.077870  66.270442 28.873
 60     6.077 54318.67802027 20.99  66.074610  66.273532 28.873
 60     6.620 54318.67802091 22.74  66.071350  66.276612 28.873
 61     6.362 54353.67798124 29.50  66.098144  66.258727 29.874
 61     1.994 54353.67798188 28.18  66.094894  66.261807 29.874
 61     2.952 54353.67798252 27.20  66.091644  66.264897 29.874
 61     4.178 54353.67798317 25.40  66.088384  66.267977 29.874
 61     5.158 54353.67798381 24.08  66.085124  66.271057 29.874
 61     5.461 54353.67798446 22.82  66.081874  66.274147 29.874
 61     5.825 54353.67798510 22.85  66.078614  66.277227 29.874
 61     6.003 54353.67798575 32.66  66.075354  66.280307 29.874
 62     3.135 54388.67795630 31.97  66.090708  66.253889 25.260
 62     4.604 54388.67795694 23.64  66.087448  66.256969 25.260
 62     3.417 54388.67795759 24.58  66.084198  66.260059 25.260
 62     2.962 54388.67795823 25.15  66.080938  66.263139 25.260
 62     2.922 54388.67795888 23.82  66.077678  66.266219 25.260
 62     2.851 54388.67795952 22.38  66.074428  66.269299 25.260
 62     4.907 54388.67796016 20.15  66.071168  66.272389 25.260
 62     5.677 54388.67796081 20.21  66.067908  66.275469 25.260
 63     1.781 54423.67793152 26.77  66.091020  66.260673  8.353
 63     1.742 54423.67793217 29.48  66.087760  66.263753  8.353
 63     1.959 54423.67793281 35.67  66.084510  66.266833  8.353
 63     1.982 54423.67793346 35.92  66.081250  66.269923  8.353
 63     1.718 54423.67793410 33.23  66.078000  66.273003  8.353
 63     1.769 54423.67793475 31.18  66.074740  66.276083  8.353
 63     1.612 54423.67793539 28.31  66.071480  66.279163  8.353
 64     4.985 54458.67793050 14.61  66.086543  66.249685  2.773
 64     4.387 54458.67793114 14.84  66.083293  66.252765  2.773
 64     3.813 54458.67793179 15.39  66.080033  66.255845  2.773
 64     3.103 54458.67793243 16.22  66.076783  66.258925  2.773
 64     2.142 54458.67793307 16.25  66.073523  66.262015  2.773
 64     2.363 54458.67793372 15.92  66.070263  66.265095  2.773
 64     2.477 54458.67793436 16.12  66.067003  66.268175  2.773
 64     3.278 54458.67793501 15.93  66.063743  66.271265  2.773
 64     4.415 54458.67793565 15.20  66.060493  66.274345  2.773
 65     4.253 54493.67793487 13.36  66.095165  66.257816  2.608
 65     3.336 54493.67793551 13.64  66.091915  66.260906  2.608
 65     2.894 54493.67793616 13.70  66.088655  66.263986  2.608
 65     2.514 54493.67793680 14.29  66.085405  66.267066  2.608
 65     2.535 54493.67793745 14.59  66.082145  66.270146  2.608
 65     2.743 54493.67793809 13.96  66.078895  66.273236  2.608
 65     3.634 54493.67793874 14.46  66.075635  66.276316  2.608
 65     4.297 54493.67793938 13.85  66.072375  66.279396  2.608
 66     4.405 54528.67794374 12.10  66.088779  66.252787  2.449
 66     4.044 54528.67794438 12.65  66.085519  66.255867  2.449
 66     3.493 54528.67794503 13.13  66.082269  66.258947  2.449
 66     3.078 54528.67794567 13.00  66.079009  66.262027  2.449
 66     2.793 54528.67794632 13.58  66.075759  66.265117  2.449
 66     2.921 54528.67794696 13.01  66.072499  66.268197  2.449
 66     2.845 54528.67794761 13.56  66.069239  66.271277  2.449
 66     3.728 54528.67794825 12.61  66.065979  66.274367  2.449
 66     4.401 54528.67794890 12.77  66.062719  66.277447  2.449
 67     5.164 54563.67794224  7.84  66.098475  66.258292  2.314
 67     4.275 54563.67794288  8.11  66.095225  66.261372  2.314
 67     3.652 54563.67794352  8.30  66.091965  66.264462  2.314
 67     3.123 54563.67794417  9.41  66.088715  66.267542  2.314
 67     3.086 54563.67794481  8.46  66.085455  66.270622  2.314
 67     2.823 54563.67794546  9.91  66.082195  66.273712  2.314
 67     3.763 54563.67794610  8.68  66.078945  66.276792  2.314
 67     4.590 54563.67794675  8.90  66.075685  66.279872  2.314
 68     2.470 54598.67793976 18.39  66.089728  66.254373  9.650
 68     2.796 54598.67794040 20.67  66.086478  66.257453  9.650
 68     3.074 54598.67794105 27.60  66.083218  66.260533  9.650
 68     3.121 54598.67794169 29.22  66.079958  66.263613  9.650
 68     2.963 54598.67794234 25.87  66.076708  66.266703  9.650
 68     2.694 54598.67794298 21.57  66.073448  66.269783  9.650
 68     2.958 54598.67794363 19.35  66.070188  66.272863  9.650
 68     3.338 54598.67794427 19.05  66.066928  66.275953  9.650
 69     6.270 54633.67795256 28.01  66.088950  66.254541 23.419
 69     5.801 54633.67795320 28.58  66.085700  66.257621 23.419
 69     5.420 54633.67795384 29.92  66.082440  66.260701 23.419
 69     5.506 54633.67795449 31.66  66.079180  66.263781 23.419
 69     5.772 54633.67795513 32.77  66.075930  66.266871 23.419
 69     6.026 54633.67795578 34.02  66.072670  66.269951 23.419
 69     6.119 54633.67795642 36.25  66.069410  66.273031 23.419
 69     6.332 54633.67795707 35.42  66.066150  66.276121 23.419
 70     5.547 54668.67795806 24.16  66.089175  66.256723 32.331
 70     4.554 54668.67795871 23.52  66.085915  66.259803 32.331
 70     4.439 54668.67795935 20.76  66.082665  66.262893 32.331
 70     4.137 54668.67796000 20.38  66.079405  66.265973 32.331
 70     4.584 54668.67796064 18.27  66.076145  66.269053 32.331
 70     5.169 54668.67796129 17.29  66.072895  66.272133 32.331
 70     5.627 54668.67796193 18.61  66.069635  66.275223 32.331
 70     5.710 54668.67796258 29.40  66.066375  66.278303 32.331
 71     3.139 54703.67792303 42.15  66.096794  66.259322 24.448
 71     3.072 54703.67792368 40.62  66.093534  66.262402 24.448
 71     3.297 54703.67792432 33.87  66.090284  66.265492 24.448
 71     3.344 54703.67792497 30.18  66.087024  66.268572 24.448
 71     2.782 54703.67792561 29.09  66.083774  66.271652 24.448
 71     2.355 54703.67792626 30.14  66.080514  66.274742 24.448
 71     2.776 54703.67792690 28.53  66.077254  66.277822 24.448
 71     3.058 54703.67792754 27.45  66.073994  66.280902 24.448
 72     3.744 54738.67791869 32.28  66.088115  66.249732 24.295
 72     3.784 54738.67791934 34.15  66.084865  66.252812 24.295
 72     3.902 54738.67791998 31.82  66.081605  66.255902 24.295
 72     3.781 54738.67792063 31.58  66.078355  66.258982 24.295
 72     3.311 54738.67792127 31.34  66.075095  66.262062 24.295
 72     2.808 54738.67792192 31.01  66.071835  66.265152 24.295
 72     2.827 54738.67792256 29.02  66.068585  66.268232 24.295
 72     2.462 54738.67792320 29.59  66.065325  66.271312 24.295
 72     3.013 54738.67792385 27.27  66.062065  66.274402 24.295
 73     2.926 54773.67790422 28.74  66.092350  66.260287 14.866
 73     2.428 54773.67790486 33.61  66.089100  66.263377 14.866
 73     2.539 54773.67790551 47.45  66.085840  66.266457 14.866
 73     2.379 54773.67790615 47.47  66.082590  66.269537 14.866
 73     2.445 54773.67790680 47.13  66.079330  66.272617 14.866
 73     2.501 54773.67790744 41.61  66.076080  66.275707 14.866
 73     2.406 54773.67790809 44.81  66.072820  66.278787 14.866
 74     3.945 54808.67791268 18.16  66.082506  66.251547  4.050
 74     3.544 54808.67791332 18.29  66.079246  66.254627  4.050
 74     3.293 54808.67791397 18.64  66.075996  66.257707  4.050
 74     2.577 54808.67791461 19.42  66.072736  66.260787  4.050
 74     2.045 54808.67791526 20.05  66.069476  66.263877  4.050
 74     2.003 54808.67791590 19.20  66.066226  66.266957  4.050
 74     1.763 54808.67791655 19.90  66.062966  66.270037  4.050
 74     1.690 54808.67791719 18.86  66.059706  66.273127  4.050
 75     4.241 54843.67790160 11.68  66.092827  66.257536  2.451
 75     3.926 54843.67790224 12.23  66.089567  66.260616  2.451
 75     3.434 54843.67790289 12.17  66.086317  66.263696  2.451
 75     3.126 54843.67790353 13.17  66.083057  66.266786  2.451
 75     2.801 54843.67790418 13.03  66.079807  66.269866  2.451
 75     2.910 54843.67790482 13.31  66.076547  66.272946  2.451
 75     3.480 54843.67790547 12.32  66.073287  66.276036  2.451
 75     4.242 54843.67790611 12.08  66.070027  66.279116  2.451
 76     4.548 54878.67791560  9.66  66.087686  66.252634  2.288
 76     4.346 54878.67791624  9.92  66.084436  66.255714  2.288
 76     4.065 54878.67791689  9.88  66.081176  66.258794  2.288
 76     3.610 54878.67791753 10.45  66.077926  66.261874  2.288
 76     3.380 54878.67791818 10.17  66.074666  66.264964  2.288
 76     2.853 54878.67791882 10.76  66.071406  66.268044  2.288
 76     2.903 54878.67791947 10.40  66.068146  66.271124  2.288
 76     3.243 54878.67792011 10.70  66.064896  66.274214  2.288
 76     5.259 54878.67792076  9.71  66.061636  66.277294  2.288
 77     4.881 54913.67790581  9.25  66.096069  66.258475  2.232
 77     4.556 54913.67790646  9.33  66.092819  66.261555  2.232
 77     3.980 54913.67790710  9.76  66.089559  66.264635  2.232
 77     3.507 54913.67790775 10.24  66.086309  66.267725  2.232
 77     3.209 54913.67790839 10.35  66.083049  66.270805  2.232
 77     2.863 54913.67790904 10.35  66.079789  66.273885  2.232
 77     3.953 54913.67790968 10.04  66.076539  66.276975  2.232
 77     4.712 54913.67791033 10.09  66.073279  66.280055  2.232
 78     5.141 54948.67790796  5.20  66.088195  66.251530  2.173
 78     4.491 54948.67790861  5.27  66.084935  66.254610  2.173
 78     4.122 54948.67790925  5.54  66.081685  66.257700  2.173
 78     3.636 54948.67790990  5.52  66.078425  66.260780  2.173
 78     3.724 54948.67791054  6.19  66.075165  66.263860  2.173
 78     3.924 54948.67791119  6.98  66.071915  66.266950  2.173
 78     4.587 54948.67791183  6.37  66.068655  66.270030  2.173
 78     5.309 54948.67791248  6.19  66.065393  66.273109  1.920
 78     5.649 54948.67791312  5.86  66.062133  66.276199  1.920
 79     6.751 54983.67793353 35.30  66.088905  66.253671 27.419
 79     6.741 54983.67793417 35.52  66.085655  66.256751 27.419
 79     6.688 54983.67793481 32.85  66.082395  66.259831 27.419
 79     6.558 54983.67793546 31.10  66.079135  66.262911 27.419
 79     6.226 54983.67793610 30.05  66.075885  66.266001 27.419
 79     6.130 54983.67793675 29.19  66.072625  66.269081 27.419
 79     6.196 54983.67793739 28.46  66.069365  66.272171 27.419
 79     6.539 54983.67793804 28.05  66.066105  66.275251 27.419
 80     5.684 55018.67793110 24.66  66.089740  66.256971 26.006
 80     5.132 55018.67793175 21.77  66.086480  66.260051 26.006
 80     4.867 55018.67793239 19.93  66.083230  66.263131 26.006
 80     4.675 55018.67793304 19.30  66.079970  66.266221 26.006
 80     5.187 55018.67793368 18.60  66.076710  66.269301 26.006
 80     5.402 55018.67793433 18.43  66.073450  66.272381 26.006
 80     5.743 55018.67793497 19.45  66.070200  66.275471 26.006
 80     5.940 55018.67793561 26.25  66.066940  66.278551 26.006
 81     4.131 55053.67792717 34.25  66.091857  66.257803 26.774
 81     4.280 55053.67792782 37.11  66.088597  66.260883 26.774
 81     4.127 55053.67792846 36.12  66.085347  66.263963 26.774
 81     3.958 55053.67792911 32.14  66.082087  66.267053 26.774
 81     3.416 55053.67792975 28.06  66.078827  66.270133 26.774
 81     3.484 55053.67793040 26.78  66.075577  66.273223 26.774
 81     3.694 55053.67793104 26.31  66.072317  66.276303 26.774
 81     5.590 55053.67793169 23.43  66.069057  66.279383 26.774
 82     3.027 55088.67788864 35.78  66.097164  66.259050 24.469
 82     3.009 55088.67788929 35.41  66.093904  66.262130 24.469
 82     2.624 55088.67788993 42.62  66.090654  66.265220 24.469
 82     2.409 55088.67789058 45.05  66.087404  66.268300 24.469
 82     2.435 55088.67789122 43.00  66.084144  66.271380 24.469
 82     2.453 55088.67789187 45.17  66.080884  66.274470 24.469
 82     2.450 55088.67789251 48.13  66.077634  66.277550 24.469
 82     2.473 55088.67789316 44.83  66.074374  66.280630 24.469
 83     3.939 55123.67786270 29.46  66.088568  66.252802 21.450
 83     3.516 55123.67786335 27.73  66.085318  66.255882 21.450
 83     3.041 55123.67786399 26.92  66.082058  66.258962 21.450
 83     2.463 55123.67786464 26.21  66.078798  66.262042 21.450
 83     1.995 55123.67786528 28.19  66.075548  66.265132 21.450
 83     3.182 55123.67786593 25.43  66.072288  66.268212 21.450
 83     4.372 55123.67786657 22.71  66.069028  66.271292 21.450
 83     5.458 55123.67786722 22.70  66.065768  66.274382 21.450
 83     5.672 55123.67786786 29.92  66.062508  66.277462 21.450
 84     3.786 55158.67784948 19.09  66.092477  66.258737  3.863
 84     1.383 55158.67785012 19.92  66.089217  66.261817  3.863
 84     1.636 55158.67785077 20.17  66.085967  66.264897  3.863
 84     1.616 55158.67785141 21.07  66.082707  66.267987  3.863
 84     1.697 55158.67785206 27.66  66.079457  66.271067  3.863
 84     1.597 55158.67785270 29.40  66.076197  66.274157  3.863
 84     1.370 55158.67785334 21.19  66.072937  66.277237  3.863
 85     4.764 55193.67785234 11.14  66.084866  66.249961  2.729
 85     3.952 55193.67785299 11.87  66.081616  66.253041  2.729
 85     3.857 55193.67785363 11.63  66.078356  66.256131  2.729
 85     2.767 55193.67785427 11.70  66.075106  66.259211  2.729
 85     2.065 55193.67785492 12.62  66.071846  66.262291  2.729
 85     2.098 55193.67785556 13.20  66.068586  66.265381  2.729
 85     1.877 55193.67785621 13.06  66.065326  66.268461  2.729
 85     2.385 55193.67785685 12.22  66.062076  66.271541  2.729
 85     3.876 55193.67785750 11.95  66.058816  66.274631  2.729
 86     3.152 55228.67785166  9.49  66.092598  66.260741  2.456
 86     2.554 55228.67785230 10.14  66.089338  66.263821  2.456
 86     2.027 55228.67785295 10.34  66.086088  66.266911  2.456
 86     2.056 55228.67785359 10.21  66.082828  66.269991  2.456
 86     2.410 55228.67785424  9.86  66.079568  66.273071  2.456
 86     2.998 55228.67785488 10.25  66.076318  66.276161  2.456
 86     3.291 55228.67785553 10.60  66.073058  66.279241  2.456
 87     4.646 55263.67784796  9.24  66.091175  66.253134  2.185
 87     4.010 55263.67784861  9.35  66.087925  66.256214  2.185
 87     3.433 55263.67784925  9.60  66.084665  66.259294  2.185
 87     2.850 55263.67784990  9.66  66.081415  66.262374  2.185
 87     2.793 55263.67785054  9.98  66.078155  66.265464  2.185
 87     2.975 55263.67785119  9.94  66.074895  66.268544  2.185
 87     3.048 55263.67785183  9.77  66.071645  66.271624  2.185
 87     3.441 55263.67785248 10.02  66.068385  66.274714  2.185
 87     1.562 55263.67785312 10.10  66.065125  66.277794  2.185
 88     4.825 55298.67783467 11.29  66.097596  66.258483  2.087
 88     4.513 55298.67783532 11.29  66.094346  66.261563  2.087
 88     3.686 55298.67783596 11.78  66.091086  66.264653  2.087
 88     3.844 55298.67783661 11.83  66.087836  66.267733  2.087
 88     3.313 55298.67783725 12.21  66.084576  66.270813  2.087
 88     3.860 55298.67783790 11.46  66.081316  66.273903  2.087
 88     5.160 55298.67783854 11.53  66.078066  66.276983  2.087
 88     5.365 55298.67783919 11.93  66.074806  66.280063  2.087
 89     5.666 55333.67782719 48.75  66.089179  66.257606 36.794
 89     5.219 55333.67782783 24.05  66.085919  66.260686 36.794
 89     4.947 55333.67782847 23.95  66.082669  66.263776 36.794
 89     4.816 55333.67782912 20.83  66.079409  66.266856 36.794
 89     5.416 55333.67782976 19.68  66.076149  66.269936 36.794
 89     5.561 55333.67783041 21.19  66.072889  66.273026 36.794
 89     5.665 55333.67783105 39.72  66.069639  66.276106 36.794
 90     5.314 55368.67781836 22.87  66.092309  66.257080 29.234
 90     4.763 55368.67781901 19.21  66.089049  66.260160 29.234
 90     4.811 55368.67781965 15.47  66.085799  66.263240 29.234
 90     4.888 55368.67782030 14.29  66.082539  66.266330 29.234
 90     5.097 55368.67782094 13.92  66.079289  66.269410 29.234
 90     5.269 55368.67782159 14.96  66.076029  66.272490 29.234
 90     5.710 55368.67782223 17.91  66.072769  66.275580 29.234
 90     5.939 55368.67782288 24.58  66.069509  66.278660 29.234
 91     5.025 55403.67783350 29.06  66.088243  66.250494 28.207
 91     4.851 55403.67783414 25.49  66.084993  66.253584 28.207
 91     4.250 55403.67783479 25.38  66.081733  66.256664 28.207
 91     2.420 55403.67783543 26.50  66.078483  66.259744 28.207
 91     3.184 55403.67783607 29.04  66.075223  66.262824 28.207
 91     3.677 55403.67783672 27.38  66.071963  66.265914 28.207
 91     4.409 55403.67783736 26.36  66.068713  66.268994 28.207
 91     4.702 55403.67783801 27.03  66.065453  66.272074 28.207
 91     4.954 55403.67783865 26.19  66.062193  66.275164 28.207
 92     3.467 55438.67783686 35.49  66.092935  66.258649 25.055
 92     3.486 55438.67783750 33.18  66.089675  66.261729 25.055
 92     3.665 55438.67783815 27.16  66.086425  66.264819 25.055
 92     3.633 55438.67783879 25.83  66.083165  66.267899 25.055
 92     3.140 55438.67783944 25.45  66.079905  66.270979 25.055
 92     3.189 55438.67784008 23.46  66.076655  66.274059 25.055
 92     3.358 55438.67784073 23.65  66.073395  66.277149 25.055
 93     3.127 55473.67778445 37.12  66.097755  66.261116 23.608
 93     3.667 55473.67778509 35.14  66.094495  66.264196 23.608
 93     3.398 55473.67778574 32.08  66.091245  66.267286 23.608
 93     2.799 55473.67778638 31.54  66.087985  66.270366 23.608
 93     2.304 55473.67778703 30.12  66.084735  66.273446 23.608
 93     1.839 55473.67778767 31.18  66.081475  66.276536 23.608
 93     2.333 55473.67778832 29.29  66.078215  66.279616 23.608
