# NaN NaN NaN ;Mean Elev.(m), Avg Gradient(m/km), RMS Gradient(m/km) - SRTM1     
#   -4.765  -0.015   2.418 ;Mean Elev.(m), Avg Gradient(m/km), RMS Gradient(m/km) - ASTER GDEM
#    2.623  -0.715   2.423 ;Mean Elev.(m), Avg Gradient(m/km), RMS Gradient(m/km) - GMTED2010 
  7  65.563815  63.894947    14.201    14.248  5 52475.28395583 29.253
  8  65.562961  63.891617    13.843    13.899  4 52510.28391428 32.381
 10  65.562727  63.886197    12.191    12.191  2 52580.28395600 27.715
 11  65.566389  63.907498     8.291     8.289  9 52615.28392048 25.144
 13  65.563309  63.891700    11.804    11.869  4 52685.28388777  9.536
 14  65.561755  63.886649    11.985    11.941  3 52720.28394021 10.289
 15  65.566420  63.915400    12.069    12.106 10 52755.28395887  6.144
 19  65.563851  63.894936     8.627     7.772  5 52895.28405741 34.796
 20  65.566979  63.912058     8.582     7.850 10 52930.28400315 23.927
 22  65.561715  63.896330     7.034     7.051  5 53000.28403174 17.540
 23  65.566875  63.909068     7.426     6.921  9 53035.28397856 13.413
 24  65.563418  63.886729    12.596    12.596  2 53070.28400196 13.625
 25  65.566471  63.913791    12.703    12.776 10 53105.28397923  8.288
 26  65.565314  63.881772     9.076     9.076  2 53140.28400895 34.896
 27  65.562703  63.885729    13.091    13.092  3 53175.28404207 32.723
 28  65.563244  63.893307    12.393    12.272  5 53210.28405878 24.392
 29  65.563165  63.893748     9.549     9.935  5 53245.28402664 34.797
 31  65.564224  63.886229     9.082     9.082  2 53315.28402766 40.234
 32  65.563249  63.890015     8.867     8.884  4 53350.28399273 22.714
 34  65.565211  63.882526     7.244     7.244  2 53420.28397876 11.130
 36  65.563543  63.895004     8.580     8.575  5 53490.28406731 36.482
 37  65.563462  63.884198    13.048    13.048  2 53525.28405370 31.508
 38  65.562764  63.900304    12.540    12.559  7 53560.28407851 28.054
 39  65.563850  63.893459    12.345    12.398  5 53595.28401801 21.403
 41  65.563510  63.891448    10.760    11.677  4 53665.28403531 23.723
 42  65.562742  63.891530     7.984     8.017  5 53700.28398961 31.155
 45  65.562827  63.894758    12.947    12.939  6 53805.28389297 12.132
 47  65.565367  63.884597    11.359    11.359  2 53875.28396147 43.797
 49  65.563604  63.901957    12.221    12.221  7 53945.28402540 46.823
 50  65.563821  63.902223    11.036    11.046  8 53980.28397255 20.604
 54  65.566572  63.913352    12.143    12.177 10 54120.28391024 13.592
 56  65.564671  63.905299    13.486    13.478  9 54190.28390859 10.142
 57  65.562962  63.885369    12.351    12.351  2 54225.28395685 36.323
 58  65.561980  63.885814    13.884    13.884  2 54260.28397714 53.171
 59  65.563114  63.887616    14.218    14.202  3 54295.28398077 31.643
 60  65.564250  63.893784    14.019    14.004  5 54330.28397234 34.956
 61  65.565135  63.905931    12.359    12.468  9 54365.28391477 22.935
 62  65.563172  63.886206    12.237    12.237  2 54400.28391529 25.836
 63  65.561659  63.897503     7.978     7.981  6 54435.28387076 21.859
 64  65.565653  63.880394    12.132    12.132  2 54470.28389994 12.219
 65  65.562426  63.898569    12.359    12.313  6 54505.28388435 11.676
 66  65.561823  63.886030    12.290    12.353  3 54540.28391402  8.786
 67  65.563111  63.900663    13.281    13.374  7 54575.28388486  6.999
 68  65.563180  63.888613    12.918    12.920  3 54610.28390555 31.143
 69  65.562704  63.889830    13.341    13.345  3 54645.28391309 27.293
 70  65.561530  63.889460    12.602    12.552  4 54680.28391441 23.412
 71  65.564911  63.903879     9.173     8.911  7 54715.28386220 29.580
 72  65.563688  63.884402    12.012    11.802  3 54750.28388602 20.304
 73  65.563389  63.896228     9.012     8.997  5 54785.28385261 49.341
 74  65.564786  63.883709    11.052    11.052  2 54820.28387901 12.217
 75  65.563199  63.894690    11.409    11.546  6 54855.28384925 10.555
 76  65.563025  63.892044    12.059    12.093  5 54890.28388190  9.422
 77  65.566032  63.909525    13.002    13.049  9 54925.28384550  7.872
 78  65.562703  63.884575    10.566    10.566  2 54960.28388097 44.551
 79  65.563265  63.892648    13.130    13.115  4 54995.28390134 28.752
 80  65.561582  63.889604    12.594    12.427  4 55030.28389181 24.547
 81  65.563240  63.892684    12.578    12.612  5 55065.28388167 23.984
 82  65.566125  63.910993     9.252     8.947 10 55100.28382141 22.958
 83  65.562315  63.883423     8.009     8.009  2 55135.28382874 32.754
 84  65.561235  63.895529     8.068     8.061  5 55170.28378988 19.430
 85  65.564354  63.885217     7.476     7.476  2 55205.28382147 12.666
 86  65.563843  63.902136     8.407     7.756  8 55240.28379503 12.520
 87  65.564032  63.894145    11.931    12.050  6 55275.28381386 12.113
 88  65.564318  63.902246     7.388     7.366  7 55310.28377859 38.088
 89  65.563498  63.889001    12.520    12.536  3 55345.28378346 30.456
 90  65.562240  63.893969    12.541    12.536  5 55380.28377621 32.143
 91  65.563670  63.882336    11.917    11.917  2 55415.28380425 22.580
 92  65.563297  63.895179    10.872    10.688  5 55450.28378771 26.972
 93  65.564875  63.907295    10.904    11.131  9 55485.28371055 23.578
