-186643.381    28.609     0.00    6.15
-186273.231    27.217    -3.76    5.89
-185903.164    24.786    -6.57    5.99
-185533.178    22.720    -5.58    5.40
-185163.274    22.420    -0.81    4.81
-184793.451    22.081    -0.92    4.73
-184423.710    21.720    -0.98    5.20
-184054.051    21.490    -0.62    5.33
-183684.472    21.416    -0.20    5.11
-183314.976    21.745     0.89    4.77
-182945.560    23.434     4.57    4.20
-182576.226    23.378    -0.15    3.95
-182206.973    21.370    -5.44    4.62
-181837.801    19.410    -5.31    4.47
-181468.710    18.429    -2.66    3.76
-181099.701    19.109     1.84    3.99
-180730.772    19.574     1.26    4.06
-180361.924    19.347    -0.62    5.15
-179993.158    19.677     0.90    5.66
-179624.472    20.059     1.04    5.52
-179255.866    19.677    -1.04    4.84
-178887.342    19.890     0.58    4.31
-178518.898    20.420     1.44    4.48
-178150.535    21.969     4.21    5.46
-177782.253    22.703     1.99    5.89
-177414.050    23.075     1.01    6.36
-177045.929    23.088     0.04    5.27
-176677.888    21.980    -3.01    4.19
-176309.927    21.376    -1.64    3.55
-175942.047    21.470     0.25    3.78
-175574.246    21.929     1.25    4.36
-175206.527    24.300     6.45    5.42
-174838.887    25.781     4.03    5.63
-174471.327    27.570     4.87    5.28
-174103.847    30.646     8.37    5.34
-173736.448    31.610     2.62    5.51
-173369.128    30.450    -3.16    5.15
-173001.889    29.909    -1.47    5.18
-172634.729    28.540    -3.73    5.92
-172267.649    26.011    -6.89    5.10
-171900.648    24.750    -3.44    4.39
-171533.728    25.162     1.12    5.02
-171166.887    27.000     5.01    6.83
-170800.125    27.554     1.51    7.17
-170433.443    30.848     8.98    7.91
-170066.841    31.644     2.17    7.92
-169700.318    31.011    -1.73    8.02
-169333.875    33.657     7.22    7.07
-168967.510    33.895     0.65    5.90
-168601.226    32.200    -4.63    6.26
-168235.020    30.500    -4.64    7.90
-167868.893    26.970    -9.64    7.25
-167502.846    27.245     0.75    7.73
-167136.878    27.463     0.60    7.44
-166770.989    27.970     1.39    6.23
-166405.178    26.737    -3.37    6.07
-166039.447    23.284    -9.44    6.02
-165673.795    20.040    -8.87    6.25
-165308.221    17.402    -7.22    5.50
-164942.726    16.160    -3.40    4.03
-164577.310    15.576    -1.60    3.04
-164211.973    16.600     2.80    3.28
-163846.714    17.485     2.42    3.60
-163481.534    18.677     3.27    4.36
-163116.432    19.204     1.44    5.56
-162751.051    18.657    -1.50    5.35
-162369.519    17.960    -1.82    6.46
-161988.074    16.857    -2.89    6.14
-161606.716    17.225     0.97    5.44
-161225.445    19.111     4.95    5.85
-160844.261    23.673    11.97    5.93
-160463.165    29.276    14.70    6.36
-160082.155    33.137    10.14    6.07
-159701.232    36.806     9.63    5.22
-159320.395    38.980     5.71    5.17
-158939.646    39.691     1.87    5.87
-158558.983    38.951    -1.94    6.53
-158178.407    38.704    -0.65    6.72
-157797.918    38.337    -0.97    5.93
-157417.515    35.633    -7.11    4.77
-157037.198    34.529    -2.90    4.91
-156656.968    34.673     0.38    5.33
-156276.824    34.900     0.60    6.06
-155896.767    34.051    -2.23    7.14
-155516.796    32.667    -3.64    8.72
-155136.911    30.247    -6.37    7.83
-154757.112    30.677     1.13    8.08
-154377.399    32.237     4.11    7.17
-153997.772    34.892     6.99    6.76
-153618.231    36.510     4.26    7.71
-153238.776    36.802     0.77    8.94
-152859.407    39.474     7.04    9.49
-152480.124    42.832     8.85    7.93
-152100.926    44.376     4.07    6.05
-151721.814    43.376    -2.64    6.20
-151342.788    41.548    -4.82    5.48
-150963.847    40.900    -1.71    4.86
-150584.991    38.172    -7.20    5.18
-150206.222    35.683    -6.57    5.16
-149827.537    35.793     0.29    5.90
-149448.938    39.556     9.94    6.93
-149070.424    42.372     7.44    6.23
-148691.995    43.140     2.03    4.78
-148313.651    39.688    -9.12    7.08
-147935.393    34.673   -13.26    7.79
-147557.219    30.656   -10.62    6.96
-147179.131    26.808   -10.18    5.54
-146801.127    27.677     2.30    6.69
-146423.209    30.780     8.21    7.52
-146045.375    32.812     5.38    7.01
-145667.626    34.735     5.09    4.99
-145289.961    34.929     0.51    4.29
-144912.381    35.270     0.90    4.43
-144534.886    35.479     0.55    4.62
-144157.475    36.616     3.01    4.54
-143780.149    38.735     5.62    4.90
-143402.907    40.720     5.26    5.48
-143025.750    41.960     3.29    5.10
-142648.677    41.242    -1.90    4.70
-142271.688    39.828    -3.75    4.20
-141894.783    38.837    -2.63    4.45
-141517.963    38.418    -1.11    4.22
-141141.226    38.320    -0.26    3.84
-140764.574    38.140    -0.48    4.02
-140388.005    38.124    -0.04    4.08
-140011.521    38.626     1.33    4.06
-139635.120    39.098     1.25    3.85
-139258.803    37.080    -5.36    4.54
-138882.570    35.234    -4.91    3.51
-138506.421    36.000     2.04    4.08
-138130.355    37.500     3.99    4.39
-137754.373    38.687     3.16    4.04
-137378.474    39.677     2.63    4.19
-137002.659    40.280     1.60    4.76
-136626.927    40.918     1.70    4.86
-136251.279    41.714     2.12    4.38
-135875.714    40.143    -4.18    4.57
-135500.232    38.859    -3.42    5.19
-135124.833    37.470    -3.70    4.71
-134749.518    36.354    -2.97    3.57
-134374.286    37.354     2.66    3.65
-133999.136    37.949     1.59    3.34
-133624.070    37.276    -1.80    3.71
-133249.087    36.105    -3.12    3.99
-132874.186    34.780    -3.54    4.41
-132499.368    34.589    -0.51    4.88
-132124.634    34.810     0.59    7.06
-131749.981    33.011    -4.80    8.60
-131375.412    29.939    -8.20    9.00
-131000.925    28.602    -3.57    9.07
-130626.520    26.560    -5.45    8.01
-130252.199    26.505    -0.15    7.24
-129877.959    28.660     5.76    7.05
-129503.802    31.412     7.36    7.42
-129129.727    35.980    12.21    6.52
-128755.735    38.131     5.75    4.34
-128381.825    39.440     3.50    3.33
-128007.997    39.289    -0.40    3.16
-127634.251    37.000    -6.12    4.92
-127260.587    35.267    -4.64    5.74
-126887.005    34.274    -2.66    5.56
-126513.505    34.434     0.43    5.44
-126140.087    35.109     1.81    5.13
-125766.751    37.140     5.44    4.63
-125393.497    37.723     1.56    4.98
-125020.325    38.245     1.40    5.08
-124647.234    38.585     0.91    4.19
-124274.225    40.112     4.09    5.47
-123901.297    41.402     3.46    5.69
-123528.451    41.653     0.67    6.46
-123155.686    43.550     5.09   10.54
-122783.003    42.421    -3.03   15.47
-122410.402    41.939    -1.29   17.19
-122037.881    40.165    -4.76   17.71
-121665.442    38.878    -3.46   15.38
-121293.084    38.147    -1.96   12.20
-120920.807    39.720     4.22   10.26
-120548.612    42.435     7.29    8.85
-120176.497    44.670     6.01   10.20
-119804.464    46.516     4.96   10.08
-119432.511    47.660     3.08    8.19
-119060.639    48.010     0.94    6.12
-118688.849    46.980    -2.77    5.25
-118317.139    45.439    -4.15    5.04
-117945.509    42.312    -8.41    7.46
-117573.961    39.717    -6.99    8.39
-117202.493    37.289    -6.54    7.09
-116831.106    36.939    -0.94    6.16
-116459.799    39.839     7.81    6.28
-116088.573    41.730     5.10    6.12
-115717.427    42.543     2.19    6.90
-115346.361    42.838     0.79    6.22
-114975.376    41.926    -2.46    6.23
-114604.471    41.847    -0.21    6.63
-114233.647    42.677     2.24    5.79
-113862.902    43.526     2.29    5.16
-113492.238    42.535    -2.67    5.85
-113121.654    39.206    -8.98    7.96
-112751.150    37.649    -4.20    9.58
-112380.726    37.151    -1.35   10.94
-112010.381    40.385     8.74   12.03
-111640.117    44.239    10.41   10.19
-111269.933    45.082     2.28    8.43
-110899.828    43.041    -5.51    9.34
-110529.803    37.908   -13.87    9.45
-110159.857    33.611   -11.62    6.93
-109789.992    32.222    -3.75    6.78
-109420.205    32.908     1.86    6.18
-109050.499    32.839    -0.19    5.11
-108680.872    33.796     2.59    4.86
-108311.324    33.435    -0.98    4.72
-107941.855    31.350    -5.64    4.64
-107572.466    28.688    -7.21    7.05
-107203.157    25.840    -7.71    6.99
-106833.926    24.156    -4.56    6.40
-106464.774    23.278    -2.38    6.53
-106095.702    24.224     2.56    6.12
-105726.709    26.552     6.31    6.44
-105357.795    28.546     5.41    7.42
-104988.959    30.315     4.80    7.49
-104620.203    29.258    -2.87    7.28
-104251.526    27.209    -5.56    7.80
-103882.927    22.788   -11.99    8.08
-103514.407    18.485   -11.68    6.62
-103145.966    16.371    -5.74    6.40
-102777.603    14.653    -4.66    5.89
-102409.319    13.918    -2.00    6.04
-102041.114    10.888    -8.23    5.79
-101672.987     8.725    -5.87    4.97
-101304.939    10.464     4.72    8.95
-100936.969    12.474     5.46   10.36
-100569.077    13.167     1.88    9.53
-100201.264    13.021    -0.40    7.85
 -99833.529    10.786    -6.08    4.44
 -99465.872     9.443    -3.65    3.68
 -99098.293     9.041    -1.09    3.64
 -98730.793     9.283     0.66    4.03
 -98363.370    10.086     2.19    4.22
 -97996.026    10.990     2.46    4.80
 -97628.759    11.484     1.35    4.77
 -97261.571     9.876    -4.38    4.47
 -96894.460     8.979    -2.44    4.52
 -96527.427     7.566    -3.85    4.42
 -96160.472     6.633    -2.54    2.80
 -95793.595     6.663     0.08    2.43
 -95426.795     8.188     4.16    3.96
 -95060.073    10.077     5.15    4.36
 -94693.429    11.796     4.69    4.72
 -94326.862    11.753    -0.12    4.69
 -93960.372    12.255     1.37    4.91
 -93593.960    14.031     4.85    4.79
 -93227.626    15.196     3.18    4.13
 -92861.368    17.306     5.76    4.13
 -92495.188    19.609     6.29    4.31
 -92129.086    18.814    -2.17    5.22
 -91763.060    17.302    -4.13    6.70
 -91397.112    14.392    -7.95    7.34
 -91031.240    11.673    -7.43    5.95
 -90665.446    10.093    -4.32    5.17
 -90299.729     9.865    -0.62    4.96
 -89934.088     9.989     0.34    5.17
 -89568.525    12.021     5.56    7.84
 -89203.038    14.269     6.15    8.85
 -88837.628    14.796     1.44    8.27
 -88472.295    14.919     0.34    7.69
 -88107.039    16.021     3.02    6.49
 -87730.350    17.408     3.68    5.71
 -87349.069    18.351     2.47    6.35
 -86967.873    18.887     1.41    6.23
 -86586.762    18.316    -1.50    7.43
 -86205.736    16.337    -5.19    6.81
 -85824.795    15.716    -1.63    6.86
 -85443.938    16.786     2.81    8.25
 -85063.166    19.551     7.26    8.41
 -84682.479    24.125    12.02    7.07
 -84301.876    26.804     7.04    6.23
 -83921.358    28.408     4.22    4.58
 -83540.924    30.316     5.01    3.96
 -83160.574    29.505    -2.13    3.51
 -82780.309    30.694     3.13    3.49
 -82400.128    31.021     0.86    3.60
 -82020.031    30.485    -1.41    3.87
 -81640.018    28.429    -5.41    5.33
 -81260.089    26.062    -6.23    5.45
 -80880.245    25.670    -1.03    5.45
 -80500.484    25.224    -1.17    5.13
 -80120.807    25.221    -0.01    5.01
 -79741.214    25.299     0.21    4.35
 -79361.705    25.612     0.83    3.45
 -78982.280    26.062     1.19    3.36
 -78602.938    27.247     3.12    2.60
 -78223.680    27.949     1.85    2.88
 -77844.506    27.812    -0.36    3.30
 -77465.415    28.448     1.68    3.23
 -77086.408    29.163     1.89    3.47
 -76707.484    28.674    -1.29    4.50
 -76328.643    28.031    -1.70    4.55
 -75949.886    28.444     1.09    4.93
 -75571.212    29.918     3.89    4.64
 -75192.621    29.811    -0.28    4.73
 -74814.113    28.115    -4.48    6.13
 -74435.689    24.789    -8.79    6.14
 -74057.347    22.052    -7.24    5.20
 -73679.089    21.361    -1.83    4.61
 -73300.913    22.031     1.77    4.62
 -72922.820    22.989     2.54    5.15
 -72544.810    23.062     0.19    5.21
 -72166.883    21.632    -3.78    5.21
 -71789.039    21.742     0.29    4.80
 -71411.277    21.211    -1.41    4.49
 -71033.598    19.053    -5.71    6.06
 -70656.002    16.938    -5.60    6.09
 -70278.488    15.293    -4.36    4.41
 -69901.056    15.272    -0.06    3.44
 -69523.707    15.825     1.47    3.55
 -69146.440    16.828     2.66    3.25
 -68769.256    17.093     0.70    3.05
 -68392.153    16.902    -0.51    3.08
 -68015.133    16.296    -1.61    2.95
 -67638.195    15.889    -1.08    2.98
 -67261.340    16.979     2.89    3.35
 -66884.566    18.611     4.33    4.12
 -66507.874    19.612     2.66    4.61
 -66131.264    21.598     5.27    5.13
 -65754.736    22.626     2.73    4.76
 -65378.290    23.933     3.47    4.65
 -65001.925    25.396     3.89    4.24
 -64625.643    27.111     4.56    3.48
 -64249.442    28.707     4.24    2.00
 -63873.322    28.832     0.33    2.02
 -63497.284    28.674    -0.42    3.27
 -63121.328    28.629    -0.12    4.13
 -62745.453    28.061    -1.51    4.24
 -62369.660    27.779    -0.75    3.51
 -61993.947    26.073    -4.54    3.18
 -61618.317    24.777    -3.45    3.03
 -61242.767    23.896    -2.35    2.69
 -60867.298    24.020     0.33    2.36
 -60491.911    24.516     1.32    2.22
 -60116.605    24.853     0.90    2.10
 -59741.380    24.979     0.34    2.18
 -59366.236    24.271    -1.89    2.49
 -58991.172    23.415    -2.28    2.85
 -58616.190    22.469    -2.52    2.74
 -58241.289    21.065    -3.75    3.02
 -57866.468    21.276     0.56    3.48
 -57491.728    21.337     0.16    3.66
 -57117.069    21.687     0.93    3.93
 -56742.490    21.609    -0.21    4.24
 -56367.992    20.337    -3.40    4.34
 -55993.574    19.122    -3.24    4.40
 -55619.237    17.537    -4.24    4.56
 -55244.980    16.278    -3.36    4.12
 -54870.804    16.010    -0.71    3.84
 -54496.708    17.312     3.48    5.14
 -54122.692    19.589     6.09    5.50
 -53748.757    22.574     7.98    5.02
 -53374.901    26.125     9.50    4.58
 -53001.126    27.905     4.76    4.23
 -52627.431    27.031    -2.34    5.23
 -52253.815    24.116    -7.80    6.69
 -51880.280    19.295   -12.91    6.88
 -51506.825    15.589    -9.92    6.03
 -51133.449    13.828    -4.72    4.44
 -50760.154    15.125     3.47    6.45
 -50386.938    20.628    14.74   10.12
 -50013.802    26.660    16.17   10.22
 -49640.745    30.900    11.37    7.90
 -49267.768    32.854     5.24    4.00
 -48894.871    31.352    -4.03    3.24
 -48522.053    31.167    -0.50    3.10
 -48149.315    31.656     1.31    3.09
 -47776.656    31.510    -0.39    4.56
 -47404.076    31.896     1.03    4.82
 -47031.576    31.073    -2.21    4.74
 -46659.155    29.457    -4.34    5.32
 -46286.813    26.760    -7.24    4.90
 -45914.550    23.990    -7.44    3.05
 -45542.367    23.400    -1.58    3.77
 -45170.262    24.227     2.22    3.98
 -44798.237    24.337     0.30    4.87
 -44426.290    22.615    -4.63    6.69
 -44054.422    19.618    -8.06    7.47
 -43682.634    16.333    -8.83    5.93
 -43310.924    14.467    -5.02    4.93
 -42939.292    15.031     1.52    5.25
 -42567.740    15.312     0.76    5.38
 -42196.266    15.680     0.99    4.78
 -41824.871    17.065     3.73    3.95
 -41453.554    18.105     2.80    3.34
 -41082.316    18.660     1.49    3.04
 -40711.156    18.989     0.89    2.26
 -40340.075    18.875    -0.31    2.20
 -39969.072    18.947     0.20    2.29
 -39598.147    18.979     0.09    2.53
 -39227.301    17.989    -2.67    3.13
 -38856.533    16.629    -3.67    3.33
 -38485.843    15.326    -3.51    3.16
 -38115.231    13.825    -4.05    2.23
 -37744.697    13.802    -0.06    2.23
 -37374.241    16.082     6.16    3.38
 -37003.863    18.663     6.97    4.08
 -36633.564    21.615     7.97    3.84
 -36263.342    20.979    -1.72    5.34
 -35893.197    18.617    -6.38    6.52
 -35523.131    15.936    -7.24    5.67
 -35153.142    13.424    -6.79    2.21
 -34783.231    13.406    -0.05    1.87
 -34413.398    12.615    -2.14    2.31
 -34043.642    11.707    -2.46    2.29
 -33673.964    11.109    -1.62    1.97
 -33304.363    12.082     2.63    2.58
 -32934.840    13.609     4.13    2.44
 -32565.394    13.737     0.35    3.36
 -32196.026    11.526    -5.98    5.97
 -31826.734     8.842    -7.27    7.27
 -31457.520     8.032    -2.20    7.60
 -31088.384     8.720     1.87    7.99
 -30719.324    10.802     5.64    7.42
 -30350.341    12.966     5.86    5.55
 -29981.436    11.490    -4.00    5.99
 -29612.607    10.278    -3.29    5.99
 -29243.856    11.337     2.87    4.98
 -28875.181    12.758     3.85    4.13
 -28506.583    14.789     5.51    1.86
 -28138.062    15.298     1.38    1.30
 -27769.618    15.905     1.65    1.52
 -27401.251    16.042     0.37    1.47
 -27032.960    15.527    -1.40    1.75
 -26664.746    14.969    -1.52    1.78
 -26296.608    14.136    -2.26    1.61
 -25928.547    12.447    -4.59    4.13
 -25560.563    10.275    -5.90    5.80
 -25192.655     7.095    -8.64    6.73
 -24824.823     4.258    -7.71    6.27
 -24457.068     1.594    -7.24    4.07
 -24089.388     0.340    -3.41    1.60
 -23721.786     1.376     2.82    4.42
 -23354.259     2.585     3.29    6.00
 -22986.808     3.589     2.73    6.82
 -22619.434     4.707     3.04    7.18
 -22252.136     5.207     1.36    7.41
 -21884.914     4.229    -2.66    6.84
 -21517.767     4.946     1.95    6.91
 -21150.697     7.854     7.92    7.72
 -20783.702    10.990     8.54    7.31
 -20416.784    15.409    12.04    4.31
 -20049.941    17.354     5.30    1.51
 -19683.173    17.787     1.18    1.27
 -19316.482    18.394     1.66    1.01
 -18949.866    18.909     1.41    1.12
 -18583.326    17.469    -3.93    3.25
 -18216.861    16.247    -3.33    3.96
 -17850.472    15.330    -2.50    3.80
 -17484.158    14.781    -1.50    3.53
 -17117.920    15.430     1.77    3.08
 -16751.757    15.844     1.13    2.70
 -16385.669    15.820    -0.06    3.69
 -16019.657    16.896     2.94    5.36
 -15653.720    18.108     3.31    6.62
 -15287.858    17.347    -2.08    7.45
 -14922.071    18.149     2.19    7.62
 -14556.359    18.768     1.69    6.97
 -14190.722    18.779     0.03    6.34
 -13825.161    18.158    -1.70    5.34
 -13459.674    18.716     1.53    4.14
 -13087.799    19.244     1.42    3.32
 -12706.685    19.417     0.45    4.47
 -12325.653    15.685    -9.79    9.04
 -11944.704     9.474   -16.31   10.63
 -11563.838     2.899   -17.26    7.17
 -11183.055     0.073    -7.42    0.55
 -10802.353     0.000    -0.19    0.00
 -10421.735     0.000     0.00    0.00
 -10041.198     0.000     0.00    0.00
  -9660.744     0.000     0.00    0.00
  -9280.372     0.000     0.00    0.00
  -8900.083     0.000     0.00    0.00
  -8519.875     0.000     0.00    0.00
  -8139.750     0.000     0.00    0.00
  -7759.707     0.000     0.00    0.00
  -7379.746     0.000     0.00    0.00
  -6999.867     0.000     0.00    0.00
  -6620.069     0.000     0.00    0.00
  -6240.354     0.000     0.00    0.00
  -5860.720     0.000     0.00    0.00
  -5481.168     0.000     0.00    0.00
  -5101.698     0.000     0.00    0.00
  -4722.309     0.000     0.00    0.00
  -4343.002     0.000     0.00    0.00
  -3963.777     0.000     0.00    0.00
  -3584.633     0.000     0.00    0.00
  -3205.570     0.000     0.00    0.00
  -2826.589     0.000     0.00    0.00
  -2447.689     0.000     0.00    0.00
  -2068.871     0.000     0.00    0.00
  -1690.133     0.000     0.00    0.00
  -1311.477     0.000     0.00    0.00
   -932.902     0.000     0.00    0.00
   -554.408     0.000     0.00    0.00
   -175.995     0.000     0.00    0.00
    202.337     0.000     0.00    0.00
    580.588     0.000     0.00    0.00
    958.758     0.000     0.00    0.00
   1336.847     0.000     0.00    0.00
   1714.856     0.000     0.00    0.00
   2092.783     0.000     0.00    0.00
   2470.631     0.000     0.00    0.00
   2848.397     0.000     0.00    0.00
   3226.083     0.000     0.00    0.00
   3603.689     0.000     0.00    0.00
   3981.214     0.000     0.00    0.00
   4358.658     0.000     0.00    0.00
   4736.022     0.000     0.00    0.00
   5113.306     0.000     0.00    0.00
   5490.510     0.000     0.00    0.00
   5867.633     0.000     0.00    0.00
   6244.677     0.000     0.00    0.00
   6621.640     0.000     0.00    0.00
   6998.523     0.000     0.00    0.00
   7375.326     0.000     0.00    0.00
   7752.049     0.000     0.00    0.00
   8128.692     0.000     0.00    0.00
   8505.256     0.000     0.00    0.00
   8881.739     0.000     0.00    0.00
   9258.143     0.000     0.00    0.00
   9634.467     0.000     0.00    0.00
  10010.712     0.000     0.00    0.00
  10386.877     0.000     0.00    0.00
  10762.962     0.000     0.00    0.00
  11138.968     0.404     1.08    2.64
  11514.894     5.702    14.09   11.18
  11890.741    14.080    22.29   15.63
  12266.509    24.221    26.99   15.09
  12642.197    31.544    19.49    8.95
  13017.806    31.598     0.14    7.35
  13393.336    29.467    -5.68    6.98
  13768.786    27.082    -6.35    5.88
  14144.158    23.878    -8.54    5.09
  14519.450    20.600    -8.73    4.76
  14894.664    17.545    -8.14    3.59
  15269.798    14.532    -8.03    4.19
  15644.854    11.978    -6.81    4.26
  16019.830    10.010    -5.25    4.35
  16394.728     9.703    -0.82    5.84
  16769.547    12.479     7.40    8.53
  17144.288    15.011     6.76    9.77
  17518.950    17.819     7.50   10.10
  17893.533    20.570     7.34    9.83
  18268.037    22.958     6.38    9.85
  18642.463    24.556     4.27    9.18
  19016.811    26.574     5.39    7.59
  19391.080    27.902     3.55    5.45
  19765.271    27.830    -0.19    3.88
  20139.383    27.053    -2.08    4.13
  20513.417    24.936    -5.66    4.86
  20887.373    22.821    -5.66    4.23
  21261.251    21.242    -4.22    4.41
  21635.050    20.674    -1.52    4.28
  22008.772    19.935    -1.98    3.71
  22382.415    19.474    -1.24    4.21
  22755.981    19.132    -0.91    4.52
  23129.469    19.916     2.10    4.37
  23502.878    20.273     0.96    4.06
  23876.210    20.667     1.06    4.02
  24249.464    22.884     5.94    4.13
  24622.640    22.553    -0.89    5.44
  24995.739    21.253    -3.49    5.98
  25368.760    21.468     0.58    7.24
  25741.703    22.689     3.27    8.53
  26114.569    25.505     7.55    8.00
  26487.357    27.880     6.37    7.22
  26860.068    28.832     2.55    6.73
  27232.701    29.319     1.31    5.99
  27605.257    30.691     3.68    6.10
  27977.736    35.022    11.63    8.07
  28350.138    41.344    16.98    8.78
  28722.462    47.174    15.66    5.97
  29094.709    49.723     6.85    4.18
  29466.879    49.731     0.02    4.39
  29838.972    49.143    -1.58    6.31
  30210.987    48.591    -1.48    7.60
  30582.926    47.511    -2.90    7.77
  30954.788    50.379     7.71    8.21
  31326.573    51.932     4.18    7.31
  31698.281    54.312     6.40    6.11
  32069.913    55.967     4.45    4.73
  32441.467    53.043    -7.87    5.86
  32812.945    48.945   -11.03    6.40
  33184.347    43.742   -14.01    7.71
  33555.671    36.774   -18.76    8.13
  33926.919    30.587   -16.67    7.81
  34298.091    26.128   -12.01    6.70
  34669.186    21.275   -13.08    5.13
  35040.205    18.809    -6.65    4.63
  35411.147    19.078     0.73    5.11
  35782.013    21.564     6.70    6.89
  36152.803    27.154    15.08    9.45
  36523.516    34.383    19.50   10.43
  36894.154    41.805    20.02    8.14
  37264.715    43.409     4.33    7.06
  37635.200    42.184    -3.31    7.72
  38005.609    39.021    -8.54    7.41
  38375.942    38.132    -2.40    6.45
  38746.199    40.232     5.67    6.60
  39116.380    42.796     6.93    6.05
  39486.486    45.891     8.36    5.86
  39856.515    48.914     8.17    6.39
  40226.469    51.710     7.56    5.30
  40596.347    53.140     3.87    3.55
  40966.149    52.710    -1.16    3.69
  41335.876    51.215    -4.04    3.01
  41705.527    50.466    -2.03    2.88
  42075.102    49.699    -2.08    3.29
  42444.603    47.140    -6.93    5.79
  42814.027    42.935   -11.38    7.24
  43183.376    39.705    -8.75    6.14
  43552.650    40.904     3.25    7.63
  43921.849    42.043     3.09    8.08
  44290.972    41.804    -0.65    8.24
  44660.020    42.032     0.62    7.86
  45028.993    42.570     1.46    8.52
  45397.891    46.630    11.01    9.51
  45766.714    53.011    17.30    5.98
  46135.461    55.213     5.97    3.86
  46504.134    55.920     1.92    3.95
  46872.732    53.731    -5.94    6.22
  47241.254    50.244    -9.46    6.54
  47609.702    48.883    -3.69    5.68
  47978.076    48.571    -0.85    5.22
  48346.374    50.804     6.06    5.20
  48714.598    54.691    10.56    6.32
  49082.747    57.237     6.91    6.41
  49450.821    59.628     6.50    5.57
  49818.821    60.677     2.85    5.49
  50186.746    59.946    -1.99    6.01
  50554.597    61.295     3.67    6.23
  50922.373    64.817     9.58    6.52
  51290.075    68.337     9.57    5.55
  51657.702    70.613     6.19    4.15
  52025.256    71.363     2.04    3.80
  52392.735    70.576    -2.14    4.15
  52760.139    69.301    -3.47    4.26
  53127.470    67.630    -4.55    3.81
  53494.726    66.606    -2.79    3.98
  53861.909    64.791    -4.94    4.45
  54229.017    63.348    -3.93    4.31
  54596.051    61.954    -3.80    3.43
  54963.011    61.129    -2.25    2.73
  55329.898    60.345    -2.14    2.65
  55696.710    59.989    -0.97    3.55
  56063.449    60.217     0.62    4.09
  56430.114    60.033    -0.50    4.37
  56796.705    60.828     2.17    4.36
  57163.223    61.739     2.48    3.61
  57529.666    62.849     3.03    2.97
  57896.037    64.225     3.75    2.81
  58262.333    64.713     1.33    2.12
  58628.556    63.852    -2.35    2.86
  58994.706    61.914    -5.29    3.77
  59360.782    59.133    -7.60    3.93
  59726.785    57.366    -4.83    3.76
  60092.715    55.500    -5.10    3.41
  60458.571    53.000    -6.83    4.14
  60824.354    51.065    -5.29    4.16
  61190.064    49.440    -4.44    3.73
  61557.500    48.376    -2.89    3.47
  61938.451    49.178     2.10    3.62
  62319.321    49.641     1.22    3.43
  62700.111    50.044     1.06    2.99
  63080.821    50.634     1.55    2.28
  63461.450    50.750     0.30    3.28
  63841.998    50.468    -0.74    4.24
  64222.467    49.545    -2.42    4.63
  64602.855    48.903    -1.69    4.08
  64983.163    48.932     0.08    3.08
  65363.391    48.989     0.15    2.53
  65743.538    48.256    -1.93    2.14
  66123.606    47.000    -3.30    3.13
  66503.594    45.641    -3.58    4.01
  66883.502    44.333    -3.44    4.55
  67263.330    42.750    -4.17    4.89
  67643.078    41.634    -2.94    4.26
  68022.747    41.011    -1.64    3.33
  68402.335    41.032     0.06    2.52
  68781.844    41.717     1.81    1.85
  69161.274    41.424    -0.77    2.11
  69540.624    40.370    -2.78    3.05
  69919.894    39.264    -2.92    3.36
  70299.085    40.185     2.43    3.98
  70678.196    42.110     5.08    5.17
  71057.228    46.217    10.84    5.38
  71436.181    49.311     8.16    3.90
  71815.054    50.591     3.38    2.23
  72193.849    49.614    -2.58    2.96
  72572.564    47.570    -5.40    3.22
  72951.200    45.955    -4.27    2.79
  73329.756    45.355    -1.58    2.10
  73708.234    45.135    -0.58    2.46
  74086.633    44.011    -2.97    3.44
  74464.953    43.000    -2.67    3.83
  74843.194    42.968    -0.09    3.56
  75221.356    44.264     3.43    3.32
  75599.439    46.793     6.69    3.24
  75977.444    48.805     5.32    2.77
  76355.370    49.935     2.99    1.73
  76733.217    49.954     0.05    1.55
  77110.985    48.587    -3.62    2.22
  77488.676    46.989    -4.23    2.01
  77866.287    45.707    -3.39    1.94
  78243.820    45.488    -0.58    2.17
  78621.275    46.441     2.52    2.55
  78998.652    47.802     3.61    2.67
  79375.950    49.441     4.34    3.42
  79753.169    50.395     2.53    3.49
  80130.311    50.290    -0.28    3.46
  80507.375    49.058    -3.27    3.27
  80884.360    48.011    -2.78    2.50
  81261.267    47.253    -2.01    2.09
  81638.096    47.054    -0.53    2.11
  82014.848    47.494     1.17    2.02
  82391.521    46.022    -3.91    2.75
  82768.117    44.563    -3.87    2.87
  83144.634    44.064    -1.33    2.61
  83521.074    44.885     2.18    3.00
  83897.436    46.191     3.47    2.94
  84273.721    47.034     2.24    2.81
  84649.928    46.323    -1.89    3.08
  85026.057    45.448    -2.32    2.91
  85402.109    45.032    -1.11    2.65
  85778.083    44.648    -1.02    2.74
  86153.980    44.108    -1.44    2.83
  86529.799    42.886    -3.25    2.57
  86905.541    41.505    -3.68    2.83
  87281.206    40.326    -3.14    3.05
  87656.793    38.783    -4.11    3.40
  88032.303    37.411    -3.65    3.24
  88407.737    36.250    -3.09    3.12
  88783.093    34.911    -3.57    2.97
  89158.371    33.924    -2.63    2.67
  89533.573    33.600    -0.86    2.79
  89908.698    33.543    -0.15    2.95
  90283.746    34.011     1.25    2.63
  90658.717    34.806     2.12    3.34
  91033.612    36.527     4.59    4.13
  91408.429    38.728     5.87    4.59
  91783.170    40.783     5.48    4.07
  92157.834    41.239     1.22    3.61
  92532.421    39.582    -4.42    4.83
  92906.932    36.130    -9.22    4.71
  93281.366    34.385    -4.66    4.00
  93655.724    35.761     3.68    6.37
  94030.005    38.934     8.48    7.77
  94404.210    42.000     8.19    6.64
  94778.338    42.674     1.80    5.52
  95152.391    41.100    -4.21    5.03
  95526.366    39.120    -5.30    4.27
  95900.266    37.539    -4.23    3.81
  96274.090    36.435    -2.95    3.50
  96647.837    35.644    -2.11    3.24
  97021.508    34.924    -1.93    2.38
  97395.103    34.843    -0.22    1.65
  97768.622    35.011     0.45    0.91
  98142.066    34.886    -0.33    0.84
  98515.433    34.882    -0.01    0.90
  98888.724    34.943     0.16    1.04
  99261.940    35.280     0.90    1.15
  99635.080    35.839     1.50    1.83
 100008.144    36.323     1.30    2.40
 100381.132    37.128     2.16    2.92
 100754.045    37.366     0.64    3.03
 101126.882    36.609    -2.03    3.10
 101499.644    36.128    -1.29    4.03
 101872.330    34.955    -3.15    5.58
 102244.941    33.802    -3.09    6.16
 102617.476    33.311    -1.32    6.25
 102989.936    31.717    -4.28    5.08
 103362.321    29.978    -4.67    4.34
 103734.630    27.989    -5.34    3.22
 104106.865    26.312    -4.51    2.29
 104479.023    24.744    -4.21    2.11
 104851.107    22.989    -4.72    2.37
 105223.116    22.222    -2.06    2.31
 105595.050    21.641    -1.56    3.02
 105966.908    19.875    -4.75    4.47
 106338.692    18.925    -2.56    4.39
 106710.401    18.125    -2.15    3.68
 107082.035    17.945    -0.48    3.19
 107453.594    18.644     1.88    2.56
 107825.078    19.556     2.45    2.37
 108196.488    19.791     0.63    2.63
 108567.823    19.370    -1.13    2.69
 108939.083    19.093    -0.74    2.61
 109310.269    18.109    -2.65    2.47
 109681.380    17.141    -2.61    2.02
 110052.417    16.522    -1.67    1.24
 110423.379    16.136    -1.04    1.31
 110794.267    14.957    -3.18    2.43
 111165.080    13.966    -2.67    2.91
 111535.819    12.924    -2.81    2.26
 111906.484    12.640    -0.76    2.04
 112277.074    12.378    -0.71    2.08
 112647.591    12.793     1.12    1.93
 113018.033    13.193     1.08    2.14
 113388.401    13.630     1.18    2.31
 113758.695    14.466     2.26    1.83
 114128.915    14.880     1.12    1.82
 114499.061    15.540     1.78    1.87
 114869.133    16.165     1.69    1.69
 115239.131    16.802     1.72    1.22
 115609.055    17.217     1.12    1.34
 115978.906    18.259     2.82    2.17
 116348.683    20.567     6.24    4.01
 116718.386    22.802     6.05    4.22
 117088.015    24.348     4.18    3.47
 117457.571    25.636     3.49    3.23
 117827.053    24.848    -2.13    3.37
 118196.462    24.722    -0.34    3.30
 118565.797    24.374    -0.94    3.42
 118935.058    23.418    -2.59    2.91
 119304.247    22.089    -3.60    3.69
 119673.362    19.440    -7.18    3.90
 120042.403    16.580    -7.75    3.66
 120411.371    14.430    -5.83    2.66
 120780.267    13.341    -2.95    2.41
 121149.088    13.626     0.77    3.14
 121517.837    14.635     2.74    4.24
 121886.513    15.141     1.37    4.29
 122255.115    14.736    -1.10    4.04
 122623.645    13.582    -3.13    3.11
 122992.101    13.295    -0.78    4.14
 123360.485    13.681     1.05    5.63
 123728.796    13.733     0.14    6.75
 124097.034    13.011    -1.96    7.20
 124465.199    13.626     1.67    6.83
 124833.291    16.222     7.05    7.13
 125201.311    20.033    10.35    7.05
 125569.258    24.535    12.24    4.83
 125937.132    27.370     7.70    3.28
 126304.934    28.674     3.55    3.30
 126672.663    28.758     0.23    3.49
 127040.319    29.727     2.64    4.07
 127407.904    32.189     6.70    5.66
 127775.415    35.864    10.00    6.08
 128142.855    40.478    12.56    4.62
 128510.222    43.511     8.26    3.91
 128877.516    46.110     7.07    4.33
 129244.739    47.418     3.56    4.72
 129611.889    48.448     2.81    4.71
 129978.967    49.152     1.92    3.86
 130345.973    49.674     1.42    3.35
 130712.907    51.446     4.83    5.21
 131079.769    53.333     5.14    6.07
 131446.559    56.319     8.14    5.98
 131813.277    58.711     6.52    5.44
 132179.923    58.967     0.70    5.92
 132546.497    56.100    -7.82    7.77
 132913.000    51.856   -11.58    8.96
 133279.430    47.484   -11.93    7.72
 133645.789    43.693   -10.34    4.48
 134012.076    42.522    -3.20    2.69
 134378.291    42.198    -0.88    2.60
 134744.435    42.348     0.41    2.44
 135110.507    43.461     3.04    3.00
 135476.508    45.253     4.90    4.18
 135842.437    47.250     5.46    3.92
 136208.295    48.722     4.02    2.63
 136586.559    49.111     1.03    2.46
 136967.270    49.300     0.50    2.35
 137347.902    49.727     1.12    2.43
 137728.456    50.144     1.10    2.53
 138108.932    50.736     1.55    2.22
 138489.330    51.275     1.42    2.04
 138869.649    52.172     2.36    2.26
 139249.891    53.708     4.04    2.37
 139630.054    54.151     1.17    2.30
 140010.139    54.348     0.52    2.21
 140390.146    54.488     0.37    3.08
 140770.076    54.989     1.32    3.88
 141149.927    55.259     0.71    4.23
 141529.701    55.473     0.56    3.45
 141909.397    55.869     1.04    2.33
 142289.015    56.956     2.86    3.04
 142668.556    58.306     3.56    2.76
 143048.018    58.341     0.09    2.67
 143427.404    58.310    -0.08    2.66
 143806.711    57.717    -1.56    2.53
 144185.942    57.292    -1.12    2.51
 144565.094    57.341     0.13    2.34
 144944.170    56.719    -1.64    2.60
 145323.168    56.209    -1.35    2.81
 145702.088    56.552     0.90    3.47
 146080.932    58.202     4.36    4.24
 146459.698    60.264     5.44    3.80
 146838.387    61.478     3.20    3.06
 147216.999    61.125    -0.93    3.36
 147595.534    60.967    -0.42    2.99
 147973.991    60.811    -0.41    2.83
 148352.372    61.157     0.91    3.26
 148730.676    61.778     1.64    3.29
 149108.903    61.800     0.06    3.22
 149487.053    61.056    -1.97    2.91
 149865.126    60.477    -1.53    2.63
 150243.123    60.522     0.12    2.77
 150621.043    60.506    -0.04    3.13
 150998.886    60.933     1.13    3.18
 151376.653    61.034     0.27    2.87
 151754.343    59.889    -3.03    2.68
 152131.956    58.805    -2.87    3.40
 152509.493    57.132    -4.43    3.10
 152886.954    56.563    -1.51    2.55
 153264.338    55.900    -1.76    2.85
 153641.646    55.326    -1.52    3.37
 154018.878    53.824    -3.98    4.54
 154396.033    52.517    -3.47    4.86
 154773.112    52.820     0.80    5.66
 155150.115    54.944     5.63    6.15
 155527.042    57.264     6.15    4.85
 155903.893    58.270     2.67    3.00
 156280.668    58.121    -0.39    2.92
 156657.366    58.420     0.80    3.66
 157033.989    59.656     3.28    4.25
 157410.536    60.023     0.98    4.68
 157787.008    56.831    -8.48    7.17
 158163.403    51.824   -13.30    7.82
 158539.723    47.112   -12.52    4.93
 158915.967    45.494    -4.30    2.88
 159292.135    47.178     4.48    4.70
 159668.228    50.186     8.00    5.27
 160044.245    52.198     5.35    4.71
 160420.186    54.218     5.37    4.58
 160796.052    54.911     1.84    4.94
 161171.843    53.562    -3.59    5.70
 161547.558    50.890    -7.11    6.78
 161923.198    48.466    -6.45    6.40
 162298.763    46.582    -5.01    5.84
 162674.252    47.432     2.26    6.96
 163049.667    48.890     3.88    7.08
 163425.006    49.116     0.60    7.16
 163800.270    46.822    -6.11    8.70
 164175.459    42.976   -10.25    8.08
 164550.572    40.034    -7.84    5.25
 164925.611    39.407    -1.67    3.74
 165300.575    39.800     1.05    3.22
 165675.464    40.384     1.56    3.10
 166050.278    39.900    -1.29    3.45
 166425.018    38.920    -2.61    3.07
 166799.682    38.811    -0.29    2.93
 167174.272    39.022     0.56    2.76
 167548.788    38.633    -1.04    2.47
 167923.228    38.222    -1.10    2.41
 168297.594    37.798    -1.13    2.31
 168671.886    37.667    -0.35    2.27
 169046.103    38.303     1.70    2.08
 169420.245    38.322     0.05    1.87
 169794.313    37.656    -1.78    2.22
 170168.307    36.750    -2.42    2.18
 170542.227    35.580    -3.13    1.42
 170916.072    35.364    -0.58    1.17
 171289.843    35.756     1.05    1.76
 171663.540    37.580     4.88    3.30
 172037.162    38.798     3.26    3.22
 172410.711    39.011     0.57    3.21
 172784.185    38.289    -1.93    3.51
 173157.586    36.625    -4.46    2.76
 173530.912    35.793    -2.23    2.16
 173904.165    35.910     0.31    2.81
 174277.344    35.851    -0.16    3.03
 174650.448    34.697    -3.09    3.27
 175023.479    33.719    -2.62    2.87
 175396.437    34.544     2.21    3.31
 175769.320    35.455     2.44    3.54
 176142.130    36.220     2.05    3.07
 176514.867    37.386     3.13    2.26
 176887.529    36.956    -1.16    2.02
 177260.119    36.081    -2.35    2.53
 177632.634    34.539    -4.14    2.94
 178005.077    32.585    -5.25    2.47
 178377.446    31.360    -3.29    2.37
 178749.741    31.325    -0.09    3.27
 179121.963    32.136     2.18    4.03
 179494.112    33.036     2.42    4.23
 179866.188    33.813     2.09    3.64
 180238.190    34.667     2.29    3.20
 180610.120    35.315     1.74    2.82
 180981.976    36.116     2.15    2.26
 181353.759    36.407     0.78    1.66
 181725.469    36.908     1.35    1.56
 182097.107    37.956     2.82    2.98
 182468.671    38.621     1.79    3.92
 182840.162    39.719     2.96    4.12
 183211.581    40.563     2.27    3.49
 183582.926    41.517     2.57    4.03
 183954.199    41.761     0.66    4.28
 184325.400    42.114     0.95    4.32
 184696.527    42.136     0.06    3.97
 185067.582    42.092    -0.12    3.60
 185438.564    41.483    -1.64    3.89
 185809.474    40.966    -1.40    4.21
 186180.311    40.567    -1.08    3.94
 186551.076    40.598     0.08    3.65
 186921.769    40.363    -0.63    3.50
 187292.389    39.706    -1.77    2.54
 187662.936    38.217    -4.02    1.92
 188033.412    36.964    -3.38    1.61
 188403.815    37.022     0.16    1.77
 188774.146    37.881     2.32    2.52
 189144.404    38.943     2.87    2.49
 189514.591    39.952     2.73    2.01
 189884.706    39.921    -0.08    1.93
 190254.748    39.907    -0.04    2.42
 190624.719    40.910     2.71    3.49
 190994.617    42.736     4.93    5.02
 191364.444    45.775     8.22    5.82
 191734.198    49.433     9.89    5.36
 192103.881    51.878     6.61    4.39
 192473.492    53.356     4.00    3.95
 192843.032    54.126     2.08    4.09
 193212.499    55.011     2.39    4.42
 193581.895    56.069     2.86    4.19
 193951.219    56.438     1.00    3.77
 194320.472    57.632     3.23    4.51
 194689.653    59.670     5.52    5.29
 195058.763    61.583     5.18    5.13
 195427.801    62.864     3.47    4.16
 195796.768    62.663    -0.54    4.36
 196165.663    61.921    -2.01    4.35
 196534.487    62.750     2.25    4.60
 196903.240    64.352     4.34    4.72
 197271.922    65.897     4.19    4.23
 197640.532    67.693     4.87    3.52
 198009.071    69.713     5.48    4.23
 198377.539    73.311     9.76    5.37
 198745.936    76.885     9.70    5.26
 199114.262    80.241     9.11    3.73
 199482.516    81.539     3.52    2.65
 199850.700    81.759     0.60    2.12
 200218.813    82.400     1.74    3.30
 200586.855    84.190     4.86    4.56
 200954.826    88.233    10.99    5.34
 201322.727    92.631    11.95    4.61
 201690.556    96.727    11.13    5.21
 202058.315    99.643     7.93    4.17
 202426.003    99.876     0.64    4.16
 202793.621    98.655    -3.32    5.24
 203161.168    96.101    -6.95    5.06
 203528.644    96.239     0.37    4.47
 203896.050    97.591     3.68    3.89
 204263.385    98.899     3.56    2.71
 204630.650    98.989     0.24    2.75
 204997.845    97.000    -5.41    4.11
 205364.969    94.353    -7.21    3.94
 205732.023    93.396    -2.61    4.04
 206099.006    93.524     0.35    4.59
 206465.920    95.868     6.39    5.02
 206832.763    99.165     8.98    5.36
 207199.536   103.112    10.76    5.46
 207566.239   106.195     8.41    4.70
 207932.871   109.114     7.96    4.59
 208299.434   111.080     5.36    5.45
 208665.927   113.500     6.60    7.07
 209032.349   115.080     4.31    8.04
 209398.702   117.414     6.37    7.13
 209764.985   118.607     3.26    6.75
 210131.198   119.951     3.67    7.70
 210497.341   122.034     5.69    8.54
 210863.415   124.084     5.60    7.89
 211237.524   123.744    -0.91    7.28
 211618.078   122.464    -3.36    6.09
 211998.555   120.121    -6.16    5.26
 212378.957   117.893    -5.86    5.66
 212759.282   116.977    -2.41    7.29
 213139.531   117.476     1.31    8.63
 213519.704   119.045     4.13    8.10
 213899.801   119.663     1.63    6.17
 214279.822   119.841     0.47    5.11
 214659.767   119.333    -1.34    4.77
 215039.636   119.854     1.37    4.68
 215419.429   121.437     4.17    4.29
 215799.146   122.202     2.02    3.73
 216178.788   121.690    -1.35    4.88
 216558.354   119.205    -6.55    7.34
 216937.844   116.854    -6.19    7.21
 217317.258   117.170     0.83    6.11
 217696.597   120.682     9.26    7.21
 218075.861   124.314     9.58    6.98
 218455.048   127.545     8.52    5.78
 218834.161   130.179     6.94    6.43
 219213.198   131.420     3.28    7.15
 219592.159   131.699     0.73    7.22
 219971.045   127.489   -11.11    9.19
 220349.856   123.381   -10.84    7.62
 220728.592   122.641    -1.95    5.84
 221107.252   122.571    -0.18    4.98
 221485.838   123.517     2.50    6.96
 221864.348   121.720    -4.75    9.30
 222242.783   117.159   -12.05   11.15
 222621.143   113.488    -9.70   10.24
 222999.428   110.307    -8.41    8.14
 223377.638   108.884    -3.76    8.12
 223755.774   108.483    -1.06    7.70
 224133.834   110.756     6.01    9.11
 224511.820   115.193    11.74    9.42
 224889.731   120.644    14.42    6.96
 225267.567   123.602     7.83    3.85
 225645.328   121.356    -5.94    5.54
 226023.015   116.151   -13.78    7.80
 226400.628   110.908   -13.88    7.08
 226778.165   109.909    -2.65    6.48
 227155.629   112.770     7.58    7.87
 227533.017   117.506    12.55    7.17
 227910.332   122.224    12.50    3.64
 228287.572   123.659     3.80    2.36
 228664.737   122.865    -2.10    3.10
 229041.829   120.356    -6.65    3.74
 229418.846   118.337    -5.35    2.89
 229795.789   117.602    -1.95    2.23
 230172.658   117.239    -0.96    2.44
 230549.453   115.943    -3.44    4.02
 230926.173   112.455    -9.26    6.13
 231302.820   108.126   -11.49    6.74
 231679.393   103.250   -12.95    6.51
 232055.891    98.424   -12.82    7.41
 232432.316    95.170    -8.64    7.69
 232808.667    94.165    -2.67    6.79
 233184.945    96.656     6.62    7.54
 233561.148   102.395    15.25    8.26
 233937.278   108.989    17.53    6.93
 234313.334   112.524     9.40    4.57
 234689.316   113.091     1.51    4.00
 235065.225   110.221    -7.63    6.09
 235441.060   105.494   -12.57    6.83
 235816.822   101.553   -10.49    5.73
 236192.511    97.966    -9.55    4.81
 236568.126    95.259    -7.21    4.48
 236943.667    93.068    -5.83    3.58
 237319.135    91.655    -3.76    3.34
 237694.530    90.568    -2.89    3.14
 238069.852    91.774     3.21    4.31
 238445.100    94.584     7.49    5.56
 238820.276    98.133     9.46    5.48
 239195.378   101.261     8.34    2.92
 239570.407   102.583     3.52    1.96
 239945.363   103.011     1.14    2.46
 240320.246   104.000     2.64    2.85
 240695.057   105.182     3.15    3.38
 241069.794   105.690     1.36    3.68
 241444.458   106.022     0.89    3.80
 241819.050   106.530     1.35    3.69
 242193.569   107.557     2.74    3.47
 242568.015   109.381     4.87    3.91
 242942.388   109.466     0.23    4.83
 243316.689   108.179    -3.44    5.97
 243690.917   103.330   -12.96    8.08
 244065.072    97.824   -14.71    7.24
 244439.155    92.534   -14.14    7.15
 244813.166    87.447   -13.60    5.94
 245187.104    82.864   -12.25    5.69
 245560.970    78.274   -12.27    5.14
 245934.763    73.977   -11.49    4.77
 246308.484    71.012    -7.93    3.81
 246682.133    68.148    -7.66    3.41
 247055.709    66.282    -4.99    3.27
 247429.214    64.379    -5.09    3.64
 247802.646    62.940    -3.85    3.01
 248176.006    61.875    -2.85    2.40
 248549.294    61.140    -1.97    3.09
 248922.510    59.795    -3.60    3.47
 249295.654    58.570    -3.28    3.08
 249668.726    57.529    -2.79    2.72
 250041.726    57.897     0.99    3.24
 250414.654    57.636    -0.70    3.67
 250787.510    56.384    -3.36    4.31
 251160.295    54.602    -4.78    4.73
 251533.008    51.471    -8.40    4.95
 251905.649    49.306    -5.81    4.06
 252278.219    47.517    -4.80    3.99
 252650.717    45.349    -5.82    2.74
 253023.143    44.302    -2.81    2.63
 253395.498    42.739    -4.20    2.52
 253767.781    41.565    -3.15    3.03
 254139.993    40.352    -3.26    3.09
 254512.134    40.348    -0.01    3.24
 254884.203    41.458     2.98    3.83
 255256.201    43.557     5.64    4.39
 255628.127    45.782     5.98    3.53
 255999.982    47.667     5.07    3.90
 256371.767    51.093     9.21    4.82
 256743.479    53.977     7.76    5.13
 257115.121    58.214    11.40    3.97
 257486.692    60.864     7.13    3.45
 257858.192    62.812     5.24    3.29
 258229.620    64.644     4.93    2.65
 258600.978    65.929     3.46    2.16
 258972.265    67.368     3.88    2.63
 259343.481    69.598     6.01    4.54
 259714.626    72.045     6.59    4.42
 260085.700    74.232     5.89    3.37
 260456.703    75.678     3.90    3.36
 260827.636    75.793     0.31    3.45
 261198.498    74.839    -2.57    3.23
 261569.290    74.232    -1.64    2.93
 261940.010    72.614    -4.36    2.47
 262310.661    72.106    -1.37    1.95
 262681.240    72.126     0.06    2.10
 263051.750    72.095    -0.08    2.35
 263422.189    72.733     1.72    3.40
 263792.557    74.419     4.55    5.10
 264162.855    77.453     8.19    6.12
 264533.083    79.698     6.06    5.28
 264903.240    79.205    -1.33    5.20
 265273.328    76.536    -7.21    5.22
 265643.345    74.195    -6.32    5.06
 266013.292    73.837    -0.97    6.22
 266383.168    74.057     0.60    6.98
 266752.975    74.375     0.86    6.52
 267122.712    74.381     0.02    5.45
 267492.378    73.568    -2.20    4.14
 267861.975    74.643     2.91    3.39
 268231.502    76.080     3.89    3.92
 268600.959    77.610     4.14    4.20
 268970.346    77.068    -1.47    4.74
 269339.663    75.098    -5.33    6.57
 269708.911    71.125   -10.76    7.00
 270078.088    66.951   -11.30    4.23
 270447.196    64.357    -7.03    3.08
 270816.235    63.274    -2.93    2.81
 271185.204    62.420    -2.31    2.54
 271554.103    61.930    -1.33    2.34
 271922.933    63.353     3.86    3.12
