# NaN NaN NaN ;Mean Elev.(m), Avg Gradient(m/km), RMS Gradient(m/km) - SRTM1     
#   17.089   0.040   2.136 ;Mean Elev.(m), Avg Gradient(m/km), RMS Gradient(m/km) - ASTER GDEM
#   31.639  -0.395   3.796 ;Mean Elev.(m), Avg Gradient(m/km), RMS Gradient(m/km) - GMTED2010 
  9  71.257501  61.237706    24.627    24.627  2 52514.67490908 47.414
 11  71.248757  61.238304    24.922    24.922  2 52584.67493867 51.481
 13  71.243303  61.239960    26.534    26.534  2 52654.67490436 11.579
 14  71.253009  61.238253    25.245    25.245  2 52689.67489835 13.407
 16  71.237890  61.239864    27.796    27.796  2 52759.67496227 17.826
 19  71.243373  61.239747    27.902    27.902  2 52864.67502894 25.544
 20  71.243521  61.239467    27.866    27.866  2 52899.67505797 22.565
 21  71.250780  61.237872    27.943    27.943  2 52934.67500082 20.205
 25  71.241264  61.239125    27.532    27.532  2 53074.67501609  9.591
 30  71.251314  61.237667    26.604    26.604  2 53249.67503261 24.491
 32  71.243899  61.239937    24.171    24.171  2 53319.67501670 40.013
 33  71.256462  61.237820    25.797    25.797  2 53354.67498351 21.892
 38  71.250093  61.237873    28.675    28.675  2 53529.67505222 29.595
 39  71.240041  61.238797    26.461    26.461  2 53564.67508331 30.668
 40  71.252856  61.237314    25.528    25.528  2 53599.67502459 30.294
 43  71.254303  61.237718    23.284    23.284  2 53704.67498010 44.260
 44  71.265800  61.237058    24.596    23.891  3 53739.67488985 17.798
 45  71.243036  61.239792    25.917    25.917  2 53774.67491049  8.906
 46  71.257651  61.237754    27.856    27.856  2 53809.67489306  9.450
 48  71.240585  61.238924    27.980    27.980  2 53879.67496470 45.241
 51  71.251217  61.237272    24.033    24.033  2 53984.67496870 38.053
 54  71.251389  61.237339    27.051    27.051  2 54089.67498452 11.225
 56  71.241515  61.239022    28.390    28.390  2 54159.67495146  9.392
 58  71.239808  61.239070    28.605    28.605  2 54229.67496408 39.544
 59  71.240422  61.239278    29.860    29.860  2 54264.67498210 33.930
 60  71.243020  61.239169    30.068    30.068  2 54299.67498577 37.262
 63  71.244290  61.239654    26.425    26.425  2 54404.67491966 31.685
 68  71.239828  61.239399    26.048    26.048  2 54579.67488881 26.745
 69  71.243525  61.239537    28.974    28.974  2 54614.67491060 40.384
 71  71.246220  61.239913    28.180    28.180  2 54684.67491698 31.014
 77  71.244521  61.238471    26.490    26.490  2 54894.67488761  9.300
 79  71.240557  61.239184    28.369    28.369  2 54964.67488823 34.153
 81  71.239349  61.239922    27.483    27.483  2 55034.67489479 25.993
 82  71.250105  61.237383    24.646    24.646  2 55069.67488386 50.192
 84  71.242277  61.239557    23.185    23.185  2 55139.67483158 46.837
 86  71.239760  61.239061    23.465    23.465  2 55209.67482725 19.710
 88  71.245618  61.238725    22.424    22.424  2 55279.67482079 20.909
 92  71.240991  61.239070    27.500    27.500  2 55419.67481087 31.756
 93  71.251029  61.237750    24.604    24.604  2 55454.67478815 50.659
 94  71.258331  61.238502    27.189    27.189  2 55489.67470720 22.475
