# NaN NaN NaN ;Mean Elev.(m), Avg Gradient(m/km), RMS Gradient(m/km) - SRTM1     
#   21.023   1.595   9.272 ;Mean Elev.(m), Avg Gradient(m/km), RMS Gradient(m/km) - ASTER GDEM
#   24.247   0.818  10.000 ;Mean Elev.(m), Avg Gradient(m/km), RMS Gradient(m/km) - GMTED2010 
  8  73.418931  61.223964    33.829    33.709  3 52492.66892903 26.843
 10  73.407558  61.221028    31.416    31.416  2 52562.66895351 22.589
 12  73.402174  61.221612    30.540    30.540  2 52632.66891668 17.779
 13  73.409149  61.221258    33.508    33.508  2 52667.66893414 12.172
 14  73.408665  61.220952    34.281    34.281  2 52702.66890831 11.816
 16  73.423094  61.222885    32.197    32.197  2 52772.66891234 46.501
 17  73.399577  61.219781    32.725    32.725  2 52807.66897225 29.411
 18  73.403199  61.220194    32.010    32.010  2 52842.66903047 24.006
 19  73.404806  61.221848    27.947    27.947  2 52877.66906913 31.866
 20  73.425576  61.222046    29.912    31.000  3 52912.66902686 31.963
 21  73.402187  61.220812    26.667    26.667  2 52947.66898463 41.541
 23  73.416916  61.221567    33.574    33.574  2 53017.66901383 12.227
 24  73.405030  61.221703    32.722    32.722  2 53052.66899474 12.767
 25  73.410433  61.221396    34.525    34.525  2 53087.66903137 11.604
 27  73.402051  61.218873    32.248    32.248  2 53157.66905816 28.006
 30  73.416569  61.224286    32.001    32.587  3 53262.66902374 28.211
 31  73.397328  61.219398    30.422    30.422  2 53297.66906135 18.576
 33  73.423568  61.222352    31.537    31.764  3 53367.66897703 16.034
 34  73.406459  61.221287    31.875    31.875  2 53402.66900621 16.316
 35  73.419910  61.221797    33.600    33.845  3 53437.66899478 11.950
 36  73.401978  61.220496    27.117    27.117  2 53472.66904956 33.892
 37  73.409556  61.220082    32.423    32.423  2 53507.66907709 42.783
 38  73.408106  61.221707    32.144    32.144  2 53542.66908601 34.887
 39  73.415153  61.221775    32.082    32.082  2 53577.66907113 20.557
 42  73.408296  61.221123    26.999    26.999  2 53682.66904424 47.498
 43  73.421744  61.222603    29.319    29.601  3 53717.66897142 23.163
 44  73.407525  61.221061    32.254    32.254  2 53752.66889169 13.916
 45  73.416945  61.222654    34.493    34.493  2 53787.66892182 11.380
 46  73.399236  61.219915    33.037    33.037  2 53822.66887641 14.099
 47  73.402921  61.220267    27.425    27.425  2 53857.66896835 31.595
 48  73.411541  61.221805    32.420    32.420  2 53892.66898241 39.459
 49  73.399763  61.220663    32.256    32.256  2 53927.66904188 30.361
 50  73.409949  61.221420    30.063    30.063  2 53962.66902488 25.411
 51  73.396924  61.219992    32.858    33.367  3 53997.66897121 23.513
 52  73.407407  61.221733    27.356    27.356  2 54032.66902130 40.699
 54  73.418399  61.224267    31.943    30.312  3 54102.66897481 14.985
 55  73.404342  61.221207    32.433    32.433  2 54137.66894388 13.258
 57  73.403405  61.219878    27.864    27.864  2 54207.66894920 28.877
 60  73.412551  61.221772    33.490    33.490  2 54312.66899566 35.377
 61  73.420548  61.221605    33.125    33.456  3 54347.66896738 30.044
 62  73.406213  61.221174    28.620    28.620  2 54382.66893304 40.083
 64  73.401972  61.220704    28.191    28.191  2 54452.66890278 36.266
 66  73.408172  61.220959    33.762    33.762  2 54522.66891578 11.027
 67  73.416564  61.222439    33.928    33.928  2 54557.66892460 21.951
 68  73.408472  61.221673    30.185    30.185  2 54592.66891218 34.860
 70  73.407600  61.221108    31.268    31.268  2 54662.66893474 31.115
 71  73.419211  61.221880    28.048    28.013  3 54697.66890928 42.196
 72  73.404198  61.220853    27.263    27.263  2 54732.66889167 28.441
 73  73.412930  61.221239    32.998    32.998  2 54767.66888846 23.454
 74  73.403973  61.219319    29.711    29.711  2 54802.66888519 35.827
 75  73.411513  61.221740    28.701    28.701  2 54837.66888166 21.058
 76  73.405171  61.220794    31.962    31.962  2 54872.66888439 14.290
 77  73.416866  61.223349    34.447    34.255  3 54907.66888900 11.784
 78  73.404323  61.220439    28.150    28.150  2 54942.66887741 30.347
 79  73.409291  61.221827    32.289    32.289  2 54977.66890506 36.779
 80  73.411854  61.221571    32.083    32.083  2 55012.66891199 32.417
 81  73.410210  61.221643    30.927    30.927  2 55047.66890460 27.071
 82  73.420882  61.221919    29.244    28.197  3 55082.66887534 31.567
 83  73.406319  61.220612    30.054    30.054  2 55117.66883618 25.960
 84  73.412734  61.221457    28.451    28.451  2 55152.66883355 29.599
 85  73.403811  61.220323    28.111    28.111  2 55187.66882383 19.873
 86  73.412870  61.221639    34.091    34.091  2 55222.66883241 11.678
 87  73.409371  61.220593    33.124    33.124  2 55257.66881955 11.179
 88  73.417931  61.222972    35.548    35.353  4 55292.66882047 11.756
 89  73.409442  61.219587    31.626    31.626  2 55327.66880339 50.986
 91  73.404873  61.220322    33.010    33.010  2 55397.66880739 30.928
 93  73.423369  61.222481    30.662    32.144  3 55467.66877292 26.408
