-273104.364    95.161     0.00    4.07
-272729.857    93.007    -5.75    3.54
-272355.293    92.976    -0.08    3.08
-271980.672    94.585     4.29    3.67
-271605.996    96.979     6.39    3.57
-271231.262    98.616     4.37    2.40
-270856.472    99.469     2.28    1.47
-270481.626    99.295    -0.47    1.64
-270106.723    98.956    -0.90    2.02
-269731.763    98.055    -2.40    2.23
-269356.747    97.787    -0.71    2.03
-268981.674    98.238     1.20    1.97
-268606.544    98.446     0.56    1.95
-268231.358    98.530     0.22    1.75
-267856.114    98.435    -0.25    1.51
-267480.814    97.868    -1.51    1.17
-267105.457    97.680    -0.50    0.88
-266730.044    97.909     0.61    0.80
-266354.573    97.953     0.12    0.60
-265979.046    97.905    -0.13    0.74
-265603.461    97.600    -0.81    0.85
-265227.820    97.360    -0.64    0.88
-264852.122    97.222    -0.37    0.98
-264476.366    97.307     0.22    1.52
-264100.554    97.480     0.46    1.84
-263724.684    97.696     0.57    2.01
-263348.758    98.181     1.29    2.23
-262972.774    98.519     0.90    2.07
-262596.733    98.946     1.13    1.84
-262220.635    98.350    -1.58    2.36
-261844.480    97.196    -3.07    2.43
-261468.268    96.138    -2.81    2.27
-261091.998    95.109    -2.73    1.94
-260715.672    94.495    -1.63    1.95
-260339.287    93.795    -1.86    1.97
-259962.846    92.023    -4.70    2.62
-259586.347    91.655    -0.98    2.64
-259209.791    91.801     0.39    2.77
-258833.177    92.849     2.78    3.11
-258456.506    94.182     3.54    1.88
-258079.777    94.632     1.19    1.84
-257702.991    94.544    -0.24    2.04
-257326.148    94.321    -0.59    1.99
-256949.247    94.360     0.10    2.00
-256572.288    94.517     0.42    1.99
-256195.272    94.625     0.29    2.36
-255818.198    94.458    -0.44    2.53
-255441.066    94.319    -0.37    2.41
-255063.877    94.566     0.65    2.31
-254686.630    94.252    -0.83    2.16
-254309.326    94.379     0.34    1.81
-253931.963    94.196    -0.48    1.63
-253554.543    92.868    -3.52    1.93
-253177.065    91.452    -3.75    2.20
-252799.529    89.663    -4.74    2.64
-252421.935    87.759    -5.04    3.38
-252044.284    85.576    -5.78    3.84
-251666.574    83.208    -6.27    3.83
-251288.807    80.063    -8.32    4.71
-250910.981    76.895    -8.38    5.93
-250533.098    73.998    -7.66    6.73
-250155.156    72.016    -5.24    6.52
-249777.157    70.932    -2.87    6.00
-249399.099    71.002     0.18    5.22
-249020.983    71.627     1.65    4.69
-248642.809    73.142     4.01    4.40
-248264.577    74.832     4.47    3.51
-247886.287    77.252     6.40    3.34
-247507.938    78.638     3.66    3.94
-247129.531    76.196    -6.45    7.04
-246751.066    75.083    -2.94    7.74
-246372.543    75.142     0.16    7.66
-245993.961    77.724     6.82    7.52
-245615.321    82.127    11.63    4.33
-245236.623    84.696     6.78    3.30
-244857.866    87.041     6.19    3.71
-244479.050    89.530     6.57    3.52
-244100.177    92.090     6.76    2.35
-243721.244    93.455     3.60    1.61
-243342.253    92.817    -1.68    3.11
-242963.204    91.002    -4.79    4.04
-242584.096    88.652    -6.20    3.65
-242204.929    87.211    -3.80    2.80
-241825.704    86.896    -0.83    2.69
-241457.148    86.516    -1.03    2.64
-241089.185    85.613    -2.45    2.15
-240721.167    85.294    -0.87    1.80
-240353.093    84.677    -1.68    0.83
-239984.965    84.474    -0.55    0.94
-239616.782    84.320    -0.42    0.93
-239248.544    84.238    -0.22    0.99
-238880.251    83.964    -0.74    1.11
-238511.903    83.724    -0.65    1.17
-238143.500    83.266    -1.24    1.00
-237775.042    83.071    -0.53    1.00
-237406.528    82.794    -0.75    1.03
-237037.960    82.548    -0.67    1.09
-236669.336    82.320    -0.62    1.08
-236300.658    82.027    -0.80    1.10
-235931.924    81.752    -0.74    1.14
-235563.135    81.919     0.45    1.37
-235194.290    82.294     1.02    1.78
-234825.390    82.815     1.41    1.98
-234456.435    83.182     0.99    1.96
-234087.425    82.998    -0.50    2.10
-233718.360    82.391    -1.65    2.38
-233349.238    81.787    -1.64    2.37
-232980.062    82.293     1.37    2.74
-232610.830    83.097     2.18    2.88
-232241.543    83.403     0.83    2.40
-231872.200    82.491    -2.47    2.41
-231502.802    81.211    -3.46    2.67
-231133.348    80.125    -2.94    2.18
-230763.838    79.738    -1.05    2.82
-230394.274    79.474    -0.71    3.92
-230024.653    78.951    -1.42    4.27
-229654.977    78.379    -1.55    4.25
-229285.245    76.571    -4.89    3.63
-228915.457    77.049     1.29    3.57
-228545.614    76.294    -2.04    4.20
-228175.715    75.498    -2.15    4.83
-227805.760    73.127    -6.41    5.83
-227435.750    69.855    -8.84    5.23
-227065.683    68.941    -2.47    4.49
-226695.561    68.575    -0.99    3.72
-226325.383    67.937    -1.72    4.55
-225955.149    67.267    -1.81    5.25
-225584.859    65.022    -6.06    4.21
-225214.513    64.031    -2.67    3.58
-224844.111    62.819    -3.27    4.53
-224473.653    60.267    -6.89    5.87
-224103.139    56.238   -10.87    6.48
-223732.569    52.817    -9.23    3.49
-223361.943    53.009     0.52    3.10
-222991.261    55.480     6.67    3.90
-222620.523    58.567     8.32    3.87
-222249.729    61.923     9.05    3.72
-221878.878    64.772     7.68    3.50
-221507.971    68.336     9.61    3.93
-221137.008    71.581     8.74    4.37
-220765.989    74.660     8.30    3.68
-220394.914    77.197     6.83    3.35
-220023.782    78.562     3.68    2.61
-219652.593    78.814     0.68    2.58
-219281.349    79.090     0.74    2.91
-218910.048    80.171     2.91    4.05
-218538.691    83.074     7.82    4.56
-218167.277    84.074     2.69    4.15
-217795.806    83.731    -0.92    4.16
-217424.280    81.266    -6.63    3.73
-217052.696    79.361    -5.12    2.24
-216681.056    79.590     0.61    2.30
-216309.360    79.992     1.08    2.57
-215937.607    79.766    -0.61    2.64
-215565.797    80.320     1.49    3.01
-215193.931    80.809     1.31    3.40
-214822.008    82.117     3.52    3.86
-214450.028    83.046     2.50    3.39
-214077.992    83.428     1.03    2.57
-213705.898    82.899    -1.42    2.44
-213333.748    81.919    -2.63    2.06
-212961.541    81.811    -0.29    1.78
-212589.278    81.657    -0.41    1.74
-212216.957    82.382     1.95    1.82
-211844.580    82.752     0.99    2.00
-211472.145    83.238     1.30    2.02
-211099.654    83.841     1.62    1.82
-210727.106    84.349     1.36    1.69
-210354.500    84.946     1.60    1.40
-209981.838    85.752     2.16    1.15
-209609.119    86.321     1.53    0.97
-209236.342    86.710     1.04    0.67
-208863.508    86.641    -0.19    0.70
-208490.618    86.405    -0.63    0.76
-208117.670    85.849    -1.49    0.97
-207744.665    85.063    -2.11    1.28
-207371.602    84.335    -1.95    1.35
-206998.483    83.238    -2.94    1.42
-206625.306    82.166    -2.87    1.30
-206252.072    81.416    -2.01    1.63
-205878.780    80.863    -1.48    1.82
-205505.431    80.361    -1.34    2.50
-205132.025    80.552     0.51    3.26
-204758.562    81.891     3.58    3.88
-204385.040    81.984     0.25    4.45
-204011.462    83.139     3.09    4.29
-203637.826    83.841     1.88    4.18
-203264.132    84.360     1.39    3.97
-202890.381    84.974     1.64    2.68
-202516.573    82.945    -5.43    4.14
-202142.706    81.684    -3.37    3.88
-201768.782    81.416    -0.72    3.17
-201394.801    82.644     3.28    3.20
-201020.762    82.690     0.12    3.49
-200646.665    81.553    -3.04    4.18
-200272.510    79.806    -4.67    4.05
-199898.298    78.279    -4.08    2.47
-199524.027    78.585     0.82    2.46
-199149.699    79.076     1.31    2.61
-198775.313    79.946     2.32    2.56
-198400.870    80.576     1.68    2.37
-198026.368    80.419    -0.42    2.36
-197651.808    79.266    -3.08    2.58
-197277.191    77.646    -4.32    2.81
-196902.515    76.877    -2.05    2.17
-196527.782    76.155    -1.93    2.01
-196152.990    74.505    -4.40    3.38
-195778.140    70.603   -10.41    6.19
-195403.233    66.806   -10.13    6.42
-195028.267    62.594   -11.23    5.12
-194653.243    60.101    -6.65    4.08
-194278.161    58.745    -3.62    3.73
-193903.020    57.211    -4.09    2.23
-193527.821    56.345    -2.31    1.07
-193152.565    56.167    -0.47    1.11
-192777.249    55.752    -1.11    1.08
-192401.876    55.655    -0.26    1.02
-192026.444    55.674     0.05    0.84
-191650.954    55.516    -0.42    0.86
-191275.405    56.030     1.37    1.73
-190899.798    57.182     3.07    3.17
-190524.132    57.657     1.26    3.50
-190148.408    57.141    -1.37    3.77
-189772.626    55.799    -3.57    4.09
-189396.785    52.759    -8.09    4.96
-189020.885    49.005    -9.98    5.67
-188644.927    45.704    -8.78    5.10
-188268.910    43.389    -6.16    3.54
-187892.835    42.412    -2.60    3.02
-187516.701    44.069     4.40    4.22
-187140.508    46.992     7.77    5.46
-186764.256    49.689     7.17    5.37
-186387.946    50.882     3.17    4.86
-186011.576    49.449    -3.81    5.47
-185635.148    48.430    -2.71    4.03
-185258.662    48.738     0.82    3.58
-184882.116    50.559     4.83    4.66
-184505.511    55.170    12.24    5.63
-184128.848    59.074    10.36    5.54
-183752.125    62.416     8.87    4.85
-183375.343    64.526     5.60    4.03
-182998.503    66.239     4.54    4.17
-182621.603    67.849     4.27    4.15
-182244.645    69.292     3.83    3.24
-181867.627    70.027     1.95    2.15
-181490.550    70.391     0.97    1.76
-181113.414    70.829     1.16    1.63
-180736.219    71.170     0.90    1.28
-180358.964    71.460     0.77    0.92
-179981.650    71.492     0.08    0.79
-179604.277    71.725     0.62    0.81
-179226.845    71.594    -0.35    0.85
-178849.353    71.512    -0.22    0.85
-178471.802    71.428    -0.22    0.82
-178094.192    71.599     0.45    1.08
-177716.522    71.738     0.37    1.16
-177338.793    72.375     1.69    1.64
-176961.004    73.863     3.94    2.88
-176583.156    75.745     4.98    3.51
-176205.248    77.613     4.94    3.18
-175827.281    78.759     3.03    2.80
-175449.254    79.211     1.20    2.78
-175071.167    79.279     0.18    2.62
-174693.021    79.833     1.46    2.47
-174314.815    79.414    -1.11    3.08
-173936.550    79.068    -0.92    3.79
-173558.224    78.196    -2.30    4.76
-173179.839    77.049    -3.03    5.14
-172801.394    73.002   -10.69    9.09
-172422.890    67.463   -14.63   11.59
-172044.325    59.877   -20.04   11.35
-171665.701    53.332   -17.28    9.19
-171287.016    49.265   -10.74    7.47
-170908.272    46.536    -7.21    4.38
-170529.468    45.526    -2.67    4.52
-170150.604    44.671    -2.26    4.41
-169771.679    43.119    -4.10    3.72
-169392.695    41.919    -3.17    1.88
-169013.650    41.982     0.17    2.02
-168634.546    41.752    -0.61    2.36
-168255.381    41.599    -0.40    2.57
-167876.156    41.526    -0.19    2.80
-167496.871    41.452    -0.20    2.59
-167117.526    40.855    -1.57    2.58
-166746.367    40.428    -1.15    2.27
-166378.577    40.745     0.86    3.59
-166010.731    42.563     4.94    5.30
-165642.828    45.211     7.20    5.76
-165274.869    47.559     6.38    4.78
-164906.854    48.046     1.33    3.38
-164538.782    45.772    -6.18    3.47
-164170.654    43.071    -7.33    3.23
-163802.470    41.252    -4.94    2.85
-163434.229    41.252     0.00    3.48
-163065.932    42.389     3.09    4.12
-162697.578    43.613     3.32    4.04
-162329.167    43.594    -0.05    4.33
-161960.701    41.563    -5.51    4.23
-161592.177    39.630    -5.24    2.93
-161223.597    38.509    -3.04    0.95
-160854.961    38.576     0.18    1.52
-160486.267    38.622     0.12    1.42
-160117.517    39.130     1.38    1.76
-159748.711    40.403     3.45    3.23
-159379.847    41.738     3.62    3.95
-159010.927    42.502     2.07    4.33
-158641.950    42.603     0.27    3.67
-158272.917    43.127     1.42    3.75
-157903.826    43.711     1.58    3.39
-157534.679    43.841     0.35    3.05
-157165.475    44.211     1.00    2.80
-156796.214    45.471     3.41    3.53
-156426.895    46.855     3.75    3.89
-156057.520    48.732     5.08    3.21
-155688.088    49.800     2.89    2.96
-155318.599    50.625     2.23    2.63
-154949.053    50.725     0.27    2.52
-154579.450    51.079     0.96    2.08
-154209.790    51.265     0.51    1.82
-153840.072    51.185    -0.22    1.53
-153470.298    51.279     0.25    1.41
-153100.466    52.036     2.05    1.59
-152730.577    53.005     2.62    1.87
-152360.631    54.509     4.06    2.23
-151990.627    56.335     4.94    2.95
-151620.567    58.846     6.79    3.51
-151250.449    61.224     6.42    3.49
-150880.273    63.786     6.92    2.61
-150510.041    65.375     4.29    2.31
-150139.750    66.800     3.85    2.43
-149769.403    67.590     2.13    2.38
-149398.998    68.576     2.66    1.96
-149028.535    68.841     0.71    1.26
-148658.015    68.865     0.07    1.09
-148287.438    68.978     0.30    1.30
-147916.802    69.107     0.35    1.23
-147546.110    69.389     0.76    1.26
-147175.359    69.581     0.52    1.23
-146804.551    69.718     0.37    1.13
-146433.686    70.015     0.80    1.16
-146062.762    70.334     0.86    1.16
-145691.781    70.559     0.61    1.08
-145320.742    70.835     0.75    0.92
-144949.646    71.306     1.27    0.95
-144578.491    71.696     1.05    0.96
-144207.279    72.293     1.61    1.01
-143836.009    73.030     1.98    1.15
-143464.681    73.819     2.13    1.16
-143093.295    74.627     2.17    1.01
-142721.851    75.346     1.94    1.09
-142350.349    76.041     1.87    1.12
-141978.789    76.919     2.36    1.11
-141607.171    77.562     1.73    1.10
-141235.495    78.332     2.07    1.16
-140863.761    79.252     2.47    1.31
-140491.969    79.959     1.90    1.35
-140120.119    80.794     2.25    1.05
-139748.210    81.452     1.77    0.90
-139376.243    82.115     1.78    1.06
-139004.218    82.590     1.28    1.04
-138632.135    83.074     1.30    0.84
-138259.994    83.428     0.95    0.76
-137887.794    83.590     0.44    0.78
-137515.536    83.752     0.44    0.78
-137143.219    83.639    -0.30    0.85
-136770.844    83.585    -0.14    0.89
-136398.411    83.617     0.08    0.96
-136025.919    83.509    -0.29    1.15
-135653.369    83.457    -0.14    1.34
-135280.760    83.405    -0.14    1.33
-134908.093    83.224    -0.48    1.19
-134535.367    83.641     1.12    1.68
-134162.583    85.635     5.35    3.67
-133789.740    88.252     7.02    4.30
-133416.838    90.968     7.28    3.51
-133043.877    92.366     3.75    2.09
-132670.858    92.252    -0.31    2.07
-132297.780    91.605    -1.73    2.15
-131924.644    90.318    -3.45    2.89
-131551.448    88.370    -5.22    3.85
-131178.194    86.439    -5.17    4.38
-130804.881    83.849    -6.94    4.41
-130431.509    81.012    -7.60    5.52
-130058.078    77.677    -8.93    6.58
-129684.589    74.147    -9.45    7.81
-129311.040    72.635    -4.04    7.40
-128937.432    74.331     4.54    8.40
-128563.765    77.495     8.47    8.99
-128190.040    82.360    13.02    6.25
-127816.255    83.995     4.37    3.49
-127442.411    83.901    -0.25    3.61
-127068.508    84.184     0.76    3.39
-126694.545    84.211     0.07    3.26
-126320.524    84.765     1.48    2.93
-125946.443    84.360    -1.08    3.59
-125572.303    83.940    -1.12    4.22
-125198.104    84.794     2.28    3.29
-124823.846    85.452     1.76    2.90
-124449.528    85.426    -0.07    2.14
-124075.150    84.370    -2.82    2.75
-123700.714    83.649    -1.93    2.77
-123326.218    83.372    -0.74    2.56
-122951.662    83.629     0.69    2.53
-122577.047    83.738     0.29    2.29
-122202.373    83.224    -1.37    2.25
-121827.639    82.307    -2.45    2.58
-121452.845    81.155    -3.07    2.47
-121077.992    80.046    -2.96    2.88
-120703.080    79.732    -0.84    3.12
-120328.107    80.119     1.03    3.20
-119953.075    80.144     0.07    3.16
-119577.983    80.346     0.54    2.77
-119202.832    80.968     1.66    2.46
-118827.620    81.334     0.98    2.52
-118452.349    81.265    -0.18    3.29
-118077.018    81.627     0.96    3.51
-117701.627    80.879    -1.99    4.13
-117326.177    79.998    -2.34    4.53
-116950.666    78.465    -4.08    5.42
-116575.096    77.097    -3.64    6.10
-116199.465    77.823     1.93    5.90
-115823.775    77.882     0.16    5.62
-115448.024    78.581     1.86    4.93
-115072.213    77.536    -2.78    5.26
-114696.343    77.239    -0.79    4.51
-114320.412    77.387     0.39    4.30
-113944.421    78.279     2.37    4.07
-113568.370    79.439     3.08    2.64
-113192.258    80.184     1.98    2.34
-112816.087    79.641    -1.44    2.31
-112439.855    78.794    -2.25    3.06
-112063.563    78.105    -1.83    3.31
-111687.210    76.561    -4.10    3.99
-111310.798    75.612    -2.52    4.86
-110934.324    74.580    -2.74    5.36
-110557.791    72.719    -4.94    5.99
-110181.197    71.033    -4.48    6.46
-109804.542    69.978    -2.80    6.32
-109427.827    69.909    -0.18    7.47
-109051.051    67.495    -6.41    9.06
-108674.215    62.679   -12.78   10.49
-108297.319    59.144    -9.38    9.70
-107920.361    58.792    -0.93    8.44
-107543.343    61.009     5.88    9.93
-107166.264    67.932    18.36   10.06
-106789.125    74.016    16.13    5.74
-106411.925    76.625     6.92    3.68
-106034.664    77.988     3.61    2.30
-105657.342    77.831    -0.42    2.06
-105279.960    77.183    -1.72    2.58
-104902.516    75.590    -4.22    2.95
-104525.012    73.968    -4.29    3.54
-104147.447    72.370    -4.23    3.86
-103769.821    72.022    -0.92    3.85
-103392.133    71.374    -1.72    3.66
-103014.385    72.092     1.90    3.40
-102636.576    72.536     1.17    3.34
-102258.706    71.545    -2.62    3.33
-101880.774    70.294    -3.31    4.36
-101502.782    68.186    -5.58    5.24
-101124.728    66.716    -3.89    5.83
-100746.613    64.092    -6.94    7.21
-100368.437    61.738    -6.22    7.10
 -99990.200    61.238    -1.32    8.77
 -99611.901    61.101    -0.36    9.42
 -99233.541    62.625     4.03   10.31
 -98855.120    64.576     5.16   10.34
 -98476.637    68.307     9.86    8.01
 -98098.093    70.103     4.75    4.78
 -97719.488    68.772    -3.51    3.89
 -97340.821    68.372    -1.06    3.34
 -96962.092    68.745     0.98    4.35
 -96583.302    70.439     4.47    5.86
 -96204.451    70.485     0.12    9.57
 -95825.538    68.784    -4.49   11.15
 -95446.563    64.833   -10.43   12.23
 -95067.526    60.387   -11.73   12.64
 -94688.428    53.468   -18.25   12.95
 -94309.269    48.265   -13.72   11.57
 -93930.047    45.278    -7.88    9.55
 -93550.764    42.046    -8.52    6.85
 -93171.419    42.625     1.53    7.62
 -92792.012    42.338    -0.76    8.83
 -92412.543    40.765    -4.14    7.09
 -92038.535    41.463     1.87    5.93
 -91670.922    41.879     1.13    5.82
 -91303.252    42.809     2.53    5.86
 -90935.523    42.279    -1.44    4.40
 -90567.738    41.138    -3.10    3.05
 -90199.894    41.679     1.47    2.31
 -89831.993    41.752     0.20    2.37
 -89464.033    42.502     2.04    4.87
 -89096.016    44.063     4.24    6.36
 -88727.942    43.594    -1.28    6.64
 -88359.809    43.238    -0.97    5.55
 -87991.618    44.107     2.36    5.29
 -87623.370    45.752     4.47    5.47
 -87255.063    46.932     3.20    5.09
 -86886.699    45.294    -4.45    5.46
 -86518.276    42.136    -8.57    4.76
 -86149.796    42.182     0.12    7.13
 -85781.257    42.699     1.40    8.44
 -85412.660    43.641     2.55    9.67
 -85044.006    42.212    -3.88    7.67
 -84675.293    41.336    -2.37    5.17
 -84306.522    42.436     2.98    5.30
 -83937.692    43.977     4.18    5.20
 -83568.805    44.585     1.65    5.09
 -83199.859    45.152     1.54    5.40
 -82830.855    43.679    -3.99    5.42
 -82461.792    42.980    -1.89    4.93
 -82092.671    42.532    -1.22    4.70
 -81723.492    41.938    -1.61    4.22
 -81354.254    41.160    -2.11    3.13
 -80984.958    40.773    -1.05    2.56
 -80615.604    40.936     0.44    2.16
 -80246.191    40.998     0.17    2.04
 -79876.719    40.385    -1.66    1.83
 -79507.189    39.807    -1.56    1.98
 -79137.601    39.175    -1.71    2.46
 -78767.953    38.655    -1.41    2.83
 -78398.247    39.085     1.16    3.25
 -78028.483    39.682     1.62    3.65
 -77658.660    39.932     0.67    3.55
 -77288.778    40.613     1.84    2.96
 -76918.837    41.765     3.11    2.87
 -76548.838    42.280     1.39    3.13
 -76178.779    43.673     3.76    3.40
 -75808.662    44.952     3.46    3.02
 -75438.486    48.172     8.70    5.87
 -75068.251    49.195     2.76    5.90
 -74697.958    51.252     5.56    6.64
 -74327.605    55.238    10.76    7.12
 -73957.193    56.028     2.13    8.07
 -73586.722    59.932    10.54    9.05
 -73216.193    63.172     8.74    9.28
 -72845.604    67.421    11.46   10.33
 -72474.956    70.564     8.48    9.36
 -72104.249    71.682     3.02    9.61
 -71733.483    66.834   -13.08   11.74
 -71362.658    61.941   -13.19   10.91
 -70991.773    59.380    -6.90    8.48
 -70620.829    61.142     4.75    9.59
 -70249.826    67.486    17.10   10.30
 -69878.764    72.387    13.21    7.89
 -69507.642    75.385     8.08    5.63
 -69136.461    74.677    -1.91    6.18
 -68765.221    74.320    -0.96    6.35
 -68393.921    74.414     0.25    6.76
 -68022.562    74.074    -0.92    6.51
 -67651.143    70.800    -8.81    8.62
 -67279.665    69.012    -4.81    8.37
 -66908.127    69.252     0.65    8.39
 -66536.530    72.147     7.79    9.39
 -66164.873    78.159    16.18    6.35
 -65793.157    79.791     4.39    4.29
 -65421.380    78.945    -2.28    4.10
 -65049.545    76.819    -5.72    4.93
 -64677.649    72.644   -11.23    6.06
 -64305.694    67.399   -14.10    8.83
 -63933.679    59.949   -20.02   10.60
 -63561.604    52.719   -19.43    8.92
 -63189.470    49.712    -8.08    7.17
 -62817.275    51.412     4.57    8.99
 -62445.021    59.212    20.95    9.95
 -62072.707    66.841    20.49    8.71
 -61700.333    73.403    17.62    6.95
 -61327.899    76.549     8.45    5.46
 -60955.404    76.719     0.45    5.60
 -60582.850    75.814    -2.43    6.33
 -60210.236    75.412    -1.08    5.74
 -59837.562    74.553    -2.30    4.56
 -59464.828    73.462    -2.93    4.47
 -59092.033    72.932    -1.42    4.58
 -58719.178    71.391    -4.13    4.00
 -58346.264    69.974    -3.80    2.62
 -57973.288    70.457     1.29    2.46
 -57600.253    70.807     0.94    2.94
 -57227.157    70.620    -0.50    3.91
 -56854.001    70.557    -0.17    4.22
 -56480.785    71.572     2.72    4.18
 -56107.508    72.833     3.38    3.84
 -55734.171    74.211     3.69    3.60
 -55360.774    75.652     3.86    3.39
 -54987.316    77.211     4.17    3.86
 -54613.797    78.752     4.13    4.72
 -54240.218    79.291     1.44    5.12
 -53866.579    77.949    -3.59    6.51
 -53492.878    75.462    -6.65    8.53
 -53119.118    72.052    -9.12    8.83
 -52745.296    69.732    -6.21    8.17
 -52371.414    67.489    -6.00    6.62
 -51997.471    64.738    -7.35    3.62
 -51623.468    62.797    -5.19    3.11
 -51249.403    61.772    -2.74    3.58
 -50875.278    60.213    -4.17    3.48
 -50501.092    60.665     1.21    4.70
 -50126.845    62.932     6.06    5.90
 -49752.538    64.660     4.62    5.39
 -49378.169    65.305     1.72    4.49
 -49003.739    66.038     1.96    4.05
 -48629.249    64.989    -2.80    3.63
 -48254.697    63.361    -4.34    2.94
 -47880.085    62.079    -3.42    3.46
 -47505.411    59.005    -8.20    5.48
 -47130.676    57.483    -4.06    5.40
 -46755.880    57.759     0.74    6.01
 -46381.023    61.598    10.24    8.41
 -46006.105    67.603    16.02    9.59
 -45631.125    73.133    14.75    7.27
 -45256.085    76.319     8.49    2.91
 -44880.982    76.083    -0.63    2.71
 -44505.819    74.594    -3.97    4.16
 -44130.594    71.739    -7.61    6.38
 -43755.308    66.468   -14.04    9.59
 -43379.961    62.252   -11.23    9.29
 -43004.552    57.799   -11.86    5.93
 -42629.082    55.806    -5.31    3.42
 -42253.550    56.185     1.01    2.73
 -41877.956    56.435     0.66    2.59
 -41502.301    56.464     0.08    2.37
 -41126.585    56.821     0.95    2.78
 -40750.807    56.502    -0.85    3.60
 -40374.967    56.495    -0.02    3.64
 -39999.065    57.290     2.12    3.42
 -39623.102    58.959     4.44    4.07
 -39247.077    61.897     7.81    4.15
 -38870.991    64.147     5.98    3.43
 -38494.842    65.888     4.63    2.66
 -38118.632    67.345     3.87    2.41
 -37742.359    67.397     0.14    2.84
 -37366.025    67.370    -0.07    3.05
 -36989.629    66.879    -1.31    3.07
 -36613.171    65.382    -3.98    2.41
 -36236.651    64.049    -3.54    2.03
 -35860.069    63.024    -2.72    2.10
 -35483.425    61.085    -5.15    2.56
 -35106.719    57.995    -8.20    4.74
 -34729.951    54.988    -7.98    5.51
 -34353.120    51.719    -8.67    6.44
 -33976.228    48.157    -9.45    5.70
 -33599.273    46.213    -5.16    4.30
 -33222.256    44.772    -3.82    3.32
 -32845.176    44.625    -0.39    2.89
 -32468.035    44.476    -0.40    3.04
 -32090.831    44.096    -1.01    1.81
 -31713.564    44.344     0.66    1.93
 -31336.236    44.092    -0.67    2.33
 -30958.845    43.521    -1.51    2.37
 -30581.391    42.225    -3.43    3.30
 -30203.875    39.477    -7.28    4.72
 -29826.296    34.599   -12.92    6.43
 -29448.655    29.163   -14.39    7.01
 -29070.951    24.307   -12.86    5.14
 -28693.185    21.936    -6.28    2.94
 -28315.356    21.022    -2.42    1.65
 -27937.464    20.932    -0.24    1.65
 -27559.510    20.810    -0.32    2.29
 -27181.493    21.252     1.17    2.33
 -26803.413    22.791     4.07    4.37
 -26425.270    25.449     7.03    5.89
 -26047.064    28.265     7.44    5.47
 -25668.796    30.348     5.51    3.84
 -25290.464    30.952     1.60    2.72
 -24912.070    30.571    -1.01    3.72
 -24533.613    31.138     1.50    4.48
 -24155.093    31.266     0.34    4.17
 -23776.509    30.875    -1.03    3.50
 -23397.863    29.452    -3.76    3.24
 -23019.154    28.528    -2.44    3.55
 -22640.381    27.654    -2.31    3.66
 -22261.545    27.369    -0.75    3.30
 -21882.646    27.699     0.87    2.65
 -21503.684    27.839     0.37    2.19
 -21124.659    26.854    -2.60    2.80
 -20745.570    25.669    -3.13    3.05
 -20366.418    25.366    -0.80    2.63
 -19987.203    24.877    -1.29    2.47
 -19607.924    24.771    -0.28    2.19
 -19228.582    25.425     1.72    2.37
 -18849.176    26.719     3.41    3.17
 -18469.707    28.449     4.56    3.32
 -18090.175    29.031     1.53    3.23
 -17710.579    29.012    -0.05    3.17
 -17333.464    28.397    -1.63    1.95
 -16966.036    28.686     0.79    2.04
 -16598.550    29.581     2.43    2.13
 -16231.004    30.447     2.36    1.59
 -15863.399    30.559     0.30    1.68
 -15495.735    29.791    -2.09    2.66
 -15128.012    28.172    -4.40    3.21
 -14760.230    26.133    -5.54    2.63
 -14392.388    25.161    -2.64    1.93
 -14024.487    24.188    -2.65    1.41
 -13656.527    24.291     0.28    1.95
 -13288.507    24.701     1.11    2.40
 -12920.428    24.719     0.05    2.94
 -12552.289    24.660    -0.16    3.59
 -12184.091    23.901    -2.06    3.74
 -11815.834    23.212    -1.87    3.55
 -11447.517    24.226     2.75    3.91
 -11079.141    25.999     4.81    4.14
 -10710.705    27.880     5.11    3.91
 -10342.209    29.633     4.76    2.62
  -9973.654    30.188     1.50    2.13
  -9605.039    30.039    -0.40    2.09
  -9236.365    29.949    -0.24    2.04
  -8867.630    29.252    -1.89    2.34
  -8498.837    28.874    -1.03    2.54
  -8129.983    28.055    -2.22    2.65
  -7761.069    27.457    -1.62    2.34
  -7392.096    26.772    -1.86    1.94
  -7023.063    26.277    -1.34    2.80
  -6653.970    24.928    -3.66    4.45
  -6284.817    22.176    -7.45    5.25
  -5915.604    19.679    -6.76    3.84
  -5546.331    18.995    -1.85    2.73
  -5176.998    18.620    -1.02    1.65
  -4807.605    18.865     0.66    1.65
  -4438.152    18.412    -1.23    2.55
  -4068.639    17.692    -1.95    2.96
  -3699.066    15.949    -4.72    3.22
  -3329.433    14.572    -3.72    2.76
  -2959.739    12.941    -4.41    3.07
  -2589.986     9.872    -8.30    5.21
  -2220.172     6.509    -9.10    6.25
  -1850.297     3.796    -7.33    5.86
  -1480.363     1.522    -6.15    3.70
  -1110.368     0.560    -2.60    2.45
   -740.313     0.462    -0.26    2.47
   -370.197     0.052    -1.11    2.12
     -0.021     0.462     1.11    2.46
    370.215     0.541     0.21    2.24
    740.512     0.892     0.95    1.89
   1110.869     1.970     2.91    2.83
   1481.287     2.063     0.25    2.89
   1851.766     1.352    -1.92    3.13
   2222.305     0.198    -3.11    3.51
   2592.905    -1.466    -4.49    3.10
   2963.565    -3.028    -4.21    1.70
   3334.286    -2.813     0.58    2.15
   3705.068    -2.972    -0.43    2.17
   4075.911    -2.978    -0.02    1.98
   4446.814    -2.034     2.55    2.62
   4817.778    -0.517     4.09    4.30
   5188.803     2.039     6.89    5.00
   5559.889     4.303     6.10    3.91
   5931.036     6.492     5.90    1.99
   6302.243     6.999     1.37    1.96
   6673.512     7.397     1.07    2.62
   7044.842     8.564     3.14    3.35
   7416.232    10.771     5.94    3.64
   7787.684    12.564     4.82    3.31
   8159.197    14.085     4.10    1.90
   8530.771    14.979     2.41    1.84
   8902.406    15.148     0.45    1.90
   9274.102    15.291     0.38    2.39
   9645.860    16.305     2.73    2.82
  10017.678    16.883     1.56    2.66
  10389.558    16.665    -0.59    3.07
  10761.500    16.132    -1.43    3.22
  11133.502    16.018    -0.31    3.38
  11505.566    16.085     0.18    3.72
  11877.692    15.585    -1.34    3.99
  12249.878    15.992     1.09    4.00
  12622.126    16.434     1.19    3.78
  12994.436    17.712     3.43    3.38
  13366.807    20.162     6.58    2.45
  13739.240    20.989     2.22    2.25
  14111.734    21.834     2.27    1.95
  14484.290    22.079     0.66    1.73
  14856.908    21.508    -1.53    1.94
  15229.587    21.015    -1.32    1.78
  15602.328    21.857     2.26    2.72
  15975.131    23.526     4.48    3.79
  16347.995    28.002    12.00    6.48
  16720.921    31.540     9.49    6.21
  17093.909    33.957     6.48    5.18
  17466.959    36.238     6.11    2.75
  17840.071    37.027     2.11    1.55
  18213.245    36.849    -0.48    1.56
  18586.480    37.352     1.35    1.67
  18959.778    38.101     2.01    1.52
  19333.138    39.370     3.40    2.40
  19706.559    40.599     3.29    3.06
  20080.043    40.765     0.44    3.76
  20453.589    40.599    -0.45    4.67
  20827.197    40.072    -1.41    4.48
  21200.867    38.846    -3.28    3.10
  21574.600    39.902     2.82    3.26
  21948.394    41.476     4.21    1.56
  22322.251    41.278    -0.53    1.71
  22696.170    41.564     0.77    1.76
  23070.152    41.680     0.31    1.75
  23444.195    41.923     0.65    1.95
  23818.302    42.083     0.43    1.72
  24192.470    42.008    -0.20    2.19
  24566.701    41.160    -2.27    2.66
  24940.995    40.796    -0.97    2.53
  25315.351    40.673    -0.33    2.59
  25689.770    41.391     1.92    2.64
  26064.251    43.052     4.43    3.44
  26438.795    44.419     3.65    3.25
  26813.401    46.015     4.26    3.41
  27188.070    46.875     2.30    3.68
  27562.802    47.144     0.72    3.70
  27937.597    46.072    -2.86    2.74
  28312.454    44.603    -3.92    2.84
  28687.374    41.264    -8.91    5.45
  29062.357    38.891    -6.33    5.58
  29437.403    36.339    -6.80    5.58
  29812.512    35.238    -2.94    5.79
  30187.683    34.318    -2.45    5.16
  30562.918    33.161    -3.08    4.71
  30938.216    31.875    -3.43    3.59
  31313.576    30.693    -3.15    3.39
  31689.000    28.836    -4.95    3.27
  32064.487    27.945    -2.37    3.21
  32440.037    27.962     0.05    2.78
  32815.650    28.160     0.53    2.57
  33191.326    29.265     2.94    2.24
  33567.065    29.304     0.10    2.27
  33942.868    29.603     0.79    2.77
  34318.734    30.359     2.01    3.70
  34694.663    31.515     3.08    4.15
  35070.656    33.771     6.00    4.92
  35446.712    36.581     7.47    3.66
  35822.832    38.189     4.28    3.85
  36199.014    40.280     5.56    3.60
  36575.261    41.302     2.72    3.26
  36951.571    41.509     0.55    3.00
  37327.944    40.810    -1.86    2.58
  37704.381    40.175    -1.69    2.84
  38080.882    39.693    -1.28    2.83
  38457.446    39.265    -1.14    2.84
  38834.074    38.927    -0.90    2.72
  39210.766    38.972     0.12    2.57
  39587.521    38.791    -0.48    2.78
  39964.340    39.085     0.78    2.69
  40341.223    39.186     0.27    2.20
  40718.170    39.521     0.89    2.03
  41095.180    39.893     0.99    2.41
  41472.255    40.434     1.43    2.56
  41849.393    40.130    -0.80    2.58
  42226.596    39.927    -0.54    2.08
  42603.862    38.485    -3.82    3.12
  42981.193    35.639    -7.54    4.42
  43358.587    32.590    -8.08    4.83
  43736.046    28.999    -9.51    4.60
  44113.569    27.002    -5.29    3.54
  44491.155    26.200    -2.12    3.32
  44868.807    26.315     0.31    3.11
  45246.522    26.726     1.09    2.66
  45624.302    27.966     3.28    2.86
  46002.145    28.870     2.39    2.88
  46380.054    30.102     3.26    3.30
  46758.026    29.465    -1.68    5.49
  47136.063    27.290    -5.75    7.24
  47514.165    24.738    -6.75    7.46
  47892.331    22.499    -5.92    6.05
  48270.561    20.405    -5.54    3.02
  48648.856    19.790    -1.62    1.50
  49027.215    20.039     0.66    1.17
  49405.639    19.602    -1.15    1.22
  49784.128    18.966    -1.68    1.62
  50162.681    17.880    -2.87    2.20
  50541.300    16.431    -3.83    1.94
  50919.982    15.758    -1.78    1.41
  51298.730    15.872     0.30    1.36
  51677.542    16.122     0.66    1.44
  52056.419    16.393     0.72    1.92
  52435.361    15.738    -1.73    2.32
  52814.368    14.839    -2.37    2.57
  53193.440    13.821    -2.69    2.60
  53572.577    13.139    -1.80    2.03
  53951.779    13.305     0.44    2.97
  54331.046    15.970     7.03    5.25
  54710.378    17.675     4.50    5.16
  55089.775    17.970     0.78    4.78
  55469.237    17.380    -1.55    4.70
  55848.764    15.923    -3.84    4.75
  56228.357    16.439     1.36    6.02
  56608.014    17.799     3.58    7.35
  56987.737    19.720     5.06    7.61
  57367.526    20.909     3.13    7.35
  57735.471    22.291     3.75    6.67
  58102.772    23.049     2.06    5.82
  58470.134    22.771    -0.76    5.84
  58837.556    20.705    -5.62    7.38
  59205.038    18.452    -6.13    6.91
  59572.582    16.305    -5.84    4.48
  59940.186    16.442     0.37    3.49
  60307.851    18.291     5.03    3.11
  60675.577    19.836     4.20    3.28
  61043.363    20.367     1.44    3.17
  61411.211    20.680     0.85    2.39
  61779.119    20.555    -0.34    1.99
  62147.088    20.315    -0.65    1.50
  62515.118    20.133    -0.49    1.47
  62883.209    20.598     1.26    2.82
  63251.361    23.457     7.77    6.13
  63619.574    28.014    12.38    8.00
  63987.848    32.151    11.23    7.79
  64356.183    36.986    13.13    5.58
  64724.579    38.343     3.68    3.72
  65093.037    37.120    -3.32    4.40
  65461.555    35.416    -4.62    4.27
  65830.135    33.028    -6.48    2.91
  66198.776    31.590    -3.90    1.75
  66567.479    31.047    -1.47    1.69
  66936.242    30.467    -1.57    1.46
  67305.067    30.239    -0.62    1.41
  67673.953    30.380     0.38    1.56
  68042.901    30.305    -0.20    1.83
  68411.910    29.602    -1.90    2.02
  68780.981    30.292     1.87    2.62
  69150.113    30.983     1.87    2.56
  69519.306    31.732     2.03    2.23
  69888.562    32.356     1.69    2.28
  70257.878    32.161    -0.53    2.60
  70627.257    31.885    -0.75    2.52
  70996.696    31.812    -0.20    2.69
  71366.198    32.227     1.12    2.85
  71735.761    33.132     2.45    2.93
  72105.386    33.999     2.35    2.84
  72475.073    34.901     2.44    2.99
  72844.822    36.992     5.66    3.51
  73214.632    38.928     5.23    2.88
  73584.505    39.771     2.28    2.27
  73954.439    39.279    -1.33    3.29
  74324.435    37.364    -5.17    4.05
  74694.493    35.465    -5.13    3.79
  75064.613    34.746    -1.94    3.46
  75434.795    33.505    -3.35    2.44
  75805.039    33.875     1.00    2.77
  76175.345    35.101     3.31    3.60
  76545.714    37.128     5.47    3.87
  76916.144    38.772     4.44    3.69
  77286.637    39.277     1.36    2.75
  77657.192    38.117    -3.13    2.52
  78027.809    38.163     0.13    3.55
  78398.488    38.439     0.74    5.40
  78769.230    39.927     4.02    7.22
  79140.034    41.590     4.48    8.86
  79510.900    47.452    15.81   13.37
  79881.829    53.060    15.12   13.81
  80252.820    59.289    16.79   13.36
  80623.874    64.985    15.35    9.60
  80994.990    66.454     3.96    6.57
  81366.168    66.421    -0.09    6.39
  81737.410    65.543    -2.36    8.07
  82108.713    64.745    -2.15   10.85
  82480.080    62.752    -5.37   13.49
  82851.509    55.673   -19.06   15.35
  83223.001    49.064   -17.79   14.04
  83594.555    44.439   -12.45   10.61
  83966.172    42.239    -5.92    8.27
  84337.852    43.393     3.10    8.42
  84709.595    45.649     6.07    8.81
  85081.401    49.541    10.47    9.78
  85453.269    54.014    12.03    8.97
  85825.201    57.145     8.42    6.94
  86197.195    60.214     8.25    6.09
  86569.252    62.995     7.48    6.22
  86941.373    65.161     5.82    5.48
  87313.556    67.380     5.96    6.86
  87685.803    70.277     7.78    7.85
  88058.112    73.629     9.00    6.75
  88430.485    73.914     0.77    8.06
  88802.921    74.133     0.59    8.06
  89175.420    74.148     0.04    7.07
  89547.982    73.746    -1.08    6.41
  89920.608    74.102     0.96    6.71
  90293.296    74.162     0.16    8.15
  90666.049    73.380    -2.10    8.93
  91038.864    73.568     0.50   10.08
  91411.743    74.765     3.21   11.03
  91784.686    76.278     4.06   11.18
  92157.691    78.264     5.33    9.60
  92530.761    83.114    13.00   11.39
  92903.894    90.402    19.53   15.32
  93277.090   100.931    28.22   17.58
  93650.350   110.771    26.36   14.23
  94023.674   116.657    15.77    6.20
  94397.061   115.854    -2.15    6.61
  94770.512   111.149   -12.60    7.84
  95144.027   106.404   -12.71    6.54
  95517.605   103.682    -7.29    5.29
  95891.247   102.344    -3.58    5.47
  96264.953   101.302    -2.79    6.00
  96638.723   100.752    -1.47    6.13
  97012.557    99.889    -2.31    5.02
  97386.455   100.306     1.11    5.40
  97760.417   101.395     2.91    5.65
  98134.442   103.036     4.39    4.94
  98508.532   102.977    -0.16    4.46
  98882.686   101.792    -3.17    3.55
  99256.903   100.189    -4.28    3.78
  99631.185    98.860    -3.55    4.58
 100005.532    97.302    -4.16    4.04
 100379.942    96.212    -2.91    3.66
 100754.416    97.948     4.64    4.35
 101128.955   100.239     6.12    3.73
 101503.558   101.202     2.57    3.01
 101878.226   101.081    -0.32    3.01
 102252.957    98.796    -6.10    4.85
 102627.753    96.457    -6.24    5.34
 103002.614    94.202    -6.02    6.11
 103377.539    91.303    -7.73    7.34
 103752.528    89.470    -4.89    7.52
 104127.582    85.880    -9.57    7.73
 104502.701    83.304    -6.87    7.59
 104877.884    81.429    -5.00    5.60
 105253.132    80.314    -2.97    4.29
 105628.444    80.968     1.74    4.66
 106003.821    82.252     3.42    5.56
 106379.263    82.872     1.65    6.29
 106754.770    83.330     1.22    6.03
 107130.341    83.089    -0.64    5.91
 107505.977    81.489    -4.26    6.83
 107881.678    78.027    -9.22    7.79
 108257.444    74.331    -9.84    8.44
 108633.275    69.402   -13.12    9.53
 109009.171    65.630   -10.03    6.61
 109385.132    65.277    -0.94    6.61
 109761.157    65.630     0.94    7.00
 110137.248    67.202     4.18    6.17
 110513.404    69.560     6.27    6.23
 110889.625    70.614     2.80    6.01
 111265.912    69.380    -3.28    7.03
 111642.263    68.037    -3.57    7.29
 112018.680    66.713    -3.52    5.90
 112395.162    66.175    -1.43    5.21
 112771.709    66.239     0.17    5.86
 113148.322    65.064    -3.12    7.07
 113525.000    61.764    -8.76    6.97
 113901.743    59.598    -5.75    5.63
 114278.552    60.727     3.00    5.98
 114655.426    62.992     6.01    6.36
 115032.366    65.152     5.73    5.76
 115409.371    64.985    -0.44    7.73
 115786.442    62.680    -6.11    8.66
 116163.578    60.462    -5.88    8.06
 116540.781    57.952    -6.66    6.88
 116918.048    55.387    -6.80    4.89
 117295.382    52.564    -7.48    3.65
 117672.781    51.081    -3.93    3.22
 118050.246    50.277    -2.13    3.29
 118427.777    49.809    -1.24    3.03
 118805.374    48.278    -4.06    2.43
 119183.036    47.765    -1.36    2.55
 119560.765    47.423    -0.90    2.47
 119938.559    47.329    -0.25    2.49
 120316.420    47.505     0.47    2.55
 120694.346    47.739     0.62    2.62
 121072.339    47.303    -1.16    3.28
 121450.398    47.677     0.99    3.17
 121828.522    47.831     0.41    3.47
 122206.713    47.351    -1.27    3.72
 122584.970    46.238    -2.94    4.10
 122963.294    44.939    -3.43    4.40
 123341.683    43.590    -3.57    4.15
 123720.139    42.889    -1.85    3.18
 124098.662    43.252     0.96    3.01
 124477.250    43.627     0.99    2.87
 124855.905    44.419     2.09    2.52
 125234.627    44.739     0.85    2.63
 125613.415    46.079     3.54    2.79
 125992.269    47.467     3.66    2.78
 126371.190    47.543     0.20    2.45
 126750.178    47.212    -0.87    2.76
 127129.232    48.389     3.11    5.02
 127508.353    51.103     7.16    9.27
 127887.540    56.364    13.88   12.20
 128266.795    60.936    12.06   11.89
 128646.116    61.581     1.70    9.03
 129025.504    60.693    -2.34    7.38
 129404.958    57.914    -7.32    6.39
 129784.480    54.594    -8.75    6.12
 130164.068    52.927    -4.39    5.30
 130543.724    52.993     0.17    5.11
 130923.446    52.847    -0.38    4.67
 131303.235    54.037     3.13    3.62
 131683.092    55.186     3.03    3.35
 132063.015    54.964    -0.58    3.10
 132434.283    54.331    -1.71    3.01
 132801.388    52.993    -3.65    3.30
 133168.556    51.100    -5.16    3.26
 133535.786    48.464    -7.18    2.88
 133903.079    46.842    -4.42    2.71
 134270.433    46.914     0.20    3.29
 134637.850    46.999     0.23    3.69
 135005.329    46.486    -1.39    4.17
 135372.870    46.523     0.10    4.11
 135740.473    45.530    -2.70    3.71
 136108.139    43.829    -4.63    2.92
 136475.867    43.867     0.10    3.50
 136843.658    44.714     2.30    3.65
 137211.511    45.252     1.46    4.15
 137579.427    46.164     2.48    4.08
 137947.405    47.632     3.99    3.09
 138315.446    47.227    -1.10    3.06
 138683.549    46.408    -2.23    3.04
 139051.715    46.400    -0.02    3.15
 139419.943    46.227    -0.47    3.02
 139788.234    45.627    -1.63    2.24
 140156.588    46.122     1.34    2.24
 140525.005    45.389    -1.99    2.36
 140893.484    44.345    -2.83    1.96
 141262.027    43.581    -2.07    1.99
 141630.632    43.226    -0.96    1.97
 141999.300    43.752     1.43    2.41
 142368.030    44.319     1.54    2.33
 142736.824    44.439     0.33    2.08
 143105.681    44.492     0.14    2.07
 143474.601    43.091    -3.80    1.91
 143843.583    42.344    -2.03    1.71
 144212.629    41.914    -1.16    1.87
 144581.738    41.999     0.23    2.67
 144950.910    41.727    -0.74    2.70
 145320.146    41.667    -0.16    2.75
 145689.444    41.116    -1.49    2.58
 146058.806    40.790    -0.88    1.84
 146428.231    41.079     0.78    1.67
 146797.719    41.278     0.54    1.60
 147167.270    42.414     3.08    1.77
 147536.885    42.758     0.93    2.02
 147906.564    41.939    -2.22    3.53
 148276.305    40.847    -2.96    4.29
 148646.111    39.935    -2.47    4.12
 149015.979    38.636    -3.51    2.95
 149385.911    39.439     2.17    3.07
 149755.907    41.252     4.90    3.43
 150125.967    45.114    10.44    5.85
 150496.090    48.414     8.92    5.70
 150866.276    48.919     1.36    6.03
 151236.526    47.614    -3.52    7.23
 151606.841    46.764    -2.30    7.14
 151977.218    45.970    -2.15    5.98
 152347.660    47.091     3.03    5.62
 152718.165    48.882     4.83    5.03
 153088.735    50.079     3.23    3.57
 153459.368    49.505    -1.55    3.15
 153830.065    50.389     2.39    3.69
 154200.826    51.354     2.60    3.77
 154571.651    52.807     3.92    3.17
 154942.540    54.128     3.56    2.99
 155313.493    56.189     5.56    3.48
 155684.510    57.752     4.21    3.75
 156055.592    59.452     4.58    2.68
 156426.737    59.602     0.40    2.47
 156797.947    59.302    -0.81    2.35
 157169.221    59.153    -0.40    2.53
 157540.559    59.190     0.10    2.29
 157911.961    60.008     2.20    1.98
 158283.428    60.049     0.11    1.94
 158654.959    59.857    -0.52    1.93
 159026.555    60.153     0.80    2.13
 159398.215    60.943     2.13    2.33
 159769.939    61.721     2.09    2.56
 160141.728    61.213    -1.37    3.35
 160513.581    57.662    -9.55    6.96
 160885.499    52.474   -13.95    8.88
 161257.482    46.620   -15.74    7.57
 161629.529    42.879   -10.06    4.76
