# NaN NaN NaN ;Mean Elev.(m), Avg Gradient(m/km), RMS Gradient(m/km) - SRTM1     
#   20.332  -0.588   2.630 ;Mean Elev.(m), Avg Gradient(m/km), RMS Gradient(m/km) - ASTER GDEM
#   33.843  -0.567   2.675 ;Mean Elev.(m), Avg Gradient(m/km), RMS Gradient(m/km) - GMTED2010 
  8    30.775 52492.26050235 26.35  72.051434  61.247824 17.335
  8    30.073 52492.26050299 26.71  72.049084  61.244674 17.335
 12    27.154 52632.26049026 15.03  72.051938  61.247696  2.986
 12    26.643 52632.26049091 14.88  72.049578  61.244536  2.986
 13    28.280 52667.26050950  9.43  72.043452  61.249022  2.217
 13    26.348 52667.26051014  9.38  72.041092  61.245872  2.217
 14    29.231 52702.26048067  8.94  72.061291  61.246879  2.111
 14    28.914 52702.26048131  9.17  72.058941  61.243719  2.111
 15    29.539 52737.26052270  8.19  72.043433  61.249663  2.527
 15    29.783 52737.26052334  8.13  72.041073  61.246503  2.527
 16    28.987 52772.26049032 45.84  72.036370  61.247722 24.573
 16    29.024 52772.26049097 50.00  72.034020  61.244562 24.573
 17    30.830 52807.26054588 27.12  72.052531  61.248145 37.639
 17    30.459 52807.26054653 28.21  72.050181  61.244985 37.639
 18    28.554 52842.26060464 22.49  72.052661  61.247737 15.500
 18    28.277 52842.26060528 19.24  72.050311  61.244577 15.500
 19    28.484 52877.26064333 19.14  72.047220  61.247875 26.364
 19    24.996 52877.26064397 25.04  72.044870  61.244715 26.364
 20    25.536 52912.26060206 21.09  72.043190  61.246892 12.598
 20    24.416 52912.26060270 29.30  72.040840  61.243732 12.598
 21    23.526 52947.26055815 37.58  72.064146  61.248448 13.217
 21    23.627 52947.26055879 41.04  72.061786  61.245288 13.217
 21    23.556 52947.26055944 35.80  72.059436  61.242128 13.217
 23    28.414 53017.26059073 11.66  72.038427  61.248980  3.016
 23    24.139 53017.26059137 16.65  72.036077  61.245820  3.016
 24    28.811 53052.26056982 12.68  72.057070  61.248323  3.038
 24    28.971 53052.26057047 12.31  72.054720  61.245173  3.038
 25    28.716 53087.26060758 10.49  72.029102  61.247842  2.426
 25    29.074 53087.26060822 10.37  72.026762  61.244682  2.426
 25    29.521 53087.26060887 10.19  72.024402  61.241532  2.426
 26    30.098 53122.26057708  7.44  72.050050  61.247101  1.865
 26    29.861 53122.26057772  7.50  72.047700  61.243941  1.865
 27    29.934 53157.26063309 25.22  72.042671  61.248534 41.302
 27    29.555 53157.26063374 22.50  72.040321  61.245384 41.302
 28    30.113 53192.26062585 24.67  72.048767  61.247864 36.806
 28    29.530 53192.26062650 25.75  72.046417  61.244714 36.806
 30    27.822 53262.26060061 21.96  72.029680  61.246391 13.980
 30    26.280 53262.26060125 22.34  72.027330  61.243241 13.980
 31    27.038 53297.26063659 19.81  72.040409  61.247062  7.469
 31    25.593 53297.26063724 23.14  72.038059  61.243902  7.469
 32    26.254 53332.26060811 25.92  72.045284  61.248522  7.594
 32    26.081 53332.26060876 29.02  72.042924  61.245362  7.594
 34    24.677 53402.26058135 24.87  72.049223  61.248206  4.445
 34    25.453 53402.26058199 18.57  72.046873  61.245046  4.445
 35    24.175 53437.26057056 30.65  72.039502  61.249296  5.307
 35    24.157 53437.26057120 17.22  72.037152  61.246136  5.307
 36    30.095 53472.26062378  6.11  72.046384  61.247035  2.721
 36    29.852 53472.26062442  6.19  72.044034  61.243875  2.721
 37    29.823 53507.26065297 31.14  72.042983  61.249098 23.469
 37    29.414 53507.26065362 34.59  72.040633  61.245938 23.469
 38    29.913 53542.26066070 48.57  72.039803  61.247258 36.350
 38    29.827 53542.26066134 50.04  72.037443  61.244098 36.350
 39    26.926 53577.26064731 30.47  72.037660  61.249737 21.325
 39    26.872 53577.26064795 33.06  72.035310  61.246577 21.325
 40    28.194 53612.26060007 23.21  72.031282  61.248049 12.195
 40    26.332 53612.26060071 23.64  72.028932  61.244889 12.195
 40    25.626 53612.26060136 29.49  72.026582  61.241739 12.195
 41    27.975 53647.26060433 18.75  72.053804  61.247665  9.076
 41    26.759 53647.26060498 19.71  72.051454  61.244505  9.076
 43    25.359 53717.26054743 32.76  72.041011  61.249750 11.185
 43    25.348 53717.26054807 37.99  72.038661  61.246590 11.185
 44    26.341 53752.26046649 10.47  72.062062  61.248864  2.617
 44    25.072 53752.26046714 10.54  72.059702  61.245714  2.617
 44    24.944 53752.26046778 11.62  72.057352  61.242554  2.617
 45    25.206 53787.26049718  9.01  72.046095  61.248392  2.387
 45    25.384 53787.26049783  9.02  72.043745  61.245232  2.387
 47    24.575 53857.26054325 28.72  72.044990  61.247253  8.217
 47    25.553 53857.26054389 27.76  72.042640  61.244093  8.217
 48    29.972 53892.26055593 28.38  72.053256  61.249270 23.963
 48    28.548 53892.26055658 20.39  72.050906  61.246110 23.963
 49    30.002 53927.26061650 41.92  72.036853  61.249428 35.215
 49    29.741 53927.26061715 22.04  72.034503  61.246268 35.215
 50    26.124 53962.26060097 25.34  72.032603  61.248731 19.755
 50    26.468 53962.26060162 23.45  72.030253  61.245571 19.755
 50    26.488 53962.26060226 24.86  72.027903  61.242411 19.755
 51    29.207 53997.26054447 18.01  72.065330  61.248433 11.034
 51    25.289 53997.26054512 21.37  72.062980  61.245283 11.034
 51    25.434 53997.26054576 25.75  72.060630  61.242123 11.034
 52    24.527 54032.26059614 47.20  72.053689  61.248214 14.832
 52    24.556 54032.26059679 49.26  72.051339  61.245064 14.832
 53    27.494 54067.26059021 22.94  72.045378  61.249329  5.516
 53    27.534 54067.26059085 24.71  72.043028  61.246179  5.516
 54    25.594 54102.26055106 40.01  72.034700  61.247830  8.761
 54    25.416 54102.26055170 36.17  72.032350  61.244670  8.761
 55    29.113 54137.26051797 13.30  72.052032  61.249217  2.602
 55    29.349 54137.26051861 12.96  72.049682  61.246067  2.602
 56    25.197 54172.26052823 16.60  72.036720  61.247349  2.412
 56    29.043 54172.26052887 14.14  72.034360  61.244189  2.412
 57    28.945 54207.26052341 27.54  72.052037  61.249512 20.328
 57    25.371 54207.26052406 32.31  72.049687  61.246362 20.328
 58    30.489 54242.26055613 24.39  72.045615  61.248044 34.633
 58    30.262 54242.26055678 23.27  72.043265  61.244884 34.633
 59    31.687 54277.26057030 28.68  72.045508  61.247848 30.606
 59    31.393 54277.26057095 29.00  72.043158  61.244688 30.606
 60    31.270 54312.26057087 51.42  72.046209  61.248797 45.828
 60    31.266 54312.26057152 50.80  72.043859  61.245637 45.828
 61    28.670 54347.26054358 23.78  72.036897  61.249005 23.328
 61    26.748 54347.26054422 20.70  72.034547  61.245845 23.328
 62    28.524 54382.26050780 21.38  72.052064  61.249116 24.060
 62    26.570 54382.26050845 21.15  72.049714  61.245956 24.060
 63    25.221 54417.26049317 33.52  72.038588  61.247202 12.847
 63    25.192 54417.26049382 33.88  72.036228  61.244052 12.847
 64    25.592 54452.26047739 20.52  72.054247  61.247746  4.647
 64    25.452 54452.26047804 21.91  72.051897  61.244586  4.647
 65    28.638 54487.26048980 15.68  72.046516  61.249419  3.092
 65    28.314 54487.26049044 15.36  72.044166  61.246259  3.092
 66    26.151 54522.26049044 13.89  72.051969  61.249288  2.870
 66    28.924 54522.26049109 13.48  72.049619  61.246138  2.870
 67    24.315 54557.26050034 17.10  72.038426  61.248320  8.046
 67    24.270 54557.26050099 21.01  72.036066  61.245170  8.046
 68    26.942 54592.26048681 27.38  72.045753  61.247317 21.818
 68    27.053 54592.26048745 34.43  72.043403  61.244157 21.818
 69    30.462 54627.26050243 22.65  72.042623  61.247878 28.240
 69    30.305 54627.26050307 22.86  72.040273  61.244728 28.240
 70    29.458 54662.26050962 46.58  72.045187  61.249810 41.723
 70    29.398 54662.26051026 41.19  72.042837  61.246650 41.723
 71    25.684 54697.26048539 25.02  72.039095  61.248008 23.246
 71    25.240 54697.26048603 25.53  72.036745  61.244848 23.246
 72    28.148 54732.26046654 19.77  72.050439  61.246648 12.242
 72    24.539 54732.26046718 23.37  72.048089  61.243498 12.242
 73    28.444 54767.26046462 23.11  72.044620  61.248335 21.202
 73    25.754 54767.26046526 27.06  72.042270  61.245185 21.202
 74    26.566 54802.26045998 46.80  72.052180  61.249465 15.433
 74    26.583 54802.26046063 51.72  72.049830  61.246305 15.433
 75    26.198 54837.26045717 16.12  72.044198  61.247668  3.940
 75    26.193 54837.26045782 15.40  72.041848  61.244518  3.940
 76    26.654 54872.26045916 12.93  72.050665  61.247414  2.996
 76    25.862 54872.26045980 13.19  72.048305  61.244254  2.996
 77    28.632 54907.26046532 11.09  72.033431  61.247220  2.382
 77    27.894 54907.26046596 10.52  72.031091  61.244060  2.382
 77    27.109 54907.26046661 10.37  72.028731  61.240900  2.382
 78    28.207 54942.26045184 29.08  72.049335  61.247503 13.985
 78    25.426 54942.26045249 30.28  72.046975  61.244343 13.985
 79    29.693 54977.26047965 25.67  72.044021  61.247804 38.931
 79    29.304 54977.26048029 23.88  72.041671  61.244654 38.931
 80    29.713 55012.26048765 27.02  72.042700  61.248553 37.863
 80    29.208 55012.26048829 21.03  72.040350  61.245393 37.863
 81    29.147 55047.26047956 22.04  72.046675  61.248520 23.360
 81    27.841 55047.26048020 19.85  72.044325  61.245370 23.360
 82    25.610 55082.26045162 30.88  72.035366  61.248229 24.511
 82    25.776 55082.26045226 33.58  72.033016  61.245069 24.511
 83    28.260 55117.26041128 18.15  72.052585  61.249493 13.426
 83    27.747 55117.26041193 19.84  72.050235  61.246333 13.426
 84    25.733 55152.26040959 24.74  72.041582  61.248299  7.401
 84    25.674 55152.26041023 27.69  72.039232  61.245139  7.401
 85    25.619 55187.26039831 15.73  72.051600  61.248677  3.338
 85    25.663 55187.26039896 17.39  72.049250  61.245527  3.338
 86    26.050 55222.26040807 11.69  72.042457  61.249049  2.406
 86    26.094 55222.26040871 11.58  72.040107  61.245899  2.406
 87    26.241 55257.26039487  9.95  72.048396  61.247129  2.182
 87    25.840 55257.26039552 10.22  72.046036  61.243969  2.182
 89    28.394 55327.26037863 39.32  72.043650  61.248166 35.588
 89    28.294 55327.26037927 40.41  72.041300  61.245016 35.588
 90    30.242 55362.26037476 28.71  72.041222  61.249127 38.640
 90    30.139 55362.26037540 23.05  72.038872  61.245967 38.640
 91    30.355 55397.26038234 23.24  72.050098  61.247495 33.453
 91    29.987 55397.26038298 24.08  72.047748  61.244335 33.453
 92    29.006 55432.26038990 20.09  72.046610  61.248064 19.004
 92    27.448 55432.26039054 19.88  72.044260  61.244904 19.004
 93    25.778 55467.26034938 27.73  72.034936  61.248793 23.985
 93    26.170 55467.26035003 23.38  72.032586  61.245633 23.985
 93    25.847 55467.26035067 26.54  72.030236  61.242483 23.985
