-193506.608   120.253     0.00    6.83
-193128.392   116.641    -9.55    8.68
-192750.248   112.316   -11.44    9.93
-192372.177   106.409   -15.63   12.20
-191994.180    99.464   -18.38   13.63
-191616.255    95.427   -10.68   11.21
-191238.402    89.339   -16.11   12.81
-190860.623    86.555    -7.37   14.87
-190482.916    84.568    -5.26   15.43
-190105.282    82.937    -4.32   15.05
-189727.720    87.856    13.03   17.64
-189350.231    95.184    19.42   17.49
-188972.814   105.391    27.05   14.91
-188595.470   113.517    21.54   12.02
-188218.198   114.778     3.34   10.35
-187840.999   116.104     3.52    8.11
-187463.872   112.109   -10.60   10.19
-187086.817   106.387   -15.18   11.99
-186709.835   101.672   -12.51   13.90
-186332.925    95.468   -16.46   14.17
-185956.087    88.486   -18.53   15.74
-185579.321    81.314   -19.04   15.13
-185202.627    76.672   -12.33   14.92
-184826.006    75.464    -3.21   15.50
-184449.456    80.227    12.65   17.42
-184072.978    81.615     3.69   16.42
-183696.573    80.754    -2.29   14.38
-183320.239    83.555     7.44   14.03
-182943.977    84.721     3.10   15.19
-182567.786    92.801    21.48   15.37
-182191.668    98.258    14.51   12.11
-181815.621    95.758    -6.65   11.55
-181439.646    89.989   -15.35   15.93
-181063.743    80.144   -26.19   17.86
-180687.911    73.163   -18.58   16.57
-180312.151    70.682    -6.60   15.09
-179936.462    71.909     3.27   16.45
-179560.845    75.996    10.88   15.13
-179185.300    82.289    16.76   11.93
-178809.825    81.905    -1.02   13.61
-178434.422    81.748    -0.42   13.94
-178059.091    76.731   -13.37   18.99
-177683.830    67.274   -25.21   24.35
-177308.641    54.344   -34.47   27.08
-176933.523    47.274   -18.85   26.40
-176558.477    39.250   -21.40   24.46
-176183.501    33.140   -16.30   22.18
-175808.597    27.045   -16.26   17.28
-175433.763    21.312   -15.30    9.36
-175059.001    19.189    -5.67    6.20
-174684.309    19.532     0.91    6.56
-174309.688    20.050     1.38    6.32
-173935.139    20.067     0.04    6.80
-173560.660    18.708    -3.63    6.62
-173186.252    16.917    -4.78    5.08
-172811.914    14.778    -5.72    2.49
-172437.648    14.274    -1.34    2.32
-172063.452    14.905     1.69    3.05
-171689.327    15.421     1.38    4.41
-171315.272    15.417    -0.01    4.27
-170941.288    15.417     0.00    4.06
-170567.374    15.196    -0.59    3.68
-170193.531    15.518     0.86    3.76
-169819.759    16.056     1.44    3.93
-169446.056    16.413     0.96    4.43
-169072.424    16.454     0.11    4.07
-168698.863    17.862     3.77    5.16
-168325.372    21.324     9.27    6.59
-167951.951    25.079    10.06    6.59
-167578.600    28.510     9.19    4.98
-167205.319    29.882     3.68    4.11
-166832.109    31.812     5.17    3.86
-166458.968    32.917     2.96    4.08
-166085.898    32.801    -0.31    4.98
-165712.897    32.013    -2.11    6.01
-165339.967    30.874    -3.06    5.53
-164967.106    30.603    -0.73    4.74
-164594.316    31.815     3.25    2.42
-164221.595    32.104     0.77    2.10
-163848.944    32.498     1.06    2.78
-163476.363    32.156    -0.92    2.80
-163103.851    31.722    -1.16    3.04
-162731.410    31.744     0.06    3.08
-162359.038    31.933     0.51    2.83
-161986.735    32.543     1.64    2.18
-161614.502    32.877     0.90    2.06
-161242.339    32.417    -1.24    1.55
-160870.245    32.182    -0.63    1.37
-160498.221    32.175    -0.02    1.38
-160126.266    31.867    -0.83    1.66
-159754.380    31.163    -1.89    2.19
-159382.564    29.977    -3.19    2.51
-159010.817    29.046    -2.50    2.98
-158639.139    28.746    -0.81    3.25
-158267.531    28.556    -0.51    3.90
-157895.991    27.427    -3.04    4.85
-157524.521    25.344    -5.61    5.48
-157153.120    23.912    -3.86    5.24
-156781.789    22.440    -3.96    4.45
-156410.526    21.766    -1.82    3.54
-156039.332    21.764    -0.01    3.41
-155668.207    20.896    -2.34    3.00
-155297.151    20.222    -1.82    2.91
-154926.164    19.912    -0.84    2.83
-154555.245    19.452    -1.24    2.37
-154184.396    18.701    -2.02    1.45
-153813.615    18.696    -0.01    1.76
-153442.903    18.041    -1.77    1.81
-153072.260    18.161     0.32    1.82
-152701.686    18.629     1.26    1.68
-152331.180    18.462    -0.45    1.53
-151960.742    18.529     0.18    1.27
-151590.373    18.333    -0.53    1.26
-151220.073    17.529    -2.17    2.07
-150849.841    16.161    -3.69    2.65
-150479.677    14.913    -3.37    2.36
-150109.582    13.815    -2.97    1.73
-149739.556    13.689    -0.34    1.45
-149369.597    14.068     1.02    1.94
-148999.707    14.711     1.74    2.71
-148629.885    15.534     2.23    3.78
-148260.131    15.827     0.79    4.69
-147890.446    16.673     2.29    5.68
-147520.828    18.435     4.77    6.86
-147151.279    21.258     7.64    7.18
-146781.798    22.785     4.13    6.81
-146412.385    22.652    -0.36    6.93
-146043.039    21.020    -4.42    6.93
-145673.762    18.733    -6.19    5.88
-145304.552    17.321    -3.82    4.83
-144935.411    16.332    -2.68    3.26
-144566.337    16.933     1.63    3.03
-144197.331    17.061     0.35    2.94
-143828.393    16.847    -0.58    2.89
-143459.522    15.566    -3.47    2.61
-143090.719    16.056     1.33    4.15
-142721.984    18.679     7.11    6.77
-142353.316    22.391    10.07    8.13
-141984.716    26.974    12.43    8.11
-141616.184    31.836    13.19    7.58
-141247.719    34.949     8.45    7.15
-140879.321    37.686     7.43    6.61
-140510.991    36.368    -3.58    8.10
-140142.728    31.333   -13.67   10.98
-139774.533    25.043   -17.09   11.16
-139406.405    18.254   -18.44    6.95
-139038.344    15.013    -8.81    2.51
-138670.350    14.471    -1.47    3.33
-138302.424    14.815     0.94    4.57
-137934.564    17.109     6.24    6.81
-137566.772    21.333    11.48    9.13
-137199.047    26.250    13.37    9.33
-136831.389    29.652     9.26    8.03
-136463.798    31.727     5.64    8.23
-136096.274    32.068     0.93    8.46
-135728.817    33.141     2.92    8.38
-135361.427    33.010    -0.36    8.98
-134994.103    34.566     4.24   10.03
-134626.847    35.509     2.57   10.94
-134259.657    36.447     2.55   11.17
-133892.534    37.312     2.36    9.75
-133525.478    36.863    -1.22    9.00
-133158.488    39.258     6.53   10.84
-132791.565    43.989    12.89   12.27
-132424.709    50.688    18.26   12.16
-132057.919    55.519    13.17   10.43
-131691.196    58.933     9.31    8.80
-131324.539    60.650     4.69    9.12
-130957.949    60.801     0.41    9.72
-130582.897    61.663     2.30   10.32
-130202.547    61.274    -1.02   11.84
-129822.270    63.302     5.33   12.90
-129442.065    67.699    11.56   13.54
-129061.931    72.027    11.39   12.73
-128681.870    75.391     8.85    9.89
-128301.882    70.762   -12.18   14.09
-127921.965    66.470   -11.30   14.16
-127542.120    62.863    -9.50   12.14
-127162.347    65.650     7.34   11.73
-126782.647    68.541     7.62   10.44
-126403.018    66.258    -6.01   12.07
-126023.461    64.136    -5.59   12.38
-125643.976    63.897    -0.63   11.74
-125264.562    66.738     7.49   12.27
-124885.221    71.333    12.11   12.49
-124505.951    73.177     4.86   13.58
-124126.753    72.603    -1.51   13.19
-123747.626    73.109     1.33   13.83
-123368.571    72.808    -0.79   12.51
-122989.588    76.152     8.82   12.45
-122610.676    78.297     5.66   10.65
-122231.835    80.365     5.46    9.07
-121853.066    80.844     1.27   10.27
-121474.368    80.996     0.40    9.97
-121095.742    80.770    -0.60    9.77
-120717.187    81.801     2.72    8.33
-120338.703    82.679     2.32    7.31
-119960.291    82.724     0.12    6.57
-119581.949    81.452    -3.36    7.77
-119203.679    79.297    -5.70   10.02
-118825.480    74.886   -11.66   11.09
-118447.352    69.318   -14.73   11.53
-118069.295    63.454   -15.51   12.71
-117691.309    58.080   -14.22   11.87
-117313.394    54.933    -8.33   10.71
-116935.550    57.483     6.75   12.67
-116557.776    65.394    20.94   14.02
-116180.074    70.663    13.95   11.07
-115802.442    77.709    18.66    8.35
-115424.881    79.439     4.58    7.09
-115047.391    75.423   -10.64    9.19
-114669.972    69.933   -14.55   11.93
-114292.623    60.961   -23.78   11.20
-113915.344    55.628   -14.14   10.05
-113538.136    52.326    -8.75    9.74
-113160.999    52.627     0.80   10.09
-112783.932    52.211    -1.10   10.09
-112406.936    54.308     5.56   11.14
-112030.010    58.049     9.93   11.56
-111653.154    60.869     7.48   11.86
-111276.369    60.184    -1.82   11.60
-110899.654    58.629    -4.13   10.46
-110523.009    61.182     6.78   11.56
-110146.435    63.224     5.42   10.56
-109769.930    67.921    12.48    9.29
-109393.496    75.338    19.71   11.72
-109017.132    83.580    21.90   13.08
-108640.837    88.641    13.45    9.85
-108264.613    89.709     2.84    8.28
-107888.459    88.288    -3.78    8.42
-107512.374    89.001     1.90    8.55
-107136.360    90.566     4.16    7.68
-106760.415    92.168     4.26    9.59
-106384.541    91.835    -0.88   12.66
-106008.736    90.746    -2.90   12.70
-105633.000    90.135    -1.63   13.40
-105257.335    88.401    -4.62   13.19
-104881.739    87.440    -2.56   13.38
-104506.212    86.353    -2.89   13.66
-104130.756    85.704    -1.73   13.04
-103755.368    87.008     3.47   11.56
-103380.051    90.239     8.61   12.74
-103004.802    94.674    11.82   13.65
-102629.623    95.715     2.78   12.40
-102254.514    96.956     3.31   12.18
-101879.474    98.435     3.94   12.25
-101504.503   102.085     9.74   13.15
-101129.601   106.372    11.43   14.22
-100754.769   111.905    14.76   13.57
-100380.006   113.158     3.34   12.61
-100005.312   111.122    -5.43   12.68
 -99630.687   110.411    -1.90   12.72
 -99256.131   111.921     4.03   13.19
 -98881.645   118.857    18.52   10.56
 -98507.227   122.688    10.23    7.95
 -98132.878   124.627     5.18    6.87
 -97758.598   123.984    -1.72    6.45
 -97384.387   121.591    -6.39    8.49
 -97010.245   115.811   -15.45   13.59
 -96636.172   112.139    -9.82   13.58
 -96262.167   111.982    -0.42   12.52
 -95888.231   112.700     1.92   11.48
 -95514.364   114.933     5.97   10.13
 -95140.565   118.274     8.94   11.38
 -94766.836   122.335    10.87   11.19
 -94393.174   126.459    11.04    8.62
 -94019.582   130.665    11.26    6.75
 -93646.057   133.482     7.54    6.86
 -93272.602   134.945     3.92    6.74
 -92899.214   136.568     4.35    7.44
 -92525.895   135.784    -2.10    9.15
 -92152.645   133.375    -6.46   10.46
 -91779.462   126.266   -19.05   15.11
 -91406.348   119.062   -19.31   16.10
 -91033.303   116.134    -7.85   14.45
 -90660.325   114.519    -4.33   13.77
 -90287.416   112.891    -4.37   13.75
 -89914.575   108.956   -10.56   14.73
 -89541.801   104.333   -12.40   15.01
 -89169.096   101.965    -6.35   14.54
 -88796.459   101.904    -0.16   15.74
 -88423.890   104.139     6.00   16.89
 -88051.389   104.191     0.14   17.59
 -87678.956   101.687    -6.73   15.89
 -87306.591   101.777     0.24   13.68
 -86934.293   103.794     5.42   13.17
 -86562.063   102.425    -3.68   13.90
 -86189.901   101.318    -2.98   14.37
 -85817.807   101.875     1.50   14.14
 -85445.781   106.139    11.46   15.51
 -85073.822   115.544    25.29   15.94
 -84701.930   127.687    32.65   11.25
 -84330.107   130.921     8.70    9.95
 -83958.350   134.687    10.13   11.05
 -83586.662   136.937     6.05   11.30
 -83215.041   136.006    -2.50   10.85
 -82843.487   133.994    -5.42   11.87
 -82472.000   131.306    -7.24   12.33
 -82100.581   128.688    -7.05   10.18
 -81729.230   130.030     3.62    8.46
 -81357.945   127.860    -5.85   10.72
 -80986.728   127.736    -0.33   10.02
 -80615.578   128.953     3.28    9.48
 -80244.495   130.982     5.47    8.41
 -79873.480   129.384    -4.31   10.67
 -79502.531   128.736    -1.75   12.74
 -79131.649   126.449    -6.17   14.08
 -78760.835   123.470    -8.03   13.09
 -78390.087   126.722     8.77   11.10
 -78019.407   128.532     4.88    9.45
 -77648.793   128.025    -1.37    6.32
 -77278.247   131.354     8.98    5.41
 -76907.767   134.353     8.10    6.12
 -76537.354   134.772     1.13    7.07
 -76167.007   134.134    -1.72    8.94
 -75796.728   130.629    -9.47   11.84
 -75426.515   127.039    -9.70   13.42
 -75056.368   123.129   -10.56   13.52
 -74686.289   118.348   -12.92   14.67
 -74316.276   111.720   -17.91   18.24
 -73946.329   103.733   -21.59   21.73
 -73576.450    95.297   -22.81   20.23
 -73206.636    89.445   -15.82   17.88
 -72836.889    84.258   -14.03   13.56
 -72467.209    82.881    -3.73   12.92
 -72097.594    81.604    -3.45   15.07
 -71728.046    79.287    -6.27   15.24
 -71358.565    72.245   -19.06   15.30
 -70989.150    69.662    -6.99   14.01
 -70619.801    68.541    -3.03   12.99
 -70250.518    66.177    -6.40   12.14
 -69881.301    64.591    -4.29   11.50
 -69512.150    61.437    -8.55    9.66
 -69143.066    58.435    -8.13    5.74
 -68774.047    57.941    -1.34    5.86
 -68405.095    58.431     1.33    6.11
 -68036.209    61.377     7.99    6.67
 -67667.388    61.677     0.81    6.14
 -67298.634    61.507    -0.46    5.79
 -66929.945    61.433    -0.20    5.37
 -66561.322    58.701    -7.41    5.09
 -66192.765    57.146    -4.22    5.09
 -65824.274    54.957    -5.94    4.67
 -65455.848    54.194    -2.07    5.03
 -65087.488    53.491    -1.91    5.30
 -64719.194    54.061     1.55    5.56
 -64350.966    53.396    -1.80    5.08
 -63982.803    52.509    -2.41    4.77
 -63614.706    53.275     2.08    4.18
 -63246.674    53.591     0.86    3.88
 -62878.707    54.925     3.62    3.41
 -62510.806    57.044     5.76    3.60
 -62142.971    59.284     6.09    5.43
 -61775.201    65.518    16.95   11.56
 -61407.496    73.809    22.55   18.36
 -61039.857    79.972    16.76   21.01
 -60672.283    87.191    19.64   21.77
 -60304.774    93.274    16.55   22.52
 -59937.330    95.518     6.11   23.12
 -59569.951    97.877     6.42   23.35
 -59202.638   108.762    29.64   21.58
 -58835.390   123.796    40.94   17.97
 -58468.207   130.844    19.20   17.35
 -58101.089   132.774     5.26   13.75
 -57734.035   136.953    11.38   13.04
 -57367.047   142.925    16.27   14.55
 -57000.124   147.177    11.59   14.08
 -56633.266   152.493    14.49   10.43
 -56266.472   152.708     0.59    8.98
 -55894.865   150.204    -6.74   11.20
 -55514.662   144.369   -15.35   12.20
 -55134.529   141.104    -8.59   11.88
 -54754.467   139.970    -2.98   11.85
 -54374.474   138.970    -2.63   13.10
 -53994.552   143.221    11.19   10.84
 -53614.701   145.055     4.83    8.48
 -53234.919   143.566    -3.92    7.91
 -52855.207   140.591    -7.84    8.72
 -52475.566   137.295    -8.68   10.43
 -52095.994   137.067    -0.60   10.54
 -51716.493   138.720     4.35   13.09
 -51337.062   133.568   -13.58   17.91
 -50957.700   125.553   -21.13   22.33
 -50578.409   115.445   -26.65   21.97
 -50199.187   108.966   -17.08   16.01
 -49820.035   111.062     5.53   14.31
 -49440.953   115.665    12.14   13.31
 -49061.940   119.011     8.83   11.92
 -48682.998   116.616    -6.32   12.14
 -48304.125   115.701    -2.41   13.54
 -47925.321   117.909     5.83   18.32
 -47546.588   123.616    15.07   23.07
 -47167.923   131.287    20.26   27.18
 -46789.329   139.391    21.41   30.25
 -46410.803   145.439    15.98   29.11
 -46032.347   148.666     8.53   24.05
 -45653.961   146.482    -5.77   17.76
 -45275.644   139.760   -17.77   11.76
 -44897.396   136.815    -7.79   10.93
 -44519.218   133.976    -7.51   12.10
 -44141.108   133.896    -0.21   13.07
 -43763.068   133.141    -2.00   13.24
 -43385.098   128.097   -13.35   13.67
 -43007.196   123.357   -12.54   15.25
 -42629.363   117.159   -16.40   17.76
 -42251.600   108.067   -24.07   21.47
 -41873.905    99.226   -23.41   19.85
 -41496.279    95.201   -10.66   17.78
 -41118.723    92.226    -7.88   15.71
 -40741.235    90.772    -3.85   14.90
 -40363.816    87.740    -8.04   13.26
 -39986.466    85.483    -5.98   11.09
 -39609.185    87.348     4.94   12.27
 -39231.972    88.666     3.49   11.94
 -38854.829    88.011    -1.73   10.61
 -38477.753    89.650     4.35   12.62
 -38100.747    93.781    10.96   15.50
 -37723.809   102.238    22.44   16.97
 -37346.940   109.284    18.70   13.26
 -36970.139   112.061     7.37   14.11
 -36593.407   112.309     0.66   14.81
 -36216.743   112.884     1.53   14.22
 -35840.147   117.591    12.50   14.08
 -35463.620   121.762    11.08   12.85
 -35087.162   124.364     6.91   11.42
 -34710.771   126.893     6.72   10.81
 -34334.449   128.566     4.45   10.61
 -33958.195   131.209     7.02   10.01
 -33582.010   131.541     0.88    9.23
 -33205.892   126.872   -12.42   11.04
 -32829.843   119.429   -19.79   11.38
 -32453.861   114.851   -12.18    8.13
 -32077.948   113.896    -2.54    6.55
 -31702.103   114.727     2.21    7.36
 -31326.325   116.177     3.86    6.97
 -30950.616   117.616     3.83    7.33
 -30574.975   120.724     8.27    6.37
 -30199.401   121.554     2.21    6.73
 -29823.895   121.700     0.39    6.45
 -29448.457   122.147     1.19    5.95
 -29073.087   120.468    -4.47    5.79
 -28697.784   119.814    -1.74    5.44
 -28322.549   119.721    -0.25    6.15
 -27947.382   121.091     3.65    7.88
 -27572.283   116.678   -11.77   11.65
 -27197.250   114.009    -7.12   12.90
 -26822.286   109.746   -11.37   13.69
 -26447.389   105.163   -12.23   14.24
 -26072.559   100.738   -11.81   14.74
 -25697.797    95.460   -14.08   10.63
 -25323.102    96.962     4.01   10.55
 -24948.475    99.707     7.33   10.23
 -24573.915   103.740    10.77    7.76
 -24199.422   103.052    -1.84    8.77
 -23824.996    98.396   -12.43   11.00
 -23450.638    96.708    -4.51   11.80
 -23076.347    98.365     4.43   12.58
 -22702.123   101.306     7.86   12.47
 -22327.966   101.098    -0.56   12.68
 -21953.876    93.729   -19.70   18.06
 -21579.853    83.949   -26.15   19.91
 -21205.897    70.616   -35.65   16.67
 -20832.008    58.604   -32.13   16.54
 -20458.186    48.680   -26.55   12.71
 -20084.430    43.794   -13.07    8.87
 -19710.742    44.199     1.08    8.37
 -19337.121    47.468     8.75    8.08
 -18963.566    53.916    17.26    8.37
 -18590.078    59.517    15.00   14.01
 -18216.656    66.883    19.72   18.55
 -17843.302    77.736    29.07   17.42
 -17470.014    83.024    14.16   16.99
 -17096.792    88.530    14.75   16.06
 -16723.637    95.048    17.47   17.62
 -16350.549   105.640    28.39   15.88
 -15977.527   113.419    20.85    8.80
 -15604.571   116.801     9.07    7.34
 -15231.682   119.011     5.93    6.30
 -14858.860   118.104    -2.43    6.79
 -14486.103   117.258    -2.27    7.02
 -14113.413   116.122    -3.05    7.29
 -13740.789   113.454    -7.16    7.95
 -13368.232   113.001    -1.22    8.12
 -12995.741   111.246    -4.71    9.46
 -12623.315   109.567    -4.51    9.33
 -12250.956   106.904    -7.15   10.79
 -11878.663    99.654   -19.47   14.91
 -11506.437    93.505   -16.52   14.11
 -11134.276    93.369    -0.36   14.51
 -10762.181    97.738    11.74   15.46
 -10390.152   104.122    17.16   12.78
 -10018.189   108.641    12.15   12.08
  -9646.292   111.299     7.15   12.41
  -9274.460   113.591     6.17   11.36
  -8902.695   116.555     7.97   10.47
  -8530.995   118.209     4.45    9.10
  -8159.361   120.158     5.24    7.60
  -7787.793   122.482     6.25    5.50
  -7416.291   121.518    -2.59    7.01
  -7044.854   120.567    -2.56    8.09
  -6673.482   114.329   -16.80   13.97
  -6302.177   109.691   -12.49   14.70
  -5930.936   110.579     2.39   12.82
  -5559.762   112.641     5.56   11.40
  -5188.652   115.517     7.75    8.13
  -4817.609   114.191    -3.57    9.33
  -4446.630   110.445   -10.10   11.81
  -4075.717   104.300   -16.57   13.26
  -3704.869    99.844   -12.02   15.56
  -3334.087    96.431    -9.21   16.32
  -2963.370    89.579   -18.48   17.17
  -2592.718    81.254   -22.46   20.51
  -2222.131    78.211    -8.21   21.74
  -1851.609    72.929   -14.25   20.84
  -1481.153    65.456   -20.17   26.07
  -1110.761    50.848   -39.44   35.50
   -740.435    32.250   -50.22   35.79
   -370.173    13.528   -50.56   27.07
      0.023     2.177   -30.66   10.53
    370.155     1.410    -2.07    3.19
    740.221     3.925     6.80    4.80
   1110.223     5.630     4.61    4.47
   1480.160     6.049     1.13    3.96
   1850.032     5.947    -0.28    3.93
   2219.839     3.987    -5.30    3.54
   2589.582     2.526    -3.95    2.53
   2959.259     1.320    -3.26    1.66
   3328.873     0.643    -1.83    1.24
   3698.421     0.431    -0.57    1.20
   4067.905     0.460     0.08    1.39
   4437.324     1.530     2.90    2.20
   4806.679     2.617     2.94    2.06
   5175.969     3.722     2.99    2.15
   5545.195     4.591     2.35    2.34
   5914.357     4.754     0.44    2.56
   6283.454     4.732    -0.06    2.65
   6652.486     4.254    -1.30    2.71
   7021.455     3.655    -1.62    2.18
   7390.359     3.851     0.53    2.07
   7759.198     3.771    -0.22    1.95
   8127.974     3.357    -1.12    1.72
   8496.685     2.731    -1.70    1.65
   8865.332     2.482    -0.68    1.59
   9233.915     2.468    -0.04    1.77
   9602.434     2.504     0.10    1.49
   9970.889     3.041     1.46    1.65
  10339.280     3.226     0.50    1.72
  10707.607     3.826     1.63    2.19
  11075.870     5.196     3.72    2.71
  11444.069     5.954     2.06    3.21
  11812.204     6.954     2.72    3.64
  12180.275     7.518     1.53    3.68
  12548.282     8.300     2.13    4.30
  12916.226     9.140     2.28    4.63
  13284.106    10.271     3.07    4.61
  13651.922     9.814    -1.24    4.60
  14019.674     8.503    -3.56    4.95
  14387.363     6.567    -5.26    3.61
  14754.988     4.955    -4.39    1.82
  15122.550     5.250     0.80    2.03
  15490.048     5.381     0.36    2.14
  15857.482     4.949    -1.17    2.19
  16224.853     4.848    -0.28    2.10
  16592.161     3.962    -2.41    1.81
  16959.405     3.263    -1.90    1.44
  17326.585     2.854    -1.11    1.06
  17693.703     2.816    -0.10    1.07
  18060.757     2.937     0.33    1.11
  18427.747     3.262     0.89    1.32
  18796.205     3.987     1.97    1.15
  19176.264     4.280     0.77    0.98
  19556.255     4.122    -0.41    1.03
  19936.178     3.578    -1.43    1.04
  20316.031     3.147    -1.14    1.27
  20695.817     3.170     0.06    1.56
  21075.534     4.041     2.29    2.48
  21455.183     5.489     3.81    3.31
  21834.764     6.945     3.84    3.43
  22214.276     8.338     3.67    3.22
  22593.720     9.419     2.85    2.64
  22973.097    10.718     3.43    2.23
  23352.404    12.262     4.07    2.36
  23731.644    13.703     3.80    2.57
  24110.816    15.402     4.48    2.71
  24489.920    17.357     5.16    2.68
  24868.956    18.643     3.39    2.43
  25247.924    19.454     2.14    1.93
  25626.824    19.868     1.09    1.40
  26005.656    19.760    -0.28    1.35
  26384.420    19.449    -0.82    1.24
  26763.116    19.196    -0.67    1.11
  27141.745    19.137    -0.16    1.36
  27520.306    19.024    -0.30    1.45
  27898.799    18.891    -0.35    1.44
  28277.225    18.900     0.02    1.71
  28655.583    19.838     2.48    1.90
  29033.874    20.819     2.59    1.91
  29412.096    23.591     7.33    4.17
  29790.252    25.604     5.32    4.17
  30168.340    27.384     4.71    3.89
  30546.360    28.997     4.27    3.45
  30924.314    28.891    -0.28    3.36
  31302.199    29.138     0.65    2.86
  31680.018    28.345    -2.10    1.89
  32057.769    28.163    -0.48    1.84
  32435.453    27.061    -2.92    2.53
  32813.070    25.591    -3.89    2.53
  33190.619    24.116    -3.91    1.97
  33568.101    22.976    -3.02    1.03
  33945.517    23.345     0.98    1.15
  34322.865    23.959     1.63    1.34
  34700.146    24.172     0.56    1.47
  35077.360    23.925    -0.65    2.06
  35454.508    23.338    -1.56    2.61
  35831.588    22.295    -2.77    2.83
  36208.601    22.406     0.29    4.14
  36585.548    23.246     2.23    4.74
  36962.427    25.029     4.73    4.35
  37339.240    27.229     5.84    2.17
  37715.987    27.085    -0.38    1.96
  38092.666    26.629    -1.21    1.85
  38469.279    25.942    -1.82    1.80
  38845.825    25.320    -1.65    1.54
  39222.305    25.223    -0.26    1.68
  39598.718    25.937     1.90    2.04
  39975.064    26.447     1.35    1.90
  40351.344    27.372     2.46    3.33
  40727.557    27.784     1.09    4.56
  41103.704    28.740     2.54    6.10
  41479.785    30.394     4.40    6.85
  41855.799    30.172    -0.59    7.19
  42231.747    29.161    -2.69    6.42
  42607.629    28.653    -1.35    6.21
  42983.444    28.166    -1.30    5.74
  43359.194    27.895    -0.72    5.20
  43734.877    26.963    -2.48    3.91
  44110.494    26.542    -1.12    2.98
  44486.044    26.456    -0.23    2.54
  44861.529    26.011    -1.18    2.99
  45236.948    25.491    -1.38    3.37
  45612.300    26.386     2.38    4.40
  45987.587    30.204    10.17    7.75
  46362.808    38.072    20.97   11.96
  46737.963    50.043    31.91   14.98
  47113.051    61.617    30.86   14.49
  47488.075    74.116    33.33   13.53
  47863.032    83.720    25.61   11.18
  48237.923    90.774    18.82   10.22
  48612.749    96.513    15.31    9.92
  48987.509   101.216    12.55    9.22
  49362.204   105.920    12.55    7.40
  49736.833   109.098     8.48    5.87
  50111.396   110.525     3.81    4.84
  50485.894   110.703     0.47    5.21
  50860.326   108.447    -6.02    7.47
  51234.693   104.904    -9.46    9.71
  51608.994   102.085    -7.53    9.35
  51983.230   100.829    -3.36    7.58
  52357.400   102.189     3.63    8.02
  52731.505   107.566    14.37    9.21
  53105.545   114.174    17.66    9.04
  53479.520   118.308    11.05    7.27
  53853.429   121.984     9.83    5.95
  54227.273   124.566     6.91    7.47
  54601.052   126.478     5.11    9.45
  54974.765   129.764     8.79   11.96
  55348.414   133.283     9.42   14.36
  55721.998   134.567     3.44   14.34
  56095.516   132.072    -6.68   15.20
  56468.970   127.241   -12.94   16.95
  56842.358   118.414   -23.64   14.56
  57215.682   111.441   -18.68   13.12
  57588.940   105.456   -16.04   13.19
  57962.134   103.366    -5.60   12.48
  58335.263   103.861     1.32   11.77
  58708.327   103.708    -0.41   10.71
  59081.327   104.874     3.12    9.91
  59454.261   106.029     3.10    8.04
  59827.131   108.456     6.51    5.96
  60199.937   109.718     3.39    4.52
  60572.677   108.616    -2.96    4.85
  60945.354   107.348    -3.40    4.75
  61317.965   105.971    -3.69    4.78
  61690.512   104.984    -2.65    4.78
  62062.995   105.456     1.27    5.22
  62435.413   106.104     1.74    5.28
  62807.766   107.866     4.73    4.45
  63180.055   109.502     4.39    3.48
  63552.280   110.204     1.89    2.84
  63924.441   110.781     1.55    2.23
  64296.537   110.201    -1.56    2.54
  64668.569   108.399    -4.84    3.66
  65040.537   106.991    -3.78    4.47
  65412.440   107.368     1.01    5.23
  65784.280   109.191     4.90    7.59
  66156.055   112.971    10.17    9.66
  66527.766   116.270     8.88    9.42
  66899.413   119.104     7.62    9.80
  67270.996   122.654     9.55    9.95
  67642.515   124.460     4.86    9.47
  68013.970   125.466     2.71    8.16
  68385.361   126.503     2.79    7.09
  68756.689   125.172    -3.58    6.32
  69127.952   123.656    -4.08    5.50
  69499.152   123.041    -1.66    4.46
  69870.288   121.644    -3.76    4.24
  70241.360   119.904    -4.69    4.65
  70612.368   120.267     0.98    5.19
  70983.312   120.888     1.67    5.81
  71354.193   121.971     2.92    6.46
  71725.011   122.916     2.55    7.49
  72095.764   121.657    -3.40    7.88
  72466.455   120.641    -2.74    7.71
  72837.081   120.874     0.63    6.93
  73207.644   118.579    -6.19    6.57
  73578.144   116.604    -5.33    6.76
  73948.580   114.879    -4.66    6.58
  74318.953   112.815    -5.57    5.99
  74689.263   109.554    -8.81    6.31
  75059.509   106.436    -8.42    6.30
  75429.692   102.904    -9.54    6.24
  75799.811   101.781    -3.03    5.98
  76169.867   104.654     7.76    8.45
  76539.861   111.104    17.43   10.45
  76909.790   119.316    22.20   10.69
  77279.657   126.861    20.40   10.17
  77649.461   133.191    17.12    7.14
  78019.202   136.427     8.75    5.26
  78388.879   138.693     6.13    3.95
  78758.494   138.681    -0.03    3.29
  79128.045   137.541    -3.08    4.60
  79497.534   136.784    -2.05    5.23
  79866.960   133.829    -8.00    6.47
  80236.323   129.999   -10.37    8.14
  80605.623   125.529   -12.10    8.92
  80974.860   120.066   -14.79    9.75
  81344.034   112.463   -20.59   12.94
  81713.146   107.527   -13.37   11.32
  82082.195   105.224    -6.24   10.01
  82451.181   108.054     7.67   11.66
  82820.105   114.814    18.32   10.77
  83188.966   118.204     9.19    9.26
  83557.764   121.617     9.25    7.87
  83926.500   124.416     7.59    7.68
  84295.174   126.553     5.80    7.12
  84663.785   128.591     5.53    5.62
  85032.333   129.085     1.34    5.41
  85400.819   127.161    -5.22    6.70
  85769.243   124.434    -7.40    7.34
  86137.604   120.154   -11.62    9.31
  86505.903   114.747   -14.68   11.15
  86874.139   110.129   -12.54   11.87
  87242.314   104.732   -14.66   11.28
  87610.426   101.718    -8.19   10.15
  87978.475   101.791     0.20   10.24
  88346.463   103.654     5.06   11.20
  88714.389   103.045    -1.66   11.37
  89082.252    98.004   -13.70   12.11
  89450.054    94.249   -10.21   10.33
  89817.793    93.202    -2.85    8.55
  90185.470    96.894    10.04    9.44
  90553.086    99.879     8.12    8.93
  90920.639   102.138     6.15    9.18
  91288.130   104.641     6.81    9.40
  91655.560   107.394     7.49    9.90
  92022.928   107.679     0.78    9.54
  92390.234   107.604    -0.20    8.20
  92757.478   105.754    -5.04    6.28
  93124.660   105.015    -2.01    4.70
  93491.781   105.841     2.25    5.37
  93870.143   107.476     4.32    5.82
  94249.994   110.291     7.41    6.30
  94629.779   113.864     9.41    6.39
  95009.498   117.680    10.05    4.86
  95389.149   120.281     6.85    2.43
  95768.735   120.554     0.72    2.24
  96148.253   120.223    -0.87    2.05
  96527.706   120.212    -0.03    1.78
  96907.092   120.655     1.17    1.92
  97286.411   122.357     4.49    2.96
  97665.664   123.341     2.60    3.05
  98044.851   124.143     2.11    2.93
  98423.971   123.166    -2.57    3.94
  98803.026   121.007    -5.70    4.55
  99182.014   117.016   -10.53    6.55
  99560.936   111.951   -13.37    7.96
  99939.791   106.643   -14.01    7.75
 100318.581   101.565   -13.41    3.67
 100697.304   101.480    -0.22    4.03
 101075.962   103.907     6.41    6.40
 101454.553   107.004     8.18    7.60
 101833.079   110.938    10.39    6.90
 102211.538   112.841     5.03    6.02
 102589.932   111.270    -4.15    7.04
 102968.260   108.154    -8.24    7.84
 103346.522   105.861    -6.06    7.52
 103724.718   106.143     0.75    7.76
 104102.848   106.854     1.88    7.59
 104480.913   108.245     3.68    6.39
 104858.912   109.971     4.57    5.38
 105236.845   111.539     4.15    5.05
 105614.712   114.443     7.69    4.11
 105992.514   116.564     5.61    1.94
 106370.251   116.804     0.63    1.35
 106747.922   116.818     0.04    1.47
 107125.527   116.743    -0.20    1.42
 107503.067   116.579    -0.44    1.51
 107880.542   115.779    -2.12    2.35
 108257.951   114.364    -3.75    3.23
 108635.295   113.186    -3.12    3.33
 109012.573   111.476    -4.53    3.70
 109389.787   110.916    -1.48    3.94
 109766.935   110.984     0.18    4.70
 110144.017   111.386     1.07    4.89
 110521.035   111.212    -0.46    5.18
 110897.987   110.999    -0.56    5.48
 111274.875   110.320    -1.80    5.04
 111651.697   109.267    -2.79    4.86
 112028.454   108.541    -1.93    4.89
 112405.146   106.091    -6.50    5.34
 112781.773   102.816    -8.69    5.88
 113158.335    98.877   -10.46    4.42
 113534.833    96.465    -6.41    1.84
 113911.265    96.013    -1.20    1.33
 114287.633    96.047     0.09    1.29
 114663.935    96.345     0.79    1.20
 115040.173    96.553     0.55    1.19
 115416.347    96.528    -0.07    1.18
 115792.455    96.641     0.30    1.51
 116168.499    96.604    -0.10    1.70
 116544.478    96.207    -1.06    1.62
 116920.393    95.275    -2.48    1.53
 117296.243    94.066    -3.22    2.15
 117672.028    93.029    -2.76    1.89
 118047.749    92.418    -1.63    1.66
 118423.406    92.186    -0.62    1.51
 118798.998    92.763     1.53    1.43
 119174.526    92.991     0.61    1.57
 119549.989    93.335     0.91    1.44
 119925.388    93.949     1.64    1.71
 120300.722    94.537     1.57    1.97
 120675.993    95.912     3.66    2.20
 121051.199    97.321     3.75    1.56
 121426.341    97.938     1.64    1.19
 121801.418    98.617     1.81    1.39
 122176.432    98.794     0.47    1.48
 122551.381    98.065    -1.94    2.06
 122926.267    96.829    -3.30    2.62
 123301.088    94.553    -6.07    2.75
 123675.845    92.007    -6.79    2.94
 124050.539    89.541    -6.58    3.01
 124425.168    87.816    -4.60    2.18
 124799.734    86.617    -3.20    1.24
 125174.235    86.501    -0.31    0.96
 125548.673    87.212     1.90    1.56
 125923.047    88.085     2.33    1.77
 126297.357    88.819     1.96    1.54
 126671.604    88.838     0.05    1.57
 127045.786    88.514    -0.87    2.08
 127419.905    88.758     0.65    2.57
 127793.961    89.516     2.02    2.64
 128167.953    89.736     0.59    2.58
 128541.881    88.066    -4.46    3.65
 128915.745    84.997    -8.21    4.38
 129289.547    81.991    -8.04    3.58
 129663.284    80.416    -4.22    2.12
 130036.958    80.968     1.48    2.29
 130410.569    82.037     2.86    1.71
 130784.117    82.541     1.35    1.62
 131157.601    83.037     1.33    1.81
 131531.021    82.954    -0.22    1.86
 131904.379    83.254     0.80    1.74
 132277.673    82.832    -1.13    1.76
 132650.904    82.306    -1.41    1.58
 133024.072    82.137    -0.45    1.58
 133397.176    82.078    -0.16    1.58
 133770.218    82.845     2.05    2.18
 134143.196    83.999     3.10    2.37
 134516.111    84.666     1.79    2.13
 134888.963    85.539     2.34    1.34
 135261.753    85.284    -0.68    1.27
 135634.479    84.656    -1.69    1.51
 136007.142    83.984    -1.80    1.61
 136379.743    82.989    -2.67    1.28
 136752.280    82.124    -2.32    1.43
 137124.755    81.381    -1.99    1.35
 137497.167    80.797    -1.57    1.43
 137869.516    80.578    -0.59    1.44
 138241.803    80.707     0.34    1.49
 138614.027    80.691    -0.04    1.50
 138986.188    80.766     0.20    1.47
 139358.286    80.681    -0.23    1.64
 139730.322    80.527    -0.42    1.96
 140102.295    80.720     0.52    1.98
 140474.206    80.420    -0.80    2.19
 140846.054    79.604    -2.19    2.12
 141217.840    79.202    -1.08    1.81
 141589.563    78.655    -1.47    0.98
 141961.224    79.376     1.94    1.53
 142332.822    80.111     1.98    1.31
 142704.358    80.488     1.01    1.32
 143075.832    80.908     1.13    1.26
 143447.243    81.046     0.37    1.29
 143818.592    81.807     2.05    1.57
 144189.879    82.566     2.04    1.52
 144561.104    82.874     0.83    1.39
 144932.267    83.224     0.95    1.49
 145303.367    83.361     0.37    1.71
 145674.405    83.644     0.76    1.79
 146045.382    84.224     1.56    1.42
 146416.296    83.668    -1.50    1.83
 146787.148    82.971    -1.88    1.70
 147157.938    82.378    -1.60    1.54
 147528.666    82.412     0.09    1.40
 147899.333    83.271     2.32    1.68
 148269.937    83.758     1.31    1.82
 148640.480    84.407     1.75    1.94
 149010.961    84.667     0.70    1.89
 149381.380    83.934    -1.98    2.16
 149751.737    83.816    -0.32    2.03
 150122.032    83.245    -1.54    1.71
 150492.266    83.668     1.14    1.81
 150862.438    84.232     1.52    1.33
 151232.549    84.020    -0.57    1.33
 151602.598    84.111     0.25    1.20
 151972.585    83.194    -2.48    1.72
 152342.511    82.223    -2.62    2.32
 152712.375    81.104    -3.03    2.65
 153082.178    80.263    -2.28    2.22
 153451.919    80.989     1.96    2.85
 153821.599    81.371     1.03    2.60
 154191.218    82.137     2.07    2.02
 154560.775    82.176     0.11    1.60
 154930.271    80.968    -3.27    1.76
 155299.705    79.999    -2.62    2.31
 155669.079    79.161    -2.27    2.05
 156038.391    78.643    -1.40    2.15
 156407.642    78.136    -1.37    2.52
 156776.831    77.799    -0.91    2.36
 157145.960    77.591    -0.56    2.12
 157515.027    78.528     2.54    2.70
 157884.034    79.130     1.63    2.61
 158252.979    79.475     0.93    2.21
 158621.863    79.306    -0.46    2.21
 158990.687    79.170    -0.37    1.81
 159359.449    79.929     2.06    2.39
 159728.150    80.315     1.05    2.33
 160096.791    79.707    -1.65    2.58
 160465.371    78.204    -4.08    3.05
 160833.890    75.516    -7.29    3.44
 161202.348    73.386    -5.78    3.87
 161570.745    70.124    -8.85    4.56
 161939.081    66.668    -9.38    4.79
 162307.357    62.526   -11.25    5.11
 162675.572    58.604   -10.65    5.75
 163043.727    54.460   -11.26    4.65
 163411.821    52.254    -5.99    3.86
 163779.854    50.916    -3.63    3.12
 164147.827    50.150    -2.08    3.40
 164515.739    48.514    -4.45    3.87
 164883.590    45.668    -7.73    4.83
 165251.382    42.551    -8.48    3.61
 165619.112    42.366    -0.50    3.53
 165986.783    44.138     4.82    4.48
 166354.393    46.769     7.15    4.13
 166721.942    48.916     5.84    2.15
 167089.432    49.760     2.30    2.06
 167456.861    50.781     2.78    2.87
 167824.230    51.144     0.99    2.66
 168191.538    51.537     1.07    2.09
 168566.926    50.908    -1.68    1.77
 168946.640    50.285    -1.64    1.08
 169326.288    50.554     0.71    1.05
 169705.872    50.802     0.65    1.24
 170085.391    51.176     0.99    1.59
 170464.845    52.027     2.24    2.35
 170844.234    53.060     2.72    2.69
 171223.559    55.052     5.25    2.84
 171602.819    57.328     6.00    2.80
 171982.014    59.338     5.30    2.44
 172361.145    60.244     2.39    1.68
 172740.211    59.579    -1.76    1.98
 173119.213    58.386    -3.15    1.96
 173498.150    56.040    -6.19    2.74
 173877.023    53.618    -6.39    3.54
 174255.831    51.527    -5.52    3.40
 174634.575    49.515    -5.31    1.88
 175013.254    48.745    -2.03    0.63
 175391.869    48.708    -0.10    0.43
 175770.420    48.999     0.77    1.06
 176148.907    49.166     0.44    1.35
 176527.329    49.085    -0.22    1.21
 176905.687    49.275     0.50    1.32
 177283.981    50.686     3.73    2.84
 177662.211    52.684     5.28    3.15
 178040.376    53.966     3.39    2.48
 178418.478    53.013    -2.52    2.87
 178796.516    51.473    -4.07    2.58
 179174.489    50.386    -2.87    1.98
 179552.399    50.045    -0.90    1.87
 179930.244    50.328     0.75    2.08
 180308.026    50.223    -0.28    1.93
 180685.744    49.986    -0.63    1.88
 181063.398    49.929    -0.15    1.96
 181440.988    50.319     1.03    2.53
 181818.514    52.306     5.26    4.58
 182195.977    54.794     6.59    5.74
 182573.376    58.271     9.21    6.28
 182950.711    62.132    10.23    5.12
 183327.983    64.641     6.65    3.21
 183705.191    65.402     2.02    2.12
 184082.335    64.541    -2.28    2.96
 184459.416    63.605    -2.48    3.03
 184836.433    62.319    -3.41    3.13
 185213.387    60.488    -4.86    4.61
 185590.278    57.959    -6.71    5.92
 185967.104    54.527    -9.10    5.48
 186343.868    52.527    -5.31    4.13
 186720.568    51.912    -1.63    3.13
 187097.205    51.394    -1.37    2.84
 187473.779    50.729    -1.77    2.90
 187850.289    50.045    -1.82    2.53
 188226.736    49.799    -0.65    2.11
 188603.120    50.934     3.01    2.76
 188979.441    51.973     2.76    2.84
 189355.698    52.253     0.75    3.24
 189731.893    50.973    -3.40    3.21
 190108.024    49.191    -4.74    1.72
 190484.093    48.591    -1.60    0.00
 190860.098    48.591     0.00    0.00
 191236.041    48.848     0.68    0.84
 191611.920    50.271     3.79    3.11
 191987.737    51.916     4.38    4.23
 192363.490    52.899     2.62    4.42
 192739.181    52.890    -0.02    4.51
 193114.809    51.874    -2.71    4.21
 193490.375    50.460    -3.76    3.06
 193865.877    49.745    -1.90    2.19
 194241.317    50.298     1.47    2.94
 194616.694    51.857     4.15    4.51
 194992.009    53.240     3.68    5.38
 195367.260    54.766     4.07    5.71
 195742.450    55.496     1.94    5.14
 196117.576    54.973    -1.39    4.69
 196492.641    55.427     1.21    4.59
 196867.642    55.302    -0.33    5.06
 197242.581    56.078     2.07    5.68
 197617.458    57.670     4.25    5.53
 197992.273    59.170     4.00    4.67
 198367.025    60.156     2.63    2.97
 198741.714    59.868    -0.77    2.39
 199116.342    59.412    -1.22    1.86
 199490.907    59.298    -0.30    1.37
 199865.410    59.280    -0.05    1.67
 200239.850    58.553    -1.94    2.34
 200614.229    58.091    -1.23    2.44
 200988.545    58.475     1.02    2.86
 201362.799    59.565     2.91    3.05
 201736.991    60.920     3.62    2.37
 202111.121    61.098     0.47    3.00
 202485.190    60.335    -2.04    3.54
 202859.196    59.848    -1.30    3.32
 203233.140    60.091     0.65    2.78
 203607.022    60.551     1.23    2.36
 203980.842    60.338    -0.57    2.49
 204354.600    59.619    -1.92    2.56
 204728.297    58.657    -2.57    2.62
 205101.932    58.113    -1.46    2.65
 205475.505    58.039    -0.20    2.04
 205849.016    58.341     0.81    2.06
 206222.466    58.552     0.56    2.35
 206595.853    58.934     1.02    2.63
 206969.180    59.654     1.93    2.81
 207342.444    60.348     1.86    2.58
 207715.647    60.047    -0.81    3.05
 208088.789    59.686    -0.97    3.25
 208461.868    59.604    -0.22    2.79
 208834.887    59.565    -0.10    2.34
 209207.844    60.289     1.94    1.86
 209580.739    60.351     0.17    1.47
 209953.573    59.526    -2.21    1.79
 210326.346    58.215    -3.52    2.47
 210699.058    56.319    -5.09    2.70
 211071.708    54.565    -4.71    1.98
 211444.296    54.365    -0.54    1.79
 211816.824    55.039     1.81    2.06
 212189.290    55.871     2.24    1.66
 212561.695    55.384    -1.31    1.96
 212934.039    53.111    -6.10    3.94
 213306.322    49.526    -9.63    4.93
 213678.544    46.855    -7.17    3.78
 214050.705    45.151    -4.58    1.85
 214422.804    44.499    -1.75    1.36
 214794.843    44.695     0.53    1.41
 215166.821    45.845     3.09    2.54
 215538.738    47.630     4.80    2.86
 215910.593    49.085     3.91    1.86
 216282.388    48.933    -0.41    1.86
 216654.122    48.618    -0.85    2.11
 217025.796    48.784     0.44    2.41
 217397.408    48.978     0.52    2.50
 217768.960    47.778    -3.23    3.51
 218140.451    45.564    -5.96    3.73
 218511.881    43.263    -6.19    2.48
 218883.251    41.970    -3.48    0.90
 219254.560    41.486    -1.30    0.86
 219625.808    41.328    -0.43    0.99
 219996.996    41.845     1.39    1.34
 220368.123    42.397     1.49    1.37
 220739.190    43.262     2.33    1.18
 221110.196    44.161     2.42    1.36
 221481.142    45.258     2.96    1.80
 221852.027    46.715     3.93    2.39
 222222.852    47.868     3.11    2.21
 222593.616    48.620     2.03    1.78
 222964.320    48.539    -0.22    1.66
 223334.964    47.591    -2.56    1.37
 223705.548    46.828    -2.06    2.11
 224076.071    45.524    -3.52    2.77
 224446.534    45.291    -0.63    3.22
 224816.937    46.230     2.53    4.01
 225187.280    48.041     4.89    4.67
 225557.563    50.078     5.50    4.22
 225927.785    50.591     1.39    3.82
 226297.948    50.536    -0.15    3.43
 226668.050    51.710     3.17    3.33
 227038.093    53.422     4.63    4.10
 227408.075    56.026     7.03    3.34
 227777.997    57.191     3.15    2.14
 228147.860    56.157    -2.80    2.78
 228517.663    54.345    -4.90    2.85
 228887.405    51.802    -6.88    3.38
 229257.088    49.369    -6.58    3.05
 229626.711    47.804    -4.23    2.42
 229996.275    46.578    -3.32    1.68
 230365.778    45.136    -3.90    3.09
 230735.222    43.091    -5.53    4.27
 231104.606    41.197    -5.13    3.81
 231473.931    40.139    -2.86    2.68
 231843.196    41.907     4.79    3.93
 232212.401    44.334     6.57    3.53
 232581.547    45.815     4.01    2.64
 232950.633    45.883     0.18    2.33
 233319.660    45.105    -2.11    2.40
 233688.627    44.564    -1.46    2.42
 234057.535    45.925     3.69    3.41
 234426.383    48.147     6.02    2.98
 234795.172    49.015     2.35    2.10
 235163.902    48.147    -2.35    2.85
 235532.572    46.179    -5.34    2.97
 235901.183    44.386    -4.86    1.67
 236269.734    43.644    -2.01    1.02
 236638.227    43.619    -0.07    1.10
 237006.660    43.868     0.67    1.13
 237375.034    43.977     0.30    1.12
 237743.349    44.026     0.13    1.05
 238111.604    44.372     0.94    0.98
 238479.801    44.776     1.10    1.15
 238847.938    45.411     1.73    1.13
 239216.017    45.848     1.19    0.81
 239584.036    45.897     0.13    0.78
 239951.996    45.779    -0.32    1.06
 240319.898    45.646    -0.36    1.33
 240687.740    45.245    -1.09    1.39
 241055.524    45.146    -0.27    1.46
 241423.249    45.885     2.01    1.92
 241790.915    46.458     1.56    1.86
 242158.522    46.740     0.77    1.76
 242526.070    46.483    -0.70    2.02
 242893.560    45.738    -2.03    2.14
 243266.218    45.298    -1.18    2.14
 243645.799    44.578    -1.90    2.08
 244025.317    43.591    -2.60    2.00
 244404.773    42.300    -3.40    2.30
 244784.165    40.727    -4.15    2.02
 245163.494    40.819     0.24    2.94
 245542.760    42.538     4.53    4.20
 245921.963    44.565     5.35    3.75
 246301.103    45.934     3.61    2.22
 246680.180    45.947     0.03    1.76
 247059.194    45.315    -1.67    1.53
 247438.146    45.362     0.12    1.38
 247817.034    45.551     0.50    1.45
 248195.860    45.920     0.97    1.86
 248574.623    47.210     3.40    2.57
 248953.323    48.920     4.52    3.03
 249331.961    50.526     4.24    2.86
 249710.536    51.711     3.13    1.87
 250089.048    52.293     1.54    1.50
 250467.498    52.497     0.54    1.55
 250845.884    53.058     1.48    1.94
 251224.209    53.407     0.92    1.95
 251602.471    52.513    -2.36    2.67
 251980.670    50.384    -5.63    4.09
 252358.807    47.956    -6.42    3.65
 252736.882    46.986    -2.57    2.87
 253114.894    46.891    -0.25    2.98
 253492.844    48.165     3.37    3.29
 253870.731    49.732     4.15    3.21
 254248.556    50.338     1.60    3.04
 254626.319    49.698    -1.69    3.05
 255004.020    47.144    -6.76    5.60
 255381.658    41.978   -13.68    7.86
 255759.235    36.471   -14.58    6.75
 256136.749    33.539    -7.77    3.75
 256514.201    33.483    -0.15    3.51
 256891.591    35.399     5.08    3.69
 257268.918    37.304     5.05    2.58
 257646.184    37.605     0.80    2.35
 258023.388    37.147    -1.21    2.40
 258400.530    35.710    -3.81    2.02
 258777.610    34.749    -2.55    1.72
 259154.628    33.485    -3.35    1.58
 259531.584    33.294    -0.51    1.59
 259908.479    33.227    -0.18    1.52
 260285.311    33.618     1.04    1.23
 260662.082    34.091     1.26    0.97
 261038.791    35.315     3.25    2.24
 261415.438    36.911     4.24    3.01
 261792.024    38.565     4.39    2.76
 262168.548    38.294    -0.72    3.20
 262545.010    36.194    -5.58    4.15
 262921.411    33.551    -7.02    3.61
 263297.750    31.981    -4.17    2.60
 263674.028    31.730    -0.67    2.59
 264050.244    32.526     2.11    2.29
 264426.399    32.869     0.91    1.98
 264802.492    32.911     0.11    1.46
 265178.524    32.700    -0.56    1.32
 265554.495    33.249     1.46    2.53
 265930.404    35.997     7.31    5.27
 266306.252    38.407     6.41    5.96
 266682.038    41.394     7.95    5.42
 267057.764    42.618     3.26    4.35
 267433.428    42.994     1.00    4.45
 267809.031    43.365     0.99    4.58
 268184.572    44.916     4.13    4.61
 268560.053    46.386     3.91    3.72
 268935.473    47.681     3.45    2.36
 269310.831    48.754     2.86    1.97
 269686.128    48.877     0.33    1.93
 270061.365    49.814     2.50    1.29
 270436.540    49.223    -1.57    1.61
 270811.655    49.494     0.72    2.17
 271186.708    49.881     1.03    2.30
 271561.701    49.564    -0.84    2.48
 271936.633    48.907    -1.75    2.52
 272311.504    47.713    -3.18    1.50
 272686.314    47.564    -0.40    1.97
 273061.063    48.271     1.89    2.45
 273435.752    48.723     1.20    2.44
 273810.380    50.200     3.94    3.43
 274184.947    52.685     6.63    4.10
 274559.454    54.947     6.04    3.80
 274933.900    56.862     5.11    2.60
 275308.285    57.656     2.12    1.73
 275682.610    57.660     0.01    1.71
 276056.874    57.297    -0.97    2.10
 276431.078    56.304    -2.65    2.78
 276805.222    53.947    -6.30    3.99
 277179.305    51.383    -6.85    3.71
 277553.327    49.947    -3.84    2.65
 277927.289    49.777    -0.45    2.26
 278301.191    51.591     4.85    2.99
 278675.032    52.849     3.36    2.34
 279048.814    51.925    -2.47    3.34
 279422.534    50.127    -4.81    3.84
 279796.195    48.965    -3.11    2.79
 280169.796    50.091     3.01    3.85
 280543.336    52.241     5.75    4.22
 280916.816    54.559     6.21    3.12
