# NaN NaN NaN ;Mean Elev.(m), Avg Gradient(m/km), RMS Gradient(m/km) - SRTM1     
#   17.630  -1.822   3.585 ;Mean Elev.(m), Avg Gradient(m/km), RMS Gradient(m/km) - ASTER GDEM
#   26.318  -0.259   2.735 ;Mean Elev.(m), Avg Gradient(m/km), RMS Gradient(m/km) - GMTED2010 
  9  71.938073  61.248636    26.772    26.763  4 52530.67292247 46.731
 10  71.957959  61.243349    28.384    28.597  3 52565.67294046 23.019
 11  71.956068  61.244038    25.310    25.326  4 52600.67296109 40.074
 12  71.944152  61.246255    25.989    26.015  4 52635.67292189 19.421
 13  71.956335  61.244530    25.552    25.131  3 52670.67292894 14.739
 14  71.950684  61.245629    27.472    27.106  4 52705.67292227 12.510
 15  71.957876  61.244293    26.277    24.870  4 52740.67295593 10.989
 16  71.974051  61.241899    29.719    29.717  3 52775.67290107 47.378
 17  71.941059  61.247773    30.328    30.304  3 52810.67297859 30.249
 18  71.944722  61.246254    27.129    27.123  4 52845.67303394 50.064
 19  71.952396  61.244203    24.895    24.722  4 52880.67307070 32.631
 20  71.968958  61.242469    24.378    24.053  3 52915.67302732 49.065
 21  71.946787  61.245749    24.004    23.982  4 52950.67298854 43.247
 22  71.960834  61.243911    23.722    23.752  3 52985.67300959 36.232
 23  71.965600  61.243377    23.824    23.797  4 53020.67299973 33.351
 24  71.955748  61.243969    23.711    23.697  3 53055.67298806 39.696
 25  71.958329  61.243278    24.660    23.941  3 53090.67302544 16.071
 26  71.949936  61.245272    24.778    24.725  3 53125.67299658 20.666
 27  71.946021  61.246717    29.622    29.584  4 53160.67305830 28.813
 28  71.959324  61.243744    29.957    29.947  3 53195.67305443 28.405
 29  71.965594  61.243048    25.771    25.761  3 53230.67303984 42.763
 30  71.969701  61.242560    26.338    25.217  3 53265.67301004 27.685
 31  71.937466  61.248227    25.188    25.179  4 53300.67306046 49.865
 32  71.958298  61.243262    26.201    26.216  4 53335.67302980 31.460
 33  71.973492  61.241135    27.053    26.868  4 53370.67296713 19.703
 35  71.969372  61.242297    25.416    25.196  3 53440.67298861 13.688
 36  71.944935  61.246145    25.961    26.019  4 53475.67305515  9.494
 37  71.955728  61.243583    29.706    29.662  4 53510.67306967 41.490
 38  71.955267  61.243972    29.385    29.455  3 53545.67308648 25.535
 39  71.962454  61.242741    26.595    26.592  4 53580.67306105 49.784
 40  71.966429  61.242217    24.911    24.887  3 53615.67301553 45.579
 41  71.952055  61.245078    25.730    25.174  3 53650.67302842 28.581
 42  71.953285  61.244056    23.625    23.628  4 53685.67303684 42.568
 43  71.971741  61.242141    25.092    25.088  3 53720.67296216 28.377
 44  71.955837  61.243602    24.558    24.558  3 53755.67288941 14.014
 45  71.964654  61.242682    24.198    24.094  4 53790.67291734 12.113
 46  71.947859  61.245205    27.213    26.919  4 53825.67287651 11.377
 47  71.945777  61.247040    24.591    24.577  4 53860.67296931 22.253
 48  71.954050  61.244881    29.817    29.776  4 53895.67298766 52.826
 49  71.945845  61.246252    29.513    29.474  3 53930.67304055 37.823
 50  71.954350  61.244835    26.352    25.781  4 53965.67301727 27.193
 51  71.940434  61.248004    25.860    25.290  3 54000.67297686 28.816
 52  71.955811  61.243427    24.677    24.691  3 54035.67301780 38.425
 53  71.959770  61.243611    26.936    26.944  3 54070.67301183 27.050
 54  71.969988  61.242072    25.395    25.415  3 54105.67296456 15.304
 55  71.950513  61.244281    24.856    24.862  4 54140.67294486 32.298
 56  71.963012  61.243981    28.339    28.611  3 54175.67294554 12.695
 57  71.948628  61.246407    25.680    25.560  4 54210.67295198 31.477
 58  71.954129  61.245093    30.406    30.432  4 54245.67298194 28.185
 59  71.956525  61.243613    31.350    31.364  3 54280.67299248 30.963
 60  71.961369  61.243599    30.655    30.719  3 54315.67299132 26.759
 61  71.965826  61.243265    27.279    26.614  4 54350.67295919 30.845
 62  71.954128  61.244454    25.663    25.641  4 54385.67293046 32.193
 63  71.962962  61.243978    25.420    25.397  3 54420.67290900 32.771
 64  71.945223  61.247029    25.500    25.522  4 54455.67290341 42.569
 65  71.962121  61.244147    24.784    24.555  3 54490.67290985 21.355
 66  71.954251  61.244047    24.234    24.223  4 54525.67291544 30.891
 67  71.964609  61.242602    25.162    24.250  4 54560.67291831 12.500
 68  71.956812  61.243458    27.954    27.950  3 54595.67291136 38.108
 69  71.955580  61.244621    30.679    30.640  4 54630.67292541 47.510
 70  71.954203  61.244592    29.203    29.238  4 54665.67293190 21.862
 71  71.967449  61.243501    25.207    25.243  4 54700.67290092 46.345
 72  71.946721  61.247040    24.714    24.718  4 54735.67289184 45.731
 73  71.962265  61.243051    27.741    27.778  3 54770.67288120 25.919
 74  71.946755  61.246122    26.673    26.672  4 54805.67288537 26.281
 75  71.958881  61.243391    25.969    26.047  3 54840.67287679 16.110
 76  71.951625  61.245177    26.391    26.283  3 54875.67288591 11.675
 77  71.964361  61.243568    26.591    26.731  3 54910.67288215 12.016
 78  71.948742  61.245511    25.863    25.845  3 54945.67287898 36.682
 79  71.956590  61.243470    29.472    29.419  3 54980.67290469 24.231
 80  71.956634  61.244599    29.505    29.515  4 55015.67290683 45.843
 81  71.958854  61.243574    28.076    27.348  3 55050.67290102 26.067
 82  71.967622  61.243519    26.297    25.440  4 55085.67286678 25.432
 83  71.951238  61.244958    26.886    27.021  3 55120.67283468 22.281
 84  71.961747  61.242756    25.731    25.823  4 55155.67282651 27.825
 85  71.946637  61.246670    25.155    25.182  4 55190.67282465 17.992
 86  71.960737  61.243474    25.479    24.901  3 55225.67282692 13.282
 87  71.956230  61.244211    26.058    25.835  4 55260.67281951 12.338
 88  71.965897  61.242589    29.387    29.324  4 55295.67281238  8.908
 89  71.956003  61.243161    28.909    28.928  4 55330.67280066 52.543
 90  71.961782  61.244062    30.056    30.099  3 55365.67279394 28.433
 91  71.948342  61.245726    30.489    30.488  3 55400.67280688 49.788
 92  71.961633  61.243357    27.664    27.022  4 55435.67281090 26.959
 93  71.970668  61.242163    27.778    28.751  3 55470.67276307 21.914
