# NaN NaN NaN ;Mean Elev.(m), Avg Gradient(m/km), RMS Gradient(m/km) - SRTM1     
#   11.100  -0.343  14.134 ;Mean Elev.(m), Avg Gradient(m/km), RMS Gradient(m/km) - ASTER GDEM
#   23.228  -1.400   9.616 ;Mean Elev.(m), Avg Gradient(m/km), RMS Gradient(m/km) - GMTED2010 
  8  68.304426  61.326889    24.550    24.465  7 52485.68295177 27.910
  9  68.307762  61.328547    22.333    22.626  6 52520.68291780 28.173
 10  68.297798  61.314948    67.453    67.550  4 52555.68296670  3.405
 11  68.301346  61.326003    18.240    18.258  8 52590.68295827 42.224
 12  68.313840  61.330312    19.827    19.878  6 52625.68288532 19.002
 14  68.295982  61.319537    20.535    20.268  6 52695.68290179 10.114
 15  68.307270  61.327458    23.170    23.287  6 52730.68293207  8.593
 16  68.302875  61.332342    21.179    19.735  3 52765.68294322 35.705
 17  68.296299  61.320685    23.873    23.880  7 52800.68293586 34.080
 18  68.297617  61.324586    23.623    23.736  7 52835.68300389 25.554
 19  68.302008  61.327116    18.498    18.317  7 52870.68304536 43.312
 20  68.306233  61.326258    17.251    16.550  7 52905.68304461 40.337
 21  68.295469  61.319769    18.313    18.566  6 52940.68297550 41.815
 22  68.297462  61.321988    16.257    16.038  7 52975.68302285 21.952
 23  68.300175  61.326143    15.997    15.960  7 53010.68302740 15.824
 24  68.296362  61.319507    16.662    16.770  6 53045.68298947 13.791
 25  68.301148  61.323885    20.848    20.844  7 53080.68302422 10.598
 26  68.293550  61.318556    23.103    22.954  6 53115.68299404  6.528
 27  68.297529  61.322894    22.664    22.676  6 53150.68304211 45.373
 28  68.306773  61.326921    23.480    23.437  7 53185.68303144 38.640
 29  68.306107  61.326055    20.351    19.619  7 53220.68305721 33.036
 30  68.307309  61.326933    18.867    18.899  7 53255.68303402 28.900
 32  68.307590  61.326548    18.824    18.853  6 53325.68302000 36.365
 33  68.311584  61.329369    11.886    11.871  6 53360.68297924 25.116
 34  68.296494  61.321060    17.278    17.194  7 53395.68299727 22.003
 35  68.310998  61.328530    17.440    17.881  6 53430.68299073 18.782
 36  68.296713  61.320743    17.357    17.306  7 53465.68301878 11.630
 37  68.296454  61.324242    30.774    29.468  6 53500.68307923 41.834
 38  68.306165  61.326130    34.082    34.075  4 53535.68306792 30.782
 39  68.299858  61.325398    21.592    21.592  7 53570.68307744 24.024
 40  68.312225  61.328926    19.378    19.427  6 53605.68302540 25.805
 41  68.294765  61.319155    18.010    17.458  6 53640.68302374 26.673
 42  68.298043  61.323274    18.940    18.887  6 53675.68304397 22.111
 43  68.313939  61.329366    16.292    16.300  6 53710.68297452 21.371
 44  68.294317  61.320921    17.227    17.075  6 53745.68288330 15.308
 45  68.306520  61.326394    17.675    17.979  7 53780.68291532 11.401
 46  68.316899  61.330992    22.117    22.107  6 53815.68288511  6.921
 47  68.295055  61.318879    17.827    18.010  6 53850.68294983 21.797
 48  68.308535  61.325262    55.471    52.922  6 53885.68296057 10.617
 49  68.291135  61.327566    23.444    23.477  3 53920.68303051 23.331
 50  68.297962  61.322864    19.719    19.695  7 53955.68302736 28.668
 51  68.316506  61.330474    17.734    17.715  6 53990.68294707 38.497
 52  68.296533  61.322609    20.178    20.148  7 54025.68301148 20.707
 53  68.308016  61.326554    19.175    19.200  7 54060.68300496 35.793
 55  68.296279  61.319760    19.054    19.473  6 54130.68292463 15.681
 56  68.305973  61.326121    21.158    21.132  7 54165.68295114 12.539
 57  68.297099  61.322170    16.535    16.540  6 54200.68292795 29.026
 58  68.306583  61.317560    67.827    67.827  2 54235.68296437  7.196
 59  68.303934  61.326685    25.094    25.145  7 54270.68298661 45.333
 60  68.302472  61.325649    24.870    25.021  7 54305.68298912 24.468
 61  68.307698  61.328223    22.457    22.545  6 54340.68297171 26.068
 63  68.303777  61.325702    19.834    20.301  7 54410.68291775 39.677
 64  68.296525  61.320246    18.838    19.225  6 54445.68288630 21.924
 65  68.304037  61.325814    19.778    19.686  7 54480.68290899 15.691
 66  68.296521  61.322478    19.563    19.680  6 54515.68290097 13.742
 67  68.307360  61.327613    22.828    22.852  6 54550.68292235 11.130
 68  68.301209  61.325217    19.107    18.435  8 54585.68289722 31.525
 69  68.308463  61.317406    67.451    67.451  2 54620.68291471  7.177
 70  68.302167  61.325200    23.279    23.314  7 54655.68292666 32.057
 71  68.305925  61.326206    19.094    18.629  7 54690.68291234 42.121
 72  68.297688  61.321953    17.587    17.217  7 54725.68287700 45.052
 73  68.303716  61.325004    17.632    17.269  7 54760.68288866 40.955
 74  68.295773  61.318118    17.344    17.367  6 54795.68286947 37.389
 75  68.302803  61.325506    18.662    18.731  7 54830.68288903 18.546
 76  68.298012  61.321214    17.422    17.320  7 54865.68286502 15.127
 77  68.305189  61.326432    16.630    16.587  6 54900.68288802 13.966
 78  68.298952  61.324449    17.709    16.829  7 54935.68285705 23.126
 79  68.301315  61.326038    44.040    44.040  2 54970.68289005 19.945
 80  68.296018  61.332357    23.092    23.059  4 55005.68291079 19.429
 81  68.303990  61.325359    21.363    21.475  7 55040.68289721 24.381
 82  68.308094  61.325512    19.916    19.948  6 55075.68287910 28.992
 84  68.302395  61.326139    16.681    16.688  8 55145.68283239 30.585
 85  68.295710  61.320477    17.745    17.764  7 55180.68280604 21.570
 86  68.305043  61.325623    16.880    16.896  7 55215.68282684 15.961
 87  68.298579  61.324219    16.661    16.496  7 55250.68280343 14.980
 88  68.300870  61.334388    23.748    23.748  2 55285.68282236  8.537
 89  68.303532  61.323687    42.369    42.635  5 55320.68279385 32.380
 90  68.309564  61.317983    54.886    54.886  2 55355.68279308  1.140
 91  68.297505  61.322839    23.251    23.290  6 55390.68279460 18.158
 92  68.303177  61.326025    20.917    20.885  7 55425.68281166 35.005
 93  68.308611  61.328940    17.768    17.823  6 55460.68278009 42.914
