# NaN NaN NaN ;Mean Elev.(m), Avg Gradient(m/km), RMS Gradient(m/km) - SRTM1     
#   22.065  -2.505   4.986 ;Mean Elev.(m), Avg Gradient(m/km), RMS Gradient(m/km) - ASTER GDEM
#   33.623  -1.907   5.674 ;Mean Elev.(m), Avg Gradient(m/km), RMS Gradient(m/km) - GMTED2010 
  6  74.889315  61.154276    35.781    35.754  3 52419.66493411 29.846
  7  74.894727  61.153518    36.893    36.864  3 52454.66495855 46.317
  8  74.905317  61.153445    35.230    35.087  4 52489.66493461 24.013
  9  74.907827  61.153097    31.349    31.346  3 52524.66491175 41.035
 10  74.890812  61.152891    33.891    34.364  3 52559.66496142 25.939
 11  74.892516  61.154145    29.584    29.565  3 52594.66496645 44.491
 12  74.891167  61.155288    32.083    32.051  3 52629.66489709 18.819
 13  74.896167  61.154970    33.011    32.858  3 52664.66492813 12.338
 14  74.891216  61.154518    33.276    33.483  3 52699.66490195 11.205
 15  74.908073  61.153184    35.007    35.012  4 52734.66493020 11.850
 16  74.908513  61.153148    33.544    33.586  4 52769.66492254 40.707
 17  74.884239  61.155090    35.721    35.536  3 52804.66495584 33.116
 18  74.891809  61.153869    34.469    34.865  3 52839.66501725 22.828
 20  74.910171  61.152772    33.954    34.039  4 52909.66503012 17.774
 21  74.892281  61.153185    28.707    28.784  3 52944.66496861 47.327
 23  74.900681  61.154620    32.910    32.995  3 53014.66501748 12.818
 24  74.889582  61.154584    33.603    33.458  3 53049.66499088 12.648
 25  74.896336  61.153119    33.829    33.682  3 53084.66502625 10.253
 26  74.888015  61.154201    32.391    32.046  3 53119.66499699 12.877
 27  74.888765  61.153642    34.880    34.880  3 53154.66504919 26.305
 28  74.903482  61.153357    35.304    35.390  3 53189.66503848 27.754
 29  74.904972  61.153186    33.892    33.650  3 53224.66505017 18.636
 30  74.904381  61.152628    29.872    29.828  3 53259.66502494 42.417
 31  74.881581  61.155506    33.531    33.704  3 53294.66505276 19.397
 32  74.899913  61.153863    30.488    30.482  4 53329.66502506 32.612
 33  74.910955  61.152668    32.826    32.870  4 53364.66497499 15.590
 34  74.891842  61.154262    32.394    32.284  3 53399.66500023 16.585
 35  74.908619  61.152580    32.269    32.439  3 53434.66498965 14.388
 36  74.888486  61.153457    35.565    35.608  3 53469.66503430  9.664
 37  74.894262  61.154062    34.727    34.738  4 53504.66507621 50.609
 38  74.897137  61.154147    34.697    34.653  4 53539.66507541 34.919
 39  74.899955  61.153921    32.066    31.678  4 53574.66507115 40.448
 40  74.908503  61.153280    30.270    29.968  3 53609.66502119 41.536
 41  74.887733  61.154172    34.330    34.308  3 53644.66502471 19.337
 42  74.894669  61.154529    29.460    29.524  3 53679.66504200 49.830
 43  74.911031  61.152342    31.360    31.391  4 53714.66496929 17.786
 44  74.890817  61.153892    31.626    31.928  3 53749.66488581 14.330
 45  74.905392  61.153126    31.153    31.386  3 53784.66491576 12.200
 46  74.918091  61.151215    33.579    33.220  3 53819.66487522 12.056
 47  74.887627  61.154040    30.922    31.652  3 53854.66495855 15.208
 49  74.885756  61.153674    34.739    34.764  3 53924.66503396 24.133
 50  74.896135  61.154063    34.614    34.988  4 53959.66502337 29.844
 51  74.884231  61.153207    33.969    34.005  3 53994.66495704 17.355
 52  74.891111  61.155107    32.178    32.232  3 54029.66501483 23.977
 53  74.904814  61.153454    31.375    31.369  3 54064.66500775 32.243
 54  74.907438  61.153118    29.744    29.653  3 54099.66497321 20.438
 55  74.889552  61.154234    32.723    32.757  3 54134.66493343 14.186
 57  74.889339  61.153005    34.262    34.852  3 54204.66493744 19.985
 58  74.897653  61.154251    35.615    35.565  4 54239.66497185 33.709
 59  74.899713  61.153042    36.755    36.802  3 54274.66498823 28.119
 61  74.909751  61.152488    32.057    31.241  4 54344.66496574 32.982
 62  74.892157  61.154319    35.041    35.102  3 54379.66492613 20.761
 63  74.901567  61.154063    30.052    30.063  4 54414.66491441 47.735
 64  74.890010  61.153029    32.410    32.375  3 54449.66489325 22.244
 65  74.899531  61.153913    33.531    33.581  4 54484.66490912 17.177
 66  74.893274  61.153874    32.555    32.298  3 54519.66490684 14.629
 67  74.905668  61.153142    33.713    33.277  3 54554.66492035  8.931
 68  74.893862  61.154957    32.276    32.268  3 54589.66490312 25.139
 69  74.899839  61.154181    35.541    35.560  4 54624.66491968 35.342
 70  74.895141  61.154390    34.047    34.058  3 54659.66492835 49.446
 71  74.904357  61.152873    33.467    33.571  3 54694.66490740 20.707
 72  74.892385  61.154113    31.407    32.559  4 54729.66488309 25.249
 73  74.897680  61.154458    31.519    30.797  3 54764.66488581 34.900
 74  74.889150  61.152775    31.455    31.448  3 54799.66487635 30.877
 75  74.899287  61.153974    30.547    30.547  4 54834.66487685 19.935
 76  74.890309  61.153601    31.683    31.889  3 54869.66487356 14.485
 77  74.904893  61.153367    32.967    32.969  4 54904.66488545 12.684
 78  74.891578  61.155438    30.474    30.394  3 54939.66486540 22.284
 79  74.894611  61.155067    34.933    34.855  3 54974.66489560 43.679
 80  74.899768  61.154039    34.825    34.882  4 55009.66490789 32.244
 81  74.896566  61.154976    32.662    32.663  3 55044.66489857 38.240
 82  74.906362  61.153538    30.680    30.400  3 55079.66487396 22.729
 83  74.893319  61.154674    33.548    34.806  3 55114.66483072 19.514
 84  74.897490  61.154456    30.417    30.411  3 55149.66483035 38.949
 85  74.889654  61.153719    30.147    30.168  3 55184.66481428 23.928
 86  74.901254  61.152796    31.177    31.225  3 55219.66482790 13.098
 87  74.893431  61.153984    31.511    31.794  3 55254.66481011 11.988
 88  74.905981  61.153865    35.384    35.421  3 55289.66481758  8.038
 89  74.894956  61.155433    35.243    35.277  3 55324.66479718 25.514
 90  74.899957  61.153776    35.444    35.486  4 55359.66479440 30.525
 91  74.892408  61.154488    35.608    35.456  3 55394.66479936 25.280
 92  74.898364  61.153900    34.797    35.083  4 55429.66481018 26.812
 93  74.911675  61.151667    34.666    34.739  3 55464.66477162 18.272
