# NaN NaN NaN ;Mean Elev.(m), Avg Gradient(m/km), RMS Gradient(m/km) - SRTM1     
#   12.742   0.000  19.339 ;Mean Elev.(m), Avg Gradient(m/km), RMS Gradient(m/km) - ASTER GDEM
#    4.500  -0.011   0.433 ;Mean Elev.(m), Avg Gradient(m/km), RMS Gradient(m/km) - GMTED2010 
  7  65.035279  63.285046    16.881    16.877  7 52475.28408154 31.558
  8  65.040039  63.287943    16.245    16.140  8 52510.28403870 36.868
  9  65.068582  63.302355    15.053    15.074  9 52545.28404562 26.864
 10  65.046382  63.290389    13.165    13.532  9 52580.28407881 38.714
 11  65.017317  63.273602    15.144    15.121  3 52615.28405113 16.652
 12  65.061156  63.298452    14.084    14.168 11 52650.28402382 15.364
 13  65.040391  63.288034    14.828    14.848  8 52685.28401219  9.092
 14  65.044104  63.289276    14.587    14.626  9 52720.28406334 10.312
 16  65.068988  63.301876    15.606    15.637  8 52790.28403273 30.673
 17  65.065317  63.300608    15.919    15.949 10 52825.28410287 32.691
 18  65.066746  63.301353    14.792    15.080  9 52860.28414857 25.776
 19  65.035384  63.285030    10.794    10.663  7 52895.28418312 35.794
 21  65.070595  63.303102    10.222     9.834  8 52965.28411940 34.637
 22  65.025214  63.277044    10.261     9.834  8 53000.28415938 17.542
 23  65.016911  63.274119    13.437    13.965  3 53035.28410943 13.052
 24  65.047102  63.290927    14.261    14.106  9 53070.28412477 12.830
 26  65.060987  63.300049    13.037    13.322 12 53140.28412886 37.756
 27  65.047716  63.291473    15.629    15.655  9 53175.28416456 33.954
 28  65.036154  63.284969    14.832    14.808  8 53210.28418417 26.887
 29  65.036161  63.285391    11.728    11.000  8 53245.28415203 29.520
 30  65.063904  63.300545    10.761    10.761 10 53280.28413104 46.409
 31  65.047882  63.290424    12.407    12.002  9 53315.28415047 31.273
 32  65.041665  63.287926    12.967    12.956  9 53350.28411683 18.397
 33  65.063665  63.299336    13.045    13.106 10 53385.28409401 18.302
 34  65.058388  63.297654    12.821    13.152 12 53420.28409932 16.063
 35  65.068876  63.297632    14.792    14.792  2 53455.28410467 12.664
 36  65.033615  63.283541    12.307    12.278  8 53490.28419335 36.892
 37  65.049894  63.291485    15.480    15.466  9 53525.28417587 29.716
 38  65.022196  63.276316    15.229    15.230  6 53560.28420713 48.826
 39  65.038279  63.286659    13.262    13.725  9 53595.28414307 28.248
 40  65.063645  63.300427    10.827    10.732 11 53630.28413323 35.652
 41  65.041717  63.289390    13.320    13.998  9 53665.28415941 25.522
 42  65.039792  63.287875     9.992    10.060  9 53700.28411404 40.479
 44  65.063765  63.300897    13.624    13.692 11 53770.28402152 12.156
 45  65.033237  63.283263    15.741    15.909  7 53805.28401901 14.512
 47  65.053043  63.293474    14.000    13.917 10 53875.28408331 47.758
 49  65.018949  63.273273    14.624    14.675  5 53945.28415498 47.187
 50  65.022013  63.276652    13.328    12.813  6 53980.28410148 31.629
 51  65.071318  63.303082    11.401    10.814  7 54015.28411341 36.590
 52  65.061362  63.299387    11.801    11.808 11 54050.28411683 31.880
 56  65.020212  63.276594    15.817    15.762  4 54190.28403817 11.275
 57  65.046626  63.289538    15.255    15.241  9 54225.28407966 41.888
 58  65.045703  63.289976    16.246    16.240  9 54260.28409995 52.382
 59  65.045485  63.290234    16.793    16.787  9 54295.28410391 30.239
 60  65.038570  63.286992    16.613    16.642  9 54330.28409740 39.108
 61  65.020647  63.277213    15.085    15.781  4 54365.28404435 30.036
 62  65.046902  63.290387    13.219    13.688  9 54400.28403810 29.521
 63  65.021362  63.273488    12.280    13.466  5 54435.28399938 42.576
 64  65.062707  63.300239    13.329    13.301 11 54470.28401953 17.067
 65  65.023427  63.276124    12.569    12.524  6 54505.28401264 19.072
 66  65.044260  63.288635    14.909    14.986  9 54540.28403715 11.714
 67  65.022734  63.276627    12.068    12.726  6 54575.28401348 11.765
 68  65.042864  63.288091    15.237    15.244  9 54610.28402933 33.210
 69  65.041043  63.287749    15.812    15.850 10 54645.28403719 33.788
 70  65.039890  63.287365    13.563    13.530  9 54680.28403851 47.828
 71  65.021819  63.276722    11.242    11.145  6 54715.28399146 38.552
 72  65.048714  63.290175    11.797    11.501  9 54750.28400851 27.963
 73  65.032370  63.283186    12.015    11.977  7 54785.28397897 47.217
 74  65.052462  63.292595    13.563    13.535 10 54820.28400086 16.663
 75  65.033534  63.283211    13.648    13.744  7 54855.28397528 12.593
 76  65.038654  63.286855    14.097    13.993  8 54890.28400664 10.475
 78  65.049044  63.291876    14.210    14.209  9 54960.28400313 44.703
 79  65.037515  63.285876    15.359    15.434  8 54995.28402641 37.676
 80  65.039948  63.287513    14.793    14.795  9 55030.28401591 27.271
 81  65.038895  63.287451    13.789    14.032  8 55065.28400642 30.839
 83  65.048732  63.290755    11.399    10.785  9 55135.28395091 44.277
 84  65.026289  63.277767    12.134    11.688  6 55170.28391720 21.971
 85  65.049359  63.290979    10.218    10.220 10 55205.28394396 19.901
 86  65.022088  63.276574    11.416    11.871  6 55240.28392396 15.292
 87  65.036967  63.285797    10.778     9.657  7 55275.28393925 15.985
 88  65.019904  63.273514    10.753    10.446  5 55310.28390817 35.029
 89  65.043190  63.288480    14.933    14.982  9 55345.28390724 28.456
 90  65.033914  63.284050    15.264    15.274  7 55380.28390192 49.982
 91  65.054038  63.294343    14.739    14.785  8 55415.28392545 31.795
 92  65.033622  63.283686    12.358    11.715  8 55450.28391375 28.568
 93  65.019104  63.277020    14.887    14.887  2 55485.28384045 26.404
