# NaN NaN NaN ;Mean Elev.(m), Avg Gradient(m/km), RMS Gradient(m/km) - SRTM1     
#   12.593  -1.460   9.212 ;Mean Elev.(m), Avg Gradient(m/km), RMS Gradient(m/km) - ASTER GDEM
#   25.704  -1.120   5.899 ;Mean Elev.(m), Avg Gradient(m/km), RMS Gradient(m/km) - GMTED2010 
  7  69.780984  61.252977    14.947    14.944  4 52447.67896443 29.446
  8  69.790933  61.256012    28.038    28.051  4 52482.67895387 50.880
  9  69.800024  61.259530    24.732    24.759  4 52517.67891047 29.078
 10  69.777286  61.253911    25.129    25.196  4 52552.67895944 20.794
 11  69.794902  61.259727    22.220    22.156  3 52587.67893852 48.198
 12  69.797263  61.260462    22.615    22.631  3 52622.67889966 19.070
 15  69.791343  61.258309    24.956    24.763  3 52727.67893450  8.247
 16  69.790195  61.259284    22.344    22.161  3 52762.67894852 29.034
 17  69.787110  61.256049    25.834    26.203  4 52797.67891437 27.714
 18  69.786934  61.255326    26.102    26.039  4 52832.67898552 25.396
 19  69.792785  61.259778    22.925    22.660  3 52867.67902891 25.124
 20  69.792121  61.259032    22.191    22.299  3 52902.67904726 20.591
 21  69.801200  61.259123    20.511    20.303  4 52937.67898547 35.441
 22  69.784960  61.255452    20.153    20.125  4 52972.67901691 20.974
 23  69.788604  61.253986    22.740    22.594  4 53007.67902652 13.577
 24  69.780409  61.252474    24.063    23.960  4 53042.67898217 10.729
 25  69.789685  61.257314    24.102    24.129  4 53077.67901584 10.570
 26  69.777007  61.252921    26.261    26.174  3 53112.67898585  6.564
 27  69.786097  61.254760    25.146    24.792  3 53147.67903023 20.045
 28  69.793323  61.259611    26.036    26.136  3 53182.67903211 23.796
 29  69.791059  61.256572    23.102    23.095  4 53217.67905548 29.277
 30  69.796321  61.258602    22.658    22.767  3 53252.67903362 25.699
 31  69.776498  61.252631    21.818    21.829  3 53287.67903222 26.417
 32  69.795584  61.259580    21.642    21.658  4 53322.67900890 26.285
 33  69.802702  61.259854    22.371    22.380  4 53357.67897436 20.557
 34  69.781616  61.254091    23.852    23.690  3 53392.67898899 17.440
 35  69.798453  61.260209    23.085    22.970  3 53427.67898455 14.206
 36  69.785524  61.255376    24.619    24.737  4 53462.67900117 11.993
 37  69.783194  61.254165    24.730    24.740  3 53497.67907387 50.667
 38  69.795026  61.260391    26.603    26.601  3 53532.67905592 51.541
 40  69.799302  61.260404    22.612    22.559  3 53602.67902089 26.629
 41  69.780640  61.253816    22.268    22.310  3 53637.67901815 21.447
 42  69.784255  61.255714    23.680    24.242  4 53672.67903894 18.247
 43  69.803336  61.259825    20.038    20.095  4 53707.67897077 44.142
 44  69.804347  61.266920    20.482    20.600  9 53742.67888352 18.547
 45  69.792113  61.259199    20.147    20.131  3 53777.67890843 11.240
 46  69.805003  61.261283    24.792    24.720  5 53812.67888475  9.018
 47  69.781704  61.254116    19.902    19.948  3 53847.67893826 25.583
 49  69.784736  61.254434    25.365    25.400  3 53917.67902029 21.532
 50  69.785245  61.254696    22.783    22.806  3 53952.67902423 36.738
 52  69.786155  61.253283    20.797    20.814  4 54022.67900298 40.001
 53  69.794820  61.259696    22.124    22.113  3 54057.67899601 38.913
 54  69.798896  61.259894    23.550    23.395  3 54092.67897767 13.456
 55  69.782548  61.254027    25.298    25.492  3 54127.67891286 10.974
 56  69.791410  61.258425    24.814    24.789  3 54162.67894676 10.953
 57  69.784564  61.255205    20.294    20.354  4 54197.67891525 25.016
 58  69.788834  61.256694    25.826    25.805  4 54232.67896008 24.747
 59  69.790243  61.259170    27.121    27.334  3 54267.67897899 28.548
 60  69.790931  61.259071    27.358    27.291  3 54302.67898288 27.965
 61  69.794456  61.259534    25.086    25.135  3 54337.67896895 25.454
 62  69.788657  61.254305    22.453    22.434  4 54372.67891509 32.762
 63  69.791292  61.258837    22.327    22.227  3 54407.67891412 25.166
 64  69.782061  61.253296    24.012    24.464  4 54442.67887518 20.479
 65  69.790504  61.259489    22.622    22.356  3 54477.67890318 14.890
 66  69.782930  61.255174    23.853    23.873  4 54512.67889075 13.017
 67  69.794141  61.258801    24.893    24.888  3 54547.67891686 12.176
 68  69.790473  61.257259    22.861    22.822  4 54582.67888682 24.900
 69  69.791655  61.256594    26.389    26.344  3 54617.67890726 40.588
 70  69.789713  61.256693    25.859    25.781  4 54652.67891945 25.509
 71  69.795137  61.257823    22.298    22.312  3 54687.67890966 48.103
 72  69.783123  61.254418    20.741    20.718  3 54722.67886633 30.662
 73  69.790699  61.258936    21.548    21.388  3 54757.67888529 37.216
 74  69.780248  61.254424    20.543    20.558  4 54792.67885961 33.256
 75  69.789233  61.257081    22.570    22.595  4 54827.67888305 17.182
 76  69.784143  61.255917    22.687    22.533  4 54862.67885386 12.911
 77  69.792262  61.258096    22.880    22.972  3 54897.67888309 11.296
 78  69.785305  61.255268    21.224    20.856  4 54932.67884921 25.746
 79  69.790407  61.257455    25.362    25.324  4 54967.67888428 21.686
 80  69.789221  61.254965    26.048    26.049  5 55002.67890358 51.042
 81  69.790925  61.259022    24.719    24.671  3 55037.67889086 53.746
 82  69.794787  61.259892    22.090    22.108  3 55072.67887726 34.736
 83  69.782996  61.255325    22.106    21.677  4 55107.67882257 22.175
 84  69.792025  61.257749    20.473    20.485  3 55142.67882770 47.952
 85  69.781518  61.254841    21.764    21.771  4 55177.67879408 17.028
 86  69.791030  61.257447    22.682    22.817  4 55212.67882236 11.562
 87  69.786027  61.256024    24.014    24.054  4 55247.67879564  9.613
 88  69.793131  61.258393    23.925    24.313  3 55282.67881627  8.698
 89  69.790092  61.257263    21.927    21.946  4 55317.67878554 35.534
 90  69.792221  61.259602    25.613    25.478  3 55352.67878899 24.440
 91  69.784082  61.253285    26.224    26.153  4 55387.67878465 29.037
 92  69.790803  61.259512    24.637    24.597  3 55422.67880688 23.937
 93  69.796054  61.260388    21.974    21.988  3 55457.67877980 29.767
