-212602.719    88.284     0.00    0.76
-212233.377    87.828    -1.24    0.83
-211864.100    87.414    -1.12    0.66
-211494.890    86.940    -1.28    0.65
-211125.746    86.512    -1.16    0.62
-210756.669    86.131    -1.03    0.53
-210387.657    85.920    -0.57    0.44
-210018.712    85.727    -0.52    0.26
-209649.832    85.666    -0.16    0.11
-209281.019    85.655    -0.03    0.00
-208912.271    85.655     0.00    0.00
-208543.590    85.655     0.00    0.00
-208174.974    85.655     0.00    0.00
-207806.424    85.655     0.00    0.00
-207437.940    85.655     0.00    0.00
-207069.522    85.655     0.00    0.00
-206701.169    85.642    -0.03    0.11
-206332.883    85.505    -0.37    0.39
-205964.662    85.160    -0.93    0.70
-205596.506    84.718    -1.20    0.81
-205228.417    84.309    -1.11    0.75
-204860.392    83.937    -1.01    0.48
-204492.434    83.749    -0.51    0.45
-204124.541    83.514    -0.64    0.48
-203756.713    83.167    -0.94    0.59
-203388.951    82.780    -1.05    0.62
-203021.254    82.372    -1.11    0.70
-202653.623    81.914    -1.25    0.79
-202286.056    81.569    -0.94    0.74
-201918.556    81.362    -0.56    0.66
-201551.120    81.245    -0.32    0.59
-201183.750    81.057    -0.51    0.52
-200816.445    80.923    -0.37    0.45
-200449.205    80.797    -0.34    0.35
-200082.030    80.692    -0.29    0.19
-199714.920    80.655    -0.10    0.00
-199347.876    80.655     0.00    0.00
-198980.896    80.655     0.00    0.00
-198613.981    80.655     0.00    0.00
-198247.132    80.655     0.00    0.00
-197880.347    80.655     0.00    0.00
-197500.320    80.655     0.00    0.00
-197120.114    80.655     0.00    0.00
-196739.977    80.655     0.00    0.00
-196359.912    80.655     0.00    0.00
-195979.916    80.655     0.00    0.00
-195599.991    80.655     0.00    0.00
-195220.136    80.655     0.00    0.00
-194840.351    80.655     0.00    0.00
-194460.637    80.631    -0.06    0.15
-194080.992    80.582    -0.13    0.46
-193701.418    80.465    -0.31    0.75
-193321.914    80.088    -0.99    1.15
-192942.480    79.497    -1.56    1.57
-192563.116    78.482    -2.68    1.86
-192183.822    77.065    -3.74    1.92
-191804.598    75.726    -3.53    1.64
-191425.443    74.705    -2.69    1.16
-191046.359    74.000    -1.86    0.84
-190667.344    73.355    -1.70    0.85
-190288.399    72.775    -1.53    1.06
-189909.524    72.191    -1.54    0.97
-189530.718    71.862    -0.87    0.80
-189151.983    71.923     0.16    1.07
-188773.316    72.191     0.71    1.40
-188394.720    72.533     0.90    1.36
-188016.192    72.777     0.64    1.12
-187637.735    72.884     0.28    0.82
-187259.347    72.870    -0.04    0.55
-186881.028    72.679    -0.50    0.16
-186502.779    72.655    -0.06    0.00
-186124.599    72.655     0.00    0.00
-185746.488    72.655     0.00    0.00
-185368.446    72.655     0.00    0.00
-184990.474    72.668     0.03    0.11
-184612.571    72.655    -0.03    0.00
-184234.737    72.655     0.00    0.00
-183856.973    72.655     0.00    0.00
-183479.277    72.655     0.00    0.00
-183101.650    72.655     0.00    0.00
-182724.093    72.655     0.00    0.00
-182346.604    72.655     0.00    0.00
-181969.184    72.655     0.00    0.00
-181591.833    72.655     0.00    0.00
-181214.551    72.691     0.10    0.19
-180837.338    72.817     0.34    0.46
-180460.194    73.012     0.52    0.71
-180083.118    72.935    -0.20    1.01
-179706.111    72.655    -0.74    1.55
-179329.173    72.030    -1.66    2.13
-178952.303    70.952    -2.86    2.37
-178575.502    70.001    -2.53    2.16
-178198.770    69.033    -2.57    1.50
-177822.106    68.603    -1.14    1.15
-177445.510    68.560    -0.11    1.27
-177068.983    68.501    -0.16    1.50
-176692.524    68.557     0.15    1.73
-176316.134    68.629     0.19    2.04
-175939.812    68.595    -0.09    2.13
-175563.558    68.342    -0.67    2.04
-175187.373    67.852    -1.30    1.69
-174811.256    67.457    -1.05    1.50
-174435.207    67.076    -1.01    1.30
-174059.226    66.767    -0.82    1.13
-173683.313    66.472    -0.79    0.88
-173307.468    66.216    -0.68    0.65
-172931.692    66.008    -0.55    0.55
-172555.983    65.827    -0.48    0.38
-172180.342    65.703    -0.33    0.22
-171804.769    65.655    -0.13    0.00
-171429.264    65.655     0.00    0.00
-171053.827    65.655     0.00    0.00
-170678.458    65.655     0.00    0.00
-170303.157    65.655     0.00    0.00
-169927.923    65.630    -0.07    0.16
-169552.757    65.512    -0.32    0.35
-169177.658    65.288    -0.60    0.60
-168802.628    64.886    -1.07    0.81
-168427.664    64.488    -1.06    1.02
-168052.769    64.185    -0.81    1.14
-167677.941    63.794    -1.04    1.29
-167303.180    63.714    -0.21    1.41
-166928.487    63.655    -0.16    1.49
-166553.861    63.594    -0.16    1.48
-166179.303    63.538    -0.15    1.48
-165804.812    63.476    -0.16    1.51
-165430.388    63.213    -0.70    1.76
-165056.031    62.715    -1.33    1.92
-164681.742    61.988    -1.94    2.23
-164307.520    61.095    -2.39    2.18
-163933.365    60.200    -2.39    2.12
-163559.277    59.289    -2.44    2.13
-163185.256    58.497    -2.12    2.12
-162811.303    57.704    -2.12    1.96
-162437.416    56.949    -2.02    1.94
-162063.596    56.130    -2.19    1.80
-161689.843    55.444    -1.84    1.79
-161316.158    54.801    -1.72    1.60
-160942.539    54.091    -1.90    1.65
-160568.986    53.297    -2.12    1.69
-160195.501    52.591    -1.89    1.68
-159822.082    51.827    -2.05    1.33
-159448.730    51.155    -1.80    1.02
-159075.445    50.619    -1.44    0.75
-158702.227    50.280    -0.91    0.58
-158329.075    50.087    -0.52    0.50
-157955.989    50.078    -0.02    0.50
-157582.970    50.178     0.27    0.50
-157210.018    50.288     0.29    0.49
-156837.132    50.432     0.39    0.42
-156464.313    50.526     0.25    0.34
-156091.560    50.630     0.28    0.16
-155718.873    50.655     0.07    0.00
-155346.253    50.655     0.00    0.00
-154973.699    50.655     0.00    0.00
-154601.211    50.655     0.00    0.00
-154228.789    50.655     0.00    0.00
-153856.434    50.655     0.00    0.00
-153484.145    50.655     0.00    0.00
-153111.921    50.655     0.00    0.00
-152739.764    50.655     0.00    0.00
-152367.673    50.546    -0.29    0.31
-151995.648    50.363    -0.49    0.46
-151623.689    50.179    -0.50    0.50
-151251.796    50.092    -0.23    0.50
-150879.969    50.099     0.02    0.57
-150508.208    50.047    -0.14    0.71
-150136.512    49.341    -1.90    1.53
-149764.883    48.205    -3.06    2.01
-149393.319    47.117    -2.93    1.85
-149021.821    46.050    -2.87    0.90
-148650.388    45.702    -0.94    0.21
-148279.021    45.655    -0.13    0.00
-147907.720    45.087    -1.53    1.44
-147536.485    44.096    -2.67    2.14
-147165.314    42.968    -3.04    2.27
-146794.210    41.655    -3.54    1.59
-146423.171    41.142    -1.38    1.17
-146052.197    40.873    -0.73    0.98
-145681.289    40.371    -1.35    0.91
-145310.446    39.389    -2.65    1.40
-144939.669    38.353    -2.79    1.85
-144568.957    36.920    -3.87    2.26
-144198.310    35.342    -4.26    2.51
-143827.728    33.901    -3.89    2.26
-143457.212    33.112    -2.13    1.76
-143086.761    33.122     0.03    1.94
-142716.374    34.862     4.70    4.33
-142346.053    37.036     5.87    5.60
-141975.798    38.935     5.13    5.84
-141605.607    41.200     6.12    5.53
-141235.481    43.210     5.43    4.38
-140865.420    44.219     2.73    3.50
-140495.424    45.618     3.78    1.66
-140125.493    46.286     1.81    0.81
-139755.626    46.619     0.90    0.75
-139385.825    46.992     1.01    0.85
-139016.088    47.447     1.23    0.81
-138646.417    47.852     1.09    0.82
-138276.809    48.313     1.25    0.83
-137907.267    48.797     1.31    0.77
-137537.789    49.378     1.57    0.83
-137168.376    49.873     1.34    0.75
-136799.028    50.342     1.27    0.65
-136429.744    50.704     0.98    0.52
-136060.524    51.036     0.90    0.54
-135691.369    51.380     0.93    0.73
-135322.279    51.383     0.01    0.77
-134953.252    51.030    -0.96    1.02
-134584.291    50.557    -1.28    1.15
-134215.393    50.062    -1.34    1.08
-133846.560    49.728    -0.91    1.00
-133477.791    49.515    -0.58    1.00
-133109.087    49.280    -0.64    0.93
-132740.447    49.094    -0.50    0.83
-132371.870    48.926    -0.45    0.69
-132003.358    48.801    -0.34    0.52
-131634.911    48.717    -0.23    0.24
-131266.527    48.889     0.47    0.43
-130898.207    49.142     0.69    0.50
-130529.951    49.353     0.57    0.46
-130161.760    49.530     0.48    0.37
-129793.632    49.864     0.91    0.44
-129425.568    50.122     0.70    0.50
-129057.568    50.325     0.55    0.47
-128689.632    50.299    -0.07    0.56
-128321.759    49.852    -1.22    0.87
-127953.951    49.141    -1.93    1.05
-127586.206    48.338    -2.19    1.11
-127218.525    47.378    -2.61    1.20
-126850.908    46.546    -2.26    1.26
-126483.354    45.706    -2.29    1.27
-126115.864    44.840    -2.36    1.18
-125748.437    44.122    -1.95    1.17
-125381.074    43.457    -1.81    1.28
-125013.775    42.579    -2.39    1.82
-124646.539    41.414    -3.17    2.36
-124279.366    40.105    -3.57    2.78
-123912.257    38.317    -4.87    2.69
-123545.211    36.864    -3.96    2.28
-123178.229    35.840    -2.79    1.86
-122801.446    35.862     0.06    2.73
-122421.382    36.889     2.70    3.98
-122041.387    38.566     4.41    4.65
-121661.460    41.025     6.47    4.41
-121281.601    43.642     6.89    3.00
-120901.811    45.383     4.59    1.52
-120522.090    45.786     1.06    1.14
-120142.437    45.447    -0.89    1.35
-119762.852    44.330    -2.94    1.87
-119383.335    43.004    -3.49    2.13
-119003.887    42.098    -2.39    1.79
-118624.507    42.280     0.48    1.79
-118245.195    43.819     4.06    2.98
-117865.951    46.830     7.94    5.67
-117486.775    51.167    11.44    7.67
-117107.668    55.692    11.94    7.56
-116728.628    59.753    10.72    5.87
-116349.657    61.719     5.19    4.83
-115970.753    61.692    -0.07    5.02
-115591.918    61.826     0.35    5.37
-115213.150    62.016     0.50    5.34
-114834.450    62.418     1.06    5.01
-114455.818    62.520     0.27    4.77
-114077.254    62.526     0.02    4.54
-113698.757    62.383    -0.38    4.18
-113320.328    62.465     0.22    3.78
-112941.967    62.908     1.17    3.30
-112563.674    62.892    -0.04    3.18
-112185.448    63.317     1.12    3.17
-111807.289    63.840     1.38    3.12
-111429.199    64.210     0.98    3.27
-111051.175    64.741     1.40    3.31
-110673.219    65.367     1.66    3.28
-110295.331    66.042     1.79    2.81
-109917.510    66.797     2.00    2.65
-109539.756    67.691     2.37    3.15
-109162.070    69.128     3.81    3.85
-108784.451    71.297     5.74    4.37
-108406.899    73.361     5.47    5.23
-108029.414    75.000     4.34    5.59
-107651.997    76.512     4.01    6.12
-107274.646    77.179     1.77    6.00
-106897.363    77.389     0.56    5.49
-106520.147    77.840     1.20    4.52
-106142.998    77.065    -2.05    4.06
-105765.915    76.593    -1.25    4.04
-105388.900    76.235    -0.95    3.93
-105011.952    76.161    -0.20    3.95
-104635.070    76.346     0.49    3.31
-104258.256    76.283    -0.17    3.15
-103881.508    75.805    -1.27    3.38
-103504.827    75.855     0.13    2.99
-103128.213    75.703    -0.40    2.61
-102751.665    75.427    -0.73    2.39
-102375.184    75.531     0.28    2.01
-101998.770    76.206     1.79    2.60
-101622.422    78.033     4.85    4.01
-101246.141    80.470     6.48    4.33
-100869.926    83.642     8.43    3.36
-100493.778    85.839     5.84    2.25
-100117.696    87.260     3.78    2.66
 -99741.681    88.161     2.40    3.24
 -99365.732    89.191     2.74    3.91
 -98989.850    89.731     1.44    4.45
 -98614.034    89.544    -0.50    5.07
 -98238.284    89.199    -0.92    5.82
 -97862.600    87.592    -4.28    5.93
 -97486.983    85.351    -5.97    5.73
 -97111.431    83.593    -4.68    5.81
 -96735.946    81.926    -4.44    5.73
 -96360.527    80.247    -4.47    5.54
 -95985.174    77.962    -6.09    5.18
 -95609.887    75.103    -7.62    5.86
 -95234.666    72.494    -6.95    5.70
 -94859.511    71.087    -3.75    5.30
 -94484.422    72.185     2.93    6.68
 -94109.399    73.492     3.48    8.04
 -93734.441    73.255    -0.63    8.72
 -93359.550    71.616    -4.37    9.75
 -92984.724    67.355   -11.37   10.29
 -92609.964    61.920   -14.50    8.66
 -92235.270    59.247    -7.13    7.84
 -91860.641    57.694    -4.15    7.19
 -91486.078    56.942    -2.01    6.85
 -91111.581    55.992    -2.54    7.00
 -90737.149    54.963    -2.75    5.89
 -90362.783    53.343    -4.33    5.99
 -89988.483    52.272    -2.86    6.44
 -89614.247    51.790    -1.29    5.98
 -89240.078    50.778    -2.70    6.73
 -88865.973    49.921    -2.29    6.94
 -88491.934    48.717    -3.22    7.00
 -88117.961    46.810    -5.10    6.80
 -87744.052    45.594    -3.25    6.24
 -87370.209    45.862     0.72    5.74
 -86996.432    46.580     1.92    5.49
 -86622.719    47.161     1.56    5.25
 -86249.071    48.605     3.87    4.90
 -85875.489    50.617     5.38    5.39
 -85501.972    50.505    -0.30    5.64
 -85128.520    47.629    -7.70    7.52
 -84755.133    44.430    -8.57    8.95
 -84381.810    40.731    -9.91    8.91
 -84008.553    37.346    -9.07    7.13
 -83635.361    35.743    -4.30    7.48
 -83262.234    34.467    -3.42    7.06
 -82889.171    33.898    -1.53    6.62
 -82516.173    33.629    -0.72    5.67
 -82143.241    34.842     3.25    4.71
 -81770.372    35.988     3.07    4.82
 -81397.569    36.452     1.25    5.03
 -81024.830    36.244    -0.56    5.56
 -80652.156    35.475    -2.06    5.64
 -80279.547    33.080    -6.43    6.62
 -79907.002    31.371    -4.59    6.21
 -79534.522    29.223    -5.77    5.77
 -79162.106    27.346    -5.04    4.60
 -78789.755    27.844     1.34    4.06
 -78417.468    28.116     0.73    3.21
 -78045.245    28.050    -0.18    2.63
 -77673.087    27.506    -1.46    2.78
 -77300.994    27.482    -0.07    3.22
 -76928.964    27.185    -0.80    3.24
 -76556.999    27.629     1.19    3.75
 -76185.098    28.967     3.60    4.93
 -75813.262    29.867     2.42    4.71
 -75441.489    29.593    -0.74    5.05
 -75069.781    28.815    -2.09    5.23
 -74698.137    27.260    -4.19    5.37
 -74326.557    25.373    -5.08    4.62
 -73955.041    24.855    -1.39    3.77
 -73583.589    25.224     1.00    3.62
 -73212.201    25.455     0.62    4.41
 -72840.877    24.988    -1.26    4.29
 -72469.617    23.988    -2.69    4.36
 -72098.420    21.924    -5.56    3.78
 -71727.288    20.867    -2.85    3.09
 -71356.219    21.401     1.44    3.76
 -70985.214    22.542     3.07    4.01
 -70614.273    24.173     4.40    4.34
 -70243.396    25.334     3.13    3.75
 -69872.582    25.616     0.76    3.16
 -69501.832    25.117    -1.35    3.90
 -69131.146    25.769     1.76    4.56
 -68760.523    25.305    -1.25    5.19
 -68389.964    24.482    -2.22    5.57
 -68019.468    23.805    -1.83    5.04
 -67649.036    21.898    -5.15    4.79
 -67278.667    21.680    -0.59    4.67
 -66908.362    20.022    -4.48    3.56
 -66538.120    19.405    -1.67    3.54
 -66167.941    19.753     0.94    3.25
 -65797.826    19.142    -1.65    3.39
 -65427.774    20.401     3.40    4.29
 -65057.785    22.273     5.06    4.94
 -64687.860    22.565     0.79    4.96
 -64317.997    23.092     1.43    4.95
 -63948.198    22.902    -0.52    6.14
 -63578.462    21.905    -2.70    5.89
 -63208.789    20.949    -2.58    6.58
 -62839.179    21.044     0.26    7.31
 -62469.632    20.055    -2.68    6.75
 -62100.148    20.984     2.51    7.24
 -61730.728    22.380     3.78    6.35
 -61361.370    23.275     2.42    5.15
 -60992.075    22.180    -2.97    5.24
 -60622.842    20.283    -5.14    3.93
 -60253.673    19.392    -2.41    3.55
 -59884.566    19.668     0.75    3.66
 -59515.523    21.174     4.08    4.23
 -59146.542    22.186     2.74    4.84
 -58777.623    23.367     3.20    5.01
 -58408.768    24.076     1.92    4.91
 -58039.975    24.067    -0.02    4.37
 -57671.244    24.415     0.94    4.23
 -57302.576    23.482    -2.53    4.68
 -56933.971    22.313    -3.17    4.78
 -56565.428    21.580    -1.99    4.68
 -56196.948    19.911    -4.53    4.96
 -55828.530    18.395    -4.12    5.44
 -55460.175    15.844    -6.93    4.90
 -55091.882    14.445    -3.80    4.37
 -54723.651    13.707    -2.00    3.23
 -54355.482    13.908     0.54    2.91
 -53987.376    13.736    -0.47    2.68
 -53619.333    14.105     1.00    3.30
 -53251.351    14.747     1.75    3.36
 -52883.432    15.267     1.41    3.20
 -52515.574    15.270     0.01    3.11
 -52147.779    15.142    -0.35    3.37
 -51780.046    15.988     2.30    3.62
 -51412.375    16.920     2.54    4.15
 -51044.766    17.719     2.17    4.62
 -50677.219    18.490     2.10    4.90
 -50309.734    18.424    -0.18    5.32
 -49942.311    17.930    -1.35    5.58
 -49574.950    18.099     0.46    6.28
 -49207.651    18.517     1.14    6.12
 -48840.414    18.155    -0.99    5.54
 -48473.238    18.063    -0.25    4.51
 -48099.435    17.821    -0.65    4.22
 -47719.512    17.792    -0.08    4.54
 -47339.655    16.939    -2.25    4.64
 -46959.866    16.980     0.11    4.81
 -46580.143    18.826     4.86    5.78
 -46200.487    21.355     6.66    5.94
 -45820.897    22.317     2.53    5.37
 -45441.374    22.017    -0.79    4.99
 -45061.917    21.470    -1.44    4.61
 -44682.527    21.424    -0.12    4.70
 -44303.204    21.873     1.18    5.75
 -43923.947    21.870    -0.01    5.80
 -43544.756    23.018     3.03    5.11
 -43165.631    23.373     0.93    4.74
 -42786.573    22.142    -3.25    4.05
 -42407.581    20.895    -3.29    3.82
 -42028.656    19.642    -3.31    5.80
 -41649.796    19.681     0.10    7.02
 -41271.003    18.580    -2.91    7.78
 -40892.276    17.330    -3.30    7.61
 -40513.615    17.392     0.16    6.56
 -40135.020    17.182    -0.56    4.76
 -39756.491    16.857    -0.86    4.94
 -39378.028    18.014     3.06    4.58
 -38999.631    18.832     2.16    4.69
 -38621.300    18.369    -1.22    5.09
 -38243.035    17.605    -2.02    5.06
 -37864.836    16.488    -2.95    4.84
 -37486.703    15.942    -1.44    3.92
 -37108.635    15.642    -0.79    3.47
 -36730.633    16.477     2.21    3.54
 -36352.697    17.351     2.31    3.66
 -35974.827    18.241     2.36    4.74
 -35597.022    17.330    -2.41    6.37
 -35219.283    16.519    -2.14    7.29
 -34841.609    16.642     0.33    7.21
 -34464.001    16.361    -0.74    7.01
 -34086.459    17.781     3.76    6.29
 -33708.982    19.948     5.74    5.28
 -33331.570    22.205     5.98    4.62
 -32954.224    23.733     4.05    3.99
 -32576.943    24.110     1.00    4.01
 -32199.728    24.655     1.44    3.35
 -31822.577    23.842    -2.15    3.41
 -31445.493    22.455    -3.68    4.54
 -31068.473    21.875    -1.54    5.21
 -30691.519    19.427    -6.50    5.79
 -30314.629    16.501    -7.76    5.51
 -29937.805    14.946    -4.13    5.57
 -29561.046    14.096    -2.26    5.72
 -29184.353    12.873    -3.25    5.49
 -28807.724    12.563    -0.82    5.10
 -28431.160    13.555     2.63    5.91
 -28054.661    14.533     2.60    6.35
 -27678.227    15.967     3.81    6.44
 -27301.858    16.087     0.32    6.07
 -26925.554    14.427    -4.41    6.46
 -26549.315    10.975    -9.17    6.29
 -26173.140     8.363    -6.94    4.30
 -25797.030     7.862    -1.33    3.26
 -25420.985     6.908    -2.54    3.46
 -25045.005     6.317    -1.57    3.57
 -24669.089     6.065    -0.67    3.50
 -24293.238     5.988    -0.20    4.09
 -23917.452     8.842     7.60    6.19
 -23541.730    10.730     5.02    6.64
 -23166.073    11.808     2.87    6.26
 -22790.480    12.465     1.75    5.66
 -22414.952    10.488    -5.26    5.95
 -22039.488     8.330    -5.75    6.28
 -21664.088     5.628    -7.20    5.41
 -21288.753     3.465    -5.76    3.43
 -20913.483     3.226    -0.64    1.96
 -20538.276     3.338     0.30    1.88
 -20163.134     3.547     0.56    1.93
 -19788.056     3.630     0.22    2.07
 -19413.042     3.230    -1.07    2.17
 -19038.092     2.942    -0.77    2.25
 -18663.207     2.722    -0.59    1.87
 -18288.386     2.808     0.23    1.98
 -17913.628     2.901     0.25    1.91
 -17538.935     2.743    -0.42    1.82
 -17164.306     2.575    -0.45    1.75
 -16789.740     1.980    -1.59    1.73
 -16415.239     1.681    -0.80    1.82
 -16040.802     1.296    -1.03    2.30
 -15666.428     0.832    -1.24    2.37
 -15292.118     1.580     2.00    3.75
 -14917.872     3.405     4.88    6.76
 -14543.690     4.437     2.76    7.68
 -14169.572     4.219    -0.58    6.75
 -13795.517     2.839    -3.69    4.37
 -13421.526     2.514    -0.87    2.58
 -13047.598     2.462    -0.14    1.95
 -12673.734     2.442    -0.05    2.23
 -12299.934     6.167     9.97    8.57
 -11926.197    12.270    16.33   12.43
 -11552.524    13.521     3.35   13.38
 -11178.914    12.117    -3.76   13.10
 -10805.368     6.268   -15.66   10.57
 -10431.885     2.161   -11.00    3.27
 -10058.466     3.321     3.11    2.29
  -9685.110     3.044    -0.74    2.25
  -9311.817     2.492    -1.48    2.15
  -8938.587     2.467    -0.07    2.60
  -8565.421     3.317     2.28    3.45
  -8192.318     3.355     0.10    3.71
  -7819.278     3.019    -0.90    2.89
  -7446.301     2.317    -1.88    1.74
  -7073.388     2.587     0.72    1.73
  -6700.537     2.927     0.91    2.07
  -6327.749     3.249     0.86    2.38
  -5955.025     4.417     3.13    2.97
  -5582.363     4.381    -0.10    3.22
  -5209.765     4.492     0.30    3.15
  -4837.229     4.401    -0.24    3.77
  -4464.757     4.501     0.27    5.30
  -4092.347     5.914     3.80    6.12
  -3720.000     6.005     0.24    5.72
  -3347.715     4.628    -3.70    3.09
  -2975.494     3.794    -2.24    2.40
  -2603.335     4.068     0.74    2.44
  -2231.239     3.455    -1.65    2.51
  -1859.206     2.948    -1.36    2.08
  -1487.235     3.591     1.73    2.48
  -1115.327     4.321     1.96    2.99
   -743.481     4.603     0.76    2.94
   -371.698     3.083    -4.09    3.97
      0.022     1.085    -5.38    4.08
    371.680    -1.410    -6.71    1.87
    743.276    -2.233    -2.21    0.42
   1114.809    -2.345    -0.30    0.00
   1486.280    -2.345     0.00    0.00
   1857.688    -2.143     0.55    0.94
   2229.034    -0.725     3.82    2.88
   2600.318     0.962     4.54    3.51
   2971.540     2.512     4.17    3.35
   3342.699     3.642     3.04    2.52
   3713.796     3.971     0.89    2.40
   4084.831     3.523    -1.21    2.00
   4455.804     3.382    -0.38    2.00
   4826.715     3.541     0.43    2.04
   5197.564     3.642     0.27    1.92
   5568.350     3.475    -0.45    2.06
   5939.075     3.382    -0.25    2.08
   6309.738     3.213    -0.46    2.16
   6680.339     2.924    -0.78    2.08
   7050.878     2.536    -1.05    2.30
   7421.355     2.616     0.21    2.48
   7791.770     1.885    -1.97    2.56
   8162.123     1.680    -0.55    2.54
   8532.415     1.717     0.10    2.45
   8902.644     1.823     0.29    2.57
   9272.812     3.023     3.24    2.63
   9642.919     3.376     0.95    2.45
  10012.964     3.931     1.50    2.05
  10382.947     3.771    -0.43    1.98
  10752.868     2.655    -3.02    2.44
  11122.728     1.667    -2.67    3.12
  11492.527     0.515    -3.11    3.28
  11862.264    -0.605    -3.03    2.85
  12231.939    -0.990    -1.04    2.35
  12601.553    -0.244     2.02    2.83
  12971.106     1.155     3.78    2.82
  13340.597     2.072     2.48    2.59
  13710.027     2.810     2.00    1.95
  14079.395     3.070     0.70    1.88
  14448.702     3.239     0.46    1.88
  14817.949     3.538     0.81    1.82
  15187.133     3.734     0.53    1.76
  15556.257     3.541    -0.52    2.05
  15925.319     3.424    -0.32    2.04
  16294.321     3.174    -0.68    2.01
  16663.261     3.001    -0.47    1.89
  17032.140     3.578     1.56    1.94
  17400.958     3.603     0.07    1.99
  17769.715     3.668     0.17    2.00
  18138.411     3.561    -0.29    2.07
  18507.046     3.503    -0.16    1.99
  18875.621     2.948    -1.51    1.97
  19244.134     2.667    -0.76    1.87
  19612.587     2.452    -0.58    1.80
  19980.978     2.834     1.04    1.84
  20349.309     2.901     0.18    1.80
  20717.579     3.525     1.69    1.84
  21085.789     4.312     2.14    1.80
  21453.937     4.501     0.51    1.96
  21822.025     4.790     0.79    1.92
  22190.053     5.192     1.09    1.78
  22558.019     5.307     0.31    2.06
  22925.926     5.430     0.33    3.09
  23293.771     5.411    -0.05    4.18
  23661.556     4.984    -1.16    4.98
  24029.281     4.925    -0.16    6.06
  24396.945     2.278    -7.20    7.12
  24764.549    -1.105    -9.20    7.01
  25132.092    -4.561    -9.40    5.95
  25499.575    -6.999    -6.63    4.29
  25866.998    -7.195    -0.54    3.62
  26234.360    -6.012     3.22    3.11
  26605.441    -4.909     2.97    2.14
  26985.227    -4.185     1.91    0.75
  27364.948    -3.995     0.50    0.72
  27744.604    -3.859     0.36    0.71
  28124.195    -3.781     0.21    0.66
  28503.721    -3.981    -0.52    0.69
  28883.182    -4.105    -0.33    0.70
  29262.579    -4.424    -0.84    0.69
  29641.911    -4.768    -0.91    0.61
  30021.178    -4.904    -0.36    0.55
  30400.380    -4.897     0.02    0.62
  30779.518    -4.722     0.46    0.65
  31158.591    -4.553     0.45    0.64
  31537.599    -4.475     0.21    0.71
  31916.543    -4.318     0.41    0.68
  32295.422    -4.358    -0.10    0.68
  32674.237    -4.304     0.14    0.64
  33052.987    -4.458    -0.41    0.76
  33431.673    -4.399     0.15    0.87
  33810.295    -3.807     1.56    1.31
  34188.852    -3.179     1.66    1.51
  34567.345    -2.599     1.53    1.23
  34945.773    -2.153     1.18    0.87
  35324.138    -2.306    -0.41    1.02
  35702.438    -2.358    -0.14    1.35
  36080.674    -2.372    -0.04    1.84
  36458.845    -2.470    -0.26    2.21
  36836.953    -2.784    -0.83    2.43
  37214.996    -2.712     0.19    2.45
  37592.976    -2.140     1.51    2.66
  37970.891    -0.969     3.10    3.04
  38348.742     0.655     4.30    3.20
  38726.530     2.219     4.14    3.31
  39104.253     2.773     1.47    3.09
  39481.912     2.819     0.12    3.22
  39859.508     1.997    -2.18    3.24
  40237.040     1.708    -0.76    2.87
  40614.508     1.070    -1.69    2.63
  40991.912     1.343     0.72    2.47
  41369.253     1.447     0.28    2.62
  41746.529     1.888     1.17    2.65
  42123.742     2.747     2.28    2.39
  42500.892     3.709     2.55    2.98
  42877.978     5.205     3.97    2.66
  43255.000     6.516     3.48    2.23
  43631.959     7.530     2.69    1.96
  44008.854     8.281     1.99    1.63
  44385.686     8.860     1.54    1.17
  44762.454     9.339     1.27    1.01
  45139.159     9.720     1.01    1.01
  45515.800     9.958     0.63    0.92
  45892.378    10.180     0.59    0.77
  46268.893     9.966    -0.57    0.86
  46645.345     9.813    -0.41    0.80
  47021.733     9.844     0.08    0.74
  47398.058     9.891     0.12    0.67
  47774.320    10.022     0.35    0.56
  48150.518    10.101     0.21    0.64
  48526.654    10.070    -0.08    0.80
  48902.726     9.860    -0.56    0.96
  49278.736     9.395    -1.24    0.91
  49654.682     9.120    -0.73    0.85
  50030.566     8.746    -1.00    0.76
  50406.386     8.533    -0.57    0.74
  50782.144     8.230    -0.81    0.79
  51157.838     7.817    -1.10    0.70
  51533.470     7.503    -0.84    0.68
  51909.039     7.115    -1.03    0.58
  52284.545     6.914    -0.53    0.59
  52659.988     6.757    -0.42    0.57
  53035.369     6.731    -0.07    0.59
  53410.686     6.551    -0.48    0.94
  53785.942     6.018    -1.42    1.40
  54161.134     5.187    -2.22    1.58
  54536.264     4.510    -1.81    1.25
  54911.331     4.174    -0.90    1.11
  55286.336     4.428     0.68    1.37
  55661.278     4.680     0.67    1.41
  56036.158     4.979     0.80    1.45
  56410.975     5.510     1.42    1.26
  56785.730     5.752     0.65    1.15
  57160.423     5.512    -0.64    1.33
  57535.053     4.846    -1.78    1.54
  57909.621     4.525    -0.86    1.23
  58284.126     4.560     0.09    1.18
  58658.569     5.280     1.92    1.42
  59032.950     6.128     2.26    1.00
  59407.269     6.807     1.81    0.80
  59781.526     7.215     1.09    0.83
  60155.720     7.642     1.14    0.93
  60529.852     8.148     1.35    0.68
  60903.923     8.174     0.07    0.62
  61277.931     8.232     0.15    0.63
  61651.877     8.219    -0.03    0.69
  62025.761     8.109    -0.29    0.84
  62399.584     8.081    -0.07    0.86
  62773.344     8.031    -0.13    0.73
  63147.042     7.641    -1.04    0.78
  63520.679     7.167    -1.27    1.05
  63894.254     6.561    -1.62    1.14
  64267.767     5.873    -1.84    0.85
  64641.218     5.378    -1.32    0.79
  65014.607     5.220    -0.42    0.91
  65387.935     5.492     0.73    1.14
  65761.201     5.961     1.26    1.33
  66134.406     6.601     1.71    1.18
  66507.548     6.975     1.00    0.57
  66880.630     7.002     0.07    0.61
  67253.649     6.592    -1.10    0.99
  67626.608     6.030    -1.51    1.19
  67999.504     5.630    -1.07    1.29
  68372.339     5.317    -0.84    1.15
  68745.113     5.220    -0.26    1.07
  69117.826     5.297     0.21    0.93
  69490.477     5.615     0.85    1.05
  69863.066     5.830     0.58    1.21
  70235.595     6.247     1.12    1.09
  70608.062     6.614     0.99    0.63
  70980.468     6.642     0.07    0.78
  71352.812     6.452    -0.51    0.94
  71725.096     6.262    -0.51    0.95
  72097.318     5.935    -0.88    0.86
  72469.479     5.565    -0.99    0.81
  72841.580     5.228    -0.91    0.62
  73213.619     5.352     0.33    0.65
  73585.597     5.708     0.96    0.66
  73957.514     5.984     0.74    0.60
  74329.370     6.174     0.51    0.77
  74701.165     6.122    -0.14    0.82
  75072.899     5.881    -0.65    1.06
  75444.572     5.484    -1.07    1.32
  75816.185     5.207    -0.74    1.38
  76187.736     5.748     1.46    1.84
  76559.227     6.089     0.92    1.82
  76930.657     6.180     0.25    1.59
  77302.027     6.200     0.05    1.46
  77673.336     6.031    -0.45    1.25
  78044.584     6.096     0.17    1.27
  78415.771     6.352     0.69    1.11
  78786.898     6.720     0.99    0.96
  79157.964     7.049     0.89    1.03
  79528.970     7.603     1.49    1.09
  79899.915     8.695     2.94    1.68
  80270.799     9.565     2.35    1.91
  80641.624     9.735     0.46    1.84
  81012.387     9.257    -1.29    1.78
  81383.091     8.391    -2.34    1.18
  81753.734     7.944    -1.21    0.48
  82124.317     8.115     0.46    0.74
  82494.839     8.371     0.69    0.90
  82865.301     8.549     0.48    0.81
  83235.703     8.839     0.78    1.00
  83606.045     9.028     0.51    1.01
  83976.326     8.783    -0.66    1.15
  84346.547     8.839     0.15    1.25
  84716.709     9.219     1.03    1.62
  85086.810     9.215    -0.01    1.58
  85456.851     9.039    -0.47    1.66
  85826.832     8.708    -0.90    1.58
  86196.753     8.044    -1.79    1.13
  86566.614     7.561    -1.31    0.52
  86936.415     7.236    -0.88    0.62
  87306.156     6.747    -1.32    0.94
  87675.837     6.044    -1.90    1.13
  88045.458     5.415    -1.70    0.96
  88415.020     4.911    -1.36    0.52
  88784.522     4.695    -0.59    0.20
  89153.964     4.920     0.61    0.57
  89523.346     5.401     1.30    1.05
  89892.668     6.078     1.83    1.25
  90261.931     6.561     1.31    1.12
  90631.135     6.667     0.29    1.03
  91000.278     6.428    -0.65    1.07
  91369.362     6.175    -0.69    0.99
  91738.386     6.108    -0.18    0.86
  92107.351     6.308     0.54    0.76
  92476.257     6.736     1.16    0.70
  92845.103     7.234     1.35    0.75
  93213.889     7.655     1.14    0.71
  93582.616     7.988     0.90    0.60
  93951.284     8.249     0.71    0.59
  94319.892     8.347     0.27    0.65
  94688.441     8.508     0.44    0.69
  95056.930     8.797     0.79    0.81
  95425.361     8.891     0.26    0.76
  95793.732     9.260     1.00    0.71
  96162.044     9.641     1.04    0.62
  96530.297     9.775     0.36    0.68
  96898.490     9.918     0.39    0.72
  97266.624     9.746    -0.47    1.15
  97634.700     9.193    -1.50    1.61
  98002.716     8.408    -2.13    1.91
  98370.673     7.908    -1.36    1.67
  98738.571     7.641    -0.72    1.28
  99106.411     7.721     0.22    0.98
  99474.191     7.495    -0.62    0.62
  99841.912     7.378    -0.32    0.56
 100209.575     7.313    -0.18    0.50
 100577.178     7.286    -0.07    0.54
 100944.723     7.299     0.04    0.63
 101313.317     7.335     0.10    0.68
 101692.969     7.421     0.23    0.79
 102072.557     7.746     0.86    0.85
 102452.081     8.102     0.94    0.82
 102831.543     8.455     0.93    0.66
 103210.942     8.746     0.77    0.54
 103590.277     8.932     0.49    0.61
 103969.549     9.975     2.75    1.73
 104348.758    11.210     3.26    2.26
 104727.905    11.794     1.54    1.93
 105106.988    11.681    -0.30    1.71
 105486.008    11.161    -1.37    1.45
 105864.965    11.049    -0.29    1.22
 106243.860    10.992    -0.15    1.15
 106622.691    10.786    -0.54    1.29
 107001.460    10.095    -1.83    1.49
 107380.166     9.055    -2.75    1.34
 107758.809     8.641    -1.09    1.21
 108137.390     8.813     0.45    1.48
 108515.907     9.435     1.65    1.72
 108894.362    10.408     2.57    1.63
 109272.755    11.148     1.96    1.30
 109651.085    11.834     1.81    0.91
 110029.352    12.047     0.56    0.79
 110407.557    12.128     0.22    0.77
 110785.699    12.188     0.16    0.68
 111163.778    12.391     0.54    0.74
 111541.796    12.773     1.01    0.78
 111919.750    13.357     1.55    0.96
 112297.643    13.775     1.10    0.91
 112675.473    13.783     0.02    0.93
 113053.241    13.418    -0.97    0.81
 113430.946    13.077    -0.90    0.55
 113808.589    13.028    -0.13    0.54
 114186.170    13.317     0.76    0.80
 114563.689    13.488     0.45    0.78
 114941.145    13.614     0.33    0.87
 115318.540    13.499    -0.31    1.16
 115695.872    13.101    -1.06    1.27
 116073.142    12.695    -1.08    1.31
 116450.350    12.330    -0.97    1.15
 116827.497    11.921    -1.08    0.66
 117204.581    11.681    -0.64    0.23
 117581.603    11.655    -0.07    0.00
 117958.563    11.655     0.00    0.00
 118335.462    11.655     0.00    0.00
 118712.298    11.655     0.00    0.00
 119089.073    11.655     0.00    0.00
 119465.786    11.681     0.07    0.16
 119842.437    11.881     0.53    0.56
 120219.026    12.065     0.49    0.80
 120595.554    12.148     0.22    0.86
 120972.020    12.181     0.09    0.86
 121348.424    12.371     0.50    1.00
 121724.767    12.601     0.61    1.11
 122101.048    13.023     1.12    1.12
 122477.268    13.326     0.80    0.96
 122853.426    13.421     0.25    0.74
 123229.523    13.317    -0.28    0.53
 123605.558    13.348     0.08    0.61
 123981.531    13.297    -0.13    0.74
 124357.444    13.295    -0.01    0.82
 124733.295    13.240    -0.14    1.03
 125109.084    13.102    -0.37    1.20
 125484.813    13.002    -0.27    1.27
 125860.480    12.881    -0.32    1.12
 126236.085    12.855    -0.07    0.99
 126611.630    12.860     0.01    0.99
 126987.113    13.108     0.66    1.22
 127362.535    13.721     1.63    1.91
 127737.897    14.303     1.55    2.20
 128113.197    14.547     0.65    2.23
 128488.435    14.365    -0.48    2.26
 128863.613    13.984    -1.02    1.96
 129238.730    13.590    -1.05    1.60
 129613.786    13.330    -0.69    1.49
 129988.781    13.281    -0.13    1.57
 130363.715    13.035    -0.66    1.79
 130738.588    12.788    -0.66    1.88
 131113.401    12.512    -0.74    1.90
 131488.152    12.694     0.49    1.87
 131862.843    13.326     1.69    1.26
 132237.473    13.681     0.95    0.90
 132612.042    13.898     0.58    0.86
 132986.550    13.849    -0.13    0.81
 133360.998    14.019     0.45    0.65
 133735.385    14.096     0.20    0.50
 134109.712    14.006    -0.24    0.48
 134483.978    14.174     0.45    0.64
 134858.183    14.535     0.96    0.77
 135232.328    15.188     1.75    1.20
 135606.412    15.641     1.21    1.18
 135980.436    15.681     0.11    1.14
 136354.400    15.497    -0.49    1.13
 136728.303    15.477    -0.05    1.17
 137102.146    15.353    -0.33    1.02
 137475.928    15.492     0.37    1.02
 137849.650    15.411    -0.22    1.00
 138223.312    15.285    -0.34    0.87
 138596.913    15.161    -0.33    0.74
 138970.455    15.196     0.09    0.65
 139343.936    15.168    -0.08    0.58
 139717.357    15.044    -0.33    0.78
 140090.717    14.815    -0.61    0.79
 140464.018    14.655    -0.43    0.73
 140837.259    14.530    -0.33    0.72
 141210.439    14.613     0.22    0.70
 141583.560    14.398    -0.58    0.86
 141956.620    14.011    -1.04    0.93
 142329.621    13.460    -1.48    1.09
 142702.561    13.188    -0.73    1.11
 143075.442    13.888     1.88    2.03
 143448.263    14.871     2.63    2.38
 143821.024    15.574     1.88    2.14
 144193.725    16.055     1.29    1.79
 144566.366    15.801    -0.68    1.68
 144938.948    16.108     0.82    2.45
 145311.470    17.141     2.77    3.15
 145683.932    18.063     2.47    3.70
 146056.335    18.255     0.52    4.09
 146428.678    17.957    -0.80    4.13
 146800.961    17.455    -1.35    3.55
 147173.185    16.576    -2.36    1.96
 147545.349    16.479    -0.26    1.31
 147917.454    16.771     0.79    1.43
 148289.499    17.438     1.79    1.81
 148661.485    18.797     3.65    2.55
 149033.411    19.983     3.19    3.14
 149405.278    20.014     0.08    3.10
 149777.085    19.970    -0.12    3.08
 150148.833    19.441    -1.42    2.55
 150520.522    18.792    -1.75    1.42
 150892.152    19.348     1.50    1.94
 151263.722    20.269     2.48    2.32
 151635.233    20.388     0.32    2.32
 152006.685    19.697    -1.86    3.22
 152378.077    18.241    -3.92    3.23
 152749.411    17.340    -2.43    2.57
 153120.685    18.161     2.21    3.16
 153491.901    19.240     2.91    3.12
 153863.057    19.786     1.47    2.58
 154234.154    20.077     0.78    2.79
 154605.192    20.068    -0.02    3.11
 154976.171    20.246     0.48    3.07
 155347.092    20.234    -0.03    2.59
 155717.953    19.805    -1.15    2.44
 156088.756    19.091    -1.93    2.49
 156459.499    18.492    -1.61    2.29
 156830.184    18.257    -0.63    1.76
 157200.810    18.764     1.37    2.12
 157571.377    19.525     2.05    2.43
 157941.886    20.477     2.57    2.66
 158312.335    20.457    -0.05    2.73
 158682.726    20.479     0.06    2.52
 159053.059    19.921    -1.51    2.43
 159423.333    19.148    -2.09    1.66
 159793.548    19.066    -0.22    1.77
 160163.704    18.874    -0.52    1.69
 160533.802    19.203     0.89    2.30
 160903.842    19.326     0.33    2.52
 161273.823    19.216    -0.30    2.40
 161643.746    18.668    -1.48    1.64
 162013.610    18.095    -1.55    1.19
 162383.415    17.965    -0.35    1.18
 162753.163    18.536     1.54    1.65
 163122.852    18.234    -0.82    1.74
 163492.482    18.115    -0.32    2.02
 163862.055    18.371     0.69    1.96
 164231.569    18.076    -0.80    1.78
 164601.025    18.101     0.07    1.58
 164970.423    18.194     0.25    1.43
 165339.762    18.371     0.48    1.74
 165709.043    18.378     0.02    2.05
 166078.267    18.290    -0.24    2.50
 166447.432    18.121    -0.46    2.86
 166816.539    18.033    -0.24    2.86
 167185.588    18.155     0.33    3.22
 167554.579    17.441    -1.93    2.69
 167923.512    16.749    -1.88    1.77
 168292.387    16.290    -1.25    0.94
 168661.204    16.019    -0.73    1.01
 169029.963    15.601    -1.14    1.11
 169398.665    15.161    -1.19    1.23
 169767.308    15.019    -0.39    1.96
 170135.894    15.128     0.29    2.32
 170504.422    14.942    -0.50    2.35
 170872.892    15.222     0.76    2.86
 171241.305    15.601     1.03    3.40
 171609.659    15.076    -1.42    3.10
 171977.956    15.161     0.23    3.30
 172346.196    15.681     1.41    4.00
 172714.377    15.411    -0.73    4.15
 173082.502    15.252    -0.43    4.28
 173450.568    14.047    -3.27    3.79
 173818.577    12.760    -3.50    2.38
 174186.529    12.222    -1.46    1.01
 174554.423    12.339     0.32    0.88
 174922.260    12.463     0.34    0.76
 175290.039    12.447    -0.04    0.82
 175657.760    12.263    -0.50    0.95
 176025.425    12.005    -0.70    0.87
 176403.615    11.965    -0.11    0.79
 176783.073    11.935    -0.08    0.88
 177162.469    11.828    -0.28    0.89
 177541.804    12.317     1.29    2.32
 177921.078    13.312     2.62    3.64
 178300.289    13.260    -0.14    3.64
 178679.440    12.748    -1.35    3.13
 179058.529    12.212    -1.41    2.14
 179437.556    11.575    -1.68    0.83
 179816.523    11.345    -0.61    0.89
 180195.428    10.778    -1.50    1.12
 180574.271    10.024    -1.99    1.20
 180953.054     9.425    -1.58    0.96
 181331.775     9.641     0.57    1.22
 181710.435    10.209     1.50    1.38
 182089.034    11.023     2.15    1.24
 182467.572    11.530     1.34    0.73
 182846.049    11.441    -0.23    0.84
 183224.465    11.288    -0.40    0.85
 183602.819    11.028    -0.69    0.90
 183981.113    10.792    -0.62    0.85
 184359.346    10.642    -0.40    0.88
 184737.518    10.506    -0.36    0.87
 185115.629    10.375    -0.35    0.88
 185493.679    10.344    -0.08    0.95
 185871.668    10.384     0.11    0.98
 186249.596    10.286    -0.26    0.99
 186627.464    10.317     0.08    0.93
 187005.270    10.155    -0.43    0.86
 187383.016     9.739    -1.10    0.86
 187760.702     8.984    -2.00    1.35
 188138.327     8.083    -2.38    1.63
 188515.891     7.161    -2.44    1.68
 188893.394     6.363    -2.11    1.35
 189270.837     6.353    -0.03    1.56
 189648.219     6.938     1.55    1.66
 190025.541     7.452     1.36    1.53
 190402.802     7.898     1.18    1.12
 190780.003     9.846     5.16    5.50
 191157.144    13.244     9.01    8.09
 191534.224    15.016     4.70    8.86
 191911.243    14.844    -0.46    8.93
 192288.203    11.569    -8.69    7.53
 192665.102     8.988    -6.85    4.60
 193041.940     7.611    -3.65    0.70
 193418.719     7.601    -0.03    0.77
 193795.437     7.224    -1.00    1.07
 194172.095     7.114    -0.29    1.09
 194548.693     7.066    -0.13    1.04
 194925.231     7.135     0.18    0.99
 195301.708     7.317     0.48    0.80
 195678.126     7.175    -0.38    0.87
 196054.483     6.961    -0.57    0.97
 196430.781     6.901    -0.16    0.92
 196807.018     6.944     0.11    0.94
 197183.196     6.942    -0.00    0.79
 197559.314     7.036     0.25    0.82
 197935.371     7.807     2.05    2.60
 198311.369    10.602     7.43    5.54
 198687.307    14.016     9.08    6.71
 199063.185    17.721     9.86    6.38
 199439.004    20.169     6.51    4.14
 199814.762    20.168    -0.00    3.52
 200190.461    18.492    -4.46    2.51
 200566.101    17.788    -1.88    1.69
 200941.680    18.463     1.80    2.30
 201317.200    20.209     4.65    3.25
 201692.660    21.801     4.24    3.03
 202068.061    23.101     3.46    2.51
 202443.402    23.234     0.35    2.78
 202818.684    22.993    -0.64    3.22
 203193.906    22.425    -1.51    3.12
 203569.069    22.081    -0.92    2.92
 203944.172    21.948    -0.35    2.62
 204319.216    21.596    -0.94    2.28
 204694.200    21.268    -0.87    1.99
 205069.125    20.626    -1.71    1.13
 205443.991    20.357    -0.72    0.84
 205818.798    20.182    -0.47    0.84
 206193.545    19.846    -0.90    0.89
 206568.233    19.627    -0.59    0.77
 206942.862    19.425    -0.54    0.88
 207317.431    19.041    -1.02    0.91
 207691.942    18.855    -0.50    0.85
 208066.393    18.519    -0.89    0.83
 208440.785    18.271    -0.66    0.76
 208815.118    18.586     0.84    1.38
 209189.393    19.244     1.76    2.98
 209563.608    20.547     3.48    4.77
 209937.764    21.274     1.94    5.57
 210311.861    22.801     4.08    6.16
 210685.899    24.772     5.27    6.67
 211059.879    25.891     2.99    5.98
 211433.799    26.081     0.51    5.15
 211807.661    24.495    -4.24    4.81
 212181.464    22.908    -4.24    3.57
 212555.208    21.601    -3.50    2.68
 212928.893    20.627    -2.61    2.01
 213302.520    20.194    -1.16    1.95
 213676.088    20.024    -0.45    2.35
 214049.597    20.935     2.44    3.27
 214423.048    20.641    -0.79    3.57
 214796.440    19.884    -2.03    3.79
 215169.773    18.830    -2.82    3.43
 215543.048    17.763    -2.86    2.06
 215916.264    17.601    -0.43    0.95
 216289.422    18.087     1.30    1.09
 216662.522    18.484     1.06    1.08
 217035.563    18.803     0.86    0.97
 217408.545    19.161     0.96    0.91
 217781.469    19.530     0.99    0.85
 218154.335    19.615     0.23    0.89
 218527.143    19.463    -0.41    0.89
 218899.892    19.148    -0.84    0.84
 219272.583    19.035    -0.30    0.74
 219645.215    19.508     1.27    1.11
 220017.790    20.008     1.34    1.18
 220390.306    20.401     1.06    1.03
 220762.764    20.566     0.44    0.86
 221135.164    20.441    -0.34    0.93
 221507.506    20.240    -0.54    0.92
 221879.789    20.047    -0.52    0.87
 222252.015    19.936    -0.30    0.74
 222624.183    19.898    -0.10    0.68
 222996.292    19.915     0.05    0.65
 223368.344    19.860    -0.15    0.60
 223740.338    19.997     0.37    0.61
 224112.274    20.182     0.50    0.73
 224484.152    20.326     0.39    0.75
 224855.972    20.263    -0.17    0.82
 225227.734    20.257    -0.01    0.86
 225599.439    20.276     0.05    0.93
 225971.085    20.357     0.22    0.89
 226342.674    20.428     0.19    0.81
 226714.206    20.384    -0.12    0.83
 227085.679    20.182    -0.54    0.75
 227457.095    21.024     2.27    2.28
 227828.453    22.021     2.68    2.59
 228199.754    22.764     2.00    2.37
 228570.997    23.007     0.65    2.08
 228942.183    22.257    -2.02    1.46
 229313.311    22.218    -0.11    1.49
 229684.381    21.778    -1.19    1.89
 230055.394    21.419    -0.97    2.02
 230426.350    20.790    -1.69    2.05
 230797.248    20.055    -1.98    1.40
 231168.089    20.047    -0.02    1.02
 231538.872    20.297     0.68    0.96
 231909.598    20.401     0.28    0.99
 232280.267    20.478     0.21    0.73
 232650.878    20.388    -0.24    0.74
 233021.433    20.258    -0.35    0.81
 233391.930    20.268     0.03    0.84
 233762.369    20.522     0.69    0.75
 234132.752    20.575     0.14    0.63
 234503.078    20.405    -0.46    0.68
 234873.346    20.135    -0.73    1.68
 235243.557    19.934    -0.54    1.88
 235613.711    19.871    -0.17    1.82
 235983.809    19.978     0.29    1.61
 236353.849    20.303     0.88    0.96
 236723.832    20.234    -0.19    0.72
 237093.758    20.344     0.30    0.68
 237463.627    20.512     0.45    0.69
 237833.440    20.547     0.09    0.75
 238203.195    20.570     0.06    0.79
 238572.894    20.628     0.16    0.80
 238942.536    20.739     0.30    0.77
 239312.121    20.601    -0.37    0.91
 239681.649    20.528    -0.20    1.01
 240051.121    20.519    -0.02    1.19
 240420.536    20.682     0.44    1.17
 240789.894    21.068     1.04    1.08
 241159.195    21.381     0.85    0.85
 241528.440    21.508     0.34    0.67
 241897.628    21.460    -0.13    0.76
 242266.760    21.241    -0.59    0.79
 242635.835    21.224    -0.05    0.77
 243004.854    21.215    -0.03    0.81
 243373.816    21.238     0.06    0.76
 243742.721    21.308     0.19    0.63
 244111.570    21.252    -0.15    0.57
 244480.363    21.415     0.44    0.63
 244849.100    21.449     0.09    0.60
 245217.779    21.508     0.16    0.59
 245586.403    21.572     0.17    0.49
 245954.970    21.628     0.15    0.49
 246323.481    21.655     0.07    0.58
 246691.936    21.735     0.22    0.65
 247060.335    21.805     0.19    0.68
 247428.677    21.775    -0.08    0.68
 247796.963    21.979     0.55    0.74
 248165.193    22.028     0.13    0.75
 248533.367    22.155     0.34    0.80
 248901.485    22.308     0.42    0.71
 249269.546    22.560     0.68    0.76
 249637.552    22.801     0.66    0.77
 250005.502    23.087     0.78    0.62
 250373.395    23.095     0.02    0.64
 250741.233    23.074    -0.06    0.62
 251117.065    22.911    -0.43    0.60
 251496.394    22.572    -0.89    0.70
 251875.662    22.074    -1.32    0.95
 252254.871    21.668    -1.07    1.07
 252634.020    21.460    -0.55    1.00
 253013.109    21.807     0.92    1.22
 253392.139    22.349     1.43    1.21
 253771.108    22.795     1.18    0.95
 254150.018    23.016     0.58    0.70
 254528.868    22.761    -0.67    0.80
 254907.659    22.587    -0.46    0.82
 255286.390    22.627     0.11    0.83
 255665.061    22.751     0.33    0.85
 256043.673    22.992     0.64    0.71
 256422.225    22.881    -0.29    0.76
 256800.717    22.752    -0.34    0.75
 257179.150    22.528    -0.59    0.72
 257557.524    22.377    -0.40    0.70
 257935.838    21.993    -1.02    0.81
 258314.092    21.613    -1.00    0.80
 258692.287    21.401    -0.56    0.68
 259070.423    21.128    -0.72    0.55
 259448.500    20.997    -0.35    0.56
 259826.517    20.956    -0.11    0.57
 260204.475    20.958     0.00    0.55
 260582.374    20.952    -0.01    0.59
