# NaN NaN NaN ;Mean Elev.(m), Avg Gradient(m/km), RMS Gradient(m/km) - SRTM1     
#  -11.946   0.170   3.048 ;Mean Elev.(m), Avg Gradient(m/km), RMS Gradient(m/km) - ASTER GDEM
#    0.406   0.152   3.137 ;Mean Elev.(m), Avg Gradient(m/km), RMS Gradient(m/km) - GMTED2010 
  8     5.268 52478.28738264 26.26  66.791987  66.615632 28.585
  8     4.885 52478.28738328 19.21  66.788647  66.612562 28.585
  8     4.229 52478.28738393 18.43  66.785297  66.609482 28.585
  8     2.033 52478.28738457 19.80  66.781957  66.606402 28.585
  9     5.395 52513.28732553 32.26  66.795143  66.615967 12.330
  9     5.100 52513.28732617 20.24  66.791803  66.612887 12.330
  9     4.641 52513.28732681 18.56  66.788463  66.609807 12.330
  9     3.736 52513.28732746 17.07  66.785123  66.606737 12.330
  9     5.569 52513.28732810 16.37  66.781783  66.603657 12.330
 10     3.266 52548.28736823 22.07  66.805377  66.612898 13.637
 10     2.966 52548.28736887 18.92  66.802037  66.609828 13.637
 10     2.665 52548.28736952 17.93  66.798687  66.606748 13.637
 10     2.657 52548.28737016 15.35  66.795347  66.603668 13.637
 11     2.853 52583.28736719 32.25  66.801602  66.615351 20.051
 11     2.796 52583.28736783 39.14  66.798262  66.612281 20.051
 11     2.804 52583.28736848 41.06  66.794922  66.609201 20.051
 11     2.955 52583.28736912 41.00  66.791582  66.606131 20.051
 11     2.913 52583.28736977 45.79  66.788242  66.603051 20.051
 14     1.317 52688.28731744 13.52  66.786983  66.616155  2.474
 14     1.615 52688.28731808 12.57  66.783643  66.613075  2.474
 14     1.691 52688.28731873 11.79  66.780303  66.610005  2.474
 14     1.531 52688.28731937 10.96  66.776956  66.606922  3.210
 15     1.337 52723.28736325 11.83  66.799439  66.615727  2.140
 15     1.474 52723.28736390 11.54  66.796095  66.612654  2.655
 15     1.573 52723.28736454 11.81  66.792745  66.609574  2.655
 15     1.530 52723.28736519 10.74  66.789405  66.606494  2.655
 15     1.307 52723.28736583 10.44  66.786065  66.603424  2.655
 16     1.438 52758.28738464  9.00  66.777702  66.617793  2.271
 16     1.577 52758.28738528  8.33  66.774362  66.614723  2.271
 16    23.703 52758.28738592  8.10  66.771026  66.611643  4.709
 17     5.374 52793.28733764 19.04  66.810020  66.611190  5.366
 17     4.824 52793.28733829 16.69  66.806680  66.608120  5.366
 17     4.974 52793.28733893 15.15  66.803340  66.605040  5.366
 18     4.902 52828.28740521 24.48  66.811173  66.612100 44.275
 18     4.253 52828.28740585 20.83  66.807824  66.609029  5.509
 18     3.881 52828.28740650 18.92  66.804484  66.605949  5.509
 18     2.868 52828.28740714 18.93  66.801144  66.602869  5.509
 19     3.602 52863.28744982 31.49  66.810996  66.614192 39.634
 19     3.318 52863.28745047 21.17  66.807656  66.611112 39.634
 19     2.849 52863.28745111 22.02  66.804315  66.608038  6.302
 19     3.078 52863.28745176 16.65  66.800965  66.604958  6.302
 20     3.019 52898.28747978 21.91  66.789861  66.615094 28.627
 20     2.411 52898.28748042 19.50  66.786519  66.612016  7.573
 20     1.713 52898.28748107 19.67  66.783179  66.608936  7.573
 20     1.406 52898.28748171 20.42  66.779839  66.605856  7.573
 21     2.928 52933.28742471 19.63  66.783086  66.618744 12.363
 21     2.468 52933.28742536 19.25  66.779746  66.615674 12.363
 21     1.986 52933.28742600 16.73  66.776406  66.612594 12.363
 21     1.237 52933.28742665 19.70  66.773066  66.609514 12.363
 21     3.048 52933.28742729 17.13  66.769729  66.606440  5.702
 22     0.732 52968.28743398 22.23  66.805255  66.612684  3.874
 22     0.731 52968.28743463 21.41  66.801905  66.609604  3.874
 22     0.780 52968.28743527 21.65  66.798565  66.606524  3.874
 22     0.564 52968.28743592 21.58  66.795225  66.603454  3.874
 23     0.516 53003.28745631 18.32  66.790130  66.616862  3.180
 23     0.844 53003.28745695 16.54  66.786781  66.613788  2.887
 23     0.979 53003.28745760 16.03  66.783441  66.610708  2.887
 23     0.969 53003.28745824 15.53  66.780101  66.607628  2.887
 23     0.894 53003.28745889 14.47  66.776761  66.604558  2.887
 24     0.482 53038.28740557 13.33  66.781183  66.617154  2.372
 24     0.781 53038.28740621 12.61  66.777846  66.614074  2.554
 24     1.111 53038.28740686 12.19  66.774506  66.610994  2.554
 24     1.203 53038.28740750 11.24  66.771166  66.607924  2.554
 25     0.419 53073.28743306 12.02  66.793175  66.615685  2.986
 25     0.870 53073.28743370 11.23  66.789825  66.612615  2.986
 25     0.971 53073.28743435 11.24  66.786485  66.609535  2.986
 25     0.936 53073.28743499 10.58  66.783145  66.606465  2.986
 26    -0.049 53108.28740538 12.23  66.781330  66.620481  2.308
 26     0.167 53108.28740602 12.09  66.777990  66.617411  2.308
 26     0.940 53108.28740667 11.48  66.774642  66.614328  5.687
 26     1.776 53108.28740731 10.64  66.771312  66.611248  5.687
 26     2.407 53108.28740796  9.87  66.767972  66.608178  5.687
 27     1.678 53143.28744286 18.33  66.800005  66.612720  9.680
 27     1.819 53143.28744350 20.15  66.796665  66.609640  9.680
 27     2.010 53143.28744415 22.15  66.793325  66.606560  9.680
 27     2.317 53143.28744479 24.39  66.789985  66.603490  9.680
 28     4.815 53178.28746273 17.96  66.799749  66.615251 25.412
 28     4.676 53178.28746338 17.46  66.796399  66.612181 25.412
 28     4.883 53178.28746402 12.67  66.793059  66.609101 25.412
 28     5.153 53178.28746467 12.10  66.789719  66.606031 25.412
 29     3.992 53213.28748365 20.65  66.794590  66.615644 37.828
 29     3.691 53213.28748429 16.77  66.791250  66.612564 37.828
 29     3.687 53213.28748494 14.42  66.787909  66.609488  5.660
 29     2.893 53213.28748558 17.21  66.784569  66.606408  5.660
 30     3.010 53248.28745311 16.62  66.787568  66.615211  7.827
 30     2.506 53248.28745375 15.45  66.784228  66.612131  7.827
 30     1.656 53248.28745440 17.37  66.780888  66.609061  7.827
 30     1.288 53248.28745504 18.20  66.777548  66.605981  7.827
 31     2.965 53283.28744479 19.25  66.803700  66.613027 35.201
 31     2.140 53283.28744544 19.30  66.800357  66.609947  4.367
 31     1.685 53283.28744608 17.82  66.797007  66.606877  4.367
 31     1.238 53283.28744673 17.24  66.793667  66.603797  4.367
 32     1.549 53318.28744258 29.94  66.802645  66.612613  9.031
 32     1.593 53318.28744323 31.26  66.799305  66.609533  9.031
 32     1.715 53318.28744387 34.84  66.795955  66.606463  9.031
 32     1.542 53318.28744452 31.00  66.792620  66.603387  3.344
 33     1.527 53353.28740872 22.42  66.792385  66.614994  3.946
 33     1.645 53353.28740937 21.54  66.789045  66.611924  3.946
 33     1.739 53353.28741001 21.81  66.785703  66.608844  3.178
 33     1.586 53353.28741066 20.34  66.782363  66.605764  3.178
 34     1.425 53388.28740583 18.92  66.806189  66.611721  3.608
 34     1.542 53388.28740648 18.42  66.802840  66.608641  3.009
 34     1.586 53388.28740712 17.93  66.799500  66.605571  3.009
 35     0.846 53423.28740546 16.86  66.801696  66.615640  2.711
 35     1.069 53423.28740610 15.51  66.798356  66.612570  2.711
 35     1.188 53423.28740675 15.04  66.795010  66.609494  2.900
 35     1.258 53423.28740739 14.60  66.791670  66.606414  2.900
 35     1.119 53423.28740804 13.68  66.788330  66.603334  2.900
 36     1.073 53458.28741119 12.26  66.811280  66.610983  2.357
 36     1.112 53458.28741183 11.75  66.807935  66.607903  3.495
 36     1.162 53458.28741248 11.39  66.804595  66.604833  3.495
 37     2.326 53493.28749612 10.18  66.793439  66.615319  2.331
 37     2.311 53493.28749677 11.22  66.790100  66.612244  3.561
 37    18.094 53493.28749741  9.39  66.786760  66.609164  3.561
 37    20.744 53493.28749806  9.61  66.783420  66.606094  3.561
 38     4.964 53528.28747379 20.19  66.801709  66.615480 42.627
 38     4.787 53528.28747444 16.30  66.798369  66.612410 42.627
 38     4.715 53528.28747508 14.22  66.795027  66.609332  7.682
 38     4.946 53528.28747573 13.15  66.791687  66.606252  7.682
 38     5.459 53528.28747637 12.28  66.788347  66.603182  7.682
 39     4.222 53563.28750393 35.46  66.786148  66.616660 31.871
 39     4.182 53563.28750458 35.36  66.782808  66.613590 31.871
 39     4.307 53563.28750522 35.72  66.779466  66.610512  6.055
 39     4.392 53563.28750587 35.14  66.776126  66.607432  6.055
 39     4.379 53563.28750651 33.75  66.772786  66.604362  6.055
 40     2.438 53598.28744473 24.31  66.790619  66.614551 31.499
 40     1.971 53598.28744537 23.79  66.787282  66.611472  6.202
 40     2.203 53598.28744601 21.35  66.783942  66.608392  6.202
 40     2.330 53598.28744666 21.03  66.780602  66.605322  6.202
 41     1.396 53633.28744044 38.20  66.804288  66.612307 32.633
 41     1.391 53633.28744108 33.26  66.800944  66.609227  3.557
 41     1.158 53633.28744172 29.88  66.797594  66.606157  3.557
 41     1.460 53633.28744237 28.83  66.794254  66.603077  3.557
 42     2.641 53668.28746261 20.85  66.792395  66.613838 16.053
 42     2.075 53668.28746325 20.22  66.789051  66.610764  4.007
 42     1.290 53668.28746390 19.96  66.785711  66.607684  4.007
 42     0.538 53668.28746454 19.66  66.782371  66.604604  4.007
 43     0.594 53703.28740528 27.95  66.795223  66.614605  4.495
 43     0.743 53703.28740593 27.30  66.791883  66.611535  4.495
 43     0.678 53703.28740657 27.08  66.788543  66.608456  3.843
 43     0.706 53703.28740722 25.63  66.785203  66.605376  3.843
 44     0.551 53738.28731460 14.85  66.782927  66.617310  2.717
 44     0.787 53738.28731524 13.88  66.779587  66.614240  2.717
 44     0.783 53738.28731589 14.24  66.776247  66.611160  2.717
 44     0.759 53738.28731653 13.54  66.772907  66.608080  2.717
 44     0.747 53738.28731717 12.73  66.769567  66.605010  2.717
 45     0.906 53773.28732881 13.37  66.805476  66.612704  2.463
 45     0.978 53773.28732945 12.56  66.802136  66.609624  2.463
 45     1.058 53773.28733010 12.28  66.798793  66.606549  3.152
 45     0.917 53773.28733074 11.60  66.795453  66.603469  3.152
 46     0.692 53808.28731501 12.26  66.789232  66.617411  2.236
 46     0.661 53808.28731565 11.79  66.785892  66.614331  2.236
 46     0.823 53808.28731630 11.02  66.782552  66.611261  2.236
 46     1.037 53808.28731694 10.45  66.779214  66.608178  2.762
 48     3.428 53878.28738499 28.34  66.803412  66.612399 36.243
 48     3.271 53878.28738563 27.06  66.800071  66.609325  7.395
 48     3.406 53878.28738628 25.66  66.796721  66.606245  7.395
 48     3.576 53878.28738692 25.49  66.793381  66.603165  7.395
 49     5.058 53913.28743762 26.75  66.794840  66.616919 44.801
 49     4.669 53913.28743826 16.02  66.791500  66.613839 44.801
 49     4.689 53913.28743891 13.64  66.788161  66.610763  6.380
 49     4.853 53913.28743955 13.84  66.784811  66.607683  6.380
 49     4.951 53913.28744019 13.25  66.781471  66.604613  6.380
 51     3.034 53983.28739211 20.16  66.789034  66.618067 34.758
 51     2.471 53983.28739276 19.49  66.785694  66.614987 34.758
 51     1.699 53983.28739340 19.58  66.782354  66.611917 34.758
 51     2.019 53983.28739405 18.93  66.779014  66.608836  8.446
 51     2.242 53983.28739469 19.05  66.775674  66.605756  8.446
 52     2.987 54018.28742251 29.69  66.808438  66.612905 31.197
 52     2.615 54018.28742315 24.20  66.805088  66.609825 31.197
 52     1.867 54018.28742380 24.41  66.801753  66.606753  5.361
 52     0.811 54018.28742444 22.10  66.798403  66.603673  5.361
 53     1.287 54053.28741563 19.25  66.807359  66.614157  6.026
 53     1.286 54053.28741627 17.59  66.804019  66.611087  6.026
 53     1.324 54053.28741692 15.89  66.800669  66.608007  6.026
 53     1.239 54053.28741756 14.60  66.797333  66.604931  3.135
 54     1.825 54088.28740730 15.17  66.793206  66.616699  4.218
 54     2.056 54088.28740795 14.65  66.789866  66.613619  4.218
 54     1.992 54088.28740859 13.83  66.786526  66.610549  4.218
 54     1.962 54088.28740924 13.87  66.783184  66.607470  2.584
 54     2.050 54088.28740988 12.64  66.779844  66.604390  2.584
 56     1.213 54158.28737121 10.90  66.794796  66.613487  2.962
 56     1.255 54158.28737186  9.72  66.791456  66.610417  2.962
 56     2.276 54158.28737250  9.54  66.788116  66.607337  2.962
 56     1.593 54158.28737315  9.10  66.784776  66.604267  2.962
 57     1.914 54193.28733082  9.38  66.808525  66.611968  3.264
 57     1.606 54193.28733146  8.89  66.805185  66.608888  3.264
 57     1.531 54193.28733211  7.95  66.801835  66.605808  3.264
 57    12.074 54193.28733275  7.65  66.798495  66.602738  3.264
 58     3.851 54228.28738275 18.34  66.798983  66.614727  4.793
 58     3.763 54228.28738340 17.63  66.795633  66.611657  4.793
 58     3.715 54228.28738404 16.12  66.792293  66.608577  4.793
 58     3.679 54228.28738469 15.95  66.788953  66.605497  4.793
 59     5.286 54263.28740161 17.82  66.798579  66.613521 12.229
 59     5.230 54263.28740225 15.03  66.795239  66.610451 12.229
 59     5.314 54263.28740290 13.95  66.791899  66.607371 12.229
 59    17.629 54263.28740354 12.67  66.788559  66.604291 12.229
 60     5.231 54298.28740652 23.84  66.798661  66.614296 13.865
 60     4.904 54298.28740716 19.84  66.795321  66.611226 13.865
 60     4.159 54298.28740781 21.15  66.791981  66.608146 13.865
 60     3.547 54298.28740845 20.25  66.788641  66.605066 13.865
 61     5.104 54333.28739599 21.36  66.793094  66.616358 15.995
 61     4.835 54333.28739664 22.29  66.789754  66.613288 15.995
 61     4.323 54333.28739728 17.57  66.786414  66.610208 15.995
 61     3.819 54333.28739793 16.96  66.783074  66.607128 15.995
 61     3.694 54333.28739857 16.34  66.779734  66.604058 15.995
 63     2.958 54403.28733986 28.78  66.793187  66.613799 15.567
 63     2.315 54403.28734050 27.52  66.789847  66.610719 15.567
 63     1.595 54403.28734115 25.13  66.786507  66.607649 15.567
 63     0.996 54403.28734179 20.61  66.783167  66.604569 15.567
 65     1.198 54473.28732548 16.30  66.802801  66.613058  2.865
 65     1.410 54473.28732612 14.99  66.799461  66.609978  2.865
 65     1.496 54473.28732677 13.97  66.796121  66.606898  2.865
 65     1.205 54473.28732741 13.51  66.792781  66.603828  2.865
 66     1.045 54508.28730739 14.43  66.809244  66.612473  2.650
 66     1.084 54508.28730803 13.71  66.805901  66.609395  2.991
 66     1.074 54508.28730868 12.63  66.802551  66.606325  2.991
 66     0.915 54508.28730932 12.38  66.799211  66.603245  2.991
 67     0.353 54543.28733970 12.81  66.797402  66.615260  3.452
 67     0.384 54543.28734035 12.46  66.794052  66.612190  3.452
 67     0.765 54543.28734099 11.64  66.790712  66.609110  3.452
 67     0.735 54543.28734164 10.46  66.787372  66.606030  3.452
 68     7.601 54578.28730921  6.84  66.802741  66.615307  5.997
 68    10.767 54578.28730985  7.30  66.799401  66.612227  5.997
 68     1.927 54578.28731050  7.20  66.796051  66.609147  5.997
 68    15.471 54578.28731114  6.28  66.792711  66.606077  5.997
 68    16.812 54578.28731179  7.40  66.789371  66.602997  5.997
 69     5.060 54613.28733006 41.56  66.797590  66.615575 12.748
 69     4.923 54613.28733070 25.81  66.794240  66.612505 12.748
 69     4.495 54613.28733135 21.06  66.790900  66.609425 12.748
 69     4.840 54613.28733199 18.15  66.787560  66.606345 12.748
 69     5.198 54613.28733263 26.63  66.784220  66.603275 12.748
 70     4.475 54648.28733745 20.14  66.799186  66.613543  7.016
 70     4.692 54648.28733810 13.93  66.795846  66.610473  7.016
 70     4.742 54648.28733874 13.66  66.792506  66.607393  7.016
 70     5.211 54648.28733939 12.32  66.789156  66.604313  7.016
 71     3.789 54683.28733755 19.04  66.791424  66.615012  7.650
 71     3.300 54683.28733819 19.69  66.788084  66.611942  7.650
 71     3.430 54683.28733883 16.83  66.784744  66.608862  7.650
 71     3.395 54683.28733948 15.20  66.781404  66.605782  7.650
 72     1.970 54718.28728420 40.53  66.811377  66.613869 35.502
 72     2.040 54718.28728485 34.34  66.808035  66.610789  7.175
 72     1.878 54718.28728549 33.34  66.804695  66.607719  7.175
 72     2.022 54718.28728614 33.02  66.801345  66.604639  7.175
 73     2.818 54753.28731051 29.36  66.799506  66.613863  6.849
 73     2.344 54753.28731115 23.85  66.796166  66.610793  6.849
 73     1.598 54753.28731180 22.56  66.792826  66.607713  6.849
 73     1.108 54753.28731244 22.46  66.789476  66.604633  6.849
 74     1.443 54788.28727542 38.00  66.810237  66.614218 12.337
 74     1.680 54788.28727606 39.64  66.806897  66.611138 12.337
 74     1.530 54788.28727671 41.06  66.803547  66.608068 12.337
 74     1.523 54788.28727735 41.12  66.800207  66.604988 12.337
 75     1.338 54823.28730484 15.08  66.804284  66.615133  3.096
 75     1.187 54823.28730548 14.39  66.800944  66.612063  3.096
 75     1.359 54823.28730613 14.20  66.797604  66.608983  3.096
 75     1.391 54823.28730677 14.00  66.794264  66.605903  3.096
 75     1.217 54823.28730742 13.00  66.790924  66.602833  3.096
 76     1.194 54858.28727102 13.15  66.811871  66.612650  4.209
 76     1.271 54858.28727166 11.72  66.808521  66.609580  4.209
 76     1.244 54858.28727231 11.28  66.805181  66.606500  4.209
 76     1.196 54858.28727295 10.47  66.801841  66.603430  4.209
 77     0.934 54893.28730739 11.23  66.793376  66.616488  3.806
 77     0.850 54893.28730804 10.65  66.790026  66.613418  3.806
 77     1.469 54893.28730868 10.06  66.786686  66.610338  3.806
 77     1.419 54893.28730933  9.36  66.783346  66.607258  3.806
 77     1.432 54893.28730997  9.53  66.780006  66.604188  3.806
 78     0.841 54928.28726925  9.70  66.805722  66.612550  4.896
 78     1.099 54928.28726990  8.58  66.802372  66.609470  4.896
 78     1.269 54928.28727054  7.75  66.799032  66.606400  4.896
 78     1.301 54928.28727119  7.93  66.795692  66.603320  4.896
 80     5.211 54998.28732770 23.79  66.793516  66.614975 10.615
 80    -1.775 54998.28732835 23.67  66.790166  66.611905 10.615
 80     4.374 54998.28732899 20.14  66.786826  66.608825 10.615
 80     5.024 54998.28732964 17.34  66.783486  66.605755 10.615
 81     4.474 55033.28731651 35.12  66.802053  66.615740  9.039
 81    -2.495 55033.28731715 20.17  66.798713  66.612660  9.039
 81     3.987 55033.28731780 13.58  66.795373  66.609590  9.039
 81     4.177 55033.28731844 12.70  66.792033  66.606510  9.039
 81     4.176 55033.28731909 12.74  66.788683  66.603430  9.039
 82     3.465 55068.28730471 24.40  66.791559  66.616912  8.527
 82     2.936 55068.28730535 20.77  66.788219  66.613832  8.527
 82     2.194 55068.28730600 20.56  66.784879  66.610762  8.527
 82     2.063 55068.28730664 19.25  66.781539  66.607682  8.527
 82     2.251 55068.28730728 18.89  66.778199  66.604602  8.527
 83     3.073 55103.28724364 23.88  66.806106  66.612364  5.453
 83     2.550 55103.28724428 18.86  66.802766  66.609294  5.453
 83     1.646 55103.28724493 18.81  66.799426  66.606214  5.453
 83     1.378 55103.28724557 16.90  66.796076  66.603144  5.453
 84     1.812 55138.28725208 39.46  66.798497  66.614735 12.858
 84     1.916 55138.28725272 41.66  66.795157  66.611665 12.858
 84     1.971 55138.28725336 45.61  66.791817  66.608585 12.858
 84     1.914 55138.28725401 39.63  66.788467  66.605505 12.858
 85     0.937 55173.28721241 21.65  66.811204  66.613952  2.967
 85     1.267 55173.28721306 20.82  66.807854  66.610882  2.967
 85     1.272 55173.28721370 19.50  66.804514  66.607802  2.967
 85     1.229 55173.28721435 19.05  66.801174  66.604732  2.967
 86     1.198 55208.28724658 16.18  66.800529  66.614083  3.202
 86     1.251 55208.28724723 15.39  66.797189  66.611013  3.202
 86     1.331 55208.28724787 14.16  66.793849  66.607933  3.202
 86     1.327 55208.28724852 13.98  66.790509  66.604853  3.202
 87     1.067 55243.28721756 11.79  66.805189  66.611758  5.083
 87     1.051 55243.28721821 11.29  66.801849  66.608678  5.083
 87     1.025 55243.28721885 10.54  66.798509  66.605608  5.083
 88     1.175 55278.28724042 14.76  66.791947  66.615529  3.339
 88     1.517 55278.28724107 13.63  66.788607  66.612459  3.339
 88     1.745 55278.28724171 12.56  66.785267  66.609379  3.339
 88     1.717 55278.28724236 12.37  66.781927  66.606309  3.339
 89     1.237 55313.28720280 12.54  66.800716  66.614664  7.337
 89     1.371 55313.28720344 14.40  66.797366  66.611584  7.337
 89     1.395 55313.28720409 15.88  66.794026  66.608504  7.337
 89     1.460 55313.28720473 14.02  66.790686  66.605434  7.337
 90     4.930 55348.28721090 38.44  66.793551  66.614788 10.081
 90     5.002 55348.28721155 39.25  66.790211  66.611718 10.081
 90     4.993 55348.28721219 38.04  66.786871  66.608638 10.081
 90     5.005 55348.28721284 37.03  66.783531  66.605568 10.081
 91     4.140 55383.28720151 18.94  66.804713  66.612607  9.035
 91     4.006 55383.28720215 18.47  66.801373  66.609537  9.035
 91     3.828 55383.28720279 16.27  66.798033  66.606457  9.035
 91     3.183 55383.28720344 15.49  66.794693  66.603377  9.035
 92     3.128 55418.28722976 23.09  66.800881  66.613812 10.738
 92     3.207 55418.28723040 18.42  66.797541  66.610742 10.738
 92     3.359 55418.28723104 20.57  66.794201  66.607662 10.738
 92     3.872 55418.28723169 19.76  66.790851  66.604582 10.738
 93     1.234 55453.28720993 29.99  66.789401  66.616417 11.040
 93     1.761 55453.28721057 32.16  66.786061  66.613337 11.040
 93     2.060 55453.28721122 30.92  66.782721  66.610267 11.040
 93     2.338 55453.28721186 33.42  66.779381  66.607187 11.040
 93     2.653 55453.28721251 40.90  66.776041  66.604107 11.040
 94     2.864 55488.28713122 21.21  66.782749  66.617360 24.143
 94     2.186 55488.28713187 19.12  66.779409  66.614290 24.143
 94     1.527 55488.28713251 22.04  66.776070  66.611208  7.588
 94     1.518 55488.28713316 20.79  66.772730  66.608128  7.588
 94     2.831 55488.28713380 18.21  66.769390  66.605058  7.588
