-260548.373    55.523     0.00    5.87
-260172.357    56.451     2.47    6.15
-259796.282    57.700     3.32    6.60
-259420.149    60.960     8.67    6.00
-259043.956    63.364     6.39    4.65
-258667.706    64.919     4.13    3.39
-258291.396    65.642     1.92    3.64
-257915.028    66.175     1.42    3.83
-257538.601    66.719     1.45    3.60
-257162.115    66.517    -0.54    3.31
-256785.570    66.805     0.76    2.73
-256408.967    65.418    -3.68    4.19
-256032.305    64.192    -3.25    4.78
-255655.584    62.302    -5.02    5.49
-255278.803    60.725    -4.19    5.26
-254901.964    60.576    -0.39    4.93
-254525.066    59.576    -2.65    4.12
-254148.109    59.058    -1.37    3.78
-253771.093    58.508    -1.46    3.50
-253394.018    57.590    -2.43    3.32
-253016.884    57.661     0.19    2.65
-252639.691    57.982     0.85    2.70
-252262.438    59.811     4.85    3.76
-251885.127    62.099     6.06    3.92
-251507.756    63.972     4.96    3.61
-251130.326    65.427     3.85    2.44
-250752.837    65.576     0.39    2.17
-250375.288    65.480    -0.25    2.46
-249997.680    65.384    -0.25    2.57
-249620.013    65.960     1.52    2.55
-249242.286    66.960     2.65    1.80
-248864.500    67.001     0.11    1.73
-248486.655    66.064    -2.48    2.54
-248108.750    64.107    -5.18    4.16
-247730.785    62.643    -3.87    4.78
-247352.761    60.999    -4.35    5.08
-246974.678    59.764    -3.27    4.88
-246596.535    59.453    -0.82    4.42
-246218.332    60.056     1.59    4.00
-245840.070    61.891     4.85    3.93
-245461.748    63.590     4.49    2.22
-245083.366    63.067    -1.38    2.64
-244704.925    62.165    -2.38    2.73
-244326.424    61.427    -1.95    2.38
-243947.863    61.404    -0.06    1.95
-243569.242    61.614     0.55    1.38
-243190.562    61.499    -0.30    1.03
-242811.821    61.441    -0.15    1.02
-242433.021    61.261    -0.48    1.00
-242054.161    60.906    -0.94    0.88
-241675.241    60.877    -0.07    0.82
-241296.261    61.165     0.76    0.98
-240917.221    61.484     0.84    0.92
-240538.120    61.607     0.33    0.89
-240158.960    61.535    -0.19    0.90
-239779.740    61.269    -0.70    0.83
-239400.459    60.982    -0.76    0.87
-239022.319    60.637    -0.91    0.88
-238654.575    60.107    -1.44    0.89
-238286.776    59.864    -0.66    0.87
-237918.920    59.835    -0.08    0.99
-237551.008    59.757    -0.21    1.05
-237183.040    59.977     0.60    1.09
-236815.016    60.317     0.93    1.06
-236446.935    60.792     1.29    1.09
-236078.798    61.131     0.92    0.96
-235710.605    61.512     1.04    0.97
-235342.356    61.797     0.77    1.04
-234974.050    62.117     0.87    0.84
-234605.687    61.731    -1.05    1.53
-234237.268    60.765    -2.62    2.13
-233868.793    59.686    -2.93    2.18
-233500.261    59.329    -0.97    2.00
-233131.673    60.110     2.12    2.11
-232763.028    61.005     2.43    1.70
-232394.327    61.553     1.49    1.18
-232025.569    61.498    -0.15    1.32
-231656.754    61.472    -0.07    1.25
-231287.882    61.512     0.11    1.21
-230918.954    61.864     0.95    1.10
-230549.970    62.322     1.24    0.95
-230180.928    62.783     1.25    0.99
-229811.830    63.100     0.86    0.99
-229442.675    63.331     0.62    0.91
-229073.463    63.289    -0.11    0.97
-228704.194    63.344     0.15    1.40
-228334.869    62.727    -1.67    2.04
-227965.486    61.984    -2.01    2.01
-227596.047    62.138     0.42    2.33
-227226.551    62.544     1.10    2.47
-226856.997    63.631     2.94    2.18
-226487.387    64.824     3.23    1.64
-226117.720    65.392     1.53    1.21
-225747.995    65.771     1.02    1.07
-225378.214    65.713    -0.16    1.06
-225008.375    65.197    -1.39    1.19
-224638.480    64.590    -1.64    1.12
-224268.527    64.371    -0.59    1.31
-223898.516    64.489     0.32    1.82
-223528.449    64.837     0.94    2.26
-223158.325    65.586     2.02    2.87
-222788.143    66.713     3.04    3.66
-222417.904    67.648     2.52    3.39
-222047.607    68.269     1.68    3.63
-221677.253    68.110    -0.43    3.88
-221306.842    66.783    -3.58    3.62
-220936.373    65.864    -2.48    4.43
-220565.847    64.486    -3.72    4.54
-220195.264    64.316    -0.46    4.73
-219824.623    64.486     0.46    4.90
-219453.924    64.296    -0.51    4.57
-219083.168    65.197     2.43    4.26
-218712.354    65.999     2.16    4.33
-218341.483    66.364     0.98    4.15
-217970.554    67.836     3.97    3.40
-217599.568    68.503     1.80    3.06
-217228.523    67.864    -1.72    3.05
-216857.421    66.836    -2.77    3.02
-216486.262    65.371    -3.95    3.18
-216115.044    64.568    -2.16    3.54
-215743.769    64.535    -0.09    3.93
-215372.436    65.058     1.41    3.96
-215001.045    66.364     3.51    2.83
-214629.596    67.230     2.33    2.20
-214258.089    67.675     1.20    1.87
-213886.524    67.777     0.28    1.68
-213514.902    67.134    -1.73    2.00
-213143.221    63.967    -8.52    6.44
-212771.482    58.077   -15.84   10.29
-212399.686    50.834   -19.48   10.36
-212027.831    44.061   -18.21    6.63
-211655.918    40.511    -9.54    2.84
-211283.947    39.304    -3.24    2.72
-210911.918    38.878    -1.14    1.89
-210539.830    39.277     1.07    1.73
-210167.685    39.398     0.32    1.89
-209795.481    38.785    -1.65    3.10
-209423.219    38.576    -0.56    3.50
-209050.899    38.744     0.45    4.31
-208678.520    38.412    -0.89    4.48
-208306.083    37.943    -1.26    4.01
-207933.587    36.634    -3.51    4.13
-207561.033    34.864    -4.75    4.20
-207188.421    32.080    -7.47    4.44
-206815.750    28.931    -8.45    3.41
-206443.021    27.121    -4.86    2.05
-206070.233    26.296    -2.21    1.29
-205697.387    26.445     0.40    1.13
-205324.482    26.769     0.87    0.98
-204951.519    26.614    -0.42    1.22
-204578.497    26.316    -0.80    1.74
-204205.416    25.680    -1.71    2.36
-203832.276    24.850    -2.22    2.55
-203459.078    24.411    -1.18    2.64
-203085.821    24.292    -0.32    2.73
-202712.505    24.837     1.46    2.84
-202339.131    24.952     0.31    4.14
-201965.697    23.944    -2.70    5.63
-201592.205    23.629    -0.84    5.79
-201218.654    22.931    -1.87    5.75
-200845.044    24.250     3.53    3.81
-200471.375    24.796     1.46    2.86
-200097.647    23.406    -3.72    4.29
-199723.860    22.521    -2.36    4.81
-199350.014    22.343    -0.48    5.60
-198976.109    21.289    -2.82    5.72
-198602.145    21.999     1.90    6.31
-198228.122    24.121     5.67    7.50
-197854.039    27.553     9.17    7.29
-197479.898    30.148     6.93    4.45
-197105.697    30.445     0.79    3.27
-196731.437    29.193    -3.35    1.41
-196357.118    29.157    -0.09    0.98
-195982.739    29.419     0.70    1.10
-195608.301    29.824     1.08    1.11
-195233.804    30.131     0.82    1.06
-194859.247    30.624     1.31    2.01
-194484.631    31.484     2.29    3.36
-194109.956    31.797     0.84    3.92
-193735.221    31.216    -1.55    4.18
-193360.426    31.061    -0.41    3.77
-192985.572    31.261     0.53    3.81
-192610.659    32.048     2.10    4.66
-192235.686    32.445     1.06    4.56
-191860.653    32.509     0.17    3.68
-191485.561    33.377     2.32    3.61
-191110.409    34.148     2.05    3.92
-190735.197    34.323     0.47    3.25
-190359.926    34.026    -0.79    1.77
-189984.595    33.597    -1.14    0.95
-189609.204    33.357    -0.64    0.94
-189233.753    32.864    -1.31    1.21
-188858.243    32.343    -1.39    1.67
-188482.672    31.504    -2.23    1.89
-188107.042    30.776    -1.94    1.98
-187731.352    29.957    -2.18    1.05
-187355.601    29.516    -1.17    1.11
-186979.791    29.157    -0.95    1.63
-186603.921    28.128    -2.74    2.56
-186227.991    27.289    -2.23    2.94
-185852.000    26.836    -1.20    2.77
-185475.950    26.540    -0.79    2.43
-185099.839    27.464     2.46    2.68
-184723.669    27.680     0.57    2.56
-184347.438    27.067    -1.63    2.91
-183971.146    25.617    -3.85    2.57
-183594.795    24.651    -2.57    1.65
-183218.383    24.003    -1.72    0.89
-182841.911    23.771    -0.62    0.93
-182465.379    23.568    -0.54    1.03
-182088.786    23.051    -1.37    1.16
-181712.133    22.751    -0.79    1.57
-181335.420    22.422    -0.87    1.32
-180958.646    22.197    -0.60    1.69
-180581.811    22.917     1.91    2.74
-180204.916    23.256     0.90    3.31
-179827.961    23.458     0.54    3.47
-179450.945    25.796     6.20    5.51
-179073.868    29.445     9.67    7.69
-178696.730    36.035    17.47    9.10
-178319.532    42.013    15.84    6.32
-177942.274    44.637     6.96    4.13
-177564.954    45.007     0.98    3.72
-177187.574    43.469    -4.07    5.01
-176810.133    40.540    -7.76    5.32
-176432.631    38.215    -6.16    4.30
-176055.069    36.508    -4.52    2.34
-175677.445    36.823     0.83    2.49
-175299.761    37.658     2.21    2.75
-174922.015    38.011     0.93    2.50
-174544.209    38.104     0.25    2.07
-174166.342    37.426    -1.79    1.62
-173788.413    37.138    -0.76    0.96
-173410.424    37.521     1.01    0.89
-173032.374    37.624     0.27    0.87
-172654.262    37.246    -1.00    1.13
-172276.089    36.798    -1.18    1.23
-171897.855    36.427    -0.98    1.07
-171519.560    36.981     1.46    1.87
-171141.204    38.242     3.33    2.26
-170762.786    39.469     3.24    2.15
-170384.307    40.242     2.04    1.77
-170005.767    40.377     0.36    2.10
-169627.165    39.693    -1.81    2.06
-169248.502    40.110     1.10    2.64
-168869.778    41.786     4.42    3.79
-168490.992    45.371     9.46    5.77
-168112.145    50.101    12.48    7.85
-167733.236    55.413    14.02    8.77
-167354.266    60.211    12.66    8.83
-166975.234    65.634    14.31    6.77
-166596.140    68.823     8.41    4.42
-166216.985    69.627     2.12    3.58
-165837.768    68.811    -2.15    3.79
-165458.489    66.658    -5.67    3.92
-165079.149    65.302    -3.57    3.10
-164699.747    64.972    -0.87    3.13
-164320.283    65.364     1.03    3.43
-163951.013    65.291    -0.20    3.60
-163583.390    65.096    -0.53    3.51
-163215.709    65.051    -0.12    3.13
-162847.971    64.315    -2.00    3.07
-162480.175    63.171    -3.11    3.63
-162112.321    60.725    -6.65    5.14
-161744.410    58.232    -6.77    5.51
-161376.441    56.508    -4.69    5.87
-161008.414    56.383    -0.34    6.68
-160640.329    56.715     0.90    6.51
-160272.187    59.261     6.92    5.64
-159903.987    60.960     4.61    4.36
-159535.729    61.695     2.00    4.45
-159167.413    62.110     1.13    4.10
-158799.039    59.957    -5.84    4.89
-158430.607    58.234    -4.68    5.87
-158062.118    57.717    -1.40    5.30
-157693.570    57.658    -0.16    4.80
-157324.964    59.026     3.71    4.47
-156956.300    60.594     4.25    2.48
-156587.578    60.672     0.21    2.21
-156218.798    59.877    -2.15    2.58
-155849.960    58.987    -2.41    2.38
-155481.064    58.234    -2.04    2.75
-155112.109    58.344     0.30    3.38
-154743.096    58.310    -0.09    3.47
-154374.025    58.786     1.29    2.99
-154004.896    58.013    -2.10    3.61
-153635.708    56.633    -3.74    4.02
-153266.462    55.426    -3.27    4.36
-152897.158    51.669   -10.17    8.47
-152527.795    46.669   -13.53   10.05
-152158.374    40.111   -17.75    9.91
-151788.895    33.494   -17.91    6.09
-151419.357    30.838    -7.19    4.01
-151049.760    28.549    -6.19    6.35
-150680.105    27.324    -3.31    7.21
-150310.391    27.973     1.76    7.52
-149940.619    30.304     6.30    7.27
-149570.788    34.017    10.04    5.03
-149200.899    35.877     5.03    2.66
-148830.950    34.586    -3.49    3.75
-148460.943    32.317    -6.13    4.15
-148090.878    30.230    -5.64    3.08
-147720.753    30.917     1.86    4.04
-147350.570    32.517     4.32    4.80
-146980.328    34.797     6.16    5.18
-146610.027    34.947     0.41    6.24
-146239.668    33.430    -4.10    6.92
-145869.249    30.737    -7.27    6.90
-145498.771    27.137    -9.72    5.31
-145128.235    24.628    -6.77    5.82
-144757.639    21.547    -8.31    6.20
-144386.985    19.781    -4.77    5.86
-144016.271    18.298    -4.00    6.91
-143645.498    16.156    -5.78    9.83
-143274.667    16.903     2.02   12.54
-142903.776    22.878    16.11   17.62
-142532.826    34.601    31.60   21.31
-142161.816    48.564    37.63   14.13
-141790.748    55.451    18.56    8.56
-141419.620    59.478    10.85    4.87
-141048.433    61.957     6.68    5.10
-140677.187    64.592     7.10    6.04
-140305.881    65.667     2.89    6.51
-139934.516    62.697    -7.99   12.66
-139563.091    60.051    -7.12   17.29
-139191.608    54.521   -14.88   22.94
-138820.064    51.300    -8.67   23.63
-138448.461    47.727    -9.61   23.20
-138076.799    44.500    -8.68   20.14
-137705.077    39.281   -14.04   16.48
-137333.296    33.331   -16.00   15.67
-136961.455    25.931   -19.90   15.20
-136589.554    20.159   -15.52   12.26
-136217.594    17.311    -7.65    9.91
-135845.574    17.272    -0.11    8.46
-135473.494    21.331    10.91    8.35
-135101.355    24.477     8.45    7.72
-134729.155    25.417     2.52    6.05
-134356.896    25.504     0.23    4.35
-133984.578    24.943    -1.51    3.70
-133612.199    24.344    -1.61    3.35
-133239.760    23.522    -2.21    3.20
-132867.262    23.311    -0.57    3.17
-132494.703    23.864     1.48    3.37
-132122.085    24.114     0.67    3.03
-131749.406    31.942    21.00   15.51
-131376.668    41.392    25.35   18.71
-131003.869    52.531    29.88   17.30
-130631.010    62.467    26.65    7.92
-130258.092    65.595     8.39    4.75
-129885.113    67.906     6.20    4.03
-129512.073    69.037     3.03    5.04
-129138.974    67.836    -3.22    6.22
-128765.814    65.351    -6.66    6.32
-128392.595    63.078    -6.09    4.59
-128019.314    60.811    -6.07    3.05
-127645.974    59.435    -3.68    3.36
-127272.573    57.167    -6.08    4.67
-126899.112    55.392    -4.75    4.85
-126525.590    56.531     3.05    5.23
-126152.008    58.823     6.14    5.11
-125778.365    61.441     7.00    3.62
-125404.662    62.531     2.92    2.48
-125030.898    62.604     0.20    2.50
-124657.074    62.796     0.51    2.84
-124283.189    62.285    -1.37    2.42
-123909.243    62.024    -0.70    2.01
-123535.237    62.157     0.36    1.93
-123161.170    63.153     2.66    2.22
-122787.043    64.704     4.14    2.16
-122412.854    66.597     5.06    3.25
-122038.605    67.744     3.06    3.19
-121664.295    68.083     0.91    2.63
-121289.924    66.891    -3.18    3.18
-120915.493    64.104    -7.44    4.04
-120541.000    61.234    -7.66    3.42
-120166.446    57.211   -10.74    5.65
-119791.832    50.503   -17.90   10.07
-119417.156    39.282   -29.95   15.85
-119042.420    26.794   -33.32   15.29
-118667.622    16.676   -26.99   11.33
-118292.764    10.526   -16.41    5.80
-117917.844     9.672    -2.28    5.95
-117542.863    10.464     2.11    6.58
-117167.821    11.435     2.59    6.45
-116792.718    12.557     2.99    5.17
-116417.553    12.430    -0.34    4.07
-116042.327    10.772    -4.42    4.00
-115667.040     9.338    -3.82    4.01
-115291.692     8.982    -0.95    3.76
-114916.282     8.571    -1.10    4.23
-114540.811     6.772    -4.79    5.43
-114165.278     4.437    -6.22    5.59
-113789.684     2.633    -4.80    4.40
-113414.028     1.215    -3.77    2.40
-113038.311     1.014    -0.54    1.42
-112662.533     0.919    -0.25    0.96
-112286.693     1.193     0.73    1.23
-111910.791     1.656     1.23    1.53
-111534.827     2.785     3.00    1.91
-111158.802     4.026     3.30    1.70
-110782.716     4.877     2.26    1.32
-110406.567     5.717     2.23    0.71
-110030.357     6.291     1.52    0.81
-109654.085     7.215     2.46    1.62
-109277.751     7.877     1.76    1.58
-108901.355     8.403     1.40    1.18
-108524.897     8.272    -0.35    1.16
-108148.378     6.672    -4.25    2.88
-107771.796     4.658    -5.35    3.56
-107395.153     2.464    -5.83    3.31
-107018.448     0.392    -5.50    1.34
-106641.680    -0.351    -1.97    0.75
-106264.850    -0.747    -1.05    0.59
-105887.959    -0.820    -0.19    0.55
-105511.005    -0.376     1.18    1.39
-105133.989     0.651     2.72    1.99
-104756.911     2.317     4.42    2.57
-104379.770     4.310     5.28    3.23
-104002.568     7.461     8.35    4.40
-103625.303     9.877     6.40    5.66
-103247.976    10.500     1.65    6.42
-102870.586    10.009    -1.30    6.57
-102493.134     8.249    -4.66    5.88
-102115.620     6.661    -4.20    4.49
-101738.043     6.339    -0.85    3.82
-101360.404     6.475     0.36    3.88
-100982.702     8.732     5.98    4.11
-100604.937    10.642     5.05    4.62
-100227.110    13.224     6.83    2.90
 -99849.221    14.157     2.47    1.51
 -99471.269    13.590    -1.50    2.06
 -99093.254    11.614    -5.23    3.63
 -98715.176     8.916    -7.14    4.52
 -98337.036     5.851    -8.11    4.15
 -97958.833     3.745    -5.57    2.88
 -97580.567     3.313    -1.14    1.83
 -97202.239     4.658     3.56    2.62
 -96823.847     7.026     6.26    2.94
 -96445.393     9.294     5.99    2.46
 -96066.876    12.214     7.71    3.84
 -95688.295    15.322     8.21    3.93
 -95309.652    18.482     8.35    4.01
 -94930.946    20.891     6.36    2.13
 -94552.177    21.104     0.56    1.82
 -94173.344    20.266    -2.21    2.32
 -93794.449    18.929    -3.53    2.45
 -93415.490    17.180    -4.62    2.03
 -93036.469    16.011    -3.08    1.28
 -92657.384    15.146    -2.28    1.01
 -92278.235    14.426    -1.90    0.82
 -91899.024    13.851    -1.51    0.82
 -91519.749    13.364    -1.28    0.65
 -91140.411    13.066    -0.78    0.40
 -90761.010    13.026    -0.11    0.44
 -90381.545    13.552     1.39    0.98
 -90002.016    14.640     2.87    1.64
 -89622.425    15.812     3.09    1.76
 -89250.178    16.903     2.93    1.31
 -88882.740    17.253     0.95    1.09
 -88515.242    17.253     0.00    1.20
 -88147.686    16.955    -0.81    1.52
 -87780.070    15.397    -4.24    3.99
 -87412.396    13.403    -5.42    5.06
 -87044.662    11.675    -4.70    4.86
 -86676.869    10.215    -3.97    3.65
 -86309.017     9.522    -1.88    2.22
 -85941.105     9.500    -0.06    2.31
 -85573.135     8.784    -1.95    2.28
 -85205.105     8.272    -1.39    2.23
 -84837.016     7.637    -1.72    2.62
 -84468.867     7.134    -1.37    3.01
 -84100.659     8.651     4.12    4.22
 -83732.392     9.266     1.67    4.21
 -83364.065    10.584     3.58    3.81
 -82995.679    11.518     2.53    2.43
 -82627.233    11.782     0.72    1.98
 -82258.728    11.776    -0.01    1.96
 -81890.163    11.634    -0.39    2.16
 -81521.539    10.774    -2.33    2.37
 -81152.855     9.323    -3.93    2.93
 -80784.111     8.144    -3.20    2.92
 -80415.308     6.494    -4.47    2.85
 -80046.445     4.982    -4.10    2.68
 -79677.522     4.107    -2.37    2.86
 -79308.540     3.544    -1.53    2.63
 -78939.498     2.727    -2.21    2.49
 -78570.396     1.636    -2.96    2.46
 -78201.234     0.700    -2.54    2.27
 -77832.012    -0.136    -2.26    1.49
 -77462.731    -0.692    -1.50    0.63
 -77093.389    -0.798    -0.29    0.50
 -76723.988    -0.835    -0.10    0.49
 -76354.526    -0.820     0.04    0.47
 -75985.005    -0.629     0.52    0.56
 -75615.423    -0.268     0.98    0.66
 -75245.781    -0.150     0.32    0.68
 -74876.080    -0.149     0.00    0.74
 -74506.318    -0.136     0.04    0.82
 -74136.496     0.249     1.04    1.41
 -73766.614     1.656     3.80    3.42
 -73396.671     4.201     6.88    5.21
 -73026.668     6.378     5.88    4.81
 -72656.605     7.565     3.21    3.70
 -72286.482     7.672     0.29    2.95
 -71916.298     7.627    -0.12    2.05
 -71546.054     8.822     3.23    2.89
 -71175.750    10.101     3.45    2.69
 -70805.385    10.621     1.40    2.41
 -70434.960    11.048     1.15    2.08
 -70064.474    10.521    -1.42    2.47
 -69693.927    10.301    -0.59    2.70
 -69323.320     9.661    -1.73    3.39
 -68952.653     8.164    -4.04    3.55
 -68581.925     7.080    -2.92    2.41
 -68211.136     7.215     0.36    2.96
 -67840.287     7.984     2.07    3.37
 -67469.376     8.548     1.52    2.78
 -67098.406     9.157     1.64    2.85
 -66727.374     9.637     1.29    2.71
 -66356.281     9.338    -0.81    1.84
 -65985.128     9.056    -0.76    1.63
 -65613.914     8.637    -1.13    1.46
 -65242.639     8.016    -1.67    0.68
 -64871.303     7.477    -1.45    1.24
 -64499.906     6.672    -2.17    2.04
 -64128.448     6.477    -0.52    2.01
 -63756.929     7.167     1.86    2.01
 -63385.349     8.377     3.26    2.48
 -63013.708     9.604     3.30    1.83
 -62642.006    10.509     2.43    1.35
 -62270.243    11.331     2.21    1.32
 -61898.419    12.140     2.18    1.53
 -61526.533    13.370     3.31    1.92
 -61154.586    13.451     0.22    2.43
 -60782.578    11.864    -4.26    3.58
 -60410.509     9.811    -5.52    3.66
 -60038.378     8.292    -4.08    2.63
 -59666.186     7.966    -0.88    1.61
 -59293.933     8.825     2.31    2.09
 -58921.618    10.582     4.72    3.01
 -58549.241    12.046     3.93    3.49
 -58176.804    12.150     0.28    3.68
 -57804.305    11.443    -1.90    3.37
 -57431.744    11.471     0.08    3.74
 -57059.121    11.918     1.20    3.62
 -56686.438    11.940     0.06    2.83
 -56313.692    11.677    -0.70    2.31
 -55940.885    11.236    -1.18    2.03
 -55568.016    10.706    -1.42    2.07
 -55195.085    10.202    -1.35    2.77
 -54822.093     8.661    -4.13    3.36
 -54449.039     5.495    -8.49    4.03
 -54075.923     2.850    -7.09    3.13
 -53702.745     1.940    -2.44    2.10
 -53329.505     1.975     0.09    1.90
 -52956.204     3.345     3.67    2.43
 -52582.840     5.294     5.22    3.06
 -52209.415     7.180     5.05    3.48
 -51835.927     8.398     3.26    3.03
 -51462.378     9.048     1.74    2.59
 -51088.766     8.823    -0.60    2.23
 -50715.093     8.114    -1.90    1.23
 -50341.357     8.091    -0.06    1.31
 -49967.559     8.197     0.29    1.72
 -49593.699     9.504     3.49    3.36
 -49219.777    11.750     6.01    4.65
 -48845.792    15.311     9.52    5.72
 -48471.745    19.072    10.05    4.75
 -48097.636    20.825     4.69    3.40
 -47723.465    19.942    -2.36    4.04
 -47349.231    17.269    -7.14    4.64
 -46974.934    14.774    -6.67    4.22
 -46600.576    11.929    -7.60    5.24
 -46226.154     9.022    -7.76    5.21
 -45851.671     5.889    -8.36    3.87
 -45477.124     4.153    -4.63    1.63
 -45102.516     4.750     1.59    1.67
 -44727.844     5.796     2.79    2.11
 -44353.110     7.241     3.85    2.18
 -43978.314     8.729     3.97    2.53
 -43603.454    11.305     6.87    7.07
 -43228.532    14.110     7.48    8.78
 -42853.547    13.377    -1.96    8.87
 -42478.500    11.931    -3.85    8.80
 -42103.389     7.989   -10.51    7.32
 -41728.216     3.642   -11.59    4.28
 -41352.980     1.651    -5.30    3.09
 -40977.681     0.364    -3.43    1.87
 -40602.318     0.197    -0.44    1.53
 -40226.893     0.292     0.25    1.40
 -39851.405     0.928     1.69    1.51
 -39475.854     1.941     2.70    1.60
 -39100.240     2.721     2.08    1.48
 -38724.563     3.500     2.07    1.60
 -38348.822     4.824     3.52    3.04
 -37973.019     5.978     3.07    3.64
 -37597.152     6.443     1.24    3.64
 -37221.222     6.902     1.22    4.25
 -36845.229     6.219    -1.82    4.41
 -36469.172     6.150    -0.18    4.82
 -36093.052     5.945    -0.54    5.01
 -35716.869     5.193    -2.00    4.81
 -35340.622     4.445    -1.99    4.60
 -34964.312     3.927    -1.38    4.95
 -34587.938     3.058    -2.31    4.96
 -34211.501     2.664    -1.05    5.05
 -33835.001     1.999    -1.77    4.16
 -33458.437     1.864    -0.36    3.46
 -33081.809     2.760     2.38    3.75
 -32705.117     3.940     3.13    4.73
 -32328.362     5.172     3.27    5.46
 -31951.544     6.518     3.57    5.83
 -31574.661     6.292    -0.60    5.73
 -31197.715     5.009    -3.41    5.92
 -30820.705     2.851    -5.72    5.87
 -30443.631     0.323    -6.70    4.09
 -30066.493     0.331     0.02    3.59
 -29689.292     1.563     3.26    3.48
 -29312.026     3.448     5.00    3.36
 -28934.697     5.247     4.77    2.10
 -28557.304     5.800     1.46    1.51
 -28179.846     6.037     0.63    1.17
 -27802.325     5.801    -0.62    1.02
 -27424.739     5.176    -1.66    0.91
 -27047.089     4.699    -1.26    0.82
 -26669.375     4.163    -1.42    0.69
 -26291.597     3.710    -1.20    0.81
 -25913.755     2.864    -2.24    1.35
 -25535.849     2.069    -2.10    1.50
 -25157.878     1.697    -0.98    1.53
 -24779.843     1.486    -0.56    1.80
 -24401.743     1.476    -0.02    1.86
 -24023.580     1.156    -0.85    1.89
 -23645.351     1.164     0.02    1.99
 -23267.059     1.040    -0.33    1.92
 -22888.702     1.176     0.36    2.02
 -22510.280     1.697     1.38    1.94
 -22131.794     1.684    -0.03    1.87
 -21753.243     1.539    -0.38    1.90
 -21374.627     1.773     0.62    1.92
 -20995.947     1.864     0.24    2.08
 -20617.203     1.772    -0.24    2.11
 -20238.393     2.269     1.31    2.89
 -19859.519     7.206    13.03   10.65
 -19480.580    15.915    22.98   14.93
 -19101.576    25.371    24.95   12.70
 -18722.507    31.469    16.09    7.48
 -18343.374    28.053    -9.01   11.20
 -17964.175    19.076   -23.67   14.72
 -17584.912    10.131   -23.59   13.19
 -17205.584     3.839   -16.59    6.89
 -16826.190     1.456    -6.28    2.50
 -16446.732     1.172    -0.75    2.18
 -16067.208     1.226     0.14    2.26
 -15687.620    -0.034    -3.32    2.82
 -15307.966    -1.444    -3.71    3.01
 -14928.247    -1.829    -1.02    3.07
 -14552.744    -1.674     0.41    3.27
 -14185.493    -1.323     0.96    3.37
 -13818.180    -1.349    -0.07    2.87
 -13450.807    -1.031     0.86    2.91
 -13083.374    -0.675     0.97    2.77
 -12715.880     0.531     3.28    2.27
 -12348.325     1.018     1.33    2.11
 -11980.710     0.903    -0.31    2.09
 -11613.034     0.155    -2.03    2.21
 -11245.297    -0.227    -1.04    2.61
 -10877.500    -0.908    -1.85    2.90
 -10509.642    -1.500    -1.61    3.00
 -10141.723    -1.264     0.64    2.96
  -9773.743    -0.574     1.88    2.83
  -9405.702     0.314     2.41    2.76
  -9037.601     0.825     1.39    2.22
  -8669.438     1.072     0.67    1.78
  -8301.215     0.941    -0.36    1.87
  -7932.930     0.917    -0.07    2.02
  -7564.585     1.184     0.73    2.09
  -7196.179     1.357     0.47    2.15
  -6827.711     1.915     1.51    2.10
  -6459.182     1.851    -0.17    2.02
  -6090.593     1.607    -0.66    1.85
  -5721.942     1.627     0.05    1.95
  -5353.230     1.560    -0.18    1.90
  -4984.456     1.466    -0.25    2.00
  -4615.622     1.320    -0.40    1.87
  -4246.726     1.561     0.66    1.78
  -3877.769     1.479    -0.22    1.84
  -3508.750     0.813    -1.80    2.77
  -3139.670    -0.409    -3.31    3.22
  -2770.529    -2.056    -4.46    2.79
  -2401.326    -3.174    -3.03    2.13
  -2032.062    -4.003    -2.25    0.78
  -1662.736    -4.136    -0.36    0.00
  -1293.348    -4.136     0.00    0.00
   -923.899    -4.136     0.00    0.00
   -554.389    -3.357     2.11    2.11
   -184.817    -0.944     6.53    4.23
    184.817     1.742     7.27    4.39
    554.512     3.976     6.04    3.56
    924.270     5.206     3.33    2.65
   1294.089     4.514    -1.87    3.63
   1663.969     6.634     5.73    7.89
   2033.912    10.761    11.16   10.92
   2403.916    16.651    15.92   11.91
   2773.983    21.578    13.32    9.35
   3144.111    21.229    -0.94    9.28
   3514.301    14.539   -18.07   12.78
   3884.553     6.631   -21.36   10.10
   4254.867     3.014    -9.77    5.65
   4625.243     6.418     9.19    9.72
   4995.682    13.028    17.85   11.24
   5366.182    16.957    10.60   10.26
   5736.744    13.448    -9.47   11.76
   6107.369     5.931   -20.28    9.91
   6478.056     1.189   -12.79    4.43
   6848.805     0.906    -0.76    4.38
   7219.616     1.076     0.46    4.59
   7590.490     0.634    -1.19    3.85
   7961.426     4.471    10.35    9.08
   8332.424    12.390    21.34   13.37
   8703.485    21.054    23.35   14.01
   9074.608    28.445    19.92    8.34
   9445.793    27.139    -3.52    8.37
   9817.042    22.247   -13.18    9.88
  10188.352    14.951   -19.65   11.01
  10559.725     8.269   -17.99    7.72
  10931.161     5.428    -7.65    5.83
  11302.659     3.864    -4.21    5.16
  11674.220     3.142    -1.94    4.24
  12045.844     2.667    -1.28    3.51
  12417.530     2.264    -1.08    2.66
  12789.279     1.797    -1.26    1.98
  13161.091     1.301    -1.33    2.15
  13532.965     1.584     0.76    2.65
  13904.903     2.223     1.72    2.80
  14276.903     2.838     1.65    2.72
  14648.966     2.573    -0.71    2.86
  15021.092     2.785     0.57    2.92
  15393.281     2.401    -1.03    2.99
  15765.534     1.469    -2.50    2.70
  16137.849     0.965    -1.35    2.45
  16510.227     0.159    -2.17    1.64
  16882.668    -0.073    -0.62    1.43
  17255.172     1.682     4.71    6.85
  17627.740     7.585    15.85   13.75
  18000.371    15.578    21.45   18.14
  18373.065    24.421    23.73   21.65
  18745.822    36.085    31.29   24.99
  19118.642    40.556    11.99   27.79
  19491.526    43.801     8.70   28.43
  19864.473    47.101     8.85   27.11
  20237.484    47.300     0.53   22.00
  20610.558    46.786    -1.38   16.09
  20983.695    47.482     1.87   13.53
  21356.896    46.774    -1.90   13.23
  21730.161    44.059    -7.28   12.39
  22103.489    43.775    -0.76   11.86
  22476.880    49.426    15.13   15.93
  22850.335    60.941    30.83   19.17
  23223.854    73.826    34.50   16.04
  23597.437    79.736    15.82   10.45
  23971.083    77.826    -5.11   16.31
  24344.793    73.232   -12.29   20.15
  24718.566    67.142   -16.29   19.23
  25092.404    59.623   -20.11   17.61
  25466.305    48.687   -29.25   20.15
  25840.271    37.917   -28.80   19.19
  26214.300    29.676   -22.03   20.05
  26588.393    24.918   -12.72   22.64
  26962.550    19.026   -15.75   24.53
  27336.771     9.931   -24.30   19.61
  27711.056     3.241   -17.88    9.79
  28085.405    -0.123    -8.98    0.12
  28459.818    -0.136    -0.04    0.00
  28834.296     0.134     0.72    1.42
  29208.838     0.876     1.98    3.14
  29583.443     1.811     2.50    4.49
  29958.113     2.714     2.41    4.46
  30332.848     4.712     5.33    5.19
  30707.646     7.028     6.18    6.93
  31082.509     8.774     4.66    8.33
  31457.437     9.104     0.88    8.39
  31832.428     7.693    -3.76    8.24
  32207.485     7.082    -1.63    8.14
  32582.605     6.201    -2.35    7.17
  32957.791     6.049    -0.41    6.08
  33333.040     6.801     2.00    5.95
  33708.355     9.633     7.55    8.09
  34083.733    12.446     7.49    9.74
  34459.177    12.364    -0.22   10.83
  34834.685     8.801    -9.49   10.54
  35210.258     4.383   -11.76    6.82
  35585.896     1.104    -8.73    0.89
  35961.598     0.864    -0.64    0.00
  36337.366     0.864     0.00    0.00
  36713.198     0.864     0.00    0.00
  37089.095     0.864     0.00    0.00
  37465.057     0.864     0.00    0.00
  37841.083     0.864     0.00    0.00
  38217.175     0.877     0.03    0.11
  38593.332     0.990     0.30    0.33
  38969.554     1.193     0.54    0.47
  39345.841     1.401     0.55    0.50
  39722.193     1.684     0.75    0.55
  40098.610     2.056     0.99    0.54
  40475.093     2.414     0.95    0.50
  40851.640     2.691     0.74    0.47
  41228.253     3.064     0.99    0.43
  41604.932     3.390     0.86    0.57
  41981.675     3.914     1.39    0.67
  42358.484     4.338     1.13    0.60
  42735.358     4.763     1.13    0.71
  43112.298     5.031     0.71    0.73
  43489.303     5.249     0.58    0.86
  43866.374     5.229    -0.05    1.03
  44243.510     5.114    -0.30    1.22
  44620.711     4.864    -0.66    1.39
  44997.979     4.426    -1.16    1.34
  45375.312     3.930    -1.32    1.20
  45752.710     3.501    -1.13    0.89
  46130.174     3.193    -0.82    0.63
  46507.705     2.964    -0.61    0.34
  46885.300     2.813    -0.40    0.22
  47262.962     2.701    -0.29    0.37
  47640.689     2.547    -0.41    0.47
  48018.483     2.396    -0.40    0.50
  48396.342     2.222    -0.46    0.48
  48774.267     2.095    -0.34    0.42
  49152.258     1.965    -0.34    0.30
  49530.315     1.903    -0.16    0.19
  49908.438     1.864    -0.10    0.00
  50286.628     1.864     0.00    0.00
  50664.883     1.864     0.00    0.00
  51043.205     1.864     0.00    0.00
  51421.592     1.864     0.00    0.00
  51800.046     1.864     0.00    0.00
  52178.566     1.864     0.00    0.00
  52557.153     1.864     0.00    0.00
  52935.806     1.901     0.10    0.19
  53314.525     2.074     0.46    0.41
  53693.310     2.189     0.30    0.47
  54072.162     2.256     0.18    0.49
  54451.081     2.266     0.03    0.49
  54830.066     2.239    -0.07    0.49
  55209.117     2.237    -0.00    0.49
  55588.235     2.389     0.40    0.50
  55967.420     2.601     0.56    0.44
  56346.671     2.753     0.40    0.39
  56725.989     3.035     0.74    0.47
  57105.374     3.426     1.03    0.71
  57484.825     3.966     1.42    0.86
  57864.343     4.364     1.05    0.86
  58243.928     4.568     0.54    0.99
  58623.580     4.526    -0.11    1.08
  59003.299     4.282    -0.64    1.02
  59383.085     4.031    -0.66    0.99
  59762.937     3.839    -0.50    0.91
  60141.975     3.624    -0.57    0.82
  60509.034     3.446    -0.48    0.73
  60876.155     3.307    -0.38    0.64
  61243.337     3.089    -0.59    0.53
  61610.582     2.903    -0.51    0.55
  61977.889     2.726    -0.48    0.57
  62345.258     2.505    -0.60    0.53
  62712.689     2.639     0.36    0.80
  63080.182     3.777     3.10    2.53
  63447.738     5.914     5.81    3.84
  63815.355     8.556     7.19    4.06
  64183.035    11.370     7.65    3.00
  64550.778    12.992     4.41    1.95
  64918.582    14.218     3.33    1.75
  65286.449    15.382     3.16    2.05
  65654.379    17.054     4.54    2.42
  66022.371    18.889     4.99    2.67
  66390.425    20.531     4.46    1.98
  66758.542    19.601    -2.52    3.61
  67126.722    18.531    -2.91    4.40
  67494.964    18.173    -0.97    4.28
  67863.268    18.142    -0.08    4.19
  68231.636    19.076     2.54    3.95
  68600.066    19.150     0.20    4.05
  68968.558    17.914    -3.35    4.52
  69337.114    17.229    -1.86    4.49
  69705.732    17.739     1.38    4.10
  70074.413    18.022     0.77    3.78
  70443.157    18.259     0.64    3.84
  70811.963    18.445     0.50    3.97
  71180.833    18.370    -0.20    3.90
  71549.765    17.904    -1.26    4.00
  71918.761    16.364    -4.18    4.18
  72287.819    14.747    -4.38    3.93
  72656.941    13.315    -3.88    2.09
  73026.125    13.664     0.94    2.03
  73395.373    15.426     4.77    2.49
  73764.683    17.351     5.21    2.27
  74134.057    19.089     4.71    2.03
  74503.494    19.864     2.10    1.94
  74872.995    18.839    -2.77    3.16
  75242.558    16.903    -5.24    3.50
  75612.185    16.814    -0.24    4.65
  75981.875    18.708     5.12    7.03
  76351.629    23.014    11.65    8.38
  76721.446    26.902    10.51    7.43
  77091.326    30.264     9.09    5.18
  77461.270    32.415     5.82    2.18
  77831.277    33.151     1.99    0.96
  78201.348    33.396     0.66    0.71
  78571.482    33.395    -0.00    0.79
  78941.680    31.155    -6.05    4.16
  79311.942    28.514    -7.13    4.88
  79682.267    28.107    -1.10    4.68
  80052.656    29.001     2.41    5.03
  80423.108    31.256     6.09    4.82
  80793.624    33.259     5.41    3.80
  81164.205    34.814     4.20    1.41
  81534.848    35.104     0.78    1.26
  81905.556    34.954    -0.41    1.58
  82276.328    34.651    -0.82    1.78
  82647.163    33.902    -2.02    2.06
  83018.063    32.160    -4.70    3.53
  83389.026    30.580    -4.26    4.02
  83760.054    29.776    -2.17    4.37
  84131.145    30.082     0.82    4.59
  84502.301    31.479     3.77    4.47
  84873.521    32.751     3.43    4.81
  85244.805    35.247     6.72    5.56
  85616.153    38.049     7.55    6.98
  85987.565    43.107    13.62    6.79
  86359.042    47.088    10.72    5.38
  86730.582    50.479     9.13    3.03
  87102.188    52.037     4.19    1.39
  87473.857    52.506     1.26    1.18
  87845.591    52.560     0.15    1.23
  88217.389    52.560     0.00    1.21
  88589.252    52.710     0.40    0.95
  88961.179    52.585    -0.34    1.23
  89333.171    51.326    -3.38    3.34
  89705.227    49.555    -4.76    4.26
  90077.348    49.526    -0.08    3.81
  90449.534    50.389     2.32    3.83
  90821.784    51.813     3.82    3.88
  91194.099    53.889     5.58    2.12
  91566.478    54.501     1.64    1.41
  91938.922    54.754     0.68    1.54
  92311.431    55.101     0.93    1.84
  92684.005    55.926     2.21    2.36
  93056.644    55.701    -0.60    2.62
  93429.348    54.111    -4.27    4.00
  93802.116    51.066    -8.17    5.41
  94174.950    45.776   -14.19    6.30
  94547.849    40.146   -15.10    6.88
  94920.812    34.839   -14.23    6.86
  95293.841    30.426   -11.83    5.73
  95666.934    26.461   -10.63    4.97
  96040.093    22.788    -9.85    4.39
  96413.317    19.456    -8.93    3.93
  96786.607    17.111    -6.28    2.32
  97159.961    16.489    -1.67    1.00
  97533.381    17.344     2.29    1.67
  97906.866    19.022     4.49    2.41
  98280.416    21.331     6.18    2.67
  98654.032    23.596     6.06    2.65
  99027.713    25.667     5.54    2.18
  99401.460    26.413     2.00    1.74
  99775.272    25.351    -2.84    3.82
 100149.149    22.271    -8.24    5.54
 100523.092    16.982   -14.14    7.11
 100897.101    11.839   -13.75    7.29
 101271.175     7.691   -11.09    5.11
 101645.315     5.333    -6.30    2.76
 102019.521     4.351    -2.63    1.25
 102393.792     4.345    -0.01    1.25
 102768.129     5.630     3.43    3.46
 103142.532     9.189     9.51    6.63
 103517.001    14.643    14.57    8.97
 103891.536    21.185    17.47   10.12
 104266.136    27.383    16.55    8.69
 104640.802    32.201    12.86    7.26
 105015.535    36.902    12.54    4.65
 105390.333    38.939     5.44    2.57
 105765.197    39.064     0.33    2.43
 106140.128    37.247    -4.85    3.08
 106515.124    34.247    -8.00    3.83
 106890.187    31.051    -8.52    4.47
 107265.316    27.607    -9.18    4.39
 107640.511    24.938    -7.12    3.67
 108015.772    22.815    -5.66    2.72
 108391.100    22.501    -0.83    4.06
 108766.494    23.426     2.46    6.28
 109141.954    23.684     0.69    7.38
 109517.481    24.247     1.50    8.01
 109893.074    23.965    -0.75    7.81
 110268.733    23.400    -1.50    6.94
 110644.459    21.801    -4.26    6.78
 111020.252    18.514    -8.75    5.76
 111396.111    16.232    -6.07    4.88
 111772.036    14.432    -4.79    3.86
 112148.029    13.774    -1.75    2.97
 112524.088    14.617     2.24    4.05
 112900.213    17.026     6.41    6.21
 113276.406    21.614    12.20    7.98
 113652.665    26.236    12.28    7.89
 114028.991    29.563     8.84    6.38
 114405.384    31.940     6.32    4.22
 114781.843    33.037     2.91    3.09
 115158.370    33.082     0.12    2.93
 115534.963    33.037    -0.12    3.01
 115911.624    32.951    -0.23    2.72
 116288.352    32.913    -0.10    2.09
 116665.146    33.531     1.64    2.38
 117042.008    35.249     4.56    3.75
 117418.937    37.964     7.20    4.21
 117795.933    40.210     5.96    3.44
 118172.996    41.654     3.83    2.06
 118550.127    41.687     0.09    1.75
 118927.324    40.173    -4.01    2.90
 119304.589    38.864    -3.47    2.76
 119681.922    38.230    -1.68    2.12
 120059.322    38.539     0.82    2.31
 120436.789    40.345     4.79    2.13
 120814.324    41.651     3.46    1.23
 121191.926    42.176     1.39    0.65
 121569.595    42.003    -0.46    0.92
 121947.333    40.719    -3.40    2.45
 122325.138    38.471    -5.95    3.90
 122703.010    36.333    -5.66    4.07
 123080.950    35.133    -3.18    3.57
 123458.958    35.728     1.57    4.20
 123837.034    37.074     3.56    4.39
 124215.177    38.037     2.55    4.14
 124593.389    38.654     1.63    3.64
 124971.668    39.332     1.79    2.93
 125350.015    40.135     2.12    2.39
 125728.430    40.902     2.03    1.94
 126106.912    41.608     1.87    1.68
 126485.463    42.140     1.41    1.48
 126864.082    42.547     1.07    1.51
 127242.769    43.171     1.65    1.64
 127621.524    43.815     1.70    1.76
 128000.348    44.672     2.26    1.68
 128379.239    45.494     2.17    1.54
 128758.199    46.484     2.61    1.43
 129137.227    47.308     2.17    1.30
 129516.323    48.096     2.08    1.16
 129895.488    48.407     0.82    1.34
 130274.721    48.432     0.07    1.56
 130654.022    48.176    -0.67    1.63
 131033.392    47.926    -0.66    1.63
 131412.830    47.725    -0.53    1.97
 131792.337    47.279    -1.18    2.75
 132171.912    47.285     0.02    3.72
 132551.556    47.596     0.82    4.75
 132931.269    48.251     1.73    5.29
 133311.050    48.339     0.23    5.42
 133690.900    48.282    -0.15    5.52
 134070.819    48.098    -0.48    5.64
 134450.807    46.601    -3.94    5.61
 134830.863    45.629    -2.56    6.06
 135200.524    44.230    -3.79    6.61
 135567.446    44.242     0.03    7.34
 135934.431    45.234     2.70    7.64
 136301.481    46.951     4.68    6.19
 136668.594    47.076     0.34    4.81
 137035.770    45.959    -3.04    4.71
 137403.010    43.018    -8.01    4.19
 137770.314    40.486    -6.89    4.79
 138137.682    37.680    -7.64    5.75
 138505.114    33.291   -11.95    7.80
 138872.609    29.059   -11.52    7.39
 139240.168    25.298   -10.23    6.33
 139607.791    22.825    -6.73    4.34
 139975.478    22.251    -1.56    4.08
 140343.230    22.226    -0.07    4.58
 140711.045    23.298     2.91    5.37
 141078.924    23.256    -0.11    5.58
 141446.867    23.382     0.34    5.43
 141814.874    23.952     1.55    5.58
 142182.946    25.069     3.03    5.79
 142551.081    25.555     1.32    5.88
 142919.281    24.620    -2.54    6.14
 143287.545    22.333    -6.21    6.52
 143655.873    18.314   -10.91    5.86
 144024.266    16.620    -4.60    4.52
 144392.723    18.049     3.88    5.99
 144761.244    21.096     8.27    7.07
 145129.830    26.074    13.51    6.32
 145498.480    30.024    10.72    3.65
 145867.195    32.039     5.46    1.97
 146235.974    32.734     1.89    2.00
 146604.817    33.098     0.99    2.34
 146973.726    33.012    -0.23    2.65
 147342.698    32.877    -0.37    2.76
 147711.736    32.983     0.29    2.64
 148080.838    32.890    -0.25    2.32
 148450.005    31.998    -2.42    2.31
 148819.237    30.259    -4.71    3.75
 149188.533    27.303    -8.00    4.87
 149557.895    24.773    -6.85    4.92
 149927.321    24.057    -1.94    5.04
 150296.812    22.915    -3.09    5.36
 150666.368    21.315    -4.33    4.94
 151035.988    19.824    -4.03    4.47
 151405.674    19.019    -2.18    3.03
 151775.425    20.799     4.82    4.69
 152145.241    24.644    10.40    6.89
 152515.122    30.415    15.60    7.72
 152885.068    36.437    16.28    6.31
 153255.080    40.003     9.64    4.46
 153625.156    40.254     0.68    4.19
 153995.298    38.518    -4.69    4.73
 154365.505    37.938    -1.57    4.22
 154735.777    38.864     2.50    4.25
 155106.115    41.286     6.54    4.64
 155476.518    44.728     9.30    4.52
 155846.986    48.564    10.36    5.29
 156217.520    51.876     8.94    5.10
 156588.120    54.181     6.22    3.62
 156958.784    54.728     1.48    2.92
 157329.515    53.481    -3.36    3.59
 157700.311    51.160    -6.26    3.43
 158071.172    48.583    -6.95    2.97
 158442.100    46.852    -4.67    2.41
 158813.092    45.937    -2.47    1.97
 159184.151    46.234     0.80    2.01
 159555.275    47.237     2.70    2.03
 159926.466    48.315     2.90    1.83
 160297.722    49.583     3.42    1.85
 160669.044    50.701     3.01    2.11
 161040.431    52.271     4.23    2.33
 161411.885    53.596     3.57    2.55
 161783.405    55.654     5.54    2.92
 162154.990    57.961     6.21    3.71
 162526.642    61.571     9.71    5.05
 162898.360    64.852     8.83    5.32
 163270.143    68.754    10.50    4.37
 163641.993    71.157     6.46    3.15
 164013.910    72.642     3.99    1.92
 164385.892    72.915     0.73    1.82
 164757.941    72.779    -0.37    1.66
 165130.055    72.766    -0.03    1.48
 165502.237    72.742    -0.07    1.46
 165874.484    72.644    -0.26    1.43
 166246.798    72.644     0.00    1.26
 166619.179    72.644     0.00    1.10
 166991.625    72.400    -0.65    1.17
 167364.139    72.083    -0.85    1.34
 167736.719    72.079    -0.01    2.58
 168109.365    73.583     4.04    7.52
 168482.078    72.693    -2.39    9.86
 168854.858    69.961    -7.33   11.31
 169227.704    67.998    -5.27   13.45
 169600.617    68.889     2.39   15.55
 169973.597    72.400     9.42   16.94
 170346.644    77.535    13.76   12.69
 170719.757    79.490     5.24   10.67
 171092.937    80.543     2.82    9.95
 171466.184    80.388    -0.41   10.46
 171839.499    80.827     1.17    9.15
 172212.880    83.364     6.80    8.48
 172586.328    85.827     6.60    7.71
 172959.843    88.413     6.92    5.54
 173333.425    88.444     0.08    5.28
 173707.074    88.388    -0.15    6.27
 174080.791    88.632     0.65    6.67
 174454.574    90.913     6.10    6.63
 174828.425    94.481     9.54    4.90
 175202.343    96.593     5.65    3.97
 175576.328    97.568     2.61    2.81
 175950.381    96.321    -3.33    4.12
 176324.501    93.210    -8.32    5.24
 176698.688    91.282    -5.15    5.15
 177072.943    87.555    -9.96    8.37
 177447.266    81.456   -16.30   10.87
 177821.655    79.649    -4.83   10.82
 178196.113    80.662     2.71   11.03
 178570.638    82.454     4.79    9.64
 178945.230    83.998     4.12    6.62
 179319.891    82.245    -4.68    6.00
 179694.618    80.852    -3.72    3.19
 180069.414    82.454     4.27    2.71
 180444.277    83.474     2.72    2.62
 180819.209    83.492     0.05    3.90
 181194.208    83.081    -1.10    5.05
 181569.275    83.364     0.75    5.90
 181944.409    82.816    -1.46    6.53
 182319.612    83.172     0.95    6.79
 182694.883    84.681     4.02    6.48
 183070.222    85.623     2.51    5.61
 183445.629    85.946     0.86    4.41
 183821.104    86.751     2.14    4.22
 184196.647    87.522     2.05    3.76
 184572.258    88.543     2.72    2.95
 184947.937    89.158     1.64    2.30
 185323.685    89.654     1.32    1.98
 185699.501    89.963     0.82    1.94
 186075.385    89.803    -0.43    2.36
 186451.338    90.242     1.17    2.82
 186827.359    91.035     2.11    3.44
 187203.449    91.205     0.45    4.03
 187579.606    91.108    -0.26    4.07
 187955.833    91.352     0.65    4.37
 188332.128    90.998    -0.94    4.85
 188708.491    91.049     0.14    5.46
 189084.924    91.419     0.98    5.30
 189461.425    93.321     5.05    6.41
 189837.994    97.076     9.97    8.82
 190214.632    98.839     4.68    9.64
 190591.339    98.449    -1.04    9.54
 190968.115    95.089    -8.92    9.08
 191344.960    91.673    -9.06    6.68
 191721.874    91.146    -1.40    6.27
 192098.856    92.141     2.64    6.59
 192475.907    94.005     4.94    6.67
 192853.028    98.452    11.79    9.42
 193230.217   104.630    16.38    8.77
 193607.476   109.498    12.91    6.58
 193984.804   112.407     7.71    5.35
 194362.200   110.887    -4.03    7.44
 194739.666   107.514    -8.94    8.01
 195117.202   106.974    -1.43    9.53
 195494.806   107.815     2.23   10.74
 195872.480   108.730     2.42   10.71
 196250.223   111.083     6.23    9.92
 196628.036   114.081     7.93    9.33
 197005.917   118.563    11.86    7.91
 197383.869   120.449     4.99    6.01
 197761.890   116.045   -11.65   11.01
 198139.980   108.864   -19.00   13.77
 198518.140   100.071   -23.25   13.61
 198896.369    92.605   -19.74   12.93
 199274.669    92.565    -0.10   15.33
 199653.038    95.249     7.09   19.32
 200031.476   105.007    25.79   20.33
 200409.984   114.569    25.27   13.58
 200788.563   119.087    11.94   10.03
 201167.211   120.390     3.44    7.21
 201545.928   118.144    -5.93    6.36
 201924.716   113.790   -11.50    7.70
 202303.574   107.758   -15.92    9.50
 202682.502   100.148   -20.09   10.94
 203061.499    94.449   -15.04   12.73
 203440.567    89.120   -14.06   13.13
 203819.705    87.876    -3.28   13.71
 204198.913    85.608    -5.98   14.77
 204578.191    82.334    -8.63   14.99
 204957.540    79.632    -7.12   13.45
 205336.959    75.889    -9.87   10.63
 205716.448    74.276    -4.25    9.17
 206096.007    79.082    12.66   14.83
 206475.637    89.596    27.70   18.17
 206855.337   100.313    28.23   12.48
 207235.108   104.111    10.00    8.47
 207614.949   106.801     7.08    9.03
 207994.860   109.950     8.29    9.46
 208374.843   111.414     3.85    7.88
 208754.895   112.126     1.87    5.75
 209135.019   112.948     2.16    4.93
 209515.213   113.996     2.76    5.16
 209888.665   116.254     6.05    5.06
 210255.381   116.376     0.33    5.60
 210622.162   113.730    -7.22    8.94
 210989.008   111.279    -6.68   11.15
 211355.920   105.321   -16.24   16.28
 211722.896    98.711   -18.01   19.42
 212089.939    96.611    -5.72   19.72
 212457.046    96.364    -0.67   21.14
