-179574.217    57.889     0.00    9.67
-179202.797    57.246    -1.73   11.44
-178831.304    56.549    -1.88   12.01
-178459.737    54.915    -4.40   11.95
-178088.097    53.812    -2.97   10.97
-177716.384    53.222    -1.59    9.30
-177344.597    52.580    -1.73    7.71
-176972.737    55.315     7.35    6.94
-176600.803    58.144     7.61    7.75
-176228.796    62.722    12.30    8.15
-175856.716    66.573    10.35    7.15
-175484.561    70.205     9.76    5.04
-175112.333    71.753     4.16    4.63
-174740.032    74.345     6.96    4.42
-174367.656    76.719     6.38    4.48
-173995.207    79.705     8.01    4.63
-173622.684    82.135     6.52    3.71
-173250.088    82.647     1.37    4.06
-172877.417    81.326    -3.54    5.70
-172504.672    80.621    -1.89    6.80
-172131.854    80.165    -1.22    7.21
-171758.961    80.476     0.83    6.26
-171385.994    81.043     1.52    4.37
-171012.953    81.686     1.72    3.43
-170639.838    84.272     6.93    4.14
-170266.649    86.291     5.41    3.98
-169893.385    84.857    -3.84    5.39
-169520.047    82.048    -7.52    6.47
-169146.635    79.078    -7.95    5.56
-168773.148    77.369    -4.57    4.53
-168399.587    77.889     1.39    4.51
-168025.952    76.907    -2.63    5.64
-167652.242    73.966    -7.87    5.00
-167278.457    73.753    -0.57    4.85
-166904.598    77.522    10.08    7.05
-166530.664    82.218    12.56    7.52
-166156.655    86.178    10.59    6.34
-165782.572    86.818     1.71    7.14
-165408.414    87.176     0.96    7.68
-165034.181    87.921     1.99    7.39
-164659.873    88.489     1.52    6.09
-164285.490    90.226     4.64    5.24
-163911.032    92.322     5.60    4.53
-163536.499    94.088     4.71    4.56
-163161.892    95.389     3.47    4.65
-162787.209    96.205     2.18    5.36
-162412.451    95.878    -0.87    6.30
-162037.617    95.920     0.11    7.06
-161662.709    94.689    -3.28    7.25
-161287.725    94.090    -1.60    6.87
-160912.666    94.685     1.59    6.26
-160537.531    94.584    -0.27    4.88
-160162.321    92.764    -4.85    4.70
-159787.036    88.416   -11.59    8.39
-159411.675    82.478   -15.82    9.79
-159036.239    77.750   -12.59    7.88
-158660.727    74.820    -7.80    6.16
-158285.139    72.656    -5.76    7.42
-157909.476    73.667     2.69    7.48
-157533.737    76.067     6.39    8.27
-157157.922    80.833    12.68    9.38
-156782.031    86.121    14.07    6.42
-156406.064    86.689     1.51    5.47
-156030.022    83.890    -7.44    6.95
-155653.903    78.822   -13.47    6.27
-155277.709    76.222    -6.91    4.64
-154901.438    74.472    -4.65    3.97
-154525.092    74.261    -0.56    4.86
-154148.669    73.289    -2.58    7.07
-153772.170    70.400    -7.67    8.60
-153395.595    66.500   -10.36    9.14
-153018.943    65.956    -1.45    8.32
-152642.216    65.385    -1.52    6.98
-152265.411    65.356    -0.08    5.58
-151888.531    64.315    -2.76    5.77
-151511.574    61.584    -7.24    6.84
-151134.540    58.659    -7.76    7.77
-150757.430    57.148    -4.01    9.60
-150380.243    55.733    -3.75   10.33
-150002.980    54.921    -2.15   10.38
-149625.640    50.758   -11.03    9.86
-149248.223    47.330    -9.08    8.56
-148870.729    45.033    -6.08    6.54
-148493.159    45.430     1.05    6.98
-148115.512    46.656     3.24    7.89
-147737.787    46.839     0.48    7.58
-147359.986    46.156    -1.81    6.48
-146982.108    45.633    -1.38    5.61
-146604.153    46.011     1.00    5.09
-146226.120    45.922    -0.24    5.21
-145848.011    44.066    -4.91    7.25
-145469.824    43.932    -0.35    7.89
-145091.560    47.391     9.14   10.95
-144713.218    53.402    15.89   12.95
-144334.800    62.352    23.65    8.62
-143956.304    66.512    10.99    3.74
-143577.730    66.356    -0.41    3.65
-143199.079    64.337    -5.33    3.95
-142820.350    61.944    -6.32    3.35
-142441.544    60.471    -3.89    2.88
-142062.660    60.167    -0.80    2.59
-141683.699    59.767    -1.05    2.86
-141304.660    58.593    -3.10    4.09
-140925.543    56.965    -4.30    5.23
-140546.348    53.857    -8.19    7.15
-140167.075    51.176    -7.07    8.11
-139787.725    48.363    -7.42    8.63
-139408.296    43.333   -13.25    9.59
-139028.790    40.402    -7.72    7.76
-138649.205    39.202    -3.16    6.00
-138269.542    41.374     5.72    6.02
-137889.802    44.589     8.47    4.90
-137509.983    46.571     5.22    4.10
-137130.085    48.593     5.32    2.74
-136750.110    48.833     0.63    2.29
-136370.056    49.957     2.96    3.15
-135989.923    52.700     7.22    5.43
-135609.713    56.440     9.83    6.47
-135229.423    59.833     8.92    6.06
-134849.056    62.733     7.62    5.75
-134468.609    65.091     6.20    5.16
-134088.084    66.780     4.44    4.54
-133707.481    67.191     1.08    4.11
-133326.798    63.556    -9.55    7.25
-132952.697    58.944   -12.32    9.07
-132586.940    54.922   -11.00    7.75
-132221.111    54.242    -1.86    7.09
-131855.211    55.955     4.68    7.13
-131489.238    60.286    11.83    6.45
-131123.194    64.628    11.86    6.11
-130757.078    67.955     9.09    5.57
-130390.890    70.682     7.45    3.49
-130024.630    70.322    -0.98    3.85
-129658.298    67.563    -7.53    5.89
-129291.893    64.330    -8.82    6.10
-128925.417    61.146    -8.69    5.49
-128558.868    59.363    -4.87    4.79
-128192.248    59.242    -0.33    5.52
-127825.555    58.341    -2.46    6.04
-127458.789    57.703    -1.74    5.62
-127091.951    58.977     3.47    5.93
-126725.041    62.495     9.59    6.81
-126358.059    65.576     8.40    5.03
-125991.004    64.598    -2.67    6.22
-125623.876    63.239    -3.70    6.35
-125256.676    61.750    -4.05    4.84
-124889.404    61.697    -0.15    3.60
-124522.058    61.922     0.61    3.68
-124154.640    61.143    -2.12    4.68
-123787.149    59.330    -4.93    5.67
-123419.586    57.209    -5.77    5.75
-123051.950    55.685    -4.14    5.11
-122684.240    53.989    -4.61    6.18
-122316.458    52.360    -4.43    6.67
-121948.603    50.663    -4.61    5.62
-121580.675    51.205     1.47    5.53
-121212.674    53.130     5.23    4.58
-120844.600    54.323     3.24    3.05
-120476.453    53.256    -2.90    4.43
-120108.232    51.261    -5.42    5.49
-119739.939    48.483    -7.54    5.79
-119371.572    45.489    -8.13    6.57
-119003.132    43.489    -5.43    6.13
-118634.618    44.110     1.69    6.29
-118266.031    45.128     2.76    6.74
-117897.371    47.120     5.40    6.14
-117528.637    46.849    -0.73    5.76
-117159.830    42.785   -11.02    6.34
-116790.949    38.230   -12.35    8.18
-116421.995    34.098   -11.20    6.91
-116052.967    33.180    -2.49    5.95
-115683.865    36.652     9.41    7.86
-115314.689    40.844    11.35    6.94
-114945.440    43.578     7.40    3.98
-114576.117    44.533     2.59    3.23
-114206.720    44.211    -0.87    3.10
-113837.249    42.804    -3.81    4.52
-113467.705    40.876    -5.22    4.87
-113098.086    39.565    -3.55    3.78
-112728.393    39.471    -0.26    2.48
-112358.626    41.066     4.31    3.38
-111988.785    42.576     4.08    3.22
-111618.870    42.925     0.94    3.69
-111248.880    42.713    -0.57    4.14
-110878.817    41.261    -3.92    4.11
-110508.679    39.500    -4.76    4.80
-110138.467    38.626    -2.36    6.26
-109768.180    37.730    -2.42    6.55
-109397.819    38.065     0.90    6.26
-109027.383    39.066     2.70    5.65
-108656.873    40.978     5.16    5.67
-108286.288    42.187     3.26    4.91
-107915.629    42.156    -0.08    4.27
-107544.895    39.769    -6.44    5.39
-107174.086    36.348    -9.22    5.41
-106803.203    32.500   -10.38    4.66
-106432.245    30.174    -6.27    3.39
-106061.212    29.620    -1.50    2.91
-105690.104    29.023    -1.61    2.49
-105318.921    28.652    -1.00    2.74
-104947.663    28.258    -1.06    2.59
-104576.330    27.258    -2.69    2.77
-104204.922    26.522    -1.98    2.90
-103833.439    26.209    -0.84    2.88
-103461.881    25.645    -1.52    2.63
-103090.248    24.878    -2.06    2.53
-102718.539    24.860    -0.05    2.18
-102346.755    25.311     1.21    2.68
-101974.896    25.731     1.13    3.47
-101602.961    25.568    -0.44    3.45
-101230.951    25.538    -0.08    3.09
-100858.866    24.761    -2.09    2.48
-100486.705    24.620    -0.38    2.26
-100114.468    25.000     1.02    2.29
 -99742.156    24.359    -1.72    2.69
 -99369.768    22.398    -5.27    3.93
 -98997.305    20.304    -5.62    4.35
 -98624.766    19.430    -2.35    4.71
 -98252.150    18.538    -2.40    4.72
 -97879.460    18.523    -0.04    4.55
 -97506.693    19.109     1.57    3.92
 -97133.850    20.314     3.23    3.89
 -96760.931    22.641     6.24    3.59
 -96387.937    23.125     1.30    2.92
 -96014.866    22.196    -2.49    3.35
 -95641.719    21.367    -2.22    3.55
 -95268.496    21.283    -0.23    3.48
 -94895.197    22.449     3.13    3.45
 -94521.821    23.141     1.85    3.18
 -94148.369    22.189    -2.55    4.42
 -93774.841    20.340    -4.95    4.64
 -93401.237    17.978    -6.32    3.98
 -93027.556    15.871    -5.64    4.66
 -92653.798    14.598    -3.41    5.29
 -92279.964    13.413    -3.17    4.39
 -91906.054    12.989    -1.13    3.57
 -91532.067    12.925    -0.17    3.01
 -91158.003    13.120     0.52    2.99
 -90783.862    13.088    -0.08    3.68
 -90409.645    12.011    -2.88    5.56
 -90035.351    11.078    -2.49    6.55
 -89660.980    10.467    -1.63    6.80
 -89286.532     9.573    -2.39    6.60
 -88912.007     8.935    -1.70    5.40
 -88537.406     8.318    -1.65    4.62
 -88162.727     7.902    -1.11    4.10
 -87787.971     8.092     0.51    4.10
 -87413.138     9.108     2.71    4.44
 -87038.227    10.593     3.96    3.66
 -86663.240    12.882     6.10    2.33
 -86288.175    14.209     3.54    2.68
 -85913.033    15.750     4.11    3.49
 -85537.814    17.640     5.04    3.74
 -85162.517    19.194     4.14    3.09
 -84787.142    18.852    -0.91    3.14
 -84411.691    17.372    -3.94    3.25
 -84036.161    16.193    -3.14    2.32
 -83660.554    15.935    -0.69    2.06
 -83284.869    16.443     1.35    2.60
 -82909.107    15.478    -2.57    5.15
 -82533.267    14.287    -3.17    6.68
 -82157.349    11.925    -6.28    6.84
 -81781.353     9.045    -7.66    6.33
 -81405.279     6.624    -6.44    5.26
 -81029.128     4.432    -5.83    3.75
 -80652.898     3.848    -1.55    2.92
 -80276.590     4.719     2.32    3.10
 -79900.205     6.098     3.66    2.61
 -79523.741     7.089     2.63    1.52
 -79147.199     6.587    -1.33    1.54
 -78770.578     6.289    -0.79    1.34
 -78393.880     6.804     1.37    1.91
 -78017.103     6.922     0.31    2.27
 -77640.247     6.533    -1.03    2.75
 -77263.314     6.700     0.44    2.92
 -76886.302     5.914    -2.08    2.69
 -76509.211     4.967    -2.51    2.24
 -76132.041     4.223    -1.97    2.18
 -75754.794     4.000    -0.59    1.93
 -75377.467     3.649    -0.93    1.95
 -75000.062     3.516    -0.35    2.08
 -74622.578     2.979    -1.42    1.91
 -74245.015     2.527    -1.20    1.99
 -73867.373     2.287    -0.64    1.93
 -73489.652     2.374     0.23    1.94
 -73111.853     2.527     0.41    2.26
 -72733.974     2.556     0.08    2.25
 -72356.016     2.269    -0.76    1.75
 -71977.980     2.322     0.14    1.78
 -71599.864     2.293    -0.08    1.76
 -71221.669     2.300     0.02    1.74
 -70843.394     2.326     0.07    1.76
 -70465.040     1.800    -1.39    1.10
 -70086.607     1.826     0.07    1.15
 -69708.095     2.449     1.65    1.79
 -69329.503     3.204     1.99    2.10
 -68950.832     3.798     1.57    1.88
 -68572.081     4.183     1.02    1.49
 -68193.250     4.295     0.30    0.89
 -67814.340     4.097    -0.52    0.94
 -67435.350     3.943    -0.41    0.91
 -67056.280     3.915    -0.07    0.85
 -66677.131     3.943     0.07    0.78
 -66297.901     3.892    -0.13    0.80
 -65918.592     3.682    -0.56    0.81
 -65539.203     3.591    -0.24    0.84
 -65159.734     3.216    -0.99    0.76
 -64780.185     3.151    -0.17    0.69
 -64400.555     3.080    -0.18    0.65
 -64020.846     3.000    -0.21    0.57
 -63641.056     3.115     0.30    0.60
 -63261.186     3.452     0.89    0.77
 -62881.236     3.943     1.29    0.88
 -62501.206     4.380     1.15    0.92
 -62121.095     4.429     0.13    1.11
 -61740.903     4.189    -0.63    1.24
 -61360.631     3.835    -0.93    1.20
 -60980.279     3.585    -0.66    1.31
 -60599.846     3.902     0.83    2.02
 -60219.332     5.559     4.35    4.50
 -59838.738     9.043     9.15    7.12
 -59458.063    13.362    11.34    7.85
 -59077.307    16.330     7.79    6.36
 -58696.470    16.032    -0.78    4.95
 -58317.125    14.200    -4.83    5.48
 -57951.596    12.138    -5.64    4.58
 -57585.994    11.438    -1.91    2.84
 -57220.318    11.670     0.63    2.03
 -56854.568    12.807     3.11    1.48
 -56488.745    14.128     3.61    2.52
 -56122.848    16.791     7.28    5.97
 -55756.877    21.811    13.71    9.22
 -55390.833    26.000    11.44    9.18
 -55024.715    30.151    11.34    7.67
 -54658.523    31.295     3.12    5.83
 -54292.257    30.067    -3.35    6.09
 -53925.918    28.505    -4.26    6.69
 -53559.504    27.864    -1.75    7.10
 -53193.016    27.226    -1.74    6.63
 -52826.455    26.652    -1.57    5.56
 -52459.819    25.436    -3.32    4.80
 -52093.109    24.363    -2.93    3.73
 -51726.325    24.441     0.21    3.61
 -51359.467    25.667     3.34    4.05
 -50992.534    28.022     6.42    3.42
 -50625.527    28.925     2.46    2.65
 -50258.446    29.011     0.24    2.63
 -49891.290    28.289    -1.97    2.45
 -49524.060    27.398    -2.43    2.27
 -49156.756    26.337    -2.89    2.34
 -48789.376    25.747    -1.60    2.11
 -48421.923    25.842     0.26    2.68
 -48054.394    27.032     3.24    3.28
 -47686.791    28.277     3.38    3.22
 -47319.114    29.330     2.86    2.63
 -46951.361    29.648     0.87    2.30
 -46583.534    29.787     0.38    2.53
 -46215.632    29.911     0.34    2.83
 -45847.655    31.156     3.38    2.90
 -45479.603    32.411     3.41    2.06
 -45111.476    32.958     1.49    1.73
 -44743.274    33.121     0.44    2.01
 -44374.997    32.926    -0.53    2.30
 -44006.644    33.830     2.45    2.57
 -43638.217    34.903     2.91    2.60
 -43269.714    34.660    -0.66    3.08
 -42901.136    33.385    -3.46    3.94
 -42532.483    31.326    -5.58    4.07
 -42163.755    30.409    -2.49    3.61
 -41794.951    31.625     3.30    4.43
 -41426.071    32.922     3.52    4.65
 -41057.117    31.183    -4.71    6.44
 -40688.086    27.163   -10.89    8.57
 -40318.980    23.798    -9.12    7.56
 -39949.798    23.521    -0.75    7.17
 -39580.541    25.359     4.98    7.02
 -39211.208    28.116     7.46    4.93
 -38841.799    27.382    -1.99    6.01
 -38472.315    22.253   -13.88    8.88
 -38102.754    18.297   -10.70    7.84
 -37733.118    18.105    -0.52    7.05
 -37363.406    21.693     9.70    8.38
 -36993.617    26.255    12.34    7.50
 -36623.753    29.364     8.40    7.43
 -36253.812    31.674     6.24    8.46
 -35883.796    31.407    -0.72    8.42
 -35513.703    30.989    -1.13    7.04
 -35143.534    32.000     2.73    6.02
 -34773.289    34.074     5.60    5.27
 -34402.967    36.096     5.46    4.52
 -34032.569    37.699     4.33    3.32
 -33662.094    38.691     2.68    4.36
 -33291.544    40.670     5.34    6.39
 -32920.916    43.695     8.16    6.05
 -32550.212    45.253     4.20    4.47
 -32179.432    42.613    -7.12    6.43
 -31808.574    36.425   -16.68    9.27
 -31437.640    28.404   -21.62    9.34
 -31066.630    22.222   -16.66    7.54
 -30695.542    18.372   -10.37    4.86
 -30324.378    17.033    -3.61    3.21
 -29953.137    18.063     2.77    4.01
 -29581.819    19.685     4.37    3.95
 -29210.423    20.745     2.85    3.47
 -28838.951    22.202     3.92    3.41
 -28467.402    22.634     1.16    3.50
 -28095.776    23.851     3.27    2.98
 -27724.072    24.663     2.18    2.23
 -27352.291    24.021    -1.73    2.13
 -26980.433    21.667    -6.33    4.26
 -26608.498    17.583   -10.98    6.45
 -26236.485    13.544   -10.86    6.18
 -25864.395    10.117    -9.21    4.11
 -25492.227     8.195    -5.16    1.27
 -25119.982     8.032    -0.44    0.58
 -24747.659     8.011    -0.06    0.53
 -24375.259     8.042     0.08    0.56
 -24002.781     8.075     0.09    0.52
 -23630.226     7.785    -0.78    0.64
 -23257.592     7.574    -0.56    0.75
 -22884.881     7.372    -0.54    0.66
 -22512.092     7.239    -0.36    0.58
 -22139.225     7.333     0.25    0.65
 -21766.280     7.511     0.48    0.81
 -21393.257     6.871    -1.71    1.83
 -21020.156     6.674    -0.53    2.18
 -20646.977     6.758     0.23    2.26
 -20273.720     7.147     1.04    2.24
 -19900.385     7.826     1.82    1.63
 -19526.971     7.802    -0.06    1.22
 -19153.480     7.489    -0.84    1.16
 -18779.909     7.258    -0.62    1.00
 -18406.261     7.213    -0.12    0.85
 -18032.534     7.149    -0.17    0.95
 -17658.729     7.250     0.27    1.09
 -17284.845     7.385     0.36    1.09
 -16910.882     7.484     0.26    1.10
 -16536.841     7.468    -0.04    0.96
 -16162.721     7.495     0.07    0.82
 -15788.522     7.547     0.14    0.74
 -15414.245     7.815     0.72    0.84
 -15039.889     7.854     0.10    0.97
 -14665.454     8.022     0.45    0.93
 -14290.940     8.084     0.17    0.93
 -13916.347     8.202     0.31    0.93
 -13541.675     8.452     0.67    1.10
 -13166.924     8.915     1.24    1.21
 -12792.094     9.516     1.60    1.11
 -12417.185     9.789     0.73    0.94
 -12042.196     9.935     0.39    0.77
 -11667.129     9.853    -0.22    0.76
 -11291.981     9.652    -0.53    0.80
 -10916.755     9.600    -0.14    0.87
 -10541.449     9.505    -0.25    0.94
 -10166.064     9.427    -0.21    1.12
  -9790.599     9.500     0.19    1.19
  -9415.055     9.789     0.77    1.32
  -9039.431    10.100     0.83    1.46
  -8663.727    10.406     0.82    1.29
  -8287.944    10.935     1.41    1.40
  -7912.080    10.546    -1.03    2.51
  -7536.137     8.622    -5.12    4.45
  -7160.115     6.781    -4.90    5.12
  -6784.012     4.489    -6.10    5.10
  -6407.829     2.777    -4.55    4.45
  -6031.566     1.830    -2.52    3.92
  -5655.224     0.926    -2.40    2.92
  -5278.801     1.213     0.76    3.19
  -4902.298     2.453     3.29    4.11
  -4525.714     3.500     2.78    4.58
  -4149.051     2.663    -2.22    4.14
  -3772.307     1.333    -3.53    3.02
  -3395.483     0.274    -2.81    1.45
  -3018.578     0.000    -0.73    0.00
  -2641.593     0.000     0.00    0.00
  -2264.527     0.000     0.00    0.00
  -1887.381     0.000     0.00    0.00
  -1510.154     0.000     0.00    0.00
  -1132.847     0.000     0.00    0.00
   -755.458     0.000     0.00    0.00
   -377.989     0.000     0.00    0.00
     -0.440     0.000     0.00    0.00
    377.191     0.000     0.00    0.00
    754.903     0.000     0.00    0.00
   1132.696     0.000     0.00    0.00
   1510.569     0.096     0.25    0.66
   1888.524     1.160     2.81    2.76
   2266.560     2.309     3.04    3.29
   2644.677     3.389     2.86    3.26
   3022.875     4.149     2.01    3.09
   3401.155     4.958     2.14    2.59
   3779.516     5.581     1.65    2.42
   4157.958     5.750     0.45    2.48
   4536.482     5.936     0.49    2.23
   4915.087     6.468     1.40    1.66
   5293.774     6.245    -0.59    1.83
   5672.543     5.851    -1.04    3.01
   6051.393     6.191     0.90    3.77
   6430.325     7.063     2.30    4.28
   6809.338     7.745     1.80    4.31
   7188.434     8.156     1.09    3.87
   7567.611     7.903    -0.67    4.00
   7946.870     7.594    -0.82    3.95
   8326.211     7.602     0.02    3.85
   8705.634     6.958    -1.70    5.21
   9085.140     9.979     7.96    8.50
   9464.727    16.926    18.30   13.71
   9844.396    25.585    22.81   15.30
  10224.148    37.271    30.77   10.68
  10603.982    42.914    14.86    6.28
  10983.899    48.663    15.13    7.16
  11363.897    54.146    14.43   10.65
  11743.979    58.989    12.74   11.47
  12124.142    65.151    16.21   10.00
  12504.389    69.083    10.34    8.68
  12884.717    72.989    10.27    8.38
  13265.129    79.979    18.38    9.27
  13645.623    85.946    15.68    8.55
  14026.200    91.505    14.61    6.19
  14406.860    93.484     5.20    4.95
  14787.603    93.747     0.69    4.62
  15168.428    95.183     3.77    5.03
  15549.337    97.760     6.77    5.35
  15930.328    99.989     5.85    4.14
  16311.403   100.181     0.50    3.56
  16680.607    98.667    -4.10    3.92
  17045.977    94.649   -10.99    5.79
  17411.423    90.149   -12.32    6.04
  17776.943    86.064   -11.18    4.37
  18142.539    84.160    -5.21    2.59
  18508.211    84.283     0.34    2.86
  18873.958    85.479     3.27    3.92
  19239.780    87.311     5.01    4.37
  19605.678    86.526    -2.14    6.48
  19971.652    83.372    -8.62    8.94
  20337.701    79.191   -11.42    8.63
  20703.826    75.442   -10.24    5.38
  21070.026    74.447    -2.72    3.01
  21436.303    76.642     5.99    5.75
  21802.655    80.856    11.50    8.96
  22169.083    85.760    13.39   10.80
  22535.587    90.888    13.99   10.96
  22902.167    94.438     9.68    8.88
  23268.822    96.415     5.39    7.09
  23635.554    97.574     3.16    6.09
  24002.362   100.698     8.52    7.86
  24369.246   108.905    22.37   14.14
  24736.207   118.670    26.61   16.74
  25103.243   130.867    33.23   15.20
  25470.356   142.392    31.39   13.35
  25837.545   151.298    24.26   10.51
  26204.810   158.821    20.48    9.54
  26572.152   166.798    21.72   13.93
  26939.571   176.011    25.07   13.85
  27307.065   179.938    10.69   10.75
  27674.637   180.064     0.34   10.43
  28042.285   175.688   -11.90   11.24
  28410.010   170.978   -12.81    7.39
  28777.811   170.011    -2.63    5.39
  29145.689   171.809     4.89    5.89
  29513.644   176.276    12.14    7.71
  29881.676   180.989    12.81    7.92
  30249.785   186.948    16.19    6.12
  30617.970   191.573    12.56    5.00
  30986.233   195.691    11.18    5.33
  31354.573   199.258     9.68    5.62
  31722.989   202.330     8.34    5.01
  32091.483   204.531     5.97    3.82
  32460.054   205.833     3.53    2.56
  32828.702   204.646    -3.22    3.93
  33197.428   201.217    -9.30    6.51
  33566.231   197.351   -10.49    6.35
  33935.111   194.862    -6.75    4.98
  34304.069   194.032    -2.25    3.36
  34673.104   195.115     2.93    4.12
  35042.217   194.849    -0.72    4.56
  35411.407   192.814    -5.51    5.16
  35780.675   189.446    -9.12    4.40
  36150.020   187.949    -4.05    4.66
  36519.444   188.637     1.86    6.13
  36888.945   194.990    17.19   11.72
  37258.523   203.837    23.94   15.44
  37628.180   217.653    37.38   18.63
  37997.915   230.064    33.57   17.57
  38367.727   243.160    35.41   16.25
  38737.618   253.021    26.66   13.59
  39107.586   261.699    23.46   10.91
  39477.633   265.818    11.13    9.46
  39847.758   269.032     8.68   11.38
  40217.961   272.919    10.50   13.97
  40588.242   276.902    10.76   15.22
  40958.602   288.660    31.75   16.28
  41329.039   300.185    31.11   17.40
  41699.556   314.825    39.51   18.05
  42070.151   324.809    26.94   12.49
  42440.824   330.417    15.13   12.50
  42811.576   332.408     5.37   16.13
  43182.406   330.126    -6.15   17.44
  43553.315   324.153   -16.10   19.38
  43924.303   317.208   -18.72   19.02
  44295.369   313.802    -9.18   17.71
  44666.515   316.826     8.15   23.80
  45037.739   329.320    33.66   29.73
  45409.042   338.567    24.91   28.28
  45780.424   346.639    21.74   26.18
  46151.885   358.250    31.26   27.02
  46523.425   376.392    48.83   34.24
  46895.044   393.792    46.82   37.22
  47266.742   413.719    53.61   42.50
  47638.519   427.505    37.08   47.16
  48010.376   441.061    36.46   53.59
  48382.312   449.031    21.43   53.84
  48754.327   461.516    33.56   49.35
  49126.422   472.649    29.92   44.14
  49498.596   495.478    61.34   37.19
  49870.850   521.093    68.81   39.73
  50243.183   550.641    79.36   40.45
  50615.596   575.131    65.76   38.10
  50988.088   602.630    73.83   44.54
  51360.660   652.908   134.95   82.29
  51733.312   706.902   144.90  101.48
  52106.043   751.531   119.74   93.72
  52478.855   768.872    46.52   87.86
  52851.746   770.552     4.50   96.51
  53224.718   749.245   -57.13   96.43
  53597.769   743.800   -14.60   91.50
  53970.900   746.786     8.00   92.02
  54344.112   760.515    36.79   87.99
  54717.403   768.188    20.55   83.50
  55090.775   759.063   -24.44  107.70
  55464.227   744.866   -38.02  116.04
  55837.760   720.966   -63.99  106.33
  56211.372   676.784  -118.26   96.73
  56585.065   627.620  -131.57   92.15
  56958.839   572.525  -147.41   94.26
  57332.693   522.344  -134.23   93.41
  57706.628   496.414   -69.35   93.60
  58080.643   475.086   -57.03  112.55
  58454.739   461.835   -35.42  122.58
  58828.916   444.532   -46.25  111.18
  59203.173   417.165   -73.13   69.23
  59577.511   419.010     4.93   55.77
  59951.930   437.281    48.80   62.77
  60326.430   471.740    92.02   87.15
  60701.011   508.429    97.95  105.71
  61075.673   544.020    95.00  114.01
  61450.417   592.663   129.81  119.68
  61825.241   634.469   111.54  114.49
  62200.146   662.076    73.64   88.61
  62575.133   661.505    -1.52   68.99
  62950.201   628.181   -88.85   64.72
  63325.350   584.918  -115.33   61.32
  63700.581   534.189  -135.20   63.90
  64075.893   499.351   -92.83   63.18
  64451.286   500.800     3.86   85.12
  64826.762   542.556   111.21  121.79
  65202.318   573.283    81.82  130.19
  65577.957   539.763   -89.24  153.89
  65953.677   465.957  -196.45  149.71
  66329.479   399.184  -177.69   82.80
  66705.362   390.989   -21.80   56.04
  67081.328   464.459   195.43  122.80
  67457.375   572.526   287.39  158.52
  67833.505   659.677   231.72  125.65
  68209.716   681.516    58.05  100.31
  68586.010   615.206  -176.23  146.29
  68962.385   515.200  -265.72  144.97
  69338.843   435.381  -212.04   94.27
  69715.383   418.031   -46.08   85.73
  70092.006   426.389    22.20  100.23
  70468.710   438.320    31.67  104.01
  70845.497   445.286    18.49  100.17
  71222.367   444.165    -2.97   89.86
  71599.319   481.789    99.82   97.56
  71976.354   542.122   160.03  104.37
  72353.471   616.947   198.42   99.54
  72730.671   694.429   205.42   97.34
  73107.953   748.281   142.75   94.80
  73485.318   767.375    50.60   96.62
  73862.767   737.579   -78.94  116.38
  74240.298   687.184  -133.49  117.82
  74617.912   654.022   -87.82  115.18
  74995.609   629.847   -64.01  114.33
  75373.389   598.598   -82.72  110.47
  75751.252   546.439  -138.04   86.75
  76129.198   495.736  -134.16   73.65
  76507.227   444.062  -136.70   58.99
  76885.340   401.444  -112.72   52.87
  77263.536   374.680   -70.77   44.34
  77641.815   363.891   -28.52   43.72
  78020.178   366.370     6.55   54.70
  78398.624   369.844     9.18   61.68
  78777.154   354.115   -41.56   62.72
  79155.767   327.815   -69.47   51.95
  79534.464   304.364   -61.93   40.05
  79913.245   294.511   -26.01   31.81
  80292.109   306.378    31.32   50.72
  80671.057   332.758    69.62   66.32
  81050.089   346.722    36.84   71.09
  81429.205   329.620   -45.11   83.53
  81808.405   289.505  -105.79   80.99
  82187.689   249.576  -105.28   59.05
  82567.057   222.684   -70.89   27.48
  82946.509   214.407   -21.81   11.75
  83326.046   217.490     8.12   13.07
  83705.666   226.871    24.71   19.28
  84085.371   240.796    36.68   23.81
  84465.160   256.979    42.61   25.33
  84845.034   272.837    41.75   20.28
  85224.992   289.043    42.66   21.27
  85605.034   303.469    37.96   33.46
  85985.161   319.670    42.62   44.76
  86365.373   335.051    40.46   51.27
  86745.670   352.598    46.14   53.99
  87126.051   377.602    65.74   46.91
  87506.517   409.160    82.95   43.58
  87887.068   431.162    57.82   52.87
  88267.703   448.239    44.87   62.30
  88648.424   449.214     2.56   58.83
  89029.230   451.604     6.28   61.68
  89410.120   466.897    40.15   90.13
  89791.096   472.076    13.60  106.88
  90172.157   456.444   -41.02  119.25
  90553.304   434.098   -58.63  130.48
  90934.535   391.124  -112.73  120.93
  91309.421   344.290  -124.93  110.94
  91674.557   316.571   -75.92   98.04
  92039.769   296.283   -55.56   66.44
  92405.058   301.844    15.22   52.83
  92770.425   333.255    85.98   90.54
  93135.868   384.819   141.11  121.20
  93501.389   434.293   135.36  130.33
  93866.987   455.196    57.18  112.53
  94232.663   443.040   -33.24   88.20
  94598.415   425.175   -48.85   60.98
  94964.245   422.747    -6.64   44.61
  95330.153   441.898    52.34   52.81
  95696.138   469.969    76.70   48.59
  96062.201   483.580    37.19   36.56
  96428.341   483.826     0.67   39.28
  96794.558   461.101   -62.06   42.08
  97160.854   450.823   -28.06   34.45
  97527.227   466.571    42.99   42.93
  97893.678   492.929    71.93   50.83
  98260.207   521.885    79.01   47.45
  98626.814   533.918    32.82   41.91
  98993.498   533.467    -1.23   43.94
  99360.261   520.031   -36.64   44.38
  99727.102   502.032   -49.07   46.57
 100094.021   474.041   -76.29   51.35
 100461.017   441.704   -88.12   50.76
 100828.093   404.531  -101.27   44.63
 101195.246   376.878   -75.32   38.50
 101562.477   353.255   -64.33   40.11
 101929.787   331.510   -59.21   39.59
 102297.176   314.109   -47.37   32.53
 102664.642   319.485    14.63   46.39
 103032.188   344.722    68.67   72.77
 103399.811   380.765    98.05   86.54
 103767.514   399.357    50.57   80.39
 104135.295   407.490    22.11   66.65
 104503.154   397.735   -26.52   50.63
 104871.093   394.978    -7.49   36.90
 105239.110   395.735     2.06   31.90
 105607.206   399.674    10.70   28.85
 105975.380   398.175    -4.07   23.35
 106343.634   389.897   -22.48   23.66
 106711.967   377.153   -34.60   42.62
 107080.379   362.869   -38.78   60.35
 107448.870   331.990   -83.80   74.60
 107817.440   295.343   -99.44   82.45
 108186.089   255.032  -109.36   72.25
 108554.817   219.890   -95.31   62.37
 108923.625   192.558   -74.11   46.12
 109292.512   173.950   -50.45   33.84
 109661.478   161.302   -34.28   22.95
 110030.524   150.939   -28.08    9.71
 110399.649   146.857   -11.06    3.05
 110768.854   145.866    -2.68    1.48
 111138.139   145.121    -2.02    1.84
 111507.503   143.837    -3.48    2.83
 111876.947   143.495    -0.93    2.96
 112246.470   142.591    -2.45    2.76
 112616.073   143.273     1.84    3.45
 112985.756   145.163     5.11    3.29
 113355.519   146.918     4.75    3.45
 113725.362   148.796     5.08    3.45
 114095.285   150.633     4.97    4.12
 114465.288   151.720     2.94    5.05
 114835.372   154.656     7.93    6.37
 115205.535   158.190     9.55    7.58
 115575.778   163.076    13.20    7.87
 115946.102   168.455    14.52    7.91
 116316.506   172.800    11.73    6.04
 116686.990   176.434     9.81    4.92
 117057.555   179.939     9.46    5.79
 117428.200   184.635    12.67    7.82
 117798.926   189.827    14.00    8.33
 118169.733   195.827    16.18    7.15
 118540.620   200.990    13.92    6.01
 118911.587   204.688     9.97    5.25
 119282.635   207.505     7.59    4.82
 119653.765   209.924     6.52    3.39
 120024.974   209.879    -0.12    3.27
 120396.265   208.845    -2.78    3.14
 120767.637   208.100    -2.01    2.56
 121139.090   208.061    -0.10    2.14
 121510.623   208.885     2.22    2.26
 121882.238   210.222     3.60    1.90
 122253.934   211.071     2.28    1.60
 122625.711   210.980    -0.25    1.69
 122997.570   211.074     0.25    1.92
 123369.510   211.820     2.01    2.71
 123741.531   213.837     5.42    4.74
 124113.633   217.350     9.44    7.07
 124485.817   218.531     3.17    7.78
 124858.082   215.343    -8.56   10.81
 125230.429   210.571   -12.82   11.15
 125602.858   204.929   -15.15    7.72
 125975.368   201.920    -8.08    3.91
 126347.960   201.646    -0.73    2.31
 126720.634   201.162    -1.30    5.02
 127093.389   202.237     2.89    9.16
 127466.227   204.960     7.30   12.27
 127839.146   205.118     0.42   14.99
 128212.148   198.710   -17.18   15.66
 128585.231   192.376   -16.98   15.37
 128958.397   185.820   -17.57   13.01
 129331.644   182.326    -9.36   12.68
 129704.974   179.798    -6.77   11.70
 130078.386   176.898    -7.77    9.02
 130451.881   173.899    -8.03    6.03
 130825.457   173.134    -2.05    5.37
 131199.116   173.927     2.12    6.91
 131572.858   173.051    -2.35    8.89
 131946.682   170.541    -6.71   11.83
 132320.589   163.582   -18.61   16.34
 132694.578   157.052   -17.46   16.61
 133068.650   154.248    -7.50   13.61
 133442.805   154.312     0.17   12.50
 133817.043   153.455    -2.29   12.08
 134191.363   151.925    -4.09   12.19
 134565.767   150.050    -5.01   10.46
 134940.253   151.632     4.22   11.98
 135314.822   160.061    22.51   12.03
 135689.475   167.561    20.02    9.13
 136064.210   173.100    14.78    8.92
 136439.029   178.837    15.31   10.56
 136813.931   185.398    17.50   11.19
 137188.916   192.130    17.95   10.08
 137563.984   195.640     9.36    7.77
 137939.136   194.404    -3.29    9.28
 138314.372   190.237   -11.11   10.35
 138689.690   187.310    -7.80    8.99
 139065.093   187.750     1.17   10.52
 139440.579   193.586    15.54   13.08
 139816.149   201.160    20.17   13.77
 140191.802   210.520    24.92   12.95
 140567.539   219.609    24.19   13.54
 140943.360   230.560    29.14   14.89
 141319.265   241.660    29.53   13.38
 141695.254   251.119    25.16    9.86
 142071.327   256.177    13.45    6.16
 142447.484   256.323     0.39    6.95
 142823.725   251.866   -11.85   11.03
 143200.050   244.540   -19.47   10.65
 143576.459   238.550   -15.92    8.09
 143952.953   235.374    -8.44    6.09
 144329.531   234.890    -1.28    6.00
 144706.194   234.320    -1.51    5.04
 145082.941   233.600    -1.91    4.71
 145459.772   233.740     0.37    4.65
 145836.688   234.120     1.01    4.66
 146213.688   234.776     1.74    5.76
 146590.774   235.930     3.06    5.17
 146967.943   236.281     0.93    4.53
 147345.198   237.450     3.10    5.13
 147722.538   239.158     4.53    5.38
 148099.962   243.140    10.55    7.26
 148477.472   247.615    11.85    9.34
 148855.066   250.620     7.96    9.60
 149232.746   253.174     6.76    7.88
 149610.510   251.853    -3.50    6.35
 149988.360   247.802   -10.72    6.41
 150366.295   243.570   -11.20    6.79
 150744.315   239.763   -10.07    5.02
 151122.421   238.267    -3.96    4.02
 151500.612   239.552     3.40    3.95
 151878.888   243.040     9.22    4.76
 152257.251   245.656     6.91    5.03
 152635.698   248.059     6.35    5.34
 153014.231   250.684     6.93    5.42
 153392.850   252.366     4.44    5.93
 153771.555   253.232     2.29    5.79
 154150.346   255.010     4.69    3.12
 154529.222   255.357     0.92    1.66
 154908.184   256.380     2.70    2.62
 155287.232   258.707     6.14    3.85
 155666.367   262.050     8.82    4.42
 156045.587   264.170     5.59    3.54
 156424.894   264.374     0.54    3.19
 156804.286   262.030    -6.18    4.67
 157183.765   258.200   -10.09    4.81
 157563.331   255.480    -7.17    4.26
 157942.983   253.381    -5.53    3.65
 158322.721   251.446    -5.10    4.71
 158702.545   248.673    -7.30    5.46
 159082.457   248.222    -1.19    5.40
 159462.455   250.469     5.91    7.52
 159842.539   255.158    12.34    8.43
 160222.710   260.520    14.10    6.13
 160602.968   263.980     9.10    4.25
 160983.313   265.122     3.00    3.58
 161363.745   265.881     1.99    3.34
 161744.264   267.626     4.59    3.81
 162124.870   268.647     2.68    4.57
 162505.563   268.796     0.39    4.46
 162886.343   268.158    -1.67    3.95
 163267.210   267.102    -2.77    3.06
 163648.164   266.412    -1.81    2.46
 164029.206   265.848    -1.48    2.16
 164410.335   265.792    -0.15    2.14
 164791.552   266.258     1.22    2.20
 165172.856   266.713     1.19    2.51
 165554.248   267.459     1.96    2.75
 165935.276   267.071    -1.02    2.94
 166300.170   266.153    -2.52    3.39
 166665.143   264.843    -3.59    3.15
 167030.195   263.010    -5.02    2.62
 167395.326   260.350    -7.29    4.25
 167760.536   257.060    -9.01    6.16
 168125.825   251.684   -14.72    7.56
 168491.192   246.804   -13.36    7.04
 168856.639   242.652   -11.36    4.80
 169222.165   240.460    -6.00    3.41
 169587.770   239.020    -3.94    3.19
 169953.455   237.380    -4.49    3.54
 170319.218   235.300    -5.69    4.29
 170685.061   232.418    -7.88    5.08
 171050.984   229.485    -8.02    5.39
 171416.985   226.323    -8.64    4.41
 171783.067   223.088    -8.84    3.76
 172149.228   221.071    -5.51    3.09
 172515.468   219.190    -5.14    3.80
 172881.788   217.614    -4.30    4.03
 173248.188   216.577    -2.83    4.03
 173614.667   214.863    -4.68    3.38
 173981.227   213.258    -4.38    2.72
 174347.866   211.833    -3.89    2.51
