# NaN NaN NaN ;Mean Elev.(m), Avg Gradient(m/km), RMS Gradient(m/km) - SRTM1     
#   -9.902   2.330  18.874 ;Mean Elev.(m), Avg Gradient(m/km), RMS Gradient(m/km) - ASTER GDEM
#    0.045   1.187  16.990 ;Mean Elev.(m), Avg Gradient(m/km), RMS Gradient(m/km) - GMTED2010 
  7  67.195849  66.568054    58.941    58.941  2 52460.67403861  5.637
  9  67.177501  66.564360     4.021     3.732  7 52530.67402068 19.331
 10  67.192580  66.567138     2.255     2.326  5 52565.67404027 17.870
 11  67.195039  66.566774     2.727     2.823  5 52600.67406058 29.787
 12  67.182409  66.565284     2.210     2.214  7 52635.67402074 16.478
 16  67.208677  66.571210    86.235    86.311  4 52775.67400186  7.425
 18  67.182554  66.565373     4.615     4.756  7 52845.67413279 25.994
 19  67.189552  66.566733     3.453     3.305  5 52880.67417019 20.193
 21  67.183837  66.564614     1.019     1.082  7 52950.67408739 36.149
 22  67.196311  66.567882     0.999     0.973  5 52985.67410941 18.196
 26  67.188519  66.564467     3.538     3.554  4 53125.67409543 10.433
 27  67.190465  66.561561    97.917   103.557  4 53160.67415618  0.921
 29  67.200826  66.568854     4.227     4.285  4 53230.67413998 19.167
 31  67.178721  66.564282     1.551     1.408  7 53300.67415867 27.058
 32  67.193207  66.568972     1.530     1.553  5 53335.67412994 23.678
 33  67.206897  66.571958     1.899     1.900  4 53370.67406823 16.478
 34  67.188719  66.567023     1.598     1.562  5 53405.67410221 14.063
 37  67.193129  66.566287    92.448    90.507  5 53510.67416916  4.773
 43  67.206024  66.571319     0.869     0.852  4 53720.67406294 19.723
 48  67.193754  66.564246    94.416   102.276  3 53895.67408651  2.398
 49  67.187809  66.564379     4.854     4.384  5 53930.67413909 16.124
 50  67.191173  66.569220     3.461     3.448  4 53965.67411710 19.577
 52  67.190856  66.567461     1.737     1.742  5 54035.67411762 30.456
 53  67.196236  66.567697     1.787     1.774  5 54070.67411165  9.772
 54  67.204806  66.571340     3.833     4.035  4 54105.67406535  7.521
 55  67.188191  66.565188     1.788     1.769  6 54140.67404404 11.483
 57  67.185993  66.567140     8.815     8.939  6 54210.67405116 23.872
 58  67.192540  66.566203    76.655    70.406  4 54245.67408112  1.946
 59  67.193987  66.566302     7.303     7.411  4 54280.67409198 15.491
 60  67.198090  66.567850    55.263    55.263  2 54315.67409114  1.840
 61  67.205716  66.566235    77.962    77.885  3 54350.67405869  3.226
 63  67.200648  66.568343     1.835     1.723  5 54420.67400882 33.422
 64  67.184314  66.564523     1.396     1.421  6 54455.67400195 15.906
 65  67.199202  66.568391     1.371     1.384  5 54490.67400966 12.719
 69  67.193021  66.567237    92.125    93.045  5 54630.67402490  4.449
 70  67.191559  66.567163     4.975     4.809  5 54665.67403139 16.675
 71  67.202354  66.571168     4.547     4.359  4 54700.67400139 17.459
 73  67.197926  66.568735     1.593     1.452  4 54770.67398134 24.572
 74  67.183656  66.566739     1.467     1.525  6 54805.67398454 22.794
 75  67.195269  66.567611     1.621     1.574  5 54840.67397661 13.989
 79  67.194417  66.566244    85.081    83.491  4 54980.67400419  2.100
 82  67.203024  66.571279     3.601     3.548  4 55085.67396724 16.052
 83  67.187041  66.567188     2.013     2.086  6 55120.67393417 18.673
 84  67.197832  66.568541     1.368     1.414  5 55155.67392665 26.116
 85  67.184858  66.565845     1.429     1.411  7 55190.67392350 16.238
 86  67.197975  66.567727     2.068     2.058  5 55225.67392674 11.172
 89  67.193854  66.565983    74.269    73.597  5 55330.67390015  4.258
 90  67.200550  66.566835    78.992    79.110  4 55365.67389344  3.102
 91  67.186987  66.564922     3.666     3.629  6 55400.67390573 13.725
 92  67.196659  66.569258     2.483     2.590  5 55435.67391104 21.989
 93  67.205165  66.571437     3.574     3.077  4 55470.67386385 15.929
