# NaN NaN NaN ;Mean Elev.(m), Avg Gradient(m/km), RMS Gradient(m/km) - SRTM1     
#   30.387  -0.418   4.684 ;Mean Elev.(m), Avg Gradient(m/km), RMS Gradient(m/km) - ASTER GDEM
#   14.748  -0.829   3.475 ;Mean Elev.(m), Avg Gradient(m/km), RMS Gradient(m/km) - GMTED2010 
  7  77.433808  60.631787    41.494    41.502  3 52467.65885981 32.103
  8  77.436350  60.633464    38.278    37.146  3 52502.65885042 30.380
  9  77.421712  60.629751    35.205    35.252  3 52537.65883520 32.973
 10  77.429541  60.632011    39.003    38.861  3 52572.65887414 23.904
 11  77.439748  60.634235    35.653    35.666  3 52607.65883182 26.451
 12  77.426802  60.631041    37.103    38.147  3 52642.65882915 17.603
 13  77.441951  60.633190    37.965    37.984  4 52677.65881373 13.989
 14  77.426866  60.629621    38.051    38.140  3 52712.65884785 14.434
 15  77.431799  60.631537    40.557    40.267  3 52747.65887450 16.662
 16  77.421616  60.629114    40.026    39.869  3 52782.65881431 31.262
 17  77.421474  60.629684    40.349    40.349  2 52817.65889295 36.117
 20  77.440118  60.634349    32.907    32.876  3 52922.65893217 44.575
 21  77.430417  60.632871    32.891    32.940  3 52957.65889781 30.602
 22  77.433686  60.633009    32.947    32.968  3 52992.65892106 18.364
 23  77.445282  60.636328    37.665    37.923  3 53027.65888676 13.120
 24  77.436350  60.633953    38.425    38.390  3 53062.65889513 12.454
 25  77.435655  60.633918    39.800    39.803  3 53097.65891555 11.108
 26  77.437516  60.632423    37.358    37.373  3 53132.65889234 31.351
 28  77.431103  60.632778    37.252    37.267  3 53202.65896904 33.906
 29  77.446433  60.633068    34.558    34.560  3 53237.65893749 34.898
 30  77.423968  60.628880    34.169    34.179  3 53272.65889526 26.716
 31  77.425327  60.630118    34.285    34.285  2 53307.65895768 44.511
 32  77.437050  60.634009    36.748    36.767  3 53342.65892496 22.396
 34  77.436635  60.633968    38.221    38.275  3 53412.65890073 19.142
 35  77.420282  60.630154    37.855    38.020  3 53447.65888667 15.544
 36  77.422342  60.630845    34.423    34.419  3 53482.65897214 42.087
 37  77.435371  60.634057    39.585    39.581  3 53517.65897334 34.047
 38  77.430768  60.629886    37.241    37.240  3 53552.65899382 34.293
 39  77.443246  60.632896    36.058    35.265  3 53587.65894581 29.317
 40  77.416777  60.629034    37.767    37.767  2 53622.65891459 21.432
 41  77.427159  60.630284    38.619    38.619  2 53657.65894212 17.725
 42  77.437361  60.631777    34.201    34.196  3 53692.65892553 35.292
 44  77.431696  60.633268    37.920    38.066  3 53762.65880533 15.931
 45  77.445607  60.632778    37.312    37.338  3 53797.65881586 11.944
 47  77.427482  60.630909    36.963    36.963  2 53867.65887522 36.708
 48  77.431971  60.631750    39.775    39.775  2 53902.65890623 28.001
 49  77.423903  60.630411    38.119    38.119  2 53937.65894336 21.035
 50  77.435898  60.633877    36.281    34.713  3 53972.65890716 21.375
 51  77.425338  60.630532    38.790    38.790  2 54007.65889364 18.800
 52  77.433456  60.631959    35.096    35.096  2 54042.65891769 43.027
 53  77.438301  60.634082    38.553    38.544  3 54077.65891184 11.142
 54  77.446802  60.632900    36.927    37.564  3 54112.65885052 18.263
 55  77.429791  60.631160    37.971    37.971  2 54147.65885508 14.302
 56  77.444126  60.634551    39.212    39.212  2 54182.65883915 12.711
 57  77.427669  60.631764    38.180    38.191  3 54217.65886385 51.436
 58  77.433197  60.630255    41.440    41.300  3 54252.65888911 32.060
 59  77.437455  60.632823    42.011    42.023  4 54287.65889393 34.517
 60  77.436359  60.632202    40.308    40.123  3 54322.65889104 20.432
 61  77.446221  60.633225    39.754    40.048  3 54357.65884910 24.820
 62  77.435142  60.630666    37.936    39.501  3 54392.65883118 22.658
 63  77.439902  60.633343    36.727    36.727  2 54427.65879932 28.346
 64  77.430855  60.631358    37.961    37.961  2 54462.65880940 18.472
 65  77.439224  60.634147    37.940    38.090  3 54497.65880799 15.118
 66  77.434839  60.630812    38.927    38.950  3 54532.65882260 13.657
 67  77.445363  60.632763    38.801    38.805  3 54567.65881240 10.226
 68  77.432250  60.631737    39.899    39.899  2 54602.65881819 34.477
 69  77.433814  60.633229    39.828    39.795  3 54637.65882945 32.102
 70  77.434289  60.633658    37.457    36.475  3 54672.65883279 22.987
 71  77.442023  60.634017    35.976    34.765  4 54707.65879191 29.416
 72  77.430804  60.633054    34.564    34.616  3 54742.65879801 44.473
 73  77.439054  60.633848    35.486    34.658  3 54777.65877344 41.491
 74  77.427819  60.631912    37.743    38.253  3 54812.65879134 21.946
 75  77.439071  60.634329    37.953    37.896  3 54847.65877376 18.038
 76  77.430254  60.632256    38.166    38.185  3 54882.65879455 14.600
 77  77.442146  60.633855    39.897    39.897  2 54917.65877624 13.683
 78  77.431096  60.631476    39.342    39.342  2 54952.65878870 41.029
 79  77.431592  60.629938    39.752    39.674  3 54987.65881261 39.017
 80  77.437666  60.633782    39.064    39.103  3 55022.65880535 34.897
 81  77.436078  60.634080    35.463    35.455  3 55057.65880144 30.370
 82  77.442744  60.633795    36.805    36.354  4 55092.65875685 27.567
 83  77.432790  60.632522    38.957    39.010  3 55127.65874117 23.416
 84  77.437671  60.633701    36.102    36.112  3 55162.65871833 24.276
 85  77.430309  60.629835    37.286    37.407  3 55197.65873201 13.841
 86  77.441001  60.633908    38.332    38.332  2 55232.65872227 12.245
 87  77.433203  60.632524    38.570    38.551  3 55267.65872709 11.857
 88  77.445578  60.633316    39.476    39.584  3 55302.65870242 15.268
 89  77.436511  60.631330    39.690    39.635  3 55337.65870097 26.529
 90  77.437027  60.633523    40.742    40.808  3 55372.65869141 26.780
 91  77.432082  60.633294    39.575    39.083  3 55407.65871194 25.209
 92  77.438509  60.631589    35.923    35.796  3 55442.65870986 29.577
 93  77.447186  60.633286    38.246    39.224  3 55477.65864990 23.795
