# NaN NaN NaN ;Mean Elev.(m), Avg Gradient(m/km), RMS Gradient(m/km) - SRTM1     
#   16.312  -0.162   3.511 ;Mean Elev.(m), Avg Gradient(m/km), RMS Gradient(m/km) - ASTER GDEM
#   23.648  -0.279   3.094 ;Mean Elev.(m), Avg Gradient(m/km), RMS Gradient(m/km) - GMTED2010 
  7  69.880296  61.249358    28.013    28.011  3 52444.26654113 51.490
  8  69.881431  61.246166    27.919    27.953  3 52479.26653509 28.634
  9  69.884461  61.245242    21.872    21.886  3 52514.26648120 38.250
 11  69.890227  61.243408    22.624    22.625  4 52584.26651446 48.779
 12  69.877058  61.249474    22.675    22.675  2 52619.26649128 19.019
 13  69.894451  61.239363    21.990    22.015  3 52654.26647575 14.253
 14  69.878427  61.248023    23.718    23.718  2 52689.26647068  9.277
 15  69.888444  61.244984    25.112    25.281  3 52724.26651570  8.268
 16  69.870783  61.250876    24.987    24.561  3 52759.26653482 14.808
 17  69.896512  61.239010    26.705    26.705  2 52794.26649072 27.015
 18  69.896628  61.237308    26.596    26.596  2 52829.26655827 29.705
 19  69.894774  61.238452    23.823    24.215  3 52864.26660271 18.230
 20  69.881618  61.246548    20.342    20.331  3 52899.26663083 29.832
 21  69.876344  61.250216    21.382    19.781  3 52934.26657435 20.571
 22  69.891573  61.242777    20.322    20.333  3 52969.26658936 23.416
 23  69.880394  61.247509    20.421    20.396  3 53004.26660825 18.524
 25  69.883220  61.248009    20.004    20.001  3 53074.26658745 25.054
 27  69.888141  61.243510    24.971    24.719  4 53144.26659862 25.369
 28  69.887551  61.242477    26.128    26.020  3 53179.26661483 25.844
 30  69.879973  61.247759    22.216    21.186  3 53249.26660530 32.346
 31  69.890285  61.243055    20.939    20.949  3 53284.26660071 33.983
 33  69.883400  61.244382    22.469    22.505  3 53354.26655836 20.769
 34  69.893028  61.240794    21.080    21.072  3 53389.26656115 19.765
 35  69.888550  61.243341    20.483    20.482  4 53424.26655970 17.451
 36  69.896381  61.237352    25.164    25.120  3 53459.26656560 12.447
 37  69.883871  61.247536    24.218    24.095  3 53494.26664927 22.988
 38  69.890130  61.243793    26.325    26.386  3 53529.26662556 27.588
 39  69.878056  61.248578    25.656    25.656  2 53564.26665564 20.634
 40  69.883541  61.246509    22.649    21.684  3 53599.26659738 24.137
 41  69.890552  61.242054    20.746    20.720  3 53634.26659423 40.008
 42  69.883602  61.246042    22.010    20.802  3 53669.26661547 20.523
 43  69.885986  61.243601    20.136    20.143  3 53704.26655500 36.631
 44  69.877918  61.249321    21.286    21.322  3 53739.26646341 13.290
 45  69.892486  61.239943    23.767    23.767  2 53774.26648327  7.968
 46  69.879920  61.247127    26.009    25.846  3 53809.26646661  7.441
 48  69.892389  61.241470    25.341    25.344  3 53879.26653768 37.280
 49  69.883061  61.247937    26.273    26.324  3 53914.26659200 36.204
 50  69.877596  61.248808    24.516    24.785  3 53949.26660327 23.662
 51  69.879263  61.246915    21.484    21.465  3 53984.26654272 31.081
 52  69.893299  61.240470    25.064    25.064  2 54019.26657728 15.057
 53  69.893939  61.239542    21.697    21.697  2 54054.26656834 49.611
 54  69.882979  61.246349    22.022    21.992  3 54089.26655842 12.769
 55  69.895534  61.239211    25.850    25.850  2 54124.26648283 12.104
 56  69.884690  61.243618    26.293    26.216  3 54159.26652425 11.158
 57  69.893909  61.240152    26.236    26.325  3 54194.26648548 12.648
 58  69.887934  61.244100    26.356    26.353  3 54229.26653617 48.458
 59  69.889241  61.244849    27.057    27.060  3 54264.26655415 26.409
 60  69.887200  61.242779    27.813    27.714  3 54299.26655831 32.899
 61  69.883369  61.245741    25.983    26.041  3 54334.26654829 23.298
 63  69.885808  61.247162    25.194    25.017  3 54404.26649189 19.619
 64  69.896243  61.238582    21.787    21.787  2 54439.26645035 25.206
 65  69.889996  61.242143    23.113    23.518  3 54474.26647911 16.746
 66  69.894062  61.239308    21.220    20.836  3 54509.26646287 15.640
 67  69.885858  61.244302    25.879    25.767  3 54544.26649320 12.444
 68  69.889863  61.243525    22.705    21.164  3 54579.26646147 24.549
 69  69.886625  61.244024    26.423    26.453  3 54614.26648309 30.932
 70  69.887150  61.243208    26.730    26.827  3 54649.26649286 25.282
 71  69.883161  61.246659    23.575    23.502  3 54684.26648934 21.490
 72  69.895116  61.238667    20.892    20.892  2 54719.26643764 22.445
 73  69.887227  61.243196    22.513    21.355  3 54754.26646359 29.926
 74  69.892965  61.239341    20.660    20.660  2 54789.26643143 48.651
 75  69.890846  61.243317    22.702    22.734  3 54824.26645876 18.331
 76  69.895357  61.238687    21.845    21.845  2 54859.26642428 14.449
 77  69.882449  61.245109    20.946    20.932  3 54894.26646063 11.723
 78  69.891695  61.240973    20.783    20.783  2 54929.26642365 24.168
 79  69.886925  61.244570    25.905    25.903  3 54964.26646015 51.949
 80  69.884739  61.246346    26.102    26.102  3 54999.26648050 52.748
 81  69.889297  61.243924    24.936    24.952  3 55034.26646785 23.587
 82  69.882279  61.247188    22.302    22.302  2 55069.26645666 49.007
 83  69.892615  61.240720    24.181    24.181  2 55104.26639785 17.086
 84  69.885929  61.243587    20.819    20.848  3 55139.26640495 45.493
 85  69.894598  61.238270    22.065    22.065  2 55174.26636588 22.516
 86  69.888398  61.243345    21.234    21.231  4 55209.26639986 12.555
 87  69.891674  61.240771    21.937    21.937  2 55244.26637162 10.896
 88  69.884009  61.247253    22.712    22.058  3 55279.26639304  8.921
 89  69.887867  61.243701    21.470    21.477  4 55314.26635755 33.621
 90  69.885286  61.246836    25.987    25.945  3 55349.26636397 34.121
 91  69.890793  61.240174    26.335    26.373  3 55384.26635742 25.123
 92  69.887911  61.242285    25.353    25.286  3 55419.26638339 21.564
 93  69.882009  61.248019    24.766    24.680  3 55454.26636112 18.234
 94  69.876739  61.248704    22.672    21.469  3 55489.26628113 22.829
