-140474.720    23.144     0.00    5.99
-140097.480    25.288     5.68    5.07
-139720.312    27.610     6.16    2.54
-139343.216    28.714     2.93    1.57
-138966.193    28.889     0.47    1.62
-138589.242    29.070     0.48    1.96
-138212.363    29.031    -0.10    2.81
-137835.557    28.529    -1.33    3.38
-137458.823    27.863    -1.77    3.37
-137082.161    28.541     1.80    3.58
-136705.572    30.024     3.94    4.25
-136329.054    32.726     7.18    5.89
-135952.609    36.004     8.71    6.26
-135576.235    38.127     5.64    5.91
-135199.934    39.292     3.10    4.60
-134823.705    39.633     0.91    4.20
-134447.547    38.780    -2.27    4.60
-134071.461    36.144    -7.01    6.79
-133695.448    34.048    -5.57    6.74
-133319.506    34.928     2.34    7.06
-132943.636    36.486     4.14    7.26
-132567.837    37.680     3.18    5.05
-132192.110    36.893    -2.10    4.30
-131816.455    35.819    -2.86    3.91
-131440.871    35.378    -1.18    3.98
-131065.359    34.668    -1.89    3.26
-130689.919    35.091     1.13    2.55
-130314.550    34.426    -1.77    2.29
-129939.252    34.207    -0.58    2.44
-129564.026    32.994    -3.23    2.78
-129188.871    31.417    -4.20    2.48
-128813.788    30.691    -1.93    2.78
-128438.775    29.622    -2.85    2.28
-128063.834    29.771     0.40    2.20
-127688.965    29.284    -1.30    2.45
-127314.166    28.469    -2.18    2.61
-126939.438    27.730    -1.97    2.07
-126564.782    27.989     0.69    2.05
-126190.196    28.842     2.28    1.86
-125815.682    29.459     1.65    1.37
-125441.238    29.658     0.53    1.34
-125066.865    29.563    -0.25    1.39
-124692.564    29.500    -0.17    1.57
-124318.333    28.924    -1.54    1.97
-123944.173    25.680    -8.67    5.96
-123570.083    22.052    -9.70    7.09
-123196.064    18.341    -9.92    6.15
-122822.116    15.610    -7.30    3.91
-122448.239    13.537    -5.54    3.10
-122074.432    11.886    -4.42    3.76
-121700.696     9.656    -5.97    2.99
-121327.030     8.319    -3.58    1.47
-120953.435     7.875    -1.19    0.64
-120579.910     7.880     0.02    0.66
-120206.455     8.014     0.36    0.56
-119833.071     8.035     0.06    0.58
-119459.757     8.188     0.41    0.65
-119086.514     8.348     0.43    0.72
-118713.340     8.356     0.02    0.72
-118340.237     8.369     0.03    0.70
-117967.204     8.014    -0.95    1.28
-117594.241     7.541    -1.27    1.50
-117221.349     7.365    -0.47    1.68
-116848.526     7.210    -0.42    1.88
-116475.773     7.140    -0.19    1.90
-116103.090     7.331     0.51    1.88
-115730.477     7.526     0.52    1.76
-115357.934     8.093     1.52    1.09
-114985.461     8.251     0.43    0.51
-114613.058     8.319     0.18    0.53
-114240.724     8.292    -0.07    0.52
-113868.460     8.331     0.10    0.59
-113496.266     8.683     0.95    0.86
-113124.141     9.001     0.85    0.98
-112752.086     9.301     0.81    0.93
-112380.101     9.644     0.92    0.93
-112008.185     9.509    -0.36    0.95
-111636.339     9.692     0.49    1.01
-111264.562     9.822     0.35    1.13
-110892.854     9.774    -0.13    1.10
-110521.216     9.959     0.50    1.11
-110149.647    10.180     0.59    1.05
-109778.148    10.509     0.89    0.93
-109406.717    10.575     0.18    1.07
-109035.356    10.683     0.29    1.13
-108664.064    11.092     1.10    1.12
-108292.842    11.585     1.33    0.87
-107921.688    11.828     0.66    0.67
-107550.603    11.875     0.12    0.92
-107179.588    11.550    -0.87    1.15
-106808.641    11.280    -0.73    1.26
-106437.763    10.901    -1.02    1.08
-106066.955    10.808    -0.25    0.90
-105696.215    11.139     0.89    0.70
-105325.544    11.514     1.01    1.10
-104954.942    11.792     0.75    1.25
-104584.408    11.848     0.15    1.20
-104213.943    11.467    -1.03    1.35
-103843.547    11.076    -1.05    1.09
-103473.220    10.951    -0.34    1.21
-103102.961    10.562    -1.05    1.31
-102732.771    10.327    -0.63    1.35
-102362.649    10.104    -0.60    1.25
-101992.596    10.486     1.03    1.69
-101622.611    12.238     4.74    3.24
-101252.694    15.033     7.56    5.66
-100882.846    18.403     9.11    7.00
-100513.067    23.338    13.35    7.78
-100143.355    26.717     9.14    6.94
 -99773.712    28.697     5.36    5.03
 -99404.137    29.098     1.09    4.31
 -99034.630    28.322    -2.10    4.35
 -98665.192    28.553     0.63    4.91
 -98295.821    29.984     3.87    4.47
 -97926.519    31.935     5.28    4.63
 -97557.284    34.426     6.75    4.81
 -97188.118    36.127     4.61    4.70
 -96819.020    36.695     1.54    3.74
 -96449.989    36.883     0.51    4.02
 -96081.027    36.770    -0.31    5.35
 -95712.132    34.245    -6.84    6.76
 -95343.305    33.110    -3.08    8.21
 -94974.546    33.210     0.27    9.27
 -94605.854    33.260     0.14    9.50
 -94237.230    32.970    -0.79    9.39
 -93868.674    33.410     1.19    8.64
 -93500.186    33.200    -0.57    7.86
 -93131.765    34.186     2.68    7.80
 -92763.412    35.494     3.55    7.55
 -92395.126    35.924     1.17    6.61
 -92026.908    35.009    -2.48    6.05
 -91658.757    34.931    -0.21    5.71
 -91290.673    36.027     2.98    5.18
 -90922.657    37.410     3.76    4.02
 -90554.708    38.913     4.08    2.86
 -90186.827    39.480     1.54    2.91
 -89819.012    39.159    -0.87    3.92
 -89451.265    39.939     2.12    4.75
 -89083.586    40.717     2.12    4.98
 -88715.973    42.516     4.89    5.44
 -88348.427    45.243     7.42    4.18
 -87980.949    47.739     6.79    3.96
 -87613.537    48.763     2.79    3.30
 -87246.193    48.959     0.53    3.67
 -86878.915    49.264     0.83    3.99
 -86511.704    49.810     1.49    4.04
 -86144.561    51.774     5.35    3.79
 -85777.484    53.535     4.80    2.29
 -85410.474    54.622     2.96    2.89
 -85043.530    56.334     4.67    4.12
 -84676.654    59.586     8.87    5.02
 -84309.844    63.481    10.62    4.11
 -83943.101    65.691     6.03    3.32
 -83576.424    67.052     3.71    2.59
 -83209.814    66.374    -1.85    3.29
 -82843.271    63.967    -6.57    4.41
 -82464.031    60.939    -7.98    4.50
 -82083.708    58.884    -5.40    3.31
 -81703.458    58.492    -1.03    2.71
 -81323.280    59.827     3.51    3.18
 -80943.174    60.516     1.81    3.06
 -80563.140    59.734    -2.06    3.33
 -80183.179    60.170     1.15    3.73
 -79803.290    60.794     1.64    3.84
 -79423.473    61.151     0.94    4.80
 -79043.728    58.986    -5.70    7.71
 -78664.055    53.693   -13.94    9.08
 -78284.455    46.670   -18.50    8.32
 -77904.926    44.055    -6.89    6.92
 -77525.469    45.680     4.28    9.06
 -77146.084    52.140    17.03   12.33
 -76766.771    59.163    18.52    9.16
 -76387.530    62.269     8.19    7.36
 -76008.360    61.822    -1.18    8.83
 -75629.263    59.084    -7.22    8.53
 -75250.237    58.389    -1.83    8.24
 -74871.282    55.947    -6.45    8.96
 -74492.400    53.033    -7.69    7.78
 -74113.588    52.109    -2.44    6.74
 -73734.849    51.814    -0.78    6.00
 -73356.181    55.189     8.91    5.71
 -72977.584    57.748     6.76    5.82
 -72599.059    60.768     7.98    6.97
 -72220.605    65.919    13.61    8.56
 -71842.222    70.375    11.78    8.02
 -71463.911    74.127     9.92    6.33
 -71085.671    77.327     8.46    5.29
 -70707.502    79.393     5.46    4.70
 -70329.405    80.019     1.66    4.41
 -69951.378    80.091     0.19    4.60
 -69573.423    79.986    -0.28    4.44
 -69195.539    80.461     1.26    4.32
 -68817.725    79.586    -2.32    4.87
 -68439.983    78.014    -4.16    4.70
 -68062.312    77.074    -2.49    4.41
 -67684.711    76.905    -0.45    4.26
 -67307.182    79.669     7.32    4.57
 -66929.723    82.522     7.56    2.92
 -66552.335    82.912     1.04    3.08
 -66175.017    83.622     1.88    3.92
 -65797.771    85.026     3.72    4.59
 -65420.595    86.963     5.14    4.04
 -65043.490    88.822     4.93    3.24
 -64666.455    87.722    -2.92    4.68
 -64289.491    82.683   -13.37    9.14
 -63912.597    75.172   -19.93   12.18
 -63535.774    68.366   -18.06   10.66
 -63159.021    64.429   -10.45    7.00
 -62782.339    66.955     6.71    7.85
 -62405.726    73.772    18.10    9.08
 -62029.185    79.845    16.13    7.95
 -61652.713    82.916     8.16    6.82
 -61276.312    83.122     0.55    7.77
 -60899.981    82.308    -2.16    8.27
 -60523.720    81.802    -1.34    7.62
 -60147.529    83.261     3.88    7.93
 -59771.408    85.573     6.15    9.56
 -59395.357    90.103    12.05    9.34
 -59019.377    91.892     4.76    8.43
 -58643.466    93.133     3.30    7.22
 -58267.625    95.116     5.27    7.64
 -57891.854    99.479    11.61    9.42
 -57516.153   103.327    10.24   10.37
 -57140.521   107.680    11.59   11.50
 -56764.960   111.484    10.13   12.15
 -56389.468   116.645    13.75   10.78
 -56014.046   119.975     8.87    7.56
 -55638.693   121.563     4.23    4.27
 -55263.410   121.029    -1.42    4.30
 -54888.197   117.548    -9.28    7.12
 -54513.053   113.461   -10.90    7.48
 -54137.978   109.736    -9.93    6.79
 -53762.973   105.872   -10.31    5.30
 -53388.038   101.212   -12.43    7.22
 -53013.172    96.254   -13.23    7.53
 -52638.375    92.386   -10.32    6.99
 -52263.647    90.891    -3.99    6.46
 -51888.989    92.514     4.33    7.16
 -51514.400    93.546     2.75    6.53
 -51139.880    89.327   -11.26    9.23
 -50765.429    81.834   -20.01   11.22
 -50391.048    74.869   -18.61    9.74
 -50016.735    71.506    -8.98    7.18
 -49642.492    70.598    -2.43    8.82
 -49268.317    72.659     5.51   11.12
 -48894.211    71.810    -2.27   11.36
 -48520.175    70.468    -3.59   10.43
 -48146.207    69.477    -2.65    8.31
 -47772.308    70.314     2.24    9.02
 -47398.478    69.761    -1.48    9.35
 -47024.716    67.305    -6.57    8.73
 -46651.023    65.308    -5.34    7.03
 -46277.399    65.622     0.84    7.90
 -45903.844    68.424     7.50   10.20
 -45530.357    68.723     0.80   10.56
 -45156.939    67.513    -3.24    9.42
 -44783.589    69.534     5.41    8.71
 -44410.308    73.304    10.10   10.60
 -44037.096    80.822    20.14   10.95
 -43663.951    87.646    18.29    6.93
 -43290.875    88.634     2.65    6.37
 -42917.868    82.296   -16.99   12.09
 -42544.928    72.297   -26.81   14.18
 -42172.058    63.356   -23.98   11.93
 -41799.255    58.622   -12.70    7.83
 -41426.520    64.316    15.28   13.27
 -41053.854    72.250    21.29   13.69
 -40681.256    84.073    31.73   12.68
 -40308.725    91.811    20.77    9.96
 -39936.263    95.633    10.26   11.06
 -39563.869    97.723     5.61   11.08
 -39191.543    98.031     0.83   11.36
 -38819.285    97.455    -1.55   11.38
 -38447.094    98.751     3.48   10.76
 -38074.972    99.909     3.11    8.77
 -37702.917   100.786     2.36    7.50
 -37330.930   102.724     5.21    5.98
 -36959.011   104.790     5.56    7.20
 -36587.160   107.837     8.19    7.16
 -36215.376   110.324     6.69    7.15
 -35843.660   112.493     5.84    6.17
 -35472.012   113.634     3.07    5.26
 -35100.431   114.647     2.73    4.03
 -34728.917   114.974     0.88    3.87
 -34357.471   115.814     2.26    4.02
 -33986.093   117.152     3.60    5.83
 -33614.782   117.288     0.37    7.53
 -33243.538   115.398    -5.09    8.35
 -32872.362   113.122    -6.13    8.98
 -32501.253   112.634    -1.31    9.89
 -32130.211   112.356    -0.75   11.19
 -31759.237   111.292    -2.87   13.09
 -31388.329   107.900    -9.15   14.19
 -31017.489   103.804   -11.04   13.33
 -30646.716   101.535    -6.12   12.85
 -30276.010   100.622    -2.46   12.82
 -29905.372   100.375    -0.67   12.95
 -29534.800   101.597     3.30   11.77
 -29164.295   101.498    -0.27    9.87
 -28793.857    99.351    -5.80    9.54
 -28423.486    92.183   -19.36   13.31
 -28053.182    81.365   -29.21   16.88
 -27682.944    72.280   -24.54   16.00
 -27312.774    66.200   -16.43   11.23
 -26942.670    68.733     6.84   14.54
 -26572.633    80.995    33.14   21.15
 -26202.663    93.439    33.63   19.81
 -25832.759   105.489    32.58   11.46
 -25462.922   110.585    13.78    5.36
 -25093.151   112.574     5.38    4.57
 -24723.448   113.863     3.49    4.77
 -24353.810   114.561     1.89    4.11
 -23984.239   114.967     1.10    4.13
 -23614.735   116.443     4.00    4.86
 -23245.296   117.288     2.29    4.27
 -22875.925   116.934    -0.96    4.89
 -22506.619   113.007   -10.63    7.61
 -22137.380   106.859   -16.65    9.03
 -21768.207   102.860   -10.83    8.32
 -21399.101   100.122    -7.42    7.81
 -21030.060    99.926    -0.53    7.98
 -20661.086   101.006     2.93    7.20
 -20292.178   102.010     2.72    5.87
 -19923.335   104.788     7.53    7.15
 -19554.559   110.073    14.33    7.78
 -19185.849   113.070     8.13    5.30
 -18817.205   112.186    -2.40    5.61
 -18448.627   109.775    -6.54    5.56
 -18080.115   107.002    -7.52    4.72
 -17711.668   104.434    -6.97    6.06
 -17343.288   101.188    -8.81    6.36
 -16974.973    97.497   -10.02    4.48
 -16606.724    94.336    -8.58    3.57
 -16238.541    91.931    -6.53    4.89
 -15870.423    89.513    -6.57    6.96
 -15502.371    89.164    -0.95    9.75
 -15134.385    93.622    12.11   15.15
 -14766.464    96.752     8.51   16.57
 -14398.609   101.054    11.69   16.23
 -14030.819   103.067     5.48   14.62
 -13663.095   104.317     3.40   12.57
 -13295.436   105.804     4.05   11.51
 -12927.843   110.313    12.26   10.59
 -12560.315   114.530    11.47    9.81
 -12192.852   119.280    12.93    6.79
 -11825.455   123.360    11.10    7.03
 -11458.123   127.134    10.28    6.58
 -11090.856   129.198     5.62    5.53
 -10723.655   130.814     4.40    4.48
 -10356.518   126.951   -10.52    7.35
  -9989.447   122.784   -11.35    7.80
  -9622.441   121.935    -2.31    7.08
  -9255.500   120.412    -4.15    6.01
  -8888.623   117.893    -6.86    7.55
  -8521.812   112.926   -13.54   10.39
  -8155.066   104.079   -24.12   11.74
  -7779.350    95.362   -23.20    9.54
  -7399.175    87.313   -21.17    6.77
  -7019.071    82.115   -13.67    6.13
  -6639.037    79.398    -7.15    5.81
  -6259.074    80.166     2.02    7.28
  -5879.181    85.963    15.26    8.39
  -5499.358    91.673    15.03    6.08
  -5119.605    91.919     0.65    7.04
  -4739.923    90.852    -2.81    8.43
  -4360.311    88.547    -6.07    8.50
  -3980.769    85.838    -7.14    8.38
  -3601.297    83.860    -5.21    8.43
  -3221.896    78.000   -15.45   11.63
  -2842.564    69.983   -21.13   14.41
  -2463.302    58.682   -29.80   14.20
  -2084.111    46.572   -31.94   18.66
  -1704.989    32.272   -37.72   22.45
  -1325.937    20.017   -32.33   22.52
   -946.955     7.512   -33.00   16.19
   -568.043     0.009   -19.80    4.55
   -189.200    -1.261    -3.35    0.59
    189.572    -1.378    -0.31    0.00
    568.275    -1.246     0.35    0.51
    946.909    -0.802     1.17    1.11
   1325.472    -0.414     1.02    1.34
   1703.967     0.047     1.22    1.43
   2082.391     0.473     1.13    1.39
   2460.746     0.930     1.21    1.18
   2839.032     1.320     1.03    0.81
   3217.248     1.585     0.70    0.25
   3595.395     1.622     0.10    0.00
   3973.472     1.622     0.00    0.00
   4351.481     1.622     0.00    0.00
   4729.419     1.622     0.00    0.00
   5107.289     1.622     0.00    0.00
   5485.089     1.622     0.00    0.00
   5862.821     1.622     0.00    0.00
   6240.483     1.622     0.00    0.00
   6618.076     1.622     0.00    0.00
   6995.600     1.622     0.00    0.00
   7373.055     1.622     0.00    0.00
   7750.441     1.622     0.00    0.00
   8127.758     1.622     0.00    0.00
   8505.006     1.622     0.00    0.00
   8882.186     1.622     0.00    0.00
   9259.296     1.622     0.00    0.00
   9636.338     1.622     0.00    0.00
  10013.311     1.622     0.00    0.00
  10390.215     1.622     0.00    0.00
  10767.051     1.622     0.00    0.00
  11143.818     1.622     0.00    0.00
  11520.516     1.622     0.00    0.00
  11897.146     1.622     0.00    0.00
  12273.707     1.622     0.00    0.00
  12650.200     1.622     0.00    0.00
  13026.625     1.622     0.00    0.00
  13402.981     1.622     0.00    0.00
  13779.268     1.622     0.00    0.00
  14155.487     1.622     0.00    0.00
  14531.638     1.622     0.00    0.00
  14907.721     1.622     0.00    0.00
  15283.736     1.622     0.00    0.00
  15659.682     1.634     0.03    0.11
  16035.560     2.829     3.18    3.61
  16411.370     9.062    16.58   10.39
  16787.112    16.751    20.46   12.15
  17162.786    23.500    17.96    9.38
  17538.392    27.985    11.94    4.26
  17913.930    27.205    -2.08    6.10
  18289.400    23.070   -11.01   10.45
  18664.802    18.453   -12.30   11.89
  19040.136    13.493   -13.21   11.43
  19415.403    10.127    -8.97    9.98
  19790.602     7.786    -6.24    8.22
  20165.733     5.868    -5.11    6.95
  20540.796     4.047    -4.86    5.29
  20915.791     2.729    -3.51    3.38
  21290.719     1.824    -2.41    1.03
  21665.580     1.622    -0.54    0.00
  22040.372     1.622     0.00    0.00
  22415.098     1.622     0.00    0.00
  22789.756     1.622     0.00    0.00
  23164.346     1.622     0.00    0.00
  23538.869     1.622     0.00    0.00
  23913.324     1.622     0.00    0.00
  24287.713     1.622     0.00    0.00
  24662.033     1.622     0.00    0.00
  25036.287     1.622     0.00    0.00
  25410.474     1.622     0.00    0.00
  25784.593     1.622     0.00    0.00
  26158.645     1.622     0.00    0.00
  26532.630     1.707     0.23    0.50
  26906.548     3.486     4.76    4.58
  27280.398     7.109     9.69    7.85
  27654.182    12.073    13.28   10.13
  28027.899    18.256    16.54   10.21
  28401.549    22.809    12.19    9.32
  28775.132    27.918    13.67    6.03
  29148.648    30.523     6.97    2.97
  29522.097    31.140     1.65    2.56
  29895.480    31.350     0.56    2.65
  30268.795    31.078    -0.73    2.99
  30642.044    30.807    -0.73    3.03
  31015.227    31.140     0.89    3.13
  31388.342    31.406     0.71    2.93
  31761.391    31.804     1.07    3.33
  32134.374    32.759     2.56    4.09
  32507.289    34.061     3.49    4.51
  32880.139    35.837     4.76    3.56
  33252.922    37.477     4.40    1.55
  33625.638    37.893     1.12    1.72
  33998.288    38.152     0.70    2.31
  34370.872    38.447     0.79    2.75
  34743.389    39.339     2.40    2.92
  35115.840    40.325     2.65    2.29
  35488.225    40.184    -0.38    2.57
  35860.544    39.708    -1.28    3.32
  36232.796    38.633    -2.89    3.92
  36604.982    37.634    -2.68    4.30
  36977.102    36.226    -3.78    4.61
  37349.156    34.609    -4.35    3.28
  37721.144    34.707     0.26    3.33
  38093.066    36.001     3.48    3.04
  38464.922    37.091     2.93    2.29
  38836.712    38.559     3.95    2.30
  39208.436    39.547     2.66    2.80
  39580.094    39.572     0.06    3.06
  39951.687    39.316    -0.69    3.18
  40323.213    37.893    -3.83    3.02
  40694.674    36.922    -2.62    2.25
  41066.069    37.222     0.81    2.71
  41437.399    37.826     1.63    3.26
  41808.662    37.862     0.10    3.55
  42179.860    37.671    -0.51    3.13
  42550.993    37.222    -1.21    2.28
  42922.060    38.231     2.72    2.84
  43293.061    40.305     5.59    3.79
  43663.997    42.067     4.75    4.08
  44034.868    43.239     3.16    3.87
  44405.673    43.059    -0.48    3.85
  44776.412    42.436    -1.68    3.28
  45147.087    43.731     3.49    3.88
  45517.696    45.782     5.53    3.98
  45888.239    47.276     4.03    3.51
  46258.718    48.572     3.50    2.63
  46629.131    49.048     1.29    2.96
  46999.479    49.054     0.01    3.07
  47369.762    50.292     3.34    3.06
  47739.980    51.394     2.97    3.15
  48110.133    52.696     3.52    3.27
  48480.220    54.109     3.82    3.07
  48850.243    55.585     3.99    3.32
  49220.201    57.646     5.57    3.30
  49590.094    58.059     1.12    2.98
  49959.922    58.248     0.51    3.11
  50329.685    59.584     3.61    3.77
  50699.383    60.743     3.14    3.98
  51069.016    62.797     5.55    3.79
  51438.585    64.534     4.70    2.76
  51808.089    65.868     3.61    3.03
  52177.528    66.814     2.56    3.13
  52546.903    67.280     1.26    3.27
  52916.212    68.226     2.56    5.20
  53285.458    70.147     5.20    7.87
  53654.639    74.733    12.42   10.95
  54023.755    81.686    18.84   10.97
  54392.807    90.443    23.73   11.77
  54761.794    97.832    20.02   11.69
  55130.717   104.547    18.20   13.85
  55499.575   113.174    23.39   12.38
  55868.369   114.778     4.35   10.80
  56237.099   110.069   -12.77   13.62
  56605.765   100.036   -27.21   16.70
  56974.366    90.227   -26.61   12.45
  57342.903    87.219    -8.16    9.85
  57711.376    90.275     8.29   11.03
  58079.784    97.501    19.61   10.01
  58448.129   100.506     8.16   11.18
  58816.409   104.347    10.43   12.16
  59184.626   108.646    11.68   13.01
  59552.778   115.682    19.11   12.56
  59920.867   124.432    23.77   10.36
  60288.891   129.041    12.52    7.10
  60656.852   128.925    -0.32    5.49
  61024.748   127.498    -3.88    6.21
  61392.581   126.980    -1.41    6.13
  61760.350   124.256    -7.41    8.56
  62128.055   123.819    -1.19   12.24
  62495.697   125.533     4.66   14.72
  62863.275   125.878     0.94   16.70
  63230.789   128.963     8.40   17.31
  63598.239   129.549     1.59   18.40
  63965.626   130.547     2.71   18.12
  64332.949   135.147    12.52   18.52
  64700.209   136.822     4.56   18.64
  65067.405   137.304     1.32   16.61
  65434.538   139.336     5.53   16.36
  65801.607   139.926     1.61   13.57
  66168.613   140.148     0.60   11.24
  66535.555   142.807     7.25    9.31
  66908.032   145.842     8.15    9.05
  67288.065   148.436     6.83    8.77
  67668.029   151.180     7.22    5.75
  68047.925   148.859    -6.11    6.49
  68427.752   145.347    -9.25    6.40
  68807.511   142.804    -6.69    5.29
  69187.202   141.782    -2.69    4.84
  69566.824   142.646     2.28    6.14
  69946.377   144.534     4.97    7.89
  70325.862   146.709     5.73    7.30
  70705.279   146.658    -0.13    6.72
  71084.628   145.596    -2.80    6.26
  71463.908   143.365    -5.88    6.34
  71843.121   141.937    -3.77    6.14
  72222.265   142.487     1.45    5.33
  72601.341   143.437     2.51    4.34
  72980.348   144.320     2.33    3.83
  73359.288   143.761    -1.48    3.49
  73738.160   143.047    -1.89    3.19
  74116.964   142.572    -1.25    2.30
  74495.700   139.609    -7.82    6.53
  74874.368   133.807   -15.32   11.32
  75252.968   127.426   -16.85   11.15
  75631.500   120.708   -17.75    5.63
  76009.965   118.837    -4.94    2.95
  76388.362   120.449     4.26    4.49
  76766.691   121.330     2.33    5.05
  77144.952   122.317     2.61    4.87
  77523.146   123.505     3.14    4.65
  77901.272   125.078     4.16    4.56
  78279.330   128.757     9.73    4.77
  78657.321   132.041     8.69    4.57
  79035.245   134.466     6.41    4.13
  79413.101   134.475     0.03    4.10
  79790.890   134.102    -0.99    4.46
  80168.611   135.259     3.06    5.72
  80546.265   138.972     9.83    7.24
  80923.851   142.177     8.49    5.83
  81301.371   144.061     4.99    3.29
  81678.823   143.849    -0.56    2.97
  82056.207   143.134    -1.90    3.27
  82433.525   142.609    -1.39    4.17
  82810.775   143.017     1.08    5.68
  83187.959   143.394     1.00    6.63
  83565.075   139.918    -9.22    8.98
  83942.124   136.442    -9.22    9.35
  84319.107   135.829    -1.63    7.88
  84696.022   135.985     0.41    6.31
  85072.871   136.134     0.39    4.99
  85449.652   136.266     0.35    4.30
  85826.367   134.967    -3.45    4.21
  86203.015   133.728    -3.29    2.80
  86579.596   134.987     3.34    3.85
  86956.110   136.229     3.30    4.63
  87332.558   135.436    -2.11    5.88
  87708.939   134.571    -2.30    6.21
  88085.253   131.847    -7.24    6.70
  88461.501   127.497   -11.56    6.40
  88837.682   125.856    -4.36    5.48
  89213.796   126.609     2.00    6.19
  89589.844   128.313     4.53    6.15
  89965.826   128.862     1.46    5.51
  90341.741   126.352    -6.68    7.50
  90717.590   122.202   -11.04    7.86
  91093.373   118.723    -9.26    7.21
  91469.089   114.745   -10.59    7.62
  91844.739   113.750    -2.65    8.27
  92220.322   115.734     5.28    9.50
  92595.840   118.414     7.14    9.54
  92971.291   120.284     4.98    8.30
  93346.676   120.095    -0.50   10.31
  93721.995   119.547    -1.46   10.72
  94097.248   121.582     5.42   10.99
  94472.435   126.325    12.64    9.17
  94847.556   130.293    10.58    7.46
  95222.611   127.884    -6.42    9.73
  95597.600   120.907   -18.60   12.91
  95972.523   113.073   -20.89   12.43
  96347.380   108.955   -10.98    8.90
  96722.171   112.264     8.83   11.25
  97096.897   119.609    19.60   13.32
  97471.557   127.768    21.78   11.09
  97846.151   134.735    18.60    6.87
  98220.679   136.897     5.77    6.84
  98595.142   139.609     7.24    7.31
  98969.539   141.409     4.81    7.56
  99343.870   144.909     9.35    7.71
  99718.136   148.498     9.59    6.49
 100092.337   150.472     5.27    5.00
 100466.472   151.305     2.23    5.31
 100840.541   151.493     0.50    4.61
 101214.546   151.671     0.47    3.65
 101588.484   153.350     4.49    3.76
 101962.358   154.980     4.36    3.74
 102336.166   156.404     3.81    3.49
 102709.909   155.698    -1.89    4.36
 103083.586   154.432    -3.39    4.76
 103457.199   152.809    -4.34    4.73
 103830.746   151.893    -2.45    4.24
 104204.228   150.814    -2.89    4.05
 104577.645   148.284    -6.77    5.60
 104950.997   144.775    -9.40    6.88
 105324.283   140.708   -10.90    5.35
 105697.505   139.533    -3.15    4.51
 106070.662   140.073     1.45    4.67
 106443.754   142.198     5.70    3.80
 106816.781   143.634     3.85    2.72
 107189.743   143.453    -0.49    2.75
 107562.641   143.402    -0.14    3.02
 107935.473   141.998    -3.77    3.83
 108308.241   138.972    -8.12    4.30
 108680.944   136.048    -7.84    5.17
 109053.582   132.272   -10.13    6.01
 109426.156   129.875    -6.43    5.17
 109798.665   128.868    -2.70    4.30
 110171.110   130.227     3.65    5.04
 110543.490   135.473    14.09    7.23
 110915.805   141.554    16.33    9.07
 111288.056   147.622    16.30    8.45
 111660.242   152.473    13.03    5.29
 112032.364   152.609     0.37    4.55
 112404.422   151.440    -3.14    4.14
 112776.415   148.350    -8.31    5.34
 113148.344   143.662   -12.60    6.23
 113520.209   139.865   -10.21    6.45
 113892.009   136.243    -9.74    4.13
 114263.745   134.103    -5.76    3.87
 114635.417   132.872    -3.31    3.92
 115007.025   131.177    -4.56    3.74
 115378.569   128.824    -6.33    2.92
 115750.049   128.426    -1.07    3.42
 116121.464   128.946     1.40    4.71
 116492.816   127.770    -3.17    6.27
 116864.103   123.959   -10.26    8.56
 117235.327   116.547   -19.96   10.02
 117606.487   110.338   -16.73    8.27
 117977.582   108.134    -5.94   10.44
 118348.614   107.473    -1.78   13.04
 118719.582   106.782    -1.86   13.75
 119090.487   105.174    -4.33   13.03
 119461.327   102.819    -6.35   11.55
 119832.104    99.351    -9.35   10.60
 120202.817    95.939    -9.20   12.08
 120573.467    92.203   -10.08   14.78
 120944.052    83.807   -22.65   17.81
 121314.575    75.266   -23.05   15.20
 121685.033    70.424   -13.07   10.21
 122055.429    66.446   -10.74    4.65
 122425.760    65.004    -3.89    4.66
 122796.028    63.000    -5.41    6.58
 123166.233    59.745    -8.79    5.89
 123536.375    57.686    -5.56    4.87
 123906.453    60.734     8.23    8.18
 124276.467    68.797    21.79   14.19
 124646.419    79.684    29.42   16.94
 125016.307    89.355    26.14   13.06
 125386.132    92.683     9.00    9.95
 125755.894    92.725     0.12   11.14
 126125.592    92.900     0.47   12.05
 126495.228    91.751    -3.11   13.46
 126864.800    93.372     4.38   14.92
 127234.309    94.214     2.28   15.76
 127603.755    95.409     3.24   14.02
 127973.139    97.128     4.65   10.16
 128342.459    97.844     1.94    7.50
 128711.716    99.904     5.58    6.37
 129080.910   103.322     9.26    7.57
 129450.042   106.622     8.94   11.12
 129819.111   113.909    19.74   13.88
 130188.117   122.224    22.53   11.73
 130557.060   126.177    10.71    9.52
 130925.940   128.900     7.38    8.95
 131294.758   131.482     7.00    8.36
 131663.513   133.414     5.24    7.15
 132032.205   134.179     2.07    5.32
 132400.835   134.128    -0.14    4.76
 132769.402   132.115    -5.46    4.90
 133137.906   128.288   -10.38    5.20
 133506.348   126.284    -5.44    4.78
 133874.728   127.160     2.38    6.42
 134243.045   129.102     5.27    6.87
 134611.300   130.596     4.06    5.45
 134979.492   130.292    -0.82    4.07
 135347.622   130.313     0.06    3.47
 135715.690   129.981    -0.90    3.58
 136083.695   130.685     1.91    3.52
 136451.638   131.455     2.09    3.46
 136819.519   132.159     1.91    3.36
 137187.337   134.128     5.35    2.68
 137555.094   134.533     1.10    2.91
 137922.788   133.881    -1.77    4.69
 138290.420   132.103    -4.84    6.10
 138657.991   130.149    -5.32    6.05
 139025.499   129.980    -0.46    5.42
 139392.945   130.392     1.12    5.11
 139760.329   130.350    -0.11    5.02
 140127.651   127.727    -7.14    7.76
 140494.911   120.523   -19.61   10.46
 140862.110   113.730   -18.50    7.81
 141229.246   112.484    -3.39    6.60
 141598.761   114.608     5.75    6.44
 141978.651   118.905    11.31    6.57
 142358.474   121.714     7.39    4.93
 142738.230   123.204     3.92    5.49
 143117.920   125.450     5.92    5.95
 143497.543   127.447     5.26    6.31
 143877.099   131.224     9.95    6.32
 144256.589   134.096     7.57    5.56
 144636.013   135.422     3.49    4.16
 145015.369   134.868    -1.46    4.54
 145394.660   133.384    -3.91    4.67
 145773.883   131.885    -3.95    3.70
 146153.041   131.884    -0.00    3.40
 146532.132   132.924     2.74    3.11
 146911.156   133.209     0.75    2.65
 147290.114   132.464    -1.97    3.04
 147669.006   132.466     0.01    3.42
 148047.832   134.040     4.16    5.05
 148426.592   136.584     6.71    5.43
 148805.285   138.481     5.01    3.80
 149183.912   137.191    -3.40    5.30
 149562.473   134.647    -6.72    5.75
 149940.968   134.672     0.06    6.69
 150319.397   136.034     3.60    6.94
 150697.760   138.006     5.21    5.64
 151076.057   138.672     1.76    5.39
 151454.288   136.293    -6.29    5.34
 151832.453   133.409    -7.62    5.54
 152210.553   129.851    -9.41    6.91
 152588.586   124.673   -13.69    6.70
 152966.554   121.306    -8.91    3.70
 153344.455   121.434     0.34    4.16
 153722.292   123.174     4.60    4.54
 154100.062   125.072     5.02    3.88
 154477.767   127.050     5.24    4.20
 154855.406   129.788     7.25    4.46
 155232.979   133.387     9.53    4.89
 155610.487   135.934     6.75    4.75
 155987.930   135.520    -1.10    6.34
 156365.307   133.570    -5.17    7.27
 156742.618   130.897    -7.08    7.00
 157119.864   130.122    -2.05    6.64
 157497.045   131.887     4.68    6.32
 157874.160   133.959     5.49    6.07
 158251.210   136.419     6.52    6.49
 158628.195   138.473     5.45    7.55
 159005.115   140.772     6.10    7.89
 159381.969   143.486     7.20    6.71
 159758.758   146.422     7.79    6.05
 160135.482   148.062     4.35    5.45
 160512.141   149.495     3.81    5.68
 160888.735   149.083    -1.09    5.93
 161265.263   147.634    -3.85    6.11
 161641.727   146.427    -3.21    5.72
 162018.126   144.343    -5.54    5.26
 162394.459   141.951    -6.36    5.16
 162770.728   139.034    -7.75    4.34
 163146.932   137.072    -5.22    2.45
 163523.071   136.711    -0.96    1.71
 163899.146   134.710    -5.32    4.61
 164275.155   130.148   -12.13    8.04
 164651.100   122.309   -20.85   10.41
 165026.980   114.411   -21.01    8.68
 165402.795   112.533    -5.00    7.32
 165778.546   115.862     8.86   10.28
 166154.232   123.673    20.79   11.91
 166529.854   131.054    19.65    7.61
 166905.411   135.422    11.63    5.64
 167280.903   139.095     9.78    5.55
 167656.332   142.872    10.06    6.01
 168031.695   146.448     9.53    4.60
 168406.994   146.647     0.53    4.73
 168782.229   145.115    -4.08    6.16
 169157.400   142.381    -7.29    7.13
 169532.506   139.245    -8.36    6.26
 169907.548   138.685    -1.49    5.34
 170282.526   138.503    -0.48    4.92
 170657.439   139.416     2.44    5.17
 171032.288   141.234     4.85    4.84
 171407.073   141.510     0.74    4.60
 171781.795   140.059    -3.87    5.24
 172156.451   138.763    -3.46    5.67
 172531.044   137.735    -2.74    5.97
 172905.573   140.263     6.75    7.74
 173280.038   143.103     7.58    7.32
 173654.439   144.385     3.42    6.02
 174028.776   142.532    -4.95    6.35
 174403.050   138.596   -10.52    5.14
 174777.259   135.065    -9.43    4.07
 175151.405   131.635    -9.16    4.95
 175525.486   129.309    -6.22    5.43
 175899.504   126.189    -8.34    6.27
 176273.459   123.022    -8.47    6.97
 176647.349   121.013    -5.37    6.72
 177021.176   119.310    -4.56    5.33
 177394.940   118.786    -1.40    4.79
 177768.640   117.934    -2.28    4.97
 178142.276   116.248    -4.51    4.62
 178515.849   115.359    -2.38    3.69
 178889.358   114.253    -2.96    3.51
 179262.804   113.862    -1.05    2.96
 179636.186   113.955     0.25    3.49
 180009.505   115.263     3.50    4.61
 180382.761   117.790     6.77    5.96
 180755.953   119.989     5.89    6.62
 181129.082   123.206     8.62    5.09
 181502.148   124.001     2.13    3.20
 181875.151   122.764    -3.32    3.56
 182248.090   121.057    -4.58    4.59
 182620.966   118.334    -7.30    4.32
 182993.779   115.084    -8.72    3.91
 183366.529   111.686    -9.12    3.86
 183739.216   108.506    -8.53    5.44
 184111.840   102.990   -14.80    7.99
 184484.401   100.673    -6.22    8.11
 184856.899   100.505    -0.45    8.57
 185229.334   100.254    -0.67    9.39
 185601.706   103.622     9.04    9.34
 185974.016   105.811     5.88    8.00
 186346.262   107.427     4.34    4.45
 186718.446   105.858    -4.21    5.47
 187090.567   100.772   -13.67    7.47
 187462.625    97.661    -8.36    7.02
 187834.620    95.083    -6.93    5.76
 188206.553    94.167    -2.46    6.86
 188578.423    95.216     2.82    7.34
 188950.231    96.258     2.80    7.77
 189321.976    99.330     8.26    7.78
 189693.658   103.182    10.36    7.21
 190065.278   106.834     9.83    6.17
 190436.835   109.368     6.82    5.23
 190808.330   110.685     3.54    3.84
 191179.763   111.764     2.91    3.17
 191551.133   112.089     0.87    2.95
 191922.441   111.427    -1.78    2.87
 192293.686   110.280    -3.09    3.18
 192664.869   108.888    -3.75    3.48
 193035.990   106.672    -5.97    3.67
 193407.049   104.422    -6.06    3.92
 193778.045   103.280    -3.08    3.48
 194148.979   103.142    -0.37    3.24
 194519.852   103.531     1.05    2.70
 194890.662   103.728     0.53    2.50
 195261.410   102.849    -2.37    2.53
 195632.096   101.675    -3.17    1.72
 196002.720   101.197    -1.29    1.80
 196373.282   101.048    -0.40    2.03
 196743.782   100.179    -2.35    2.69
 197114.220    98.770    -3.80    3.04
 197484.596    96.336    -6.57    3.56
 197854.910    94.243    -5.65    2.66
 198225.163    95.263     2.75    3.88
 198595.354    96.977     4.63    4.51
 198965.483    98.284     3.53    3.74
 199335.550    98.622     0.91    3.45
 199705.556    97.267    -3.66    3.43
 200075.500    95.462    -4.88    3.32
 200445.382    92.349    -8.41    4.96
 200815.203    89.440    -7.86    5.21
 201184.962    86.442    -8.11    3.41
 201554.659    85.222    -3.30    2.12
 201924.295    84.972    -0.68    2.70
 202293.870    84.888    -0.23    3.04
 202663.383    83.065    -4.93    3.82
 203032.835    80.898    -5.86    5.22
 203402.225    79.224    -4.53    5.85
 203771.554    77.508    -4.65    5.72
 204140.822    77.365    -0.39    5.97
 204510.028    77.990     1.69    5.85
 204879.173    79.280     3.49    4.45
 205248.257    79.596     0.86    3.61
 205617.280    78.179    -3.84    3.64
 205986.242    77.742    -1.18    3.32
 206355.142    77.635    -0.29    3.16
 206723.981    78.904     3.44    3.23
 207092.760    80.839     5.25    4.24
 207461.477    81.878     2.82    4.62
 207830.133    83.816     5.26    4.75
 208198.728    85.687     5.08    4.52
 208567.262    85.827     0.38    4.89
 208935.736    86.700     2.37    4.69
 209304.148    86.881     0.49    4.51
 209672.500    86.647    -0.64    4.37
 210040.790    87.292     1.75    3.89
 210409.020    88.166     2.37    3.08
 210777.189    88.634     1.27    2.93
 211145.298    88.609    -0.07    2.72
 211513.346    89.516     2.47    3.62
 211881.333    89.786     0.73    3.71
 212249.259    89.148    -1.73    4.30
 212617.125    89.440     0.79    4.74
 212984.930    89.622     0.49    4.49
 213352.675    89.900     0.76    4.80
 213720.359    89.972     0.20    4.48
 214087.982    89.019    -2.59    3.71
 214455.545    87.728    -3.51    2.72
 214823.048    86.684    -2.84    3.18
 215190.490    87.302     1.68    3.39
 215557.872    88.356     2.87    4.71
 215925.194    86.581    -4.83    7.04
 216292.455    82.193   -11.95   10.03
 216671.743    77.327   -12.83    9.17
 217051.428    74.391    -7.73    4.97
 217431.048    74.635     0.64    3.40
 217810.603    76.414     4.69    2.72
 218190.094    77.154     1.95    2.76
 218569.519    77.398     0.64    3.44
 218948.879    78.141     1.96    3.82
 219328.175    79.182     2.74    4.23
 219707.406    80.016     2.20    4.51
 220086.572    80.067     0.14    4.03
 220465.674    80.095     0.07    4.14
 220844.710    78.527    -4.14    4.44
 221223.683    77.179    -3.56    4.73
 221602.590    76.450    -1.92    4.93
 221981.433    76.128    -0.85    4.76
 222360.211    75.342    -2.08    5.00
 222738.925    75.339    -0.01    5.77
 223117.575    76.635     3.42    6.50
 223496.160    77.790     3.05    6.61
 223874.680    77.898     0.28    6.17
 224253.137    77.515    -1.01    4.93
 224631.529    78.280     2.02    4.95
 225009.856    80.094     4.79    5.53
 225388.119    81.922     4.83    5.10
 225766.319    83.851     5.10    4.99
 226144.453    84.904     2.78    4.38
 226522.524    85.385     1.27    3.36
 226900.531    86.089     1.86    2.14
 227278.473    85.710    -1.00    1.53
 227656.351    85.198    -1.35    1.55
 228034.166    84.115    -2.87    2.62
 228411.916    82.345    -4.68    3.23
 228789.602    80.951    -3.69    2.60
 229167.225    80.702    -0.66    2.32
 229544.783    81.330     1.67    2.31
 229922.278    81.882     1.46    1.99
 230299.709    81.266    -1.63    2.01
 230677.076    80.455    -2.15    1.88
 231054.379    79.622    -2.21    2.14
 231431.618    78.808    -2.16    2.12
 231808.794    77.852    -2.53    2.09
 232185.906    77.556    -0.79    2.05
 232562.954    76.045    -4.01    3.68
 232939.939    73.275    -7.35    4.68
 233316.860    70.570    -7.18    4.36
 233693.718    69.505    -2.83    3.48
 234070.512    69.865     0.96    3.48
 234447.242    71.872     5.32    3.22
 234823.909    73.011     3.02    2.53
 235200.513    73.057     0.12    2.44
 235577.054    72.715    -0.91    3.04
 235953.530    71.397    -3.50    3.08
 236329.944    70.122    -3.39    3.50
 236706.294    69.484    -1.69    2.84
 237082.582    69.716     0.62    2.61
 237458.805    68.699    -2.70    3.35
 237834.966    66.832    -4.96    4.38
 238211.064    64.275    -6.80    4.19
 238587.098    63.141    -3.01    3.32
 238963.069    64.816     4.46    4.61
 239338.977    66.266     3.86    4.70
 239714.823    67.673     3.74    3.86
 240090.605    67.543    -0.35    3.35
 240466.324    66.195    -3.59    3.77
 240841.980    65.258    -2.49    3.75
 241217.573    64.528    -1.94    4.20
 241593.104    64.518    -0.03    4.42
 241968.572    63.985    -1.42    5.26
 242343.976    63.661    -0.86    6.01
 242719.318    63.378    -0.75    6.10
 243094.598    64.330     2.54    5.95
 243469.814    65.524     3.18    5.04
 243844.968    67.900     6.33    3.54
 244220.059    68.427     1.40    3.34
 244595.088    67.878    -1.46    3.90
 244970.054    68.182     0.81    4.26
 245344.957    68.240     0.16    4.31
 245719.798    68.898     1.75    3.53
 246094.577    70.240     3.58    3.35
 246469.293    71.227     2.63    3.80
 246843.946    72.699     3.93    3.68
 247218.537    72.755     0.15    4.58
 247593.066    70.793    -5.24    5.26
 247967.532    67.766    -8.08    5.93
 248341.937    66.462    -3.48    4.90
 248716.278    67.570     2.96    4.89
 249090.558    69.232     4.44    4.53
 249464.775    70.450     3.26    3.04
 249838.931    69.372    -2.88    4.23
 250213.024    68.700    -1.79    4.74
 250587.055    70.279     4.22    6.03
 250961.024    70.942     1.77    5.71
 251334.930    70.862    -0.22    4.98
 251708.775    69.522    -3.58    5.15
 252082.558    66.219    -8.83    3.62
 252456.279    62.084   -11.06    5.00
 252829.938    58.527    -9.52    5.07
 253203.535    54.556   -10.63    4.77
 253577.070    50.941    -9.68    4.44
 253950.543    48.845    -5.61    5.80
 254323.955    46.365    -6.64    7.99
 254697.304    46.293    -0.19    9.72
 255070.592    47.824     4.10   10.47
 255443.819    48.634     2.17    8.72
 255816.983    49.365     1.96    6.41
 256190.086    49.672     0.82    3.71
 256563.127    48.727    -2.53    3.63
 256936.107    47.738    -2.65    3.92
 257309.025    46.790    -2.54    3.80
 257681.882    46.336    -1.22    3.38
 258054.677    46.019    -0.85    2.73
 258427.411    46.180     0.43    2.35
 258800.083    46.609     1.15    2.10
 259172.694    46.985     1.01    1.83
 259545.243    47.766     2.10    1.36
 259917.732    47.845     0.21    1.30
 260290.158    47.401    -1.19    2.45
 260662.524    46.990    -1.10    3.16
 261034.828    46.596    -1.06    4.23
 261407.071    46.323    -0.73    4.48
 261779.253    46.556     0.63    4.27
 262151.374    46.102    -1.22    4.07
 262523.433    45.056    -2.81    3.22
 262895.432    44.075    -2.64    2.79
 263267.369    43.545    -1.43    2.14
 263639.246    42.608    -2.52    3.27
 264011.061    41.685    -2.48    4.45
 264382.816    40.649    -2.79    5.04
 264754.509    40.115    -1.43    4.72
 265126.142    40.622     1.36    4.48
 265497.713    43.911     8.85    5.62
 265869.224    47.973    10.93    4.44
 266240.674    49.595     4.37    2.94
 266612.064    49.979     1.03    2.86
 266983.392    49.306    -1.81    2.82
 267354.660    48.498    -2.17    2.11
 267725.867    49.775     3.44    2.66
 268097.013    50.719     2.54    2.07
 268468.099    51.204     1.31    1.89
 268839.124    52.108     2.44    1.57
 269210.088    51.947    -0.43    1.69
 269580.992    51.892    -0.15    2.24
 269951.836    51.635    -0.69    2.84
 270322.619    51.483    -0.41    3.39
 270693.341    52.056     1.55    3.06
 271064.003    51.936    -0.32    2.94
 271434.605    52.477     1.46    3.48
 271805.146    53.115     1.72    4.59
 272175.627    54.211     2.96    4.60
 272546.048    55.816     4.33    3.64
 272916.408    55.759    -0.15    2.63
 273286.708    55.441    -0.86    2.85
 273656.948    56.862     3.84    3.88
 274027.128    59.183     6.27    4.38
 274397.247    62.043     7.72    5.92
 274767.307    65.252     8.67    6.01
 275137.306    67.819     6.94    5.32
 275507.245    68.950     3.06    4.02
 275877.125    68.793    -0.43    3.90
 276246.944    68.238    -1.50    3.21
 276616.703    68.885     1.75    2.54
 276986.402    69.747     2.33    1.74
 277356.041    68.859    -2.40    2.17
 277725.621    68.594    -0.72    1.99
 278095.140    68.297    -0.80    1.81
 278464.600    68.868     1.55    2.25
 278834.000    70.003     3.07    2.35
 279203.340    70.594     1.60    2.92
 279572.621    71.148     1.50    3.89
 279941.841    71.493     0.93    4.19
 280311.002    70.766    -1.97    4.17
 280680.104    69.348    -3.84    3.92
 281049.145    67.279    -5.60    3.04
 281418.127    66.580    -1.89    2.63
 281787.050    65.634    -2.56    2.43
 282155.913    64.649    -2.67    2.78
 282524.716    63.077    -4.26    3.15
 282893.460    61.580    -4.06    2.02
 283262.145    60.519    -2.88    1.81
 283630.770    60.176    -0.93    1.81
 283999.336    60.898     1.96    2.44
 284367.842    61.450     1.50    2.65
 284736.289    62.328     2.38    2.96
 285104.677    63.107     2.11    3.30
 285473.005    65.122     5.47    4.27
 285841.274    67.430     6.27    4.44
 286209.484    68.972     4.19    4.14
 286577.635    70.760     4.86    3.25
 286945.727    70.419    -0.93    3.13
 287313.759    69.969    -1.22    3.28
 287681.732    69.434    -1.45    3.32
 288049.647    68.509    -2.51    3.03
 288417.502    68.240    -0.73    2.81
 288785.298    68.770     1.44    2.98
 289153.035    68.475    -0.80    2.57
 289520.714    68.868     1.07    3.05
 289888.333    71.311     6.64    5.46
 290255.893    72.915     4.36    5.62
 290623.395    73.832     2.50    4.70
 290990.838    72.702    -3.08    4.44
 291367.322    70.711    -5.29    3.27
 291746.875    69.830    -2.32    2.97
 292126.365    69.775    -0.14    3.31
 292505.792    70.247     1.24    4.03
 292885.155    71.352     2.91    4.27
 293264.456    72.288     2.47    3.99
 293643.693    71.595    -1.83    4.46
 294022.867    69.279    -6.11    4.85
 294401.978    67.414    -4.92    4.31
 294781.026    66.022    -3.67    2.91
 295160.011    65.915    -0.28    2.79
 295538.933    65.515    -1.06    3.27
 295917.792    65.324    -0.50    4.10
 296296.588    64.661    -1.75    4.14
 296675.322    65.955     3.42    5.37
 297053.992    69.672     9.81    9.02
 297432.600    72.324     7.00    9.57
 297811.145    72.839     1.36    7.94
 298189.627    70.395    -6.46    6.29
 298568.047    67.898    -6.60    4.91
 298946.403    64.440    -9.14    5.17
 299324.697    62.062    -6.28    5.48
 299702.929    59.342    -7.19    4.80
 300081.098    57.000    -6.19    3.68
 300459.204    56.368    -1.67    2.88
 300837.248    56.836     1.24    3.49
 301215.229    57.687     2.25    4.25
 301593.148    59.274     4.20    4.58
 301971.005    59.240    -0.09    4.22
 302348.799    59.581     0.90    3.13
 302726.531    60.076     1.31    2.97
 303104.200    59.378    -1.85    2.96
 303481.807    59.062    -0.84    2.74
 303859.352    56.411    -7.02    4.98
 304236.834    56.411     0.00    6.05
 304614.255    58.154     4.62    7.69
 304991.613    60.475     6.15    8.25
 305368.909    63.408     7.77    6.13
 305746.143    65.222     4.81    2.72
 306123.314    65.995     2.05    2.77
 306500.424    66.636     1.70    2.59
 306877.472    67.372     1.95    2.51
 307254.458    67.716     0.91    2.58
 307631.381    68.492     2.06    2.57
 308008.243    68.437    -0.14    3.12
 308385.043    68.258    -0.48    3.62
 308761.781    70.486     5.91    5.89
 309138.457    73.892     9.04    6.76
 309515.072    77.898    10.63    5.52
 309891.624    80.503     6.92    2.43
 310268.115    80.141    -0.96    2.87
 310644.544    78.446    -4.50    3.40
 311020.912    75.808    -7.01    4.49
 311397.218    74.150    -4.41    4.06
 311773.462    73.795    -0.94    3.05
 312149.645    74.150     0.94    1.82
 312525.766    73.674    -1.27    2.20
 312901.825    72.941    -1.95    2.42
 313277.823    72.516    -1.13    2.27
 313653.760    72.435    -0.22    1.73
 314029.635    73.314     2.34    2.06
 314405.449    74.473     3.08    2.45
 314781.201    75.216     1.98    2.35
 315156.892    75.932     1.91    1.66
 315532.522    75.648    -0.76    1.64
 315908.090    75.193    -1.21    1.40
 316283.597    75.368     0.47    1.34
 316659.043    75.466     0.26    1.08
 317034.428    75.622     0.42    0.91
 317409.751    75.437    -0.49    0.98
 317785.014    75.450     0.03    1.08
 318160.215    75.915     1.24    1.62
 318535.355    76.693     2.07    2.27
 318910.434    77.464     2.05    2.27
 319285.453    77.416    -0.13    2.47
 319660.410    76.475    -2.51    2.78
 320035.306    75.405    -2.85    2.71
 320410.141    75.609     0.54    2.97
 320784.916    77.270     4.43    4.03
 321159.629    79.219     5.20    4.09
 321534.282    80.351     3.02    3.28
 321908.874    79.715    -1.70    3.55
 322283.405    78.102    -4.31    3.58
 322657.876    76.742    -3.63    2.58
 323032.285    76.424    -0.85    2.36
 323406.634    77.040     1.65    2.52
 323780.923    77.338     0.79    2.28
 324155.151    76.986    -0.94    2.30
 324529.318    76.422    -1.51    2.45
 324903.424    75.537    -2.36    3.12
 325277.470    75.358    -0.48    4.05
 325651.456    75.072    -0.76    4.65
 326025.381    75.635     1.50    4.66
 326399.246    75.010    -1.67    4.22
 326773.050    74.582    -1.15    4.52
 327146.794    73.163    -3.79    5.68
 327520.477    71.913    -3.35    5.42
 327894.101    70.757    -3.09    5.06
 328267.663    69.942    -2.18    4.50
 328641.166    69.554    -1.04    3.50
 329014.608    68.288    -3.39    3.78
 329387.991    66.543    -4.67    4.80
 329761.313    63.714    -7.58    5.92
 330134.575    60.142    -9.57    4.85
 330507.776    58.995    -3.07    4.86
 330880.918    58.845    -0.40    4.66
 331254.000    59.502     1.76    4.28
 331627.021    62.368     7.68    5.48
 331999.983    65.648     8.79    7.18
 332372.884    69.543    10.44    8.73
 332745.726    74.176    12.42    7.35
 333118.508    77.998    10.25    5.70
 333491.230    77.662    -0.90    5.93
 333863.892    75.867    -4.81    7.29
