-185443.591    55.944     0.00    8.50
-185072.210    57.905     5.28    8.10
-184700.759    58.634     1.96    7.60
-184329.238    58.553    -0.22    7.15
-183957.648    56.143    -6.48    9.37
-183585.988    54.302    -4.95    9.62
-183214.258    53.422    -2.37   10.37
-182842.459    53.812     1.05   10.37
-182470.590    57.621    10.24    9.92
-182098.652    61.226     9.69    7.65
-181726.643    64.080     7.67    6.41
-181354.565    65.977     5.10    5.59
-180982.416    67.458     3.98    5.59
-180610.198    68.407     2.55    5.17
-180237.910    68.349    -0.16    5.01
-179865.552    69.224     2.35    5.78
-179493.124    68.857    -0.98    5.90
-179120.626    68.709    -0.40    5.47
-178748.057    71.524     7.55    4.88
-178375.419    72.259     1.97    3.90
-178002.710    72.814     1.49    3.24
-177629.931    70.640    -5.83    6.00
-177257.081    63.866   -18.16   10.11
-176884.162    57.105   -18.13    9.97
-176511.172    54.361    -7.35    8.68
-176138.111    56.425     5.53   10.46
-175764.981    63.612    19.26    9.16
-175391.779    68.368    12.74    5.43
-175018.507    70.157     4.79    5.30
-174645.165    69.271    -2.37    6.30
-174271.752    65.398   -10.37    8.61
-173898.268    58.943   -17.28   11.69
-173524.714    54.694   -11.37   10.96
-173151.089    56.140     3.87   11.44
-172777.393    58.675     6.78   12.86
-172403.627    64.419    15.37   11.81
-172029.789    68.310    10.41    9.89
-171655.881    69.057     2.00    9.26
-171281.901    70.458     3.74    8.25
-170907.851    71.012     1.48    9.23
-170533.730    70.012    -2.67   11.34
-170159.538    66.616    -9.07   12.84
-169785.274    65.119    -4.00   12.38
-169410.940    66.379     3.37   13.15
-169036.534    68.810     6.49   14.44
-168662.057    67.729    -2.88   15.51
-168287.509    62.651   -13.56   15.37
-167912.890    59.988    -7.11   12.16
-167538.199    60.447     1.22   11.47
-167163.437    63.828     9.02   12.27
-166788.604    71.262    19.83   10.36
-166413.699    78.400    19.04   10.14
-166038.722    83.771    14.32    8.73
-165663.674    84.070     0.80    7.85
-165288.555    80.779    -8.77   10.05
-164913.364    78.253    -6.73    9.42
-164538.101    77.686    -1.51    8.86
-164162.766    78.977     3.44   10.00
-163787.360    81.744     7.37    9.42
-163411.882    83.279     4.09    9.66
-163036.332    82.965    -0.84   11.84
-162660.711    83.165     0.53   13.21
-162285.017    85.174     5.35   11.97
-161909.252    85.193     0.05   10.30
-161533.414    84.602    -1.57    9.84
-161157.505    84.241    -0.96    9.86
-160781.523    85.138     2.38    9.28
-160405.470    85.229     0.24   10.62
-160029.344    88.750     9.36   12.95
-159653.146    96.609    20.89   11.74
-159276.876   100.518    10.39    9.06
-158900.533    96.011   -11.97   12.56
-158524.118    89.483   -17.34   14.12
-158147.631    82.711   -17.98   11.65
-157771.072    79.805    -7.72    8.82
-157394.440    84.186    11.63   11.44
-157017.735    93.333    24.28   12.64
-156640.959   101.965    22.91    9.67
-156264.109   104.930     7.87    7.64
-155887.187   104.386    -1.44    9.72
-155510.192    99.565   -12.79   11.27
-155133.125    92.476   -18.80   11.61
-154755.985    87.115   -14.21   12.10
-154378.772    82.250   -12.90   13.17
-154001.486    76.586   -15.01   13.74
-153624.127    69.210   -19.54   15.66
-153246.696    58.460   -28.48   16.73
-152869.191    50.829   -20.21   12.56
-152491.614    48.941    -5.00    9.91
-152113.964    49.600     1.74   11.22
-151736.240    54.448    12.83   13.98
-151358.444    55.605     3.06   16.02
-150980.574    55.225    -1.01   16.45
-150602.631    56.205     2.59   16.91
-150224.615    55.977    -0.60   15.15
-149846.525    53.226    -7.28   14.80
-149468.363    49.920    -8.74   13.28
-149090.127    51.706     4.72   13.31
-148711.817    57.241    14.63   14.51
-148333.434    67.369    26.76   16.94
-147954.978    78.000    28.09   16.15
-147576.448    83.770    15.24   13.32
-147197.844    82.274    -3.95   13.81
-146819.167    77.826   -11.75   13.86
-146440.416    73.070   -12.56   13.45
-146061.592    72.282    -2.08   15.87
-145682.694    73.930     4.35   17.36
-145303.722    74.640     1.87   16.69
-144924.676    73.843    -2.10   16.32
-144545.556    76.942     8.17   15.62
-144166.363    81.988    13.31   14.86
-143787.095    88.621    17.49   14.98
-143407.754    94.321    15.03   13.20
-143028.338    95.784     3.86   15.38
-142648.848    96.407     1.64   15.77
-142269.285    97.135     1.92   15.81
-141889.647    99.556     6.38   14.21
-141509.934   101.034     3.89   11.63
-141130.148    97.107   -10.34   14.00
-140750.287    88.841   -21.76   14.17
-140370.352    82.453   -16.81   11.71
-139990.343    82.103    -0.92   12.55
-139610.259    87.687    14.69   13.01
-139230.100    92.291    12.11   11.59
-138849.868    93.371     2.84   10.43
-138469.560    91.675    -4.46   11.57
-138089.178    86.625   -13.27   14.51
-137716.701    78.575   -21.61   15.83
-137350.503    69.857   -23.80   16.23
-136984.236    60.114   -26.60   15.32
-136617.901    50.839   -25.31   11.06
-136251.498    47.330    -9.58    9.04
-135885.026    45.588    -4.75    8.46
-135518.486    46.330     2.02    9.94
-135151.877    48.073     4.76   10.78
-134785.199    47.034    -2.83    9.66
-134418.453    44.506    -6.89    5.52
-134051.638    42.701    -4.92    3.85
-133684.755    41.536    -3.18    3.49
-133317.802    39.552    -5.41    2.90
-132950.781    38.598    -2.60    2.36
-132583.691    38.250    -0.95    1.90
-132216.532    38.289     0.11    2.37
-131849.305    36.443    -5.03    4.90
-131482.008    34.851    -4.34    5.49
-131114.642    34.083    -2.09    5.14
-130747.207    34.460     1.02    4.42
-130379.703    35.741     3.49    2.32
-130012.130    36.420     1.85    1.40
-129644.488    36.646     0.61    1.61
-129276.777    36.851     0.56    1.54
-128908.996    36.390    -1.25    2.05
-128541.146    36.227    -0.44    2.14
-128173.227    35.845    -1.04    2.26
-127805.239    35.716    -0.35    3.02
-127437.181    35.605    -0.30    3.37
-127069.053    34.184    -3.86    4.02
-126700.857    32.140    -5.55    4.17
-126332.590    30.233    -5.18    3.86
-125964.255    28.953    -3.47    3.39
-125595.849    29.081     0.35    4.43
-125227.374    28.828    -0.69    5.16
-124858.829    26.230    -7.05    7.03
-124490.215    22.897    -9.04    6.60
-124121.531    22.381    -1.40    5.73
-123752.777    23.701     3.58    5.87
-123383.953    26.305     7.06    4.19
-123015.060    25.744    -1.52    4.62
-122646.096    23.524    -6.02    5.40
-122277.063    21.770    -4.75    4.91
-121907.959    20.434    -3.62    3.70
-121538.786    21.833     3.79    3.80
-121169.542    23.847     5.45    3.10
-120800.229    24.705     2.32    2.28
-120430.845    24.663    -0.11    2.61
-120061.391    22.767    -5.13    3.97
-119691.867    19.701    -8.30    4.70
-119322.272    17.090    -7.06    4.19
-118952.608    14.776    -6.26    2.70
-118582.873    13.779    -2.70    1.53
-118213.067    13.605    -0.47    1.26
-117843.191    14.140     1.45    2.29
-117473.245    17.636     9.45    6.49
-117103.228    22.576    13.35    8.67
-116733.141    27.045    12.07    8.26
-116362.983    32.238    14.03    5.74
-115992.755    34.448     5.97    3.82
-115622.456    32.543    -5.14    5.48
-115252.086    28.682   -10.42    6.32
-114881.645    27.024    -4.48    5.77
-114511.134    27.189     0.45    5.80
-114140.552    29.750     6.91    5.96
-113769.899    29.690    -0.16    6.40
-113399.175    26.819    -7.74    8.12
-113028.380    23.310    -9.46    7.64
-112657.514    20.321    -8.06    4.93
-112286.577    17.989    -6.29    2.83
-111915.569    17.647    -0.92    1.97
-111544.490    17.830     0.49    2.23
-111173.340    18.035     0.55    2.21
-110802.118    18.115     0.22    2.15
-110430.826    17.512    -1.62    2.20
-110059.462    16.176    -3.59    1.88
-109688.027    15.625    -1.48    1.55
-109316.520    14.886    -1.99    1.40
-108944.942    14.482    -1.09    1.46
-108573.293    14.116    -0.98    1.48
-108201.572    14.093    -0.06    1.63
-107829.780    14.287     0.52    1.91
-107457.916    14.773     1.31    2.71
-107085.980    15.810     2.79    4.31
-106713.973    17.489     4.51    5.69
-106341.894    19.593     5.66    6.76
-105969.744    22.705     8.36    6.98
-105597.522    26.440    10.04    7.35
-105225.228    30.716    11.48    5.92
-104852.862    33.306     6.95    3.58
-104480.424    34.432     3.02    3.32
-104107.914    34.747     0.85    3.04
-103735.332    35.539     2.13    3.64
-103362.679    36.663     3.01    3.76
-102989.953    38.805     5.75    4.62
-102617.155    40.585     4.78    4.06
-102244.285    41.736     3.08    3.62
-101871.343    42.744     2.70    2.84
-101498.329    42.133    -1.64    2.35
-101125.242    40.707    -3.82    1.92
-100752.083    40.233    -1.27    1.91
-100378.852    40.434     0.54    2.25
-100005.548    40.713     0.75    2.25
 -99632.172    41.000     0.77    2.50
 -99258.724    41.477     1.28    2.24
 -98885.203    42.415     2.51    2.13
 -98511.609    42.897     1.29    1.92
 -98137.943    43.440     1.46    1.69
 -97764.204    43.589     0.40    1.66
 -97390.393    43.881     0.78    1.65
 -97016.509    43.739    -0.38    1.83
 -96642.552    42.929    -2.17    2.50
 -96268.522    39.989    -7.86    4.77
 -95894.419    36.964    -8.08    4.26
 -95520.244    34.841    -5.67    2.63
 -95145.996    34.302    -1.44    1.93
 -94771.674    35.157     2.28    2.04
 -94397.280    35.942     2.10    2.06
 -94022.812    36.933     2.65    2.52
 -93648.272    37.209     0.74    2.59
 -93273.658    36.909    -0.80    2.85
 -92898.971    36.476    -1.16    2.85
 -92524.211    36.114    -0.97    2.58
 -92149.378    36.081    -0.09    2.46
 -91774.471    36.000    -0.22    2.33
 -91399.491    35.733    -0.71    2.18
 -91024.438    34.625    -2.95    1.94
 -90649.311    33.779    -2.25    1.77
 -90274.110    33.545    -0.62    1.84
 -89898.837    33.318    -0.61    2.07
 -89523.489    32.753    -1.50    2.20
 -89148.068    32.882     0.35    2.37
 -88772.573    34.023     3.04    2.56
 -88397.005    35.279     3.34    2.56
 -88021.363    35.225    -0.14    2.69
 -87645.647    33.616    -4.28    4.34
 -87269.857    31.449    -5.77    5.26
 -86893.994    28.907    -6.76    4.21
 -86518.056    27.341    -4.17    2.86
 -86142.045    26.560    -2.08    2.45
 -85765.959    25.602    -2.55    2.08
 -85389.799    25.116    -1.29    2.11
 -85013.566    25.023    -0.25    2.34
 -84637.258    25.247     0.60    2.35
 -84260.876    24.989    -0.69    2.34
 -83884.420    24.262    -1.93    2.29
 -83507.890    23.250    -2.69    1.71
 -83131.285    22.378    -2.32    1.53
 -82754.606    22.148    -0.61    1.43
 -82377.852    21.855    -0.78    1.36
 -82001.025    22.489     1.68    2.20
 -81624.122    23.000     1.36    2.30
 -81247.145    22.456    -1.44    2.62
 -80870.094    21.381    -2.85    2.79
 -80492.968    19.934    -3.84    2.72
 -80115.767    19.345    -1.56    2.55
 -79738.492    20.205     2.28    2.71
 -79361.142    21.169     2.55    2.16
 -78983.717    21.034    -0.36    2.11
 -78606.217    21.280     0.65    2.03
 -78228.642    21.682     1.06    1.85
 -77850.993    21.376    -0.81    1.93
 -77473.268    20.300    -2.85    2.85
 -77095.469    18.605    -4.49    3.59
 -76717.594    16.114    -6.59    3.46
 -76339.644    14.379    -4.59    2.00
 -75961.619    13.922    -1.21    1.49
 -75583.519    14.322     1.06    1.70
 -75205.344    14.629     0.81    1.84
 -74827.094    14.609    -0.05    1.89
 -74448.768    15.034     1.12    2.06
 -74070.367    16.159     2.97    2.76
 -73691.890    17.865     4.51    3.58
 -73313.338    19.705     4.86    3.24
 -72934.710    22.292     6.83    4.93
 -72556.007    26.534    11.20    7.33
 -72177.229    30.693    10.98    7.38
 -71798.374    35.079    11.57    5.55
 -71419.444    37.511     6.42    3.80
 -71040.439    39.167     4.37    3.00
 -70661.357    39.563     1.05    2.63
 -70282.200    39.356    -0.55    2.56
 -69902.967    39.337    -0.05    2.62
 -69523.658    39.432     0.25    2.90
 -69144.273    39.357    -0.20    3.31
 -68764.812    38.273    -2.86    3.29
 -68385.275    36.578    -4.46    2.68
 -68005.662    35.300    -3.37    2.22
 -67625.972    34.310    -2.61    2.00
 -67246.207    33.739    -1.50    1.84
 -66866.365    33.274    -1.22    2.02
 -66486.448    32.689    -1.54    2.34
 -66106.453    31.593    -2.88    2.93
 -65726.383    29.091    -6.58    3.71
 -65346.236    26.517    -6.77    3.77
 -64966.013    25.438    -2.84    3.07
 -64585.713    25.333    -0.28    2.71
 -64205.336    25.944     1.60    2.44
 -63824.883    26.170     0.60    1.85
 -63444.354    26.056    -0.30    1.48
 -63067.294    26.011    -0.12    1.05
 -62701.313    26.189     0.48    1.18
 -62335.262    26.816     1.71    1.54
 -61969.141    28.211     3.81    2.79
 -61602.950    29.721     4.12    3.51
 -61236.688    30.753     2.82    3.48
 -60870.357    31.417     1.81    3.34
 -60503.955    30.213    -3.28    3.76
 -60137.483    28.326    -5.15    4.04
 -59770.941    26.556    -4.83    4.02
 -59404.328    24.437    -5.78    5.53
 -59037.645    21.867    -7.01    6.17
 -58670.891    20.885    -2.68    5.39
 -58304.067    19.874    -2.76    3.94
 -57937.173    19.674    -0.54    3.57
 -57570.207    19.849     0.48    3.07
 -57203.172    18.578    -3.46    3.42
 -56836.065    16.655    -5.24    2.82
 -56468.888    15.685    -2.64    2.11
 -56101.640    14.726    -2.61    2.03
 -55734.322    14.659    -0.18    1.97
 -55366.932    14.448    -0.57    1.81
 -54999.472    11.899    -6.94    5.75
 -54631.941     9.575    -6.32    6.94
 -54264.338     6.138    -9.35    6.98
 -53896.665     3.798    -6.36    6.11
 -53528.921     4.352     1.51    6.84
 -53161.106     7.966     9.83    9.25
 -52793.220    14.218    16.99   10.43
 -52425.262    19.629    14.70    8.47
 -52057.234    24.214    12.46    4.71
 -51689.134    26.382     5.89    4.53
 -51320.963    27.976     4.33    4.50
 -50952.720    29.236     3.42    3.58
 -50584.407    30.353     3.03    2.79
 -50216.022    30.100    -0.69    2.67
 -49847.565    25.523   -12.42   10.30
 -49479.037    17.867   -20.77   14.13
 -49110.438     9.659   -22.27   12.99
 -48741.766     2.270   -20.04    6.90
 -48373.024     0.000    -6.15    0.00
 -48004.209     0.000     0.00    0.00
 -47635.323     0.000     0.00    0.00
 -47266.366     0.000     0.00    0.00
 -46897.336     0.000     0.00    0.00
 -46528.235     0.000     0.00    0.00
 -46159.062     0.000     0.00    0.00
 -45789.817     0.000     0.00    0.00
 -45420.500     0.000     0.00    0.00
 -45051.111     0.000     0.00    0.00
 -44681.650     0.000     0.00    0.00
 -44312.117     0.000     0.00    0.00
 -43942.512     0.000     0.00    0.00
 -43572.835     0.000     0.00    0.00
 -43203.086     0.000     0.00    0.00
 -42833.264     0.000     0.00    0.00
 -42463.370     0.000     0.00    0.00
 -42093.404     0.000     0.00    0.00
 -41723.366     0.000     0.00    0.00
 -41353.255     0.000     0.00    0.00
 -40983.071     0.000     0.00    0.00
 -40612.816     0.000     0.00    0.00
 -40242.487     0.000     0.00    0.00
 -39872.086     0.352     0.95    3.35
 -39501.613     2.989     7.12   10.40
 -39131.067     5.176     5.90   12.56
 -38760.448     9.202    10.86   15.53
 -38389.756    14.589    14.53   18.50
 -38018.992    21.000    17.29   21.03
 -37648.155    26.461    14.72   20.15
 -37277.245    29.452     8.07   18.43
 -36906.262    33.169    10.02   13.58
 -36535.206    38.174    13.49   11.15
 -36164.078    43.311    13.84   10.38
 -35792.876    45.954     7.12    9.10
 -35421.601    50.522    12.30    8.30
 -35050.253    52.708     5.89    7.80
 -34678.832    51.933    -2.09    7.81
 -34307.338    51.876    -0.15    7.44
 -33935.770    50.933    -2.54    7.94
 -33564.129    50.800    -0.36    8.07
 -33192.415    51.897     2.95    7.28
 -32820.627    53.910     5.42    5.54
 -32448.766    55.830     5.16    3.93
 -32076.832    58.211     6.40    3.39
 -31704.824    59.750     4.14    3.53
 -31332.743    60.422     1.81    4.50
 -30960.588    59.552    -2.34    6.73
 -30588.359    56.165    -9.10    8.49
 -30216.056    52.107   -10.90    9.97
 -29843.680    44.967   -19.18   11.19
 -29471.231    39.250   -15.35    8.35
 -29098.707    36.910    -6.28    6.12
 -28726.109    34.595    -6.21    5.51
 -28353.438    34.764     0.45    5.10
 -27980.693    31.783    -8.00    7.40
 -27607.873    24.382   -19.85   11.18
 -27234.980    17.477   -18.52   11.89
 -26862.013    11.714   -15.45    8.33
 -26488.971     9.364    -6.30    5.00
 -26115.856    10.846     3.97    5.34
 -25742.666    13.404     6.86    4.15
 -25369.402    15.033     4.36    3.96
 -24996.063    16.478     3.87    4.57
 -24622.651    17.811     3.57    5.55
 -24249.164    20.244     6.52    8.56
 -23875.602    24.867    12.37   10.94
 -23501.966    30.580    15.29   11.02
 -23128.256    35.300    12.63    8.75
 -22754.471    39.125    10.23    4.86
 -22380.611    40.494     3.66    3.05
 -22006.677    40.411    -0.22    2.23
 -21632.668    39.278    -3.03    2.61
 -21258.585    38.789    -1.31    2.73
 -20884.426    38.344    -1.19    3.04
 -20510.193    39.000     1.75    2.91
 -20135.885    39.239     0.64    2.61
 -19761.502    38.462    -2.08    2.73
 -19387.044    36.500    -5.24    3.87
 -19012.511    32.511   -10.65    7.46
 -18637.903    26.489   -16.08   10.16
 -18263.220    21.890   -12.27    9.77
 -17888.462    17.943   -10.53    6.90
 -17513.629    19.473     4.08    7.18
 -17138.720    25.667    16.52    7.60
 -16763.736    31.067    14.40    6.06
 -16388.677    35.068    10.67    4.33
 -16013.543    36.756     4.50    2.89
 -15638.333    37.584     2.21    2.45
 -15263.048    37.667     0.22    2.44
 -14887.687    37.344    -0.86    2.83
 -14512.250    36.611    -1.95    3.05
 -14136.739    35.389    -3.25    3.02
 -13761.151    35.143    -0.66    3.14
 -13385.488    35.114    -0.08    3.13
 -13009.749    33.835    -3.40    3.41
 -12633.934    32.977    -2.28    3.75
 -12258.044    32.220    -2.01    3.65
 -11882.077    31.279    -2.50    2.85
 -11506.035    31.711     1.15    2.92
 -11129.917    32.864     3.06    2.85
 -10753.723    33.989     2.99    2.71
 -10377.453    35.598     4.28    2.38
 -10001.107    36.308     1.89    2.01
  -9624.684    35.953    -0.94    2.46
  -9248.186    33.264    -7.14    4.71
  -8871.611    30.816    -6.50    5.44
  -8494.960    30.264    -1.47    6.52
  -8118.233    31.528     3.36    7.84
  -7741.429    33.791     6.01    7.33
  -7364.549    35.944     5.71    4.37
  -6987.592    37.700     4.66    2.35
  -6610.559    38.374     1.79    2.40
  -6233.450    40.633     5.99    3.08
  -5856.264    41.868     3.27    2.69
  -5479.001    42.187     0.84    2.72
  -5101.662    41.733    -1.20    3.59
  -4724.245    40.333    -3.71    4.08
  -4346.752    37.632    -7.16    5.70
  -3969.183    28.522   -24.13   14.38
  -3591.536    18.644   -26.16   16.45
  -3213.813    11.489   -18.94   13.99
  -2836.012     5.614   -15.55    7.05
  -2458.135     6.111     1.32    6.18
  -2080.180     7.398     3.40    6.42
  -1702.149     5.670    -4.57    6.41
  -1324.040     3.078    -6.86    5.43
   -945.854     0.549    -6.69    2.33
   -567.591     0.000    -1.45    0.00
   -189.251     0.000     0.00    0.00
    189.167     0.556     1.47    2.16
    567.662     2.534     5.23    4.58
    946.235     6.000     9.16    5.74
   1324.885     8.659     7.02    4.77
   1703.612    11.378     7.18    2.07
   2082.417    12.080     1.85    1.58
   2461.300    12.330     0.66    2.06
   2840.260    12.398     0.18    2.26
   3219.298    13.189     2.09    2.14
   3598.414    13.273     0.22    2.08
   3977.608    14.089     2.15    2.38
   4356.879    15.153     2.81    2.62
   4736.229    16.489     3.52    2.75
   5115.656    17.770     3.38    2.72
   5495.161    18.913     3.01    1.73
   5874.744    19.388     1.25    1.33
   6254.406    19.174    -0.56    1.47
   6634.145    18.619    -1.46    1.68
   7013.963    18.304    -0.83    1.96
   7393.859    18.407     0.27    2.09
   7773.833    18.880     1.25    1.96
   8153.885    19.163     0.74    1.90
   8534.016    19.185     0.06    2.06
   8914.226    19.239     0.14    2.44
   9294.513    19.500     0.69    2.52
   9674.880    20.300     2.10    2.08
  10055.324    20.593     0.77    1.40
  10435.848    20.615     0.06    2.30
  10816.450    20.220    -1.04    3.10
  11197.131    19.859    -0.95    3.41
  11577.890    19.341    -1.36    3.21
  11944.897    17.989    -3.68    3.18
  12310.726    17.352    -1.74    2.61
  12676.627    17.105    -0.68    2.19
  13042.599    17.772     1.82    2.32
  13408.643    18.624     2.33    1.79
  13774.759    19.902     3.49    1.71
  14140.947    20.460     1.52    1.51
  14507.207    20.385    -0.21    1.46
  14873.539    19.685    -1.91    2.17
  15239.943    18.696    -2.70    2.14
  15606.419    17.856    -2.29    1.81
  15972.968    17.389    -1.27    1.56
  16339.588    17.109    -0.76    1.40
  16706.281    17.070    -0.11    1.43
  17073.046    16.935    -0.37    1.67
  17439.883    16.372    -1.53    1.83
  17806.793    16.301    -0.19    1.86
  18173.775    15.989    -0.85    1.95
  18540.830    16.198     0.57    1.74
  18907.957    16.747     1.50    1.86
  19275.157    17.303     1.51    2.46
  19642.429    17.156    -0.40    3.68
  20009.774    16.841    -0.86    4.06
  20377.192    16.761    -0.22    3.86
  20744.682    17.279     1.41    2.50
  21112.245    17.946     1.81    2.19
  21479.881    18.128     0.50    2.36
  21847.589    17.387    -2.01    4.34
  22215.371    15.079    -6.28    6.07
  22583.225    11.429    -9.92    6.62
  22951.153     8.196    -8.79    5.43
  23319.153     5.933    -6.15    2.83
  23687.227     6.348     1.13    3.31
  24055.373     8.852     6.80    4.78
  24423.593    11.352     6.79    4.89
  24791.886    13.477     5.77    3.71
  25160.252    14.422     2.57    2.36
  25528.691    14.907     1.32    1.42
  25897.204    14.774    -0.36    1.23
  26265.790    14.953     0.49    0.94
  26634.450    15.110     0.42    0.94
  27003.183    14.955    -0.42    1.21
  27371.989    14.785    -0.46    1.49
  27740.869    14.602    -0.50    1.66
  28109.822    14.407    -0.53    1.58
  28478.850    14.367    -0.11    1.52
  28847.950    14.688     0.87    1.38
  29217.125    14.857     0.46    1.29
  29586.373    15.522     1.80    1.64
  29955.695    15.892     1.00    1.56
  30325.091    16.391     1.35    1.48
  30694.561    16.630     0.65    1.25
  31064.105    16.547    -0.23    1.55
  31433.722    15.848    -1.89    2.16
  31803.414    14.000    -5.00    4.56
  32173.180    12.728    -3.44    5.08
  32543.020    11.833    -2.42    5.30
  32912.934    11.609    -0.61    5.78
  33282.922     9.187    -6.55    7.05
  33652.984     8.576    -1.65    6.72
  34023.121     9.396     2.21    6.28
  34393.332    11.211     4.90    5.35
  34763.617    13.261     5.54    3.57
  35133.977    13.511     0.68    3.57
  35504.412    10.522    -8.07    6.65
  35874.920     6.557   -10.70    7.67
  36245.504     4.462    -5.65    6.64
  36616.162     4.770     0.83    6.62
  36986.894     8.258     9.41    6.58
  37357.701    10.851     6.99    4.65
  37728.583     9.355    -4.03    5.51
  38099.540     7.818    -4.14    5.67
  38470.572     7.565    -0.68    5.24
  38841.678     8.989     3.84    4.42
  39212.859    11.000     5.42    1.41
  39584.116    10.544    -1.23    1.14
  39955.447    10.370    -0.47    1.21
  40326.853     9.538    -2.24    2.07
  40698.335     8.813    -1.95    2.13
  41069.891     8.783    -0.08    2.46
  41441.523     8.811     0.08    2.63
  41813.230     8.707    -0.28    2.75
  42185.012     8.281    -1.14    2.92
  42556.869     8.043    -0.64    2.78
  42928.802     7.659    -1.03    2.79
  43300.810     7.118    -1.45    2.64
  43672.894     6.488    -1.69    2.63
  44045.053     6.753     0.71    2.85
  44417.288     7.511     2.04    2.75
  44789.598     7.204    -0.82    2.87
  45161.984     6.791    -1.11    2.93
  45534.446     6.174    -1.66    2.70
  45906.983     5.875    -0.80    2.55
  46279.596     5.880     0.01    2.39
  46652.285     6.933     2.83    2.42
  47025.050     7.293     0.97    2.33
  47397.891     6.922    -1.00    2.74
  47770.807     6.587    -0.90    2.73
  48143.800     6.239    -0.93    2.62
  48516.869     5.739    -1.34    2.28
  48890.014     5.130    -1.63    2.38
  49263.234     3.846    -3.44    3.17
  49636.532     2.500    -3.61    3.18
  50009.905     0.802    -4.55    2.34
  50383.354     0.108    -1.86    1.78
  50756.880     0.176     0.18    2.13
  51130.483     0.793     1.65    2.77
  51504.161     2.022     3.29    3.03
  51877.917     3.098     2.88    2.64
  52251.748     4.112     2.71    2.51
  52625.656     3.120    -2.66    2.80
  52999.641     2.011    -2.96    3.05
  53373.703     1.000    -2.70    2.93
  53747.841     0.465    -1.43    2.44
  54122.056     1.441     2.61    2.96
  54496.347     2.663     3.26    2.74
  54870.716     3.183     1.39    2.62
  55245.161     2.895    -0.77    2.90
  55619.683     1.511    -3.70    2.83
  55994.283     0.230    -3.42    2.20
  56368.959    -0.391    -1.66    1.74
  56743.712    -0.851    -1.23    0.36
  57118.543    -0.674     0.47    0.56
  57493.451    -0.648     0.07    0.57
  57868.435     0.141     2.10    2.68
  58243.497     3.598     9.22    7.58
  58618.637     7.140     9.44    9.63
  58993.854    11.360    11.25   10.44
  59369.148    15.277    10.44   10.91
  59744.519    17.443     5.77   10.83
  60119.968    18.543     2.93   10.19
  60495.495    16.943    -4.26    9.05
  60871.099    17.613     1.78    8.07
  61246.781    18.578     2.57    7.69
  61622.541    21.774     8.51    8.36
  61998.378    24.567     7.43    7.13
  62374.293    25.837     3.38    6.94
  62750.286    25.242    -1.58    6.38
  63126.357    24.391    -2.26    5.25
  63502.505    22.630    -4.68    8.36
  63878.732    18.359   -11.35   10.89
  64255.036    17.022    -3.55   12.50
  64631.419    15.804    -3.23   15.01
  65007.880    15.312    -1.31   16.09
  65384.419    13.772    -4.09   16.38
  65761.036    12.163    -4.27   14.93
  66137.732    10.272    -5.02   13.36
  66514.505    11.968     4.50   13.86
  66891.357    11.889    -0.21   14.12
  67268.288    11.473    -1.10   13.25
  67645.297     8.944    -6.71   10.77
  68022.384     8.667    -0.74   10.11
  68399.550     8.367    -0.80   10.35
  68776.795     9.452     2.88   11.00
  69154.118     9.511     0.16   10.11
  69531.520    12.598     8.18   11.50
  69909.001    16.902    11.40   12.17
  70286.560    23.366    17.12   12.24
  70664.199    31.141    20.59    9.55
  71041.916    34.344     8.48    8.02
  71419.712    36.587     5.94    6.15
  71797.587    36.581    -0.02    5.62
  72175.541    36.436    -0.38    4.27
  72553.574    37.791     3.58    4.33
  72931.687    39.511     4.55    4.57
  73309.878    41.333     4.82    3.91
  73688.149    41.043    -0.77    5.46
  74066.499    39.189    -4.90    6.26
  74444.929    37.032    -5.70    6.40
  74823.437    34.876    -5.70    5.02
  75202.026    32.054    -7.46    5.22
  75580.693    29.523    -6.68    5.45
  75959.440    27.075    -6.46    4.18
  76338.267    25.955    -2.96    3.83
  76717.174    24.245    -4.51    4.67
  77096.160    22.433    -4.78    6.48
  77475.225    18.194   -11.19    8.46
  77854.371    14.880    -8.74    7.49
  78233.596    13.559    -3.48    7.99
  78612.902    13.870     0.82    8.47
  78992.287    16.086     5.84    8.89
  79371.752    16.911     2.17    9.17
  79751.297    21.755    12.76   10.45
  80130.923    29.473    20.33   10.55
  80510.628    35.821    16.72    9.67
  80890.414    38.396     6.78   10.67
  81270.279    37.033    -3.59   11.35
  81650.225    33.807    -8.49   10.61
  82030.252    30.742    -8.07    8.39
  82410.359    28.540    -5.79    5.38
  82790.546    31.903     8.85    6.70
  83170.813    35.494     9.44    7.50
  83551.162    34.935    -1.47    9.76
  83931.590    32.523    -6.34   10.64
  84312.100    32.202    -0.84    9.72
  84692.690    33.573     3.60   10.04
  85073.361    39.628    15.91    9.00
  85454.112    43.529    10.25    7.28
  85834.945    43.589     0.16    7.13
  86215.858    40.867    -7.15    8.55
  86587.808    39.553    -3.53    8.92
  86953.411    38.602    -2.60    8.30
  87319.087    37.181    -3.89   10.18
  87684.838    36.286    -2.45   11.29
  88050.662    33.511    -7.59   12.56
  88416.559    31.172    -6.39   11.81
  88782.530    30.333    -2.29   11.40
  89148.575    33.495     8.64   12.09
  89514.694    35.077     4.32   13.31
  89880.886    37.255     5.95   13.56
  90247.152    39.830     7.03   13.85
  90613.493    39.862     0.09   14.07
  90979.907    40.438     1.57   14.38
  91346.395    38.553    -5.14   13.57
  91712.957    36.440    -5.77   12.84
  92079.593    34.457    -5.41   10.06
  92446.303    34.065    -1.07    8.15
  92813.088    37.761    10.08    8.14
  93179.946    43.387    15.34    6.90
  93546.879    47.213    10.43    6.11
  93913.886    50.732     9.59    5.65
  94280.968    54.318     9.77    4.13
  94648.124    55.632     3.58    2.69
  95015.354    56.544     2.49    2.61
  95382.659    57.084     1.47    2.64
  95750.038    57.435     0.95    2.80
  96117.492    59.479     5.56    3.81
  96485.021    63.160    10.02    6.10
  96852.624    68.637    14.90    6.97
  97220.302    73.553    13.37    7.25
  97588.054    78.556    13.60    4.27
  97955.882    79.295     2.01    3.46
  98323.784    80.500     3.28    3.42
  98691.761    80.191    -0.84    3.66
  99059.813    79.144    -2.85    3.86
  99427.940    77.404    -4.73    4.31
  99796.142    76.426    -2.66    3.49
 100164.419    75.862    -1.53    2.81
 100532.771    77.085     3.32    2.41
 100901.198    78.467     3.75    2.83
 101269.701    79.904     3.90    2.96
 101638.279    80.080     0.48    3.05
 102006.932    78.698    -3.75    3.62
 102375.660    76.761    -5.25    3.75
 102744.464    74.290    -6.70    3.83
 103113.343    72.239    -5.56    3.28
 103482.298    71.404    -2.26    2.75
 103851.328    70.957    -1.21    2.99
 104220.434    70.380    -1.56    3.26
 104589.615    71.000     1.68    3.38
 104958.872    70.791    -0.57    3.38
 105328.205    70.389    -1.09    3.03
 105697.613    70.833     1.20    2.74
 106067.097    71.271     1.18    2.85
 106436.657    70.708    -1.52    2.67
 106806.293    70.989     0.76    3.24
 107176.005    70.344    -1.74    3.18
 107545.793    71.660     3.56    3.45
 107915.657    73.065     3.80    3.24
 108285.597    73.287     0.60    3.35
 108655.613    72.947    -0.92    3.25
 109025.705    73.387     1.19    3.65
 109395.874    73.495     0.29    3.57
 109766.118    73.054    -1.19    3.89
 110136.439    71.936    -3.02    3.84
 110506.837    71.091    -2.28    3.10
 110877.311    71.117     0.07    2.63
 111247.861    71.558     1.19    2.76
 111618.488    71.978     1.13    3.41
 111989.191    70.989    -2.67    4.49
 112359.971    69.129    -5.02    4.84
 112730.827    66.957    -5.86    3.65
 113101.760    66.032    -2.49    2.41
 113472.770    65.505    -1.42    2.61
 113843.857    65.160    -0.93    3.07
 114215.020    63.255    -5.13    4.35
 114586.261    60.851    -6.48    4.50
 114957.578    58.160    -7.25    3.16
 115328.972    56.341    -4.90    2.71
 115700.443    55.355    -2.65    2.51
 116071.992    55.066    -0.78    2.30
 116443.617    55.168     0.28    2.53
 116815.320    55.511     0.92    2.84
 117187.100    54.969    -1.46    3.03
 117558.957    54.911    -0.16    3.25
 117930.891    53.063    -4.97    2.58
 118302.903    52.538    -1.41    2.52
 118674.992    52.202    -0.90    2.66
 119047.158    51.839    -0.98    2.34
 119419.402    52.670     2.23    2.74
 119791.724    53.415     2.00    2.80
 120164.123    53.255    -0.43    2.36
 120536.599    53.436     0.49    2.43
 120909.154    53.479     0.11    2.24
 121281.786    53.505     0.07    2.53
 121654.496    53.337    -0.45    2.59
 122027.283    53.656     0.86    2.83
 122400.149    53.440    -0.58    2.99
 122773.093    53.245    -0.52    2.67
 123146.114    53.318     0.20    2.62
 123519.214    53.589     0.73    2.17
 123892.391    54.211     1.67    2.28
 124265.647    59.990    15.48   10.89
 124638.981    75.385    41.24   24.78
 125012.393    96.053    55.35   31.52
 125385.883   119.311    62.28   26.59
 125759.452   138.681    51.86   15.50
 126133.099   145.774    18.99    8.72
 126506.824   142.872    -7.77   13.10
 126880.628   133.828   -24.20   17.68
 127254.510   121.489   -33.00   14.91
 127628.471   115.085   -17.13    8.18
 128002.511   116.298     3.24    8.34
 128376.629   123.128    18.26   11.21
 128750.826   131.298    21.84    9.41
 129125.101   136.543    14.01    6.68
 129499.456   142.237    15.21    6.81
 129873.889   146.979    12.67    9.80
 130248.401   152.613    15.05   10.30
 130622.992   160.309    20.55   11.82
 130997.662   171.055    28.69   14.67
 131372.411   179.916    23.65   14.08
 131747.240   187.441    20.08    8.88
 132122.147   190.423     7.95    7.76
 132497.134   190.933     1.36    7.49
 132872.199   188.191    -7.31    7.03
 133247.344   184.909    -8.75    6.78
 133622.569   181.436    -9.26    4.93
 133997.873   181.279    -0.42    4.58
 134373.256   184.670     9.03    9.34
 134748.719   189.618    13.18   13.14
 135124.261   193.095     9.26   14.12
 135499.883   196.402     8.81   13.42
 135875.585   200.653    11.31   17.29
 136251.366   202.699     5.45   21.75
 136627.227   197.674   -13.37   29.11
 137003.167   184.802   -34.24   34.20
 137379.188   165.211   -52.11   29.70
 137755.289   149.398   -42.05   15.78
 138131.469   145.298   -10.90   11.42
 138507.729   152.660    19.57   19.47
 138884.070   164.532    31.55   21.52
 139260.490   174.787    27.25   17.76
 139636.991   184.295    25.25   10.31
 140013.572   189.839    14.72   10.29
 140390.233   196.072    16.55    9.72
 140766.975   203.170    18.84   14.97
 141143.796   217.755    38.71   28.90
 141520.699   242.447    65.52   46.74
 141897.681   270.516    74.46   53.39
 142274.744   291.232    54.95   47.65
 142651.888   294.168     7.79   40.47
 143029.112   288.223   -15.76   35.92
 143406.417   282.479   -15.23   19.85
 143783.803   290.777    21.99   20.68
 144161.269   310.362    51.89   35.54
 144538.816   314.426    10.76   34.52
 144916.444   312.840    -4.20   35.47
 145294.153   312.702    -0.37   34.61
 145671.943   315.394     7.13   32.07
 146049.814   332.292    44.72   40.16
 146427.766   361.871    78.27   40.49
 146805.799   398.316    96.42   40.52
 147183.913   439.362   108.57   63.18
 147562.109   478.147   102.57   79.42
 147940.386   535.862   152.59   83.48
 148318.744   577.021   108.80   80.01
 148697.183   607.755    81.22   84.45
 149075.704   614.137    16.86   92.77
 149454.306   626.548    32.79   98.52
 149832.990   622.021   -11.96  105.02
 150211.756   622.720     1.85  102.30
 150590.603   622.583    -0.36   93.57
 150969.531   624.777     5.79   77.47
 151348.542   634.084    24.56   66.67
 151727.634   652.149    47.66   55.09
 152106.808   672.947    54.86   58.38
 152486.064   715.479   112.16   63.15
 152865.402   763.191   125.79   75.63
 153244.822   818.787   146.54   88.69
 153624.324   881.177   164.42   82.07
 154003.908   927.330   121.60   47.20
 154383.574   919.543   -20.51   71.55
 154763.323   880.404  -103.07  111.27
 155143.154   813.833  -175.28  138.86
 155523.067   746.558  -177.10  129.45
 155903.062   714.000   -85.69  114.77
 156283.140   677.968   -94.81  109.04
 156663.300   664.777   -34.70  116.30
 157043.543   622.600  -110.93  110.34
 157423.868   576.684  -120.74   86.35
 157804.276   533.389  -113.82   49.72
 158184.767   516.170   -45.26   45.37
 158565.340   519.447     8.61   72.06
 158945.996   550.379    81.27  112.77
 159326.735   606.608   147.70  149.35
 159707.557   656.851   131.95  159.77
 160088.462   724.989   178.91  156.11
 160469.450   732.936    20.86  131.44
 160850.521   717.489   -40.54  110.64
 161227.825   677.830  -105.12  108.39
 161593.194   607.585  -192.28  105.26
 161958.639   539.031  -187.61   81.79
 162324.159   483.761  -151.23   59.64
 162689.754   445.906  -103.55   42.02
 163055.425   415.944   -81.95   18.83
 163421.171   400.042   -43.49   15.90
 163786.992   387.532   -34.20   14.22
 164152.889   376.758   -29.45   14.57
 164518.861   367.989   -23.96   12.24
 164884.909   357.372   -29.01   12.26
 165251.033   345.937   -31.24   16.79
 165617.233   331.851   -38.47   19.18
 165983.508   316.847   -40.97   19.65
 166349.859   305.722   -30.37   14.80
 166716.286   301.897   -10.44   14.25
 167082.788   299.903    -5.44   13.90
 167449.367   297.927    -5.39   12.69
 167816.021   297.468    -1.25   11.93
 168182.752   299.436     5.37   11.25
 168549.559   304.598    14.07   11.07
 168916.441   312.213    20.76    8.36
 169283.400   315.906    10.06   10.30
 169650.435   316.567     1.80   12.38
 170017.547   314.737    -4.98   12.88
 170384.735   311.295    -9.38   12.71
 170751.999   304.052   -19.72   14.74
 171119.339   295.500   -23.28   18.14
 171486.756   281.126   -39.13   20.38
 171854.249   267.653   -36.67   18.85
 172221.819   255.110   -34.13   13.86
 172589.466   245.167   -27.05    9.87
 172957.189   239.652   -15.00    9.46
 173324.989   235.594   -11.03   13.15
 173692.865   233.495    -5.71   15.76
 174060.819   232.426    -2.91   16.74
 174428.849   235.688     8.86   19.43
 174796.956   243.484    21.18   20.48
 175165.140   250.365    18.69   16.37
 175533.401   250.565     0.54   13.81
 175901.739   240.351   -27.74   22.62
 176270.154   223.217   -46.51   25.68
 176638.646   202.711   -55.66   24.39
 177007.215   184.859   -48.44   17.98
 177375.862   169.490   -41.70   13.52
 177744.585   160.421   -24.60   10.98
 178113.386   152.789   -20.70    9.26
 178482.265   146.750   -16.37    9.35
 178851.220   139.258   -20.31    8.47
 179220.254   134.198   -13.71    6.76
 179589.364   130.303   -10.55    4.14
 179958.553   128.691    -4.37    3.79
 180327.819   129.696     2.72    4.40
 180697.162   134.042    11.77   11.19
 181066.583   140.989    18.81   15.94
 181436.082   151.897    29.52   18.20
 181805.659   161.263    25.35   14.07
 182175.313   168.958    20.82    7.63
 182545.046   170.320     3.68    5.69
 182914.856   168.344    -5.34    5.87
 183284.745   164.000   -11.75    7.25
 183654.711   158.256   -15.53    9.69
 184024.756   155.255    -8.11    8.69
 184394.878   153.565    -4.57    7.82
 184765.079   155.010     3.90    5.61
 185135.358   155.968     2.59    3.65
 185505.715   153.711    -6.10    6.02
 185876.151   149.368   -11.73    7.43
 186246.665   144.281   -13.73    6.88
 186617.257   139.926   -11.75    5.06
 186987.928   136.511    -9.21    3.43
 187358.678   134.186    -6.27    4.41
 187729.505   130.315   -10.44    6.48
 188100.412   126.194   -11.11    7.88
 188471.397   120.250   -16.02    8.03
 188842.461   114.636   -15.13    8.20
 189213.604   110.750   -10.47    6.02
 189584.826   109.113    -4.41    4.07
 189956.126   112.226     8.38    7.76
 190327.505   118.417    16.67   10.02
 190698.964   125.074    17.92    9.48
 191070.501   131.305    16.77    6.46
 191442.118   134.938     9.78    5.42
 191813.813   137.436     6.72    5.92
 192185.588   137.969     1.43    6.00
 192557.442   137.670    -0.80    5.90
 192929.375   132.753   -13.22   10.55
 193301.387   125.056   -20.69   13.33
 193673.479   115.740   -25.04   13.07
 194045.651   107.955   -20.92   10.31
 194417.901   104.021   -10.57    7.96
 194790.232   100.211   -10.23    7.90
 195162.642    97.495    -7.29    7.85
 195535.131    94.531    -7.96    8.89
 195907.700    92.552    -5.31    8.62
 196280.349    96.884    11.63   12.81
 196653.078   104.467    20.35   15.41
 197025.886   112.542    21.66   12.84
