-220032.469    81.192     0.00    1.85
-219663.453    80.851    -0.92    1.95
-219294.503    80.357    -1.34    2.08
-218925.619    79.608    -2.03    2.26
-218556.801    78.427    -3.20    2.50
-218188.049    76.853    -4.27    2.44
-217819.363    75.695    -3.14    1.86
-217450.743    74.914    -2.12    1.76
-217082.189    74.559    -0.96    1.95
-216713.701    74.475    -0.23    2.28
-216345.279    74.426    -0.13    2.47
-215976.922    74.275    -0.41    2.45
-215608.632    73.853    -1.15    2.25
-215240.406    73.348    -1.37    1.90
-214872.247    73.214    -0.36    1.65
-214504.153    73.282     0.18    1.77
-214136.125    73.935     1.78    2.18
-213768.163    74.782     2.30    2.60
-213400.266    75.729     2.57    2.78
-213032.435    76.362     1.72    2.80
-212664.669    76.570     0.57    2.73
-212296.968    76.302    -0.73    2.84
-211929.333    75.240    -2.89    3.09
-211561.764    73.451    -4.87    2.67
-211194.259    72.006    -3.93    2.04
-210826.820    71.231    -2.11    1.53
-210459.447    70.658    -1.56    1.49
-210092.138    70.367    -0.79    1.58
-209724.895    70.061    -0.83    1.68
-209357.717    69.512    -1.49    1.79
-208990.604    68.921    -1.61    1.83
-208623.556    68.833    -0.24    1.99
-208256.573    69.314     1.31    2.44
-207889.655    70.358     2.85    2.82
-207522.802    71.602     3.39    2.21
-207156.014    71.975     1.02    1.41
-206776.853    71.208    -2.02    1.43
-206396.632    70.029    -3.10    1.60
-206016.482    68.932    -2.89    1.35
-205636.402    68.821    -0.29    1.39
-205256.393    69.463     1.69    1.69
-204876.454    70.573     2.92    1.38
-204496.585    71.355     2.06    1.01
-204116.786    71.933     1.52    1.13
-203737.058    72.357     1.12    1.49
-203357.400    72.765     1.08    1.71
-202977.812    73.226     1.21    1.87
-202598.295    73.705     1.26    1.96
-202218.847    74.122     1.10    1.92
-201839.469    74.628     1.33    1.83
-201460.162    74.982     0.93    1.55
-201080.924    75.058     0.20    1.37
-200701.757    74.756    -0.80    1.28
-200322.659    73.955    -2.11    1.35
-199943.631    73.071    -2.33    1.38
-199564.673    72.413    -1.74    0.99
-199185.784    72.716     0.80    1.42
-198806.966    73.646     2.45    1.81
-198428.217    74.158     1.35    1.58
-198049.538    73.560    -1.58    1.90
-197670.928    72.549    -2.67    1.85
-197292.388    71.702    -2.24    1.33
-196913.918    71.879     0.47    1.87
-196535.517    73.191     3.47    2.54
-196157.185    74.765     4.16    3.01
-195778.923    76.283     4.01    3.83
-195400.731    78.461     5.76    5.13
-195022.607    79.364     2.39    4.58
-194644.553    79.223    -0.37    3.71
-194266.569    78.561    -1.75    2.70
-193888.653    78.269    -0.77    2.37
-193510.807    78.416     0.39    1.84
-193133.030    78.438     0.06    1.41
-192755.322    78.597     0.42    1.15
-192377.683    78.685     0.23    0.99
-192000.113    78.792     0.28    0.76
-191622.612    78.759    -0.09    0.70
-191245.181    78.524    -0.62    0.94
-190867.818    77.987    -1.42    1.28
-190490.524    77.195    -2.10    1.56
-190113.299    76.047    -3.04    1.92
-189736.142    74.841    -3.20    2.03
-189359.055    73.572    -3.37    2.05
-188982.036    72.487    -2.88    1.90
-188605.086    71.607    -2.34    1.71
-188228.205    70.892    -1.90    1.58
-187851.392    69.951    -2.50    1.76
-187474.648    69.032    -2.44    1.98
-187097.972    67.714    -3.50    2.16
-186721.365    66.410    -3.46    1.91
-186344.827    65.210    -3.19    1.84
-185968.357    64.383    -2.20    1.65
-185591.955    63.773    -1.62    1.55
-185215.622    63.196    -1.54    1.29
-184839.357    62.771    -1.13    1.14
-184463.160    61.981    -2.10    1.21
-184087.032    61.053    -2.47    1.69
-183710.971    59.709    -3.57    2.45
-183334.980    58.216    -3.97    2.94
-182959.056    56.561    -4.40    3.15
-182583.200    55.304    -3.34    3.10
-182207.412    54.744    -1.49    2.86
-181831.693    54.646    -0.26    2.47
-181456.041    54.709     0.17    2.17
-181080.458    55.170     1.23    2.42
-180704.942    56.817     4.38    3.35
-180329.494    58.634     4.84    3.34
-179954.114    60.487     4.94    2.00
-179578.802    61.302     2.17    0.83
-179203.558    61.622     0.85    0.36
-178828.381    62.337     1.91    1.26
-178453.272    63.512     3.13    1.92
-178078.231    64.426     2.44    2.04
-177703.258    64.957     1.42    2.13
-177328.352    65.221     0.70    2.34
-176953.513    65.573     0.94    2.33
-176578.743    66.256     1.82    2.08
-176204.039    67.061     2.15    1.38
-175829.403    67.474     1.10    0.74
-175454.835    67.297    -0.47    0.76
-175080.334    66.961    -0.90    0.64
-174705.900    66.695    -0.71    0.48
-174331.533    66.539    -0.42    0.19
-173957.234    66.558     0.05    0.24
-173583.002    66.565     0.02    0.25
-173208.838    66.536    -0.08    0.19
-172834.740    66.423    -0.30    0.31
-172460.710    66.071    -0.94    0.68
-172086.746    65.487    -1.56    1.07
-171712.850    64.365    -3.00    1.55
-171339.021    63.276    -2.91    1.39
-170965.258    62.353    -2.47    0.98
-170591.563    61.679    -1.80    0.53
-170217.935    61.365    -0.84    0.58
-169844.373    61.092    -0.73    0.90
-169470.878    60.719    -1.00    1.27
-169097.450    59.846    -2.34    1.78
-168724.089    58.904    -2.52    2.09
-168350.795    57.981    -2.47    2.14
-167977.567    56.870    -2.98    1.88
-167604.406    56.387    -1.29    1.64
-167231.311    56.841     1.22    2.40
-166858.284    57.722     2.36    3.18
-166485.322    58.586     2.32    3.43
-166112.428    59.095     1.36    3.25
-165739.599    59.154     0.16    2.92
-165366.837    58.917    -0.64    2.48
-164994.142    58.858    -0.16    2.33
-164621.513    59.320     1.24    2.38
-164248.950    59.907     1.58    1.72
-163876.454    59.765    -0.38    1.38
-163504.023    58.994    -2.07    1.61
-163131.660    58.000    -2.67    1.48
-162759.362    57.179    -2.21    0.97
-162387.130    56.697    -1.29    0.49
-162014.965    56.511    -0.50    0.11
-161642.865    56.500    -0.03    0.00
-161270.832    56.500     0.00    0.00
-160898.865    56.362    -0.37    0.41
-160526.964    55.921    -1.19    0.98
-160155.128    55.031    -2.39    1.60
-159783.359    53.821    -3.26    1.93
-159411.655    52.474    -3.62    1.77
-159040.017    51.277    -3.22    1.30
-158668.446    50.487    -2.13    0.71
-158296.939    50.309    -0.48    0.57
-157925.499    50.500     0.51    0.70
-157554.124    50.932     1.16    0.67
-157182.815    51.325     1.06    0.38
-156811.572    51.500     0.47    0.27
-156440.394    51.753     0.68    0.67
-156069.282    52.290     1.45    1.38
-155698.235    53.064     2.09    1.88
-155327.254    53.765     1.89    2.19
-154956.338    54.461     1.88    2.27
-154585.488    55.000     1.45    2.09
-154214.703    55.097     0.26    1.96
-153843.983    54.878    -0.59    1.84
-153473.329    54.681    -0.53    1.68
-153102.740    54.678    -0.01    1.61
-152732.217    54.863     0.50    1.49
-152361.758    55.670     2.18    1.11
-151991.365    56.370     1.89    0.71
-151621.037    56.945     1.55    0.63
-151250.774    57.617     1.81    0.90
-150880.576    58.228     1.65    0.89
-150510.443    58.592     0.98    0.68
-150140.375    58.475    -0.32    0.81
-149770.372    57.980    -1.34    1.11
-149400.434    57.302    -1.83    1.39
-149030.561    56.655    -1.75    1.70
-148660.753    56.062    -1.60    2.31
-148291.009    55.782    -0.76    2.66
-147921.331    55.680    -0.27    2.83
-147551.717    55.854     0.47    2.83
-147182.168    56.401     1.48    2.51
-146812.683    56.954     1.50    2.08
-146443.264    57.475     1.41    1.52
-146073.909    57.677     0.55    1.00
-145704.618    57.244    -1.17    1.16
-145335.392    56.425    -2.22    1.44
-144966.231    55.092    -3.61    1.47
-144597.134    54.129    -2.61    1.18
-144228.102    53.277    -2.31    0.92
-143859.134    52.660    -1.67    0.78
-143490.230    52.212    -1.21    0.62
-143121.391    51.907    -0.83    0.49
-142752.616    51.683    -0.61    0.39
-142383.905    51.561    -0.33    0.24
-142015.259    51.500    -0.17    0.00
-141646.677    51.500     0.00    0.00
-141278.159    51.500     0.00    0.00
-140909.705    51.512     0.03    0.11
-140541.315    51.512     0.00    0.11
-140172.990    51.500    -0.03    0.00
-139804.728    51.500     0.00    0.00
-139436.531    51.500     0.00    0.00
-139068.397    51.500     0.00    0.00
-138700.328    51.500     0.00    0.00
-138332.322    51.500     0.00    0.00
-137964.381    51.500     0.00    0.00
-137596.503    51.500     0.00    0.00
-137228.689    51.413    -0.23    0.42
-136860.939    50.948    -1.26    1.36
-136493.252    49.853    -2.98    2.40
-136125.629    48.276    -4.29    2.97
-135758.070    47.092    -3.22    2.86
-135390.575    46.360    -1.99    2.73
-135023.143    45.964    -1.08    2.38
-134655.775    45.375    -1.60    2.22
-134288.470    44.237    -3.10    2.19
-133921.229    43.275    -2.62    1.91
-133554.051    42.365    -2.48    1.44
-133186.937    41.722    -1.75    0.72
-132819.887    41.500    -0.61    0.00
-132452.899    41.525     0.07    0.16
-132077.176    42.196     1.79    1.47
-131697.097    44.036     4.84    3.41
-131317.085    46.586     6.71    4.21
-130937.143    49.246     7.00    3.96
-130557.269    51.611     6.22    2.71
-130177.463    53.032     3.74    1.31
-129797.726    53.969     2.47    1.05
-129418.058    54.769     2.11    1.02
-129038.457    55.660     2.35    1.11
-128658.925    56.591     2.45    1.10
-128279.462    57.150     1.47    0.80
-127900.067    57.300     0.40    0.64
-127520.739    56.993    -0.81    0.81
-127141.481    56.426    -1.50    0.85
-126762.290    55.821    -1.60    1.05
-126383.167    54.975    -2.23    1.23
-126004.113    54.075    -2.37    1.42
-125625.126    53.186    -2.34    1.34
-125246.208    52.462    -1.91    1.14
-124867.357    51.792    -1.77    0.99
-124488.575    51.421    -0.98    1.06
-124109.860    51.329    -0.24    1.24
-123731.214    50.868    -1.22    1.80
-123352.635    49.256    -4.26    3.36
-122974.123    46.879    -6.28    4.27
-122595.680    44.300    -6.82    3.52
-122217.304    42.653    -4.35    1.68
-121838.997    42.439    -0.57    1.30
-121460.756    42.784     0.91    1.47
-121082.584    42.870     0.23    1.59
-120704.478    43.120     0.66    1.67
-120326.441    43.307     0.50    1.50
-119948.471    43.463     0.41    1.10
-119570.568    43.322    -0.37    0.86
-119192.733    42.919    -1.07    0.76
-118814.965    42.539    -1.01    0.70
-118437.265    42.300    -0.63    0.62
-118059.632    42.020    -0.74    0.55
-117682.066    41.635    -1.02    0.95
-117304.568    41.019    -1.63    1.42
-116927.136    40.414    -1.60    1.75
-116549.772    39.941    -1.25    1.73
-116172.475    39.287    -1.73    1.78
-115795.245    38.816    -1.25    1.61
-115418.082    39.090     0.73    2.25
-115040.987    39.675     1.55    3.27
-114663.958    39.987     0.83    3.43
-114286.996    39.974    -0.03    3.03
-113910.101    39.290    -1.82    1.96
-113533.273    38.969    -0.85    1.62
-113156.512    38.672    -0.79    1.55
-112779.818    38.275    -1.06    1.39
-112403.190    37.871    -1.07    1.30
-112026.629    37.500    -0.99    1.27
-111650.135    37.057    -1.18    1.26
-111273.708    36.683    -0.99    1.09
-110897.347    36.384    -0.79    0.93
-110521.053    36.087    -0.79    0.71
-110144.826    35.993    -0.25    0.69
-109768.664    36.253     0.69    0.87
-109392.570    36.552     0.79    0.97
-109016.542    36.808     0.68    0.93
-108640.580    37.040     0.62    0.86
-108264.685    37.187     0.39    1.09
-107888.856    37.422     0.62    1.22
-107513.094    37.759     0.90    1.70
-107137.397    38.538     2.07    2.40
-106761.767    39.825     3.43    4.04
-106386.204    41.386     4.16    5.09
-106010.706    43.162     4.73    5.90
-105635.275    45.637     6.59    6.32
-105259.909    47.833     5.85    5.89
-104884.610    48.821     2.63    5.16
-104509.377    48.265    -1.48    5.02
-104134.210    46.537    -4.61    4.89
-103759.108    45.867    -1.79    4.22
-103384.073    46.142     0.73    3.79
-103009.104    48.158     5.38    4.34
-102634.200    51.981    10.20    5.20
-102259.363    56.993    13.37    7.33
-101884.591    63.337    16.93    9.77
-101509.885    69.854    17.39   10.45
-101135.244    76.548    17.87    9.48
-100760.670    81.384    12.91    7.46
-100386.161    84.244     7.64    5.78
-100011.717    86.236     5.32    5.29
 -99637.339    87.327     2.91    6.06
 -99263.027    89.342     5.38    6.50
 -98888.780    89.125    -0.58    6.77
 -98514.599    86.289    -7.58    8.14
 -98140.483    83.142    -8.41    7.94
 -97766.433    79.565    -9.56    7.08
 -97392.448    76.993    -6.88    7.58
 -97018.528    74.144    -7.62    7.57
 -96644.674    69.622   -12.10    7.11
 -96270.885    65.960    -9.80    7.24
 -95897.161    60.725   -14.01    5.05
 -95523.503    57.006    -9.95    3.77
 -95149.909    54.203    -7.50    3.40
 -94776.381    49.664   -12.15    5.88
 -94402.918    46.073    -9.62    6.87
 -94029.520    44.955    -2.99    6.86
 -93656.187    47.025     5.54    7.47
 -93282.919    53.012    16.04    8.32
 -92909.716    57.412    11.79    6.14
 -92536.578    58.057     1.73    7.18
 -92163.504    57.956    -0.27    8.03
 -91790.496    56.787    -3.13    7.13
 -91417.553    56.512    -0.74    6.21
 -91044.674    56.386    -0.34    5.34
 -90671.860    54.808    -4.23    5.18
 -90299.111    53.137    -4.48    5.08
 -89926.426    53.200     0.17    5.24
 -89553.806    56.474     8.79    6.78
 -89181.251    58.962     6.68    7.62
 -88808.761    61.628     7.16    7.12
 -88436.335    63.401     4.76    6.16
 -88063.973    62.747    -1.76    5.38
 -87691.676    61.212    -4.12    4.28
 -87319.444    58.936    -6.12    3.99
 -86947.275    56.102    -7.61    4.55
 -86575.172    52.335   -10.12    5.25
 -86203.132    49.162    -8.53    7.34
 -85831.157    46.475    -7.22    9.40
 -85459.247    43.137    -8.98   11.19
 -85087.400    37.348   -15.57   11.27
 -84715.618    32.436   -13.21    9.25
 -84343.900    27.297   -13.82    5.75
 -83972.246    24.175    -8.40    5.75
 -83600.656    20.574    -9.69    5.54
 -83229.131    17.337    -8.71    3.45
 -82857.669    15.943    -3.75    1.72
 -82486.271    15.980     0.10    1.53
 -82114.938    15.867    -0.31    1.67
 -81743.668    15.787    -0.21    1.79
 -81372.463    15.438    -0.94    1.69
 -81001.321    15.187    -0.68    1.47
 -80630.243    14.892    -0.80    1.53
 -80259.229    14.396    -1.34    1.61
 -79888.279    13.803    -1.60    1.45
 -79517.392    13.712    -0.25    1.38
 -79146.569    13.697    -0.04    1.41
 -78775.810    13.825     0.34    1.32
 -78405.115    13.917     0.25    1.25
 -78034.483    13.859    -0.16    1.12
 -77663.915    13.550    -0.83    0.97
 -77293.410    13.212    -0.91    0.81
 -76922.969    12.858    -0.96    0.60
 -76552.591    12.700    -0.43    0.43
 -76182.277    13.038     0.91    1.15
 -75812.026    13.837     2.16    1.94
 -75441.839    14.936     2.97    2.31
 -75071.715    15.833     2.42    2.20
 -74701.654    16.635     2.17    1.90
 -74331.657    16.912     0.75    1.60
 -73961.723    16.892    -0.05    1.59
 -73591.852    16.612    -0.76    1.71
 -73222.045    15.941    -1.81    1.65
 -72852.300    15.275    -1.80    1.43
 -72482.619    14.563    -1.93    1.17
 -72113.001    13.950    -1.66    1.04
 -71743.445    13.371    -1.56    0.84
 -71373.953    12.950    -1.14    0.61
 -71004.524    12.615    -0.91    0.43
 -70635.158    12.348    -0.72    0.40
 -70265.855    12.208    -0.38    0.58
 -69896.615    12.068    -0.38    0.76
 -69527.437    12.012    -0.15    0.82
 -69158.323    12.025     0.03    0.91
 -68789.271    12.026     0.00    1.01
 -68420.282    12.037     0.03    1.05
 -68051.356    12.065     0.08    1.06
 -67682.493    11.705    -0.98    1.28
 -67313.692    10.868    -2.27    1.77
 -66944.954     9.623    -3.38    2.27
 -66576.278     8.100    -4.13    2.17
 -66207.665     6.712    -3.76    2.08
 -65839.115     5.310    -3.80    1.44
 -65470.627     4.371    -2.55    1.09
 -65102.202     3.605    -2.08    0.78
 -64733.839     3.030    -1.56    0.59
 -64365.538     2.702    -0.89    0.40
 -63997.300     2.537    -0.45    0.19
 -63629.124     2.500    -0.10    0.00
 -63261.011     2.312    -0.51    0.39
 -62892.960     2.120    -0.52    0.49
 -62524.971     1.875    -0.67    0.49
 -62157.045     1.705    -0.46    0.41
 -61789.180     1.612    -0.25    0.32
 -61421.378     1.538    -0.20    0.19
 -61053.638     1.500    -0.10    0.00
 -60685.960     1.500     0.00    0.00
 -60318.344     1.500     0.00    0.00
 -59950.790     1.500     0.00    0.00
 -59583.298     1.500     0.00    0.00
 -59215.869     1.500     0.00    0.00
 -58848.501     1.500     0.00    0.00
 -58481.195     1.500     0.00    0.00
 -58113.951     1.500     0.00    0.00
 -57746.768     1.500     0.00    0.00
 -57374.196     1.500     0.00    0.00
 -56994.256     1.500     0.00    0.00
 -56614.383     1.500     0.00    0.00
 -56234.578     1.487    -0.03    0.11
 -55854.838     1.337    -0.39    0.37
 -55475.166     1.145    -0.51    0.48
 -55095.560     0.875    -0.71    0.49
 -54716.021     0.635    -0.63    0.34
 -54336.548     0.537    -0.26    0.19
 -53957.142     0.500    -0.10    0.00
 -53577.802     0.500     0.00    0.00
 -53198.529     0.500     0.00    0.00
 -52819.323     0.500     0.00    0.00
 -52440.182     0.551     0.14    0.22
 -52061.108     0.794     0.64    0.77
 -51682.101     1.859     2.81    2.09
 -51303.159     3.730     4.94    3.39
 -50924.284     7.512     9.98    6.09
 -50545.475    15.145    20.15   11.99
 -50166.733    26.675    30.44   16.12
 -49788.056    33.675    18.49   14.23
 -49409.446    37.525    10.17   14.12
 -49030.901    41.067     9.36   17.97
 -48652.423    39.821    -3.29   17.77
 -48274.011    42.461     6.98   16.50
 -47895.665    43.031     1.51   14.47
 -47517.384    46.928    10.30   15.19
 -47139.170    55.867    23.63   16.19
 -46761.021    65.579    25.68   15.01
 -46382.939    74.082    22.49    7.65
 -46004.922    76.968     7.64    3.56
 -45626.971    76.031    -2.48    3.63
 -45249.085    72.095   -10.42    5.67
 -44871.266    67.039   -13.38    6.81
 -44493.512    61.937   -13.51    6.44
 -44115.823    57.635   -11.39    4.03
 -43738.201    55.237    -6.35    2.71
 -43360.643    54.608    -1.67    3.37
 -42983.152    56.344     4.60    5.82
 -42605.725    60.100     9.95    8.19
 -42228.365    63.386     8.71    8.86
 -41851.069    66.750     8.92    8.56
 -41473.840    68.262     4.01    8.43
 -41096.675    69.681     3.76    7.47
 -40719.576    70.550     2.30    6.11
 -40342.542    68.623    -5.11    7.76
 -39965.573    67.412    -3.21    8.82
 -39588.670    64.730    -7.12    9.79
 -39211.832    60.578   -11.02   13.03
 -38835.059    50.400   -27.01   19.91
 -38458.351    38.315   -32.08   17.02
 -38081.708    29.462   -23.51   10.02
 -37705.130    25.578   -10.31    6.51
 -37328.617    27.411     4.87    6.89
 -36952.169    31.094     9.78    5.85
 -36575.786    34.050     7.85    4.97
 -36199.468    36.431     6.33    4.69
 -35823.215    39.537     8.25    5.10
 -35447.027    43.153     9.61    5.22
 -35070.904    47.166    10.67    5.95
 -34694.845    53.012    15.55    6.55
 -34318.851    57.120    10.92    6.01
 -33942.922    59.772     7.06    4.50
 -33567.058    60.075     0.80    4.68
 -33191.258    58.269    -4.81    4.47
 -32815.522    57.064    -3.21    3.86
 -32439.852    55.562    -4.00    3.04
 -32064.246    54.525    -2.76    2.34
 -31688.704    53.720    -2.14    1.73
 -31313.227    53.394    -0.87    1.60
 -30937.814    53.237    -0.42    1.56
 -30562.466    53.079    -0.42    1.17
 -30187.182    53.082     0.01    0.97
 -29811.963    53.772     1.84    1.85
 -29436.808    54.487     1.90    2.40
 -29061.717    55.446     2.56    3.17
 -28686.690    55.475     0.08    3.61
 -28311.728    55.486     0.03    3.45
 -27936.829    56.759     3.40    3.54
 -27561.995    58.378     4.32    3.93
 -27187.225    61.196     7.52    3.86
 -26812.519    63.175     5.28    2.63
 -26437.877    62.727    -1.19    2.57
 -26063.299    60.993    -4.63    3.68
 -25688.786    58.525    -6.59    3.79
 -25314.336    56.192    -6.23    2.88
 -24939.950    55.196    -2.66    2.36
 -24565.627    54.628    -1.52    1.90
 -24191.369    54.037    -1.58    1.70
 -23817.175    51.575    -6.58    5.56
 -23443.044    46.756   -12.88    8.85
 -23068.977    44.423    -6.24    8.57
 -22694.974    44.908     1.30    8.85
 -22321.034    49.384    11.97    8.35
 -21947.158    53.149    10.07    4.34
 -21573.346    52.791    -0.96    4.34
 -21199.597    50.120    -7.15    6.70
 -20825.912    48.282    -4.92    7.34
 -20452.291    46.884    -3.74    7.98
 -20078.732    45.905    -2.62    8.81
 -19705.238    44.948    -2.56    9.69
 -19331.807    39.436   -14.76   13.51
 -18958.439    32.368   -18.93   15.27
 -18585.134    24.538   -20.98   13.88
 -18211.893    19.513   -13.46    9.39
 -17838.715    19.884     1.00    7.69
 -17465.600    24.846    13.30    8.95
 -17092.549    30.975    16.43    8.49
 -16719.561    37.582    17.71    7.73
 -16346.636    42.850    14.13    8.09
 -15973.774    47.554    12.62    6.58
 -15600.975    49.370     4.87    5.39
 -15228.239    49.329    -0.11    5.58
 -14855.567    49.537     0.56    5.24
 -14482.957    49.932     1.06    4.56
 -14110.410    53.062     8.40    5.16
 -13737.926    57.581    12.13    7.07
 -13365.506    63.137    14.92    7.79
 -12993.147    68.705    14.95    4.69
 -12620.852    71.746     8.17    2.37
 -12248.620    74.060     6.21    3.24
 -11876.450    74.955     2.41    3.12
 -11504.343    74.579    -1.01    3.59
 -11132.299    71.962    -7.03    4.92
 -10760.318    69.366    -6.98    3.87
 -10388.399    69.449     0.22    3.79
 -10016.543    71.279     4.92    4.49
  -9644.749    72.733     3.91    3.70
  -9273.018    72.097    -1.71    5.02
  -8901.350    68.128   -10.68    7.95
  -8529.744    62.233   -15.86    7.76
  -8158.200    57.637   -12.37    5.67
  -7786.719    54.646    -8.05    2.93
  -7415.300    54.550    -0.26    2.98
  -7043.944    54.746     0.53    3.63
  -6672.649    54.936     0.51    2.89
  -6301.418    51.102   -10.33    7.95
  -5930.248    44.564   -17.62   10.34
  -5559.141    39.697   -13.11    8.65
  -5188.096    39.325    -1.00    7.84
  -4817.113    43.434    11.08    8.68
  -4446.192    48.064    12.48    7.72
  -4075.333    52.370    11.61    6.61
  -3704.537    56.196    10.32    4.88
  -3333.802    59.410     8.67    4.55
  -2963.130    62.923     9.48    4.75
  -2592.519    66.776    10.40    4.38
  -2221.971    69.900     8.43    3.56
  -1851.484    74.214    11.64    4.59
  -1481.059    77.360     8.49    4.93
  -1110.696    75.435    -5.20   11.86
   -740.395    58.538   -45.63   31.91
   -370.156    33.564   -67.45   37.24
      0.022    11.720   -59.01   27.93
    370.138    -2.737   -39.06    6.80
    740.192    -3.969    -3.33    0.53
   1110.184    -3.617     0.95    0.49
   1480.115    -3.386     0.62    0.36
   1849.984    -3.358     0.08    0.35
   2219.792    -3.372    -0.04    0.34
   2589.538    -3.295     0.21    0.41
   2959.223    -3.218     0.21    0.45
   3328.846    -3.074     0.39    0.50
   3698.407    -2.842     0.63    0.57
   4067.908    -2.552     0.79    0.60
   4437.346    -2.235     0.86    0.55
   4806.724    -1.935     0.81    0.50
   5176.040    -1.744     0.52    0.43
   5545.295    -1.577     0.45    0.27
   5914.489    -1.500     0.21    0.00
   6283.621    -1.500     0.00    0.00
   6652.692    -1.500     0.00    0.00
   7021.702    -1.500     0.00    0.00
   7390.651    -1.500     0.00    0.00
   7759.539    -1.500     0.00    0.00
   8128.365    -1.500     0.00    0.00
   8497.131    -1.446     0.15    0.23
   8865.835    -1.345     0.28    0.37
   9234.479    -1.117     0.62    0.49
   9603.062    -0.867     0.68    0.49
   9971.583    -0.541     0.88    0.51
  10340.044    -0.113     1.16    0.54
  10708.444     0.185     0.81    0.47
  11076.783     0.600     1.13    0.56
  11445.061     0.986     1.05    0.50
  11813.279     1.279     0.79    0.42
  12181.436     1.500     0.60    0.00
  12549.532     1.500     0.00    0.00
  12917.567     1.500     0.00    0.00
  13285.542     1.500     0.00    0.00
  13653.456     1.500     0.00    0.00
  14021.309     1.275    -0.61    0.42
  14389.102     1.033    -0.66    0.50
  14756.835     0.759    -0.74    0.44
  15124.507     0.551    -0.57    0.22
  15492.118     0.500    -0.14    0.00
  15859.669     0.500     0.00    0.00
  16227.160     0.500     0.00    0.00
  16594.590     0.500     0.00    0.00
  16961.960    -0.222    -1.96    2.08
  17331.633    -1.369    -3.10    2.88
  17711.437    -2.911    -4.06    3.01
  18091.175    -4.420    -3.98    2.22
  18470.848    -5.215    -2.09    0.92
  18850.456    -5.153     0.16    1.46
  19230.000    -4.808     0.91    2.61
  19609.478    -4.474     0.88    2.88
  19988.892    -5.000    -1.39    2.50
  20368.241    -5.098    -0.26    2.00
  20747.525    -4.539     1.47    2.82
  21126.744    -3.475     2.81    3.37
  21505.899    -2.321     3.04    3.69
  21884.988    -1.821     1.32    3.73
  22264.014    -0.916     2.39    3.57
  22642.974     0.344     3.32    3.38
  23021.870     1.108     2.02    3.06
  23400.702     2.350     3.28    2.86
  23779.469     3.361     2.67    2.53
  24158.171     4.500     3.01    1.25
  24536.809     5.175     1.78    0.78
  24915.383     5.294     0.31    0.65
  25293.892     4.915    -1.00    1.14
  25672.337     4.765    -0.40    1.53
  26050.718     6.038     3.36    2.89
  26429.034     7.604     4.14    3.60
  26807.286     9.234     4.31    3.14
  27185.474     9.941     1.87    2.51
  27563.598     9.700    -0.64    2.08
  27941.657     9.364    -0.89    1.75
  28319.653     9.756     1.04    1.98
  28697.584    10.875     2.96    2.35
  29075.451    12.162     3.41    2.51
  29453.255    13.378     3.22    2.26
  29830.994    14.051     1.78    1.92
  30208.669    14.566     1.36    1.52
  30586.281    14.715     0.39    1.07
  30963.828    14.671    -0.12    0.82
  31341.312    14.353    -0.84    1.14
  31718.732    13.720    -1.68    1.37
  32096.088    13.370    -0.93    1.33
  32473.380    13.149    -0.59    1.14
  32850.609    13.039    -0.29    0.87
  33227.774    12.855    -0.49    0.96
  33604.875    12.446    -1.09    0.93
  33981.912    12.275    -0.45    0.89
  34358.886    12.555     0.74    1.22
  34735.797    13.812     3.33    2.11
  35112.644    15.040     3.26    1.87
  35489.427    16.102     2.82    1.77
  35866.147    17.342     3.29    1.88
  36242.804    17.954     1.63    2.10
  36619.397    18.789     2.22    1.70
  36995.927    18.837     0.13    1.50
  37372.393    18.128    -1.88    1.51
  37748.796    17.380    -1.99    1.30
  38125.136    17.269    -0.29    1.33
  38501.413    17.868     1.59    1.82
  38877.626    19.179     3.48    2.19
  39253.777    20.126     2.52    1.62
  39629.864    20.131     0.01    1.43
  40005.888    19.756    -1.00    1.57
  40381.849    19.421    -0.89    1.61
  40757.747    19.089    -0.88    1.75
  41133.582    18.803    -0.76    1.74
  41509.353    19.171     0.98    1.96
  41885.062    19.625     1.21    2.03
  42260.708    19.892     0.71    1.86
  42636.292    19.310    -1.55    1.83
  43011.812    18.220    -2.90    1.43
  43387.269    17.513    -1.88    0.53
  43762.664    17.253    -0.69    0.46
  44137.996    17.240    -0.03    0.44
  44513.265    17.179    -0.16    0.47
  44888.472    17.071    -0.29    0.50
  45263.616    16.668    -1.07    0.78
  45638.697    16.100    -1.52    1.03
  46013.716    15.322    -2.07    1.05
  46388.672    14.686    -1.70    0.88
  46763.565    14.256    -1.15    0.61
  47138.396    14.060    -0.52    0.50
  47513.165    14.065     0.02    0.50
  47887.871    14.228     0.43    0.59
  48262.515    15.039     2.16    1.69
  48637.096    16.378     3.57    2.40
  49011.615    17.500     2.99    2.24
  49386.072    17.944     1.19    1.96
  49760.466    17.262    -1.82    2.05
  50134.799    16.621    -1.71    1.60
  50509.068    16.512    -0.29    1.29
  50883.276    16.648     0.36    1.27
  51257.422    16.694     0.12    1.06
  51631.505    16.342    -0.94    0.90
  52005.527    15.873    -1.25    1.26
  52379.486    15.756    -0.31    1.14
  52753.383    15.863     0.29    0.99
  53127.219    16.006     0.38    1.20
  53500.992    16.300     0.78    1.13
  53874.703    16.776     1.27    1.38
  54248.353    17.513     1.97    2.17
  54621.941    18.448     2.50    2.51
  54995.466    18.785     0.90    2.23
  55368.930    18.658    -0.34    2.17
  55742.333    17.776    -2.36    1.91
  56115.673    17.273    -1.35    1.02
  56488.952    17.329     0.15    1.12
  56862.169    17.461     0.36    1.30
  57235.324    17.364    -0.26    1.82
  57608.418    17.162    -0.54    2.17
  57981.450    17.013    -0.40    2.16
  58354.421    17.025     0.03    1.95
  58727.330    17.678     1.75    1.44
  59100.177    17.736     0.16    1.27
  59472.963    17.171    -1.52    1.56
  59845.688    16.263    -2.44    1.62
  60218.351    15.400    -2.32    1.31
  60590.953    15.065    -0.90    1.40
  60963.494    14.801    -0.71    1.51
  61335.973    14.397    -1.08    1.31
  61708.391    13.986    -1.10    0.84
  62080.747    13.912    -0.20    0.59
  62453.043    14.000     0.24    0.65
  62825.277    13.987    -0.03    0.70
  63197.450    13.608    -1.02    1.08
  63569.562    12.921    -1.85    1.37
  63941.613    12.140    -2.10    1.07
  64313.603    11.824    -0.85    0.72
  64685.531    11.966     0.38    0.95
  65057.399    12.422     1.22    1.20
  65429.206    12.993     1.54    1.19
  65800.952    13.448     1.22    1.03
  66172.636    13.873     1.14    0.61
  66544.260    14.064     0.51    0.52
  66915.823    14.184     0.32    0.50
  67287.326    14.227     0.12    0.45
  67658.767    14.045    -0.49    0.50
  68030.148    13.802    -0.65    0.49
  68401.468    13.564    -0.64    0.44
  68772.727    13.448    -0.31    0.36
  69143.926    13.214    -0.63    0.53
  69515.064    12.967    -0.66    0.62
  69886.141    12.566    -1.08    0.91
  70257.158    12.246    -0.86    0.96
  70628.114    12.020    -0.61    0.88
  70999.009    12.020     0.00    0.74
  71369.845    11.973    -0.12    0.62
  71740.619    11.966    -0.02    0.68
  72111.333    12.136     0.46    0.84
  72481.987    12.487     0.95    0.85
  72852.581    13.084     1.61    0.69
  73223.114    13.538     1.23    0.69
  73593.587    13.921     1.03    0.74
  73963.999    14.084     0.44    0.88
  74334.351    13.980    -0.28    1.03
  74704.643    13.793    -0.51    1.02
  75074.875    13.294    -1.35    0.90
  75445.047    12.913    -1.03    0.79
  75815.158    12.629    -0.77    0.77
  76185.210    12.197    -1.17    0.94
  76555.201    11.526    -1.81    1.30
  76925.132    10.973    -1.49    1.46
  77295.004    10.736    -0.64    1.26
  77664.815    11.073     0.91    1.29
  78034.566    11.618     1.47    1.13
  78404.257    12.214     1.61    0.82
  78773.889    12.837     1.69    0.90
  79143.460    13.263     1.15    0.86
  79512.972    13.733     1.27    0.78
  79882.424    13.892     0.43    0.64
  80251.816    13.655    -0.64    0.83
  80621.149    13.446    -0.57    1.08
  80990.421    12.370    -2.92    2.01
  81359.634    11.487    -2.39    2.32
  81728.788    10.394    -2.96    2.13
  82097.881     9.733    -1.79    1.99
  82466.915     9.305    -1.16    2.00
  82835.890     8.789    -1.40    1.79
  83204.805     8.214    -1.56    1.42
  83573.660     7.700    -1.39    0.79
  83942.456     7.921     0.60    1.11
  84311.193     8.353     1.17    1.49
  84679.870     9.513     3.15    2.25
  85048.487    10.940     3.87    2.37
  85417.046    12.073     3.07    2.04
  85785.545    12.876     2.18    1.59
  86153.984    13.591     1.94    1.28
  86522.365    13.733     0.39    1.27
  86890.686    13.697    -0.10    1.29
  87258.947    13.720     0.06    1.29
  87627.150    13.855     0.37    1.36
  87995.294    14.355     1.36    1.30
  88363.378    15.105     2.04    0.78
  88731.403    15.591     1.32    0.78
  89099.369    15.740     0.41    0.79
  89467.276    15.756     0.04    0.87
  89835.124    15.702    -0.15    1.02
  90202.914    15.859     0.42    1.08
  90570.644    16.086     0.62    1.07
  90938.315    16.240     0.42    0.88
  91305.927    16.135    -0.29    0.63
  91673.480    15.905    -0.62    0.66
  92040.975    15.620    -0.78    0.73
  92420.181    15.913     0.77    1.72
  92799.786    17.605     4.46    4.70
  93179.328    19.928     6.12    6.89
  93558.807    20.370     1.16    6.77
  93938.223    19.184    -3.13    6.29
  94317.575    17.095    -5.51    5.41
  94696.865    15.089    -5.29    3.01
  95076.091    14.576    -1.35    1.42
  95455.254    15.458     2.33    1.87
  95834.354    16.986     4.03    1.81
  96213.391    18.193     3.18    1.30
  96592.365    18.980     2.08    0.92
  96971.276    20.100     2.96    1.75
  97350.124    21.446     3.55    2.76
  97728.910    23.006     4.12    2.89
  98107.632    24.783     4.69    3.15
  98486.292    27.668     7.62    4.79
  98864.889    31.283     9.55    6.23
  99243.423    34.785     9.25    5.88
  99621.895    38.194     9.01    5.79
 100000.303    40.575     6.29    5.10
 100378.650    42.048     3.89    3.75
 100756.933    42.474     1.13    2.62
 101135.154    40.980    -3.95    3.07
 101513.312    38.829    -5.69    3.07
 101891.408    36.763    -5.46    2.45
 102269.441    35.370    -3.68    1.85
 102647.412    34.793    -1.53    1.58
 103025.321    34.700    -0.25    1.72
 103403.167    33.473    -3.25    2.99
 103780.950    31.986    -3.94    3.43
 104158.671    30.980    -2.66    2.76
 104536.330    31.708     1.93    3.39
 104913.927    35.115     9.02    4.90
 105291.461    38.897    10.02    5.26
 105668.934    41.791     7.67    4.50
 106046.344    43.337     4.10    3.55
 106423.692    42.628    -1.88    4.51
 106800.977    41.060    -4.16    4.58
 107178.201    40.447    -1.62    4.50
 107555.363    40.710     0.70    4.19
 107932.462    41.864     3.06    3.28
 108309.500    42.568     1.87    2.22
 108686.475    42.148    -1.11    2.41
 109063.389    40.500    -4.37    3.20
 109440.241    38.089    -6.40    3.79
 109817.031    35.579    -6.66    3.84
 110193.759    32.430    -8.36    3.03
 110570.425    30.305    -5.64    2.70
 110947.029    28.432    -4.97    2.14
 111323.572    27.602    -2.20    1.75
 111700.053    27.527    -0.20    2.02
 112076.472    27.876     0.93    2.32
 112452.830    27.766    -0.29    2.45
 112829.126    26.947    -2.18    2.87
 113205.360    25.158    -4.76    2.92
 113581.533    23.473    -4.48    2.37
 113957.644    22.229    -3.31    1.72
 114333.694    21.860    -0.98    1.49
 114709.682    21.905     0.12    1.51
 115085.609    22.639     1.95    1.40
 115461.475    23.618     2.61    1.39
 115837.279    24.305     1.83    1.00
 116213.021    25.052     1.99    1.04
 116588.703    25.611     1.49    0.83
 116964.323    26.064     1.21    0.85
 117339.882    26.540     1.27    0.69
 117715.379    26.798     0.69    0.74
 118090.816    27.273     1.26    0.71
 118466.191    27.409     0.36    0.76
 118841.505    27.433     0.06    0.74
 119216.758    27.250    -0.49    0.75
 119591.950    27.052    -0.53    0.68
 119967.081    27.260     0.55    0.85
 120342.151    27.310     0.14    0.87
 120717.159    27.326     0.04    0.88
 121092.107    27.363     0.10    0.79
 121466.994    27.500     0.37    0.91
 121841.820    27.993     1.32    1.22
 122216.585    28.583     1.57    1.16
 122591.290    28.993     1.09    1.11
 122965.933    29.208     0.57    1.03
 123340.516    29.411     0.54    1.02
 123715.038    30.333     2.46    1.29
 124089.499    31.500     3.12    1.72
 124463.900    32.513     2.71    1.43
 124838.240    33.346     2.22    1.15
 125212.519    33.793     1.19    0.91
 125586.738    33.785    -0.02    0.76
 125960.896    33.432    -0.94    1.00
 126334.994    32.802    -1.68    1.13
 126709.031    32.026    -2.08    1.22
 127083.008    31.420    -1.62    1.00
 127456.924    30.900    -1.39    0.70
 127830.780    30.700    -0.53    0.57
 128204.575    31.184     1.30    1.36
 128578.310    31.580     1.06    1.50
 128951.985    32.331     2.01    1.55
 129325.599    33.006     1.81    1.32
 129699.153    33.589     1.56    1.00
 130072.647    33.993     1.08    0.67
 130446.081    34.487     1.32    0.71
 130819.454    34.930     1.19    0.60
 131192.767    35.136     0.55    0.65
 131566.021    35.111    -0.07    0.81
 131939.214    34.631    -1.28    0.96
 132312.347    34.317    -0.84    0.92
 132685.420    34.381     0.17    0.98
 133058.433    34.557     0.47    1.08
 133431.386    34.540    -0.05    0.96
 133804.279    33.922    -1.66    1.27
 134177.112    32.919    -2.69    1.63
 134549.886    31.864    -2.83    1.48
 134922.599    31.256    -1.63    0.92
 135295.253    30.810    -1.20    0.81
 135667.846    30.618    -0.52    1.02
 136040.380    31.039     1.13    2.57
 136412.855    31.079     0.11    2.95
 136785.269    30.673    -1.09    3.16
 137157.624    30.539    -0.36    3.15
 137529.920    29.554    -2.65    2.63
 137902.155    29.919     0.98    3.39
 138274.331    30.593     1.81    3.95
 138646.448    29.460    -3.05    3.97
 139018.505    28.486    -2.62    3.93
 139390.502    27.223    -3.40    2.60
 139762.440    26.079    -3.08    0.90
 140134.319    25.905    -0.47    0.95
 140506.138    25.594    -0.84    1.05
 140877.897    25.157    -1.18    1.03
 141249.598    24.842    -0.85    0.97
 141621.239    24.405    -1.18    0.97
 141992.820    23.851    -1.49    0.97
 142364.343    23.459    -1.06    1.15
 142735.806    23.166    -0.79    1.21
 143107.210    23.089    -0.21    1.21
 143478.555    23.113     0.07    1.22
 143849.840    23.625     1.38    1.50
 144221.067    24.355     1.97    1.92
 144592.234    24.541     0.50    2.03
 144963.343    24.538    -0.01    2.21
 145334.392    23.680    -2.31    2.20
 145705.382    23.000    -1.83    1.99
 146076.313    22.958    -0.11    2.30
 146447.186    22.197    -2.05    2.54
 146817.999    21.680    -1.39    2.71
 147188.754    21.289    -1.05    2.77
 147559.449    21.257    -0.09    3.04
 147930.086    22.092     2.25    3.50
 148300.664    22.542     1.22    3.33
 148671.183    22.806     0.71    3.18
 149041.644    21.757    -2.83    3.02
 149412.045    20.433    -3.57    2.51
 149782.388    19.443    -2.67    2.10
 150152.672    18.926    -1.40    1.75
 150522.898    18.866    -0.16    1.68
 150893.065    18.913     0.13    1.99
 151263.174    18.390    -1.41    1.79
 151633.224    18.073    -0.86    1.20
 152003.215    17.801    -0.73    1.13
 152373.148    18.279     1.29    2.44
 152743.022    18.554     0.74    2.93
 153112.838    18.474    -0.22    3.54
 153482.596    17.750    -1.96    3.09
 153852.295    16.396    -3.66    1.94
 154221.936    15.650    -2.02    1.04
 154591.518    15.824     0.47    1.70
 154961.042    15.869     0.12    2.15
 155330.508    16.383     1.39    2.69
 155699.916    16.337    -0.12    2.85
 156069.265    15.686    -1.76    2.73
 156438.556    14.609    -2.92    2.35
 156807.789    14.351    -0.70    2.70
 157176.964    14.322    -0.08    2.87
 157546.081    14.157    -0.45    3.05
 157915.140    13.883    -0.74    3.14
 158284.140    13.760    -0.33    2.42
 158653.083    14.828     2.90    3.44
 159021.968    14.770    -0.16    3.52
 159390.794    14.212    -1.51    3.57
 159759.563    12.953    -3.41    3.22
 160128.274    11.675    -3.46    1.63
 160496.927    12.513     2.27    3.40
 160865.522    12.869     0.97    3.74
 161234.059    12.642    -0.62    3.75
 161602.539    12.541    -0.28    3.90
 161970.960    11.383    -3.14    2.49
 162339.324    10.625    -2.06    0.90
 162707.630    10.357    -0.73    0.94
 163075.879     9.883    -1.29    1.01
 163444.070     9.602    -0.76    0.92
 163812.203     9.390    -0.58    0.79
 164180.279     9.434     0.12    0.84
 164548.297     9.253    -0.49    1.08
 164916.257     8.540    -1.94    1.69
 165284.160     7.795    -2.02    1.94
 165652.006     7.460    -0.91    1.77
 166019.794     7.485     0.07    1.81
 166387.524     8.233     2.03    1.68
 166755.197     8.900     1.81    1.55
 167131.668     9.100     0.53    1.46
 167511.143     9.034    -0.17    1.71
 167890.557     8.856    -0.47    1.84
 168269.909     8.460    -1.04    1.88
 168649.200     8.140    -0.84    1.81
 169028.429     7.392    -1.97    1.82
 169407.597     6.979    -1.09    2.59
 169786.703     6.220    -2.00    1.71
 170165.748     5.556    -1.75    1.08
 170544.732     5.355    -0.53    1.08
 170923.654     5.669     0.83    1.13
 171302.515     5.772     0.27    1.13
 171681.314     6.157     1.02    1.08
 172060.053     6.250     0.24    0.95
 172438.730     6.419     0.45    0.81
 172817.346     6.419     0.00    0.86
 173195.901     6.263    -0.41    0.95
 173574.394     6.691     1.13    1.80
 173952.827     7.707     2.68    2.56
 174331.198     8.443     1.94    2.53
 174709.509     8.881     1.16    2.13
 175087.758     8.767    -0.30    1.72
 175465.946     8.766    -0.00    1.23
 175844.074     9.189     1.12    1.06
 176222.140     9.766     1.53    1.29
 176600.146     9.783     0.05    1.58
 176978.091     9.959     0.46    2.66
 177355.975     9.567    -1.04    3.06
 177733.798     9.006    -1.48    3.31
 178111.560     8.143    -2.28    3.53
 178489.262     7.091    -2.79    2.45
 178866.903     6.246    -2.24    1.55
 179244.483     6.028    -0.58    1.03
 179622.003     6.206     0.47    1.00
 179999.462     6.371     0.44    0.96
 180376.860     6.540     0.45    0.73
 180754.198     6.500    -0.11    0.82
 181131.475     6.092    -1.08    0.85
 181508.692     5.851    -0.64    0.88
 181885.848     5.675    -0.47    0.91
 182262.944     6.033     0.95    1.98
 182639.980     6.716     1.81    2.78
 183016.955     6.579    -0.36    2.79
 183393.869     5.979    -1.59    2.80
 183770.724     5.210    -2.04    0.89
 184147.518     5.222     0.03    0.92
 184524.251     5.447     0.60    1.02
 184900.925     5.680     0.62    0.92
 185277.538     5.842     0.43    0.87
 185654.092     6.097     0.68    0.78
 186030.585     6.250     0.41    0.73
 186407.018     7.851     4.25    4.29
 186783.390    11.404     9.44    7.47
 187159.703    14.393     7.94    7.24
 187535.956    16.650     6.00    6.03
 187912.149    18.236     4.22    4.47
 188288.281    17.089    -3.05    3.46
 188664.354    16.606    -1.28    4.87
 189040.367    15.195    -3.75    5.97
 189416.320    12.340    -7.59    5.98
 189792.213     9.044    -8.77    4.28
 190168.046     7.873    -3.11    2.24
 190543.820     7.428    -1.18    1.33
 190919.534     7.189    -0.64    1.06
 191295.188     7.222     0.09    0.84
 191670.782     8.965     4.64    4.76
 192046.317    13.020    10.80    7.22
 192421.791    16.743     9.91    7.85
 192797.207    19.873     8.34    6.50
 193172.563    20.486     1.63    5.77
 193547.859    18.810    -4.46    6.01
 193923.095    16.815    -5.32    4.88
 194298.272    16.148    -1.78    4.16
 194673.390    16.416     0.71    3.48
 195048.448    19.162     7.32    5.05
 195423.447    23.764    12.27    6.01
 195798.386    27.263     9.33    5.41
 196173.266    27.970     1.89    5.35
 196548.087    26.900    -2.86    6.31
 196922.848    25.625    -3.40    6.66
 197297.550    25.993     0.98    7.03
 197672.193    27.089     2.92    7.29
 198046.777    28.193     2.95    6.70
 198421.301    25.567    -7.01    6.81
 198795.767    22.606    -7.91    6.16
 199170.173    20.500    -5.63    5.12
 199544.520    18.067    -6.50    1.16
 199918.808    17.892    -0.47    0.93
 200293.037    17.648    -0.65    0.93
 200667.206    17.592    -0.15    0.91
 201041.317    17.527    -0.17    0.83
 201415.369    17.286    -0.64    0.78
 201789.362    17.239    -0.13    1.69
 202163.296    17.780     1.44    3.25
 202537.171    17.936     0.42    3.90
 202910.988    17.700    -0.63    3.87
 203284.745    16.857    -2.25    2.46
 203658.444    18.060     3.22    2.83
 204032.084    19.282     3.27    2.82
 204405.665    22.300     8.08    4.54
 204779.188    25.260     7.92    4.91
 205152.652    25.783     1.40    4.69
 205526.057    25.486    -0.80    4.66
 205899.403    23.335    -5.76    4.48
 206272.691    21.198    -5.72    2.92
 206645.921    20.783    -1.11    1.96
 207019.091    20.938     0.41    1.00
 207392.204    21.216     0.74    0.88
 207765.258    21.297     0.22    0.81
 208138.253    21.283    -0.04    0.82
 208511.190    21.294     0.03    0.74
 208884.069    21.041    -0.68    0.93
 209256.889    20.664    -1.01    1.15
 209629.651    20.105    -1.50    0.99
 210002.354    19.554    -1.48    0.33
 210374.999    19.500    -0.15    0.00
 210747.586    19.500     0.00    0.00
 211120.115    19.557     0.15    0.34
 211492.586    20.220     1.78    1.15
 211864.998    20.779     1.50    1.34
 212237.352    21.126     0.93    1.24
 212609.649    21.382     0.69    1.00
 212981.887    21.420     0.10    0.80
 213354.067    21.456     0.10    0.82
 213726.188    21.405    -0.14    1.09
 214098.252    21.050    -0.95    1.52
 214470.258    20.797    -0.68    1.67
 214842.206    20.528    -0.72    1.76
 215214.096    20.594     0.18    1.78
 215585.929    21.000     1.09    1.74
 215957.703    21.236     0.64    1.57
 216329.419    21.402     0.45    1.32
 216701.078    21.366    -0.10    1.28
 217072.679    20.869    -1.34    1.38
 217444.222    20.635    -0.63    1.31
 217815.707    20.404    -0.62    1.08
 218187.135    20.335    -0.18    0.80
 218558.505    20.308    -0.07    0.59
 218929.817    20.185    -0.33    0.55
 219301.072    19.596    -1.59    1.54
 219672.269    19.108    -1.31    1.96
 220043.409    18.770    -0.91    2.13
 220414.491    19.013     0.66    2.03
 220785.515    19.166     0.41    1.80
 221156.482    19.513     0.93    1.40
 221527.392    19.394    -0.32    1.69
 221898.244    18.837    -1.50    2.31
 222269.039    17.750    -2.93    2.97
 222639.776    17.069    -1.84    3.16
 223010.456    17.153     0.23    3.01
 223381.079    16.986    -0.45    2.67
 223751.644    17.500     1.39    2.38
 224122.152    17.916     1.12    2.35
 224492.603    18.433     1.39    2.13
 224862.997    18.705     0.73    1.97
 225233.333    18.609    -0.26    1.52
 225603.612    18.443    -0.45    1.23
 225973.835    18.353    -0.24    0.94
 226344.000    18.415     0.17    0.97
 226714.108    18.633     0.59    0.98
 227084.159    18.809     0.48    0.93
 227454.153    18.806    -0.01    0.91
 227824.089    18.697    -0.30    0.97
 228193.969    18.486    -0.57    1.05
 228563.792    18.206    -0.76    1.07
 228933.559    18.060    -0.39    1.12
 229303.268    18.573     1.39    1.99
 229672.920    19.900     3.59    2.93
 230042.516    20.882     2.66    2.78
 230412.054    21.820     2.54    2.13
 230781.536    21.764    -0.15    1.97
 231150.962    20.635    -3.06    2.15
 231520.330    19.838    -2.16    2.37
 231889.642    18.702    -3.07    1.90
 232258.897    18.014    -1.86    1.03
 232628.095    18.081     0.18    0.89
 232997.237    18.355     0.74    0.94
 233366.322    18.446     0.25    0.93
 233735.351    18.514     0.19    0.87
 234104.323    18.594     0.22    0.72
 234473.239    18.703     0.29    0.74
 234842.098    18.635    -0.18    0.76
 235210.900    18.485    -0.41    0.88
 235579.647    18.459    -0.07    0.90
 235948.337    18.369    -0.24    0.91
 236316.970    18.432     0.17    1.06
 236685.547    18.558     0.34    1.08
 237054.068    19.108     1.49    1.92
 237422.532    20.427     3.58    3.26
 237790.940    21.675     3.39    3.83
 238159.292    23.065     3.77    3.95
 238527.588    24.081     2.76    3.71
 238895.828    24.282     0.55    3.29
 239264.011    24.486     0.55    2.82
 239632.138    24.645     0.43    2.90
 240000.209    24.905     0.71    3.23
 240368.224    24.978     0.20    3.61
 240736.183    23.662    -3.58    4.30
 241104.086    22.529    -3.08    4.39
 241471.933    20.864    -4.52    3.62
 241845.899    20.514    -0.94    3.12
 242225.249    21.376     2.27    3.59
 242604.538    20.760    -1.62    3.49
 242983.768    19.965    -2.09    3.21
 243362.938    18.986    -2.58    2.83
 243742.047    17.944    -2.75    0.84
 244121.097    17.770    -0.46    0.71
 244500.088    17.572    -0.52    0.65
 244879.018    17.713     0.37    0.76
 245257.889    17.735     0.06    0.74
 245636.700    17.824     0.23    0.83
 246015.451    18.584     2.01    2.34
 246394.142    19.513     2.45    2.93
 246772.774    21.041     4.03    3.59
 247151.347    22.375     3.52    3.69
 247529.859    22.787     1.09    2.95
 247908.312    23.429     1.70    2.97
 248286.706    23.081    -0.92    2.62
 248665.040    22.985    -0.25    2.23
 249043.315    22.766    -0.58    2.28
 249421.530    22.088    -1.79    1.92
 249799.686    21.500    -1.56    1.70
 250177.782    20.753    -1.97    1.40
 250555.819    20.609    -0.38    1.35
 250933.797    20.222    -1.02    0.92
 251311.716    20.111    -0.29    0.70
 251689.575    20.226     0.30    0.61
 252067.375    20.331     0.28    0.65
 252445.115    20.270    -0.16    0.65
 252822.797    20.262    -0.02    0.63
 253200.419    20.204    -0.15    0.51
