-191729.735    80.504     0.00    0.95
-191349.544    80.349    -0.41    0.74
-190969.423    80.066    -0.75    0.76
-190589.372    79.842    -0.59    0.77
-190209.391    79.625    -0.57    0.68
-189829.481    79.410    -0.57    0.47
-189449.641    79.210    -0.53    0.45
-189069.870    78.941    -0.71    0.50
-188690.170    78.701    -0.63    0.41
-188310.540    78.484    -0.57    0.00
-187930.980    78.472    -0.03    0.11
-187551.491    78.264    -0.55    0.42
-187172.070    77.996    -0.71    0.50
-186792.720    77.681    -0.83    0.51
-186413.440    77.321    -0.95    0.43
-186034.230    77.019    -0.80    0.50
-185655.089    76.663    -0.94    0.50
-185276.018    76.291    -0.98    0.53
-184897.017    75.984    -0.81    0.50
-184518.085    75.707    -0.73    0.42
-184139.223    75.484    -0.59    0.00
-183760.431    75.411    -0.19    0.26
-183381.708    75.175    -0.62    0.46
-183003.055    74.893    -0.74    0.49
-182624.471    74.607    -0.76    0.33
-182245.957    74.484    -0.33    0.00
-181867.512    74.484     0.00    0.00
-181489.136    74.484     0.00    0.00
-181110.830    74.398    -0.23    0.28
-180732.593    74.142    -0.68    0.48
-180354.425    73.829    -0.83    0.48
-179976.326    73.595    -0.62    0.32
-179598.297    73.484    -0.29    0.00
-179220.337    73.484     0.00    0.00
-178842.445    73.460    -0.06    0.15
-178464.623    73.291    -0.45    0.40
-178086.870    73.037    -0.67    0.50
-177709.186    72.756    -0.74    0.45
-177331.571    72.545    -0.56    0.24
-176954.025    72.484    -0.16    0.00
-176576.547    72.484     0.00    0.00
-176199.139    72.396    -0.23    0.28
-175821.799    72.240    -0.41    0.43
-175444.528    71.965    -0.73    0.50
-175067.325    71.740    -0.60    0.44
-174690.192    71.583    -0.42    0.30
-174313.127    71.459    -0.33    0.16
-173936.130    71.262    -0.52    0.42
-173559.203    71.015    -0.66    0.50
-173182.343    70.764    -0.66    0.45
-172805.553    70.545    -0.58    0.24
-172428.830    70.484    -0.16    0.00
-172052.176    70.396    -0.23    0.28
-171675.591    70.222    -0.46    0.44
-171299.074    70.104    -0.31    0.49
-170922.625    70.008    -0.25    0.50
-170546.244    69.984    -0.06    0.50
-170169.932    69.984     0.00    0.50
-169793.687    70.035     0.14    0.50
-169417.511    70.076     0.11    0.49
-169041.403    70.068    -0.02    0.50
-168665.364    70.020    -0.13    0.50
-168289.392    69.925    -0.25    0.50
-167913.488    69.790    -0.36    0.46
-167537.652    69.621    -0.45    0.35
-167161.884    69.385    -0.63    0.41
-166786.184    69.101    -0.76    0.49
-166410.552    68.848    -0.67    0.48
-166034.988    68.421    -1.14    0.54
-165659.491    68.064    -0.95    0.50
-165284.063    67.768    -0.79    0.45
-164908.702    67.545    -0.59    0.24
-164533.408    67.289    -0.68    0.40
-164158.182    67.045    -0.65    0.50
-163783.024    66.759    -0.76    0.45
-163407.934    66.435    -0.86    0.41
-163032.911    66.118    -0.85    0.48
-162657.955    65.850    -0.72    0.48
-162283.067    65.508    -0.91    0.42
-161908.246    65.209    -0.80    0.45
-161533.493    64.935    -0.73    0.50
-161158.807    64.571    -0.97    0.53
-160784.189    64.130    -1.18    0.48
-160409.637    63.859    -0.72    0.49
-160035.153    63.508    -0.94    0.42
-159660.736    63.256    -0.67    0.42
-159286.387    63.014    -0.65    0.50
-158912.104    62.759    -0.68    0.45
-158537.889    62.360    -1.06    0.51
-158163.740    62.076    -0.76    0.49
-157789.659    61.805    -0.72    0.47
-157415.644    61.571    -0.63    0.28
-157041.697    61.359    -0.57    0.33
-156667.816    61.138    -0.59    0.48
-156294.003    60.865    -0.73    0.49
-155920.256    60.627    -0.64    0.35
-155546.576    60.398    -0.61    0.28
-155172.963    60.168    -0.62    0.47
-154799.416    59.898    -0.72    0.50
-154425.936    59.625    -0.73    0.35
-154052.523    59.484    -0.38    0.00
-153679.177    59.352    -0.35    0.34
-153305.897    59.081    -0.73    0.49
-152932.683    58.786    -0.79    0.46
-152559.536    58.566    -0.59    0.28
-152186.456    58.484    -0.22    0.00
-151813.442    58.484     0.00    0.00
-151440.495    58.484     0.00    0.00
-151067.613    58.484     0.00    0.00
-150694.799    58.315    -0.45    0.38
-150322.050    58.008    -0.82    0.50
-149949.368    57.734    -0.74    0.44
-149576.752    57.533    -0.54    0.22
-149204.202    57.484    -0.13    0.00
-148831.719    57.484     0.00    0.00
-148459.301    57.484     0.00    0.00
-148086.950    57.484     0.00    0.00
-147714.664    57.471    -0.03    0.11
-147342.445    57.293    -0.48    0.40
-146970.292    57.036    -0.69    0.50
-146598.205    56.755    -0.76    0.45
-146226.183    56.510    -0.66    0.16
-145854.228    56.484    -0.07    0.00
-145482.338    56.484     0.00    0.00
-145110.514    56.484     0.00    0.00
-144738.756    56.484     0.00    0.00
-144367.063    56.484     0.00    0.00
-143995.437    56.484     0.00    0.00
-143623.876    56.484     0.00    0.00
-143252.380    56.484     0.00    0.00
-142880.951    56.484     0.00    0.00
-142509.587    56.484     0.00    0.00
-142138.288    56.484     0.00    0.00
-141767.055    56.471    -0.04    0.11
-141395.887    56.154    -0.85    0.47
-141024.785    55.878    -0.74    0.49
-140653.748    55.558    -0.86    0.49
-140282.777    55.150    -1.10    0.47
-139911.870    54.854    -0.80    0.49
-139541.029    54.589    -0.71    0.31
-139170.254    54.398    -0.51    0.28
-138799.543    54.181    -0.59    0.46
-138428.898    53.889    -0.79    0.49
-138058.318    53.615    -0.74    0.34
-137687.803    53.323    -0.79    0.37
-137317.353    53.050    -0.74    0.50
-136946.969    52.642    -1.10    0.64
-136576.649    52.133    -1.38    0.58
-136206.394    51.630    -1.36    0.65
-135836.204    51.176    -1.23    0.61
-135466.079    50.694    -1.30    0.65
-135096.019    50.205    -1.32    0.66
-134726.024    49.749    -1.23    0.72
-134356.093    48.768    -2.65    2.27
-133986.228    47.134    -4.42    3.53
-133616.427    45.409    -4.67    4.07
-133246.691    43.966    -3.90    3.97
-132877.019    42.610    -3.67    4.11
-132507.412    41.928    -1.85    4.01
-132137.870    41.894    -0.09    4.21
-131768.392    42.225     0.89    4.55
-131398.979    42.484     0.70    4.51
-131029.630    42.764     0.76    4.19
-130660.346    41.984    -2.11    3.77
-130291.126    40.784    -3.25    3.88
-129921.971    40.632    -0.41    3.81
-129552.880    39.996    -1.72    2.71
-129183.853    40.167     0.46    1.87
-128814.891    40.421     0.69    0.40
-128445.993    40.484     0.17    0.00
-128077.159    40.696     0.58    0.99
-127708.389    40.761     0.18    2.74
-127339.684    40.648    -0.31    3.44
-126971.042    39.570    -2.92    4.35
-126602.465    38.484    -2.95    4.45
-126233.952    38.286    -0.54    3.53
-125865.503    38.112    -0.47    3.54
-125497.118    38.618     1.37    3.52
-125128.796    38.971     0.96    3.28
-124760.539    38.546    -1.15    3.20
-124392.346    37.697    -2.31    2.52
-124024.216    37.410    -0.78    2.26
-123656.150    38.163     2.05    3.22
-123288.148    38.792     1.71    3.39
-122920.210    38.865     0.20    3.56
-122552.336    38.679    -0.51    3.06
-122184.525    37.804    -2.38    2.42
-121816.778    36.990    -2.22    1.96
-121449.095    36.657    -0.91    1.83
-121081.475    36.571    -0.23    1.48
-120713.918    36.021    -1.50    1.68
-120346.426    34.276    -4.75    3.08
-119978.996    32.768    -4.11    3.35
-119611.631    29.965    -7.63    4.28
-119244.328    26.727    -8.82    4.15
-118877.089    24.496    -6.08    3.37
-118509.914    23.101    -3.80    2.23
-118142.801    22.706    -1.08    0.92
-117775.752    22.703    -0.01    0.70
-117408.767    22.796     0.25    0.67
-117031.218    23.046     0.66    0.65
-116651.169    23.101     0.14    0.72
-116271.189    23.286     0.49    0.78
-115891.276    23.703     1.10    1.13
-115511.432    24.225     1.37    1.34
-115131.657    24.809     1.54    1.03
-114751.950    24.997     0.49    0.85
-114372.311    24.916    -0.21    0.84
-113992.740    24.756    -0.42    0.81
-113613.237    24.360    -1.04    0.83
-113233.803    24.300    -0.16    0.90
-112854.437    24.262    -0.10    0.94
-112475.139    24.496     0.62    0.94
-112095.909    24.780     0.75    0.94
-111716.747    25.271     1.30    1.14
-111337.652    25.914     1.70    0.96
-110958.626    26.610     1.84    1.05
-110579.668    27.076     1.23    1.13
-110200.778    26.854    -0.59    1.55
-109821.955    26.851    -0.01    2.25
-109443.200    28.570     4.54    4.23
-109064.513    30.856     6.04    4.20
-108685.894    33.325     6.52    3.22
-108307.342    34.964     4.33    2.62
-107928.859    34.583    -1.01    3.13
-107550.442    34.924     0.90    4.05
-107172.093    35.934     2.67    4.46
-106793.812    37.150     3.22    3.90
-106415.599    38.397     3.30    2.51
-106037.452    38.003    -1.04    2.28
-105659.373    36.360    -4.34    2.66
-105281.362    36.048    -0.83    2.40
-104903.418    35.958    -0.24    2.52
-104525.541    36.336     1.00    2.75
-104147.732    37.307     2.57    2.41
-103769.990    37.583     0.73    2.41
-103392.315    38.368     2.08    2.61
-103014.707    38.846     1.27    2.41
-102637.166    38.089    -2.01    2.86
-102259.693    37.397    -1.83    2.68
-101882.286    36.769    -1.66    2.07
-101504.947    36.595    -0.46    1.92
-101127.674    37.615     2.71    2.03
-100750.469    38.996     3.66    2.31
-100373.330    40.041     2.77    2.49
 -99996.258    41.276     3.28    2.33
 -99619.254    42.345     2.83    2.00
 -99242.316    43.046     1.86    2.32
 -98865.444    44.035     2.62    2.33
 -98488.640    44.821     2.09    1.95
 -98111.902    44.447    -0.99    2.18
 -97735.231    44.002    -1.18    2.03
 -97358.627    44.064     0.16    2.05
 -96982.089    44.370     0.81    2.29
 -96605.618    43.871    -1.32    2.85
 -96229.213    43.155    -1.90    3.43
 -95852.875    42.821    -0.89    3.28
 -95476.603    42.484    -0.90    2.88
 -95100.398    42.746     0.70    2.93
 -94724.259    43.326     1.54    2.81
 -94348.186    44.533     3.21    2.56
 -93972.180    45.655     2.98    2.32
 -93596.240    47.496     4.90    2.31
 -93220.366    48.944     3.85    1.14
 -92844.559    49.175     0.61    0.82
 -92468.818    49.337     0.43    0.90
 -92093.143    49.581     0.65    1.01
 -91717.534    50.104     1.39    1.18
 -91341.991    50.842     1.96    0.78
 -90966.514    51.269     1.14    0.59
 -90591.103    51.309     0.11    0.55
 -90215.758    51.598     0.77    0.75
 -89840.479    52.175     1.54    1.21
 -89465.266    52.706     1.41    1.25
 -89090.119    52.471    -0.63    2.53
 -88715.037    51.009    -3.90    3.60
 -88340.022    48.715    -6.12    3.84
 -87965.072    46.771    -5.18    2.92
 -87590.188    46.669    -0.27    2.64
 -87215.369    46.632    -0.10    2.71
 -86840.617    46.560    -0.19    2.59
 -86465.930    45.934    -1.67    1.85
 -86091.308    45.420    -1.37    0.49
 -85716.752    45.396    -0.06    0.36
 -85342.262    45.357    -0.10    0.63
 -84967.837    47.496     5.71    4.07
 -84593.477    50.892     9.07    5.92
 -84219.183    55.134    11.33    6.26
 -83844.955    58.354     8.61    3.88
 -83470.791    58.386     0.09    3.11
 -83096.693    57.102    -3.43    4.05
 -82722.661    55.002    -5.61    3.98
 -82348.693    52.632    -6.34    3.07
 -81974.791    52.606    -0.07    3.81
 -81600.954    53.092     1.30    4.57
 -81227.182    53.484     1.05    4.56
 -80853.475    54.313     2.22    4.47
 -80479.833    53.496    -2.19    4.43
 -80106.256    52.686    -2.17    4.01
 -79732.745    52.184    -1.35    3.73
 -79359.298    51.484    -1.87    2.87
 -78985.916    52.385     2.41    2.95
 -78612.599    53.562     3.15    3.33
 -78239.347    53.879     0.85    3.28
 -77866.160    53.808    -0.19    3.75
 -77493.038    52.796    -2.71    3.82
 -77119.980    52.055    -1.99    3.35
 -76746.987    52.871     2.19    3.55
 -76374.059    53.750     2.36    3.33
 -76001.195    54.496     2.00    2.70
 -75628.396    53.699    -2.14    2.91
 -75255.662    52.121    -4.23    3.44
 -74882.992    50.939    -3.17    2.71
 -74510.387    50.681    -0.69    2.20
 -74137.846    50.066    -1.65    2.17
 -73765.370    50.059    -0.02    2.37
 -73392.958    50.932     2.35    3.58
 -73020.611    52.071     3.06    5.40
 -72648.328    54.218     5.77    6.68
 -72276.109    55.596     3.70    5.99
 -71903.955    56.126     1.42    5.40
 -71531.865    56.706     1.56    4.93
 -71159.839    57.035     0.88    4.98
 -70787.877    58.209     3.16    6.12
 -70415.979    59.686     3.97    5.62
 -70044.146    59.259    -1.15    4.06
 -69672.377    58.212    -2.82    3.55
 -69300.671    56.965    -3.35    2.51
 -68929.030    56.561    -1.09    2.02
 -68557.453    56.796     0.63    2.10
 -68185.940    55.817    -2.64    2.63
 -67814.490    55.021    -2.14    2.87
 -67443.105    54.187    -2.25    2.76
 -67071.783    53.046    -3.07    2.88
 -66700.525    51.176    -5.04    3.78
 -66329.331    48.871    -6.21    4.35
 -65958.201    46.702    -5.85    3.26
 -65587.135    44.946    -4.73    3.07
 -65216.132    44.015    -2.51    2.96
 -64845.193    43.809    -0.56    2.58
 -64474.317    44.022     0.58    2.85
 -64103.505    45.334     3.54    2.78
 -63732.757    46.202     2.34    2.53
 -63362.072    46.508     0.83    2.04
 -62991.451    45.842    -1.80    1.68
 -62620.893    45.784    -0.16    1.93
 -62250.399    46.800     2.74    3.13
 -61879.968    47.471     1.81    3.28
 -61509.600    48.138     1.80    3.09
 -61139.296    48.281     0.39    2.50
 -60769.055    47.921    -0.97    2.12
 -60398.877    47.121    -2.16    2.41
 -60028.763    46.446    -1.83    2.44
 -59658.711    46.171    -0.74    2.43
 -59288.723    45.779    -1.06    2.75
 -58918.798    44.762    -2.75    3.10
 -58548.936    43.547    -3.29    3.84
 -58179.137    42.434    -3.01    4.59
 -57809.402    41.881    -1.50    6.43
 -57439.729    41.296    -1.58    7.18
 -57070.119    41.356     0.16    6.80
 -56700.572    41.409     0.14    5.45
 -56331.088    40.509    -2.43    2.70
 -55961.667    40.571     0.17    2.45
 -55592.309    40.420    -0.41    2.54
 -55223.014    40.471     0.14    2.78
 -54853.781    41.247     2.10    2.83
 -54484.611    41.346     0.27    2.88
 -54115.504    41.404     0.16    2.62
 -53746.460    40.661    -2.01    3.05
 -53377.478    40.168    -1.34    3.03
 -53008.559    40.015    -0.42    2.77
 -52639.702    40.078     0.17    2.53
 -52270.908    40.027    -0.14    2.37
 -51902.177    39.727    -0.81    2.21
 -51533.508    39.879     0.41    2.21
 -51164.901    40.230     0.95    1.79
 -50796.357    40.743     1.39    1.66
 -50427.875    40.551    -0.52    1.71
 -50059.456    40.046    -1.37    2.20
 -49691.099    39.916    -0.35    2.65
 -49322.804    39.728    -0.51    2.36
 -48954.572    39.808     0.22    2.17
 -48586.402    39.623    -0.50    2.40
 -48218.294    39.786     0.44    2.61
 -47850.248    40.284     1.35    2.47
 -47482.264    40.458     0.47    2.49
 -47114.343    40.901     1.21    2.53
 -46746.483    40.702    -0.54    2.33
 -46378.686    40.508    -0.53    1.88
 -46010.950    40.636     0.35    1.85
 -45643.277    40.356    -0.76    1.67
 -45275.665    41.146     2.15    2.83
 -44908.116    43.484     6.36    3.99
 -44540.628    44.509     2.79    3.88
 -44173.202    44.421    -0.24    4.29
 -43805.838    43.447    -2.65    4.49
 -43438.536    41.965    -4.03    3.47
 -43071.295    41.686    -0.76    3.64
 -42704.117    41.304    -1.04    3.57
 -42329.414    40.977    -0.87    3.86
 -41949.506    40.420    -1.47    3.92
 -41569.665    40.309    -0.29    3.91
 -41189.891    40.171    -0.36    3.71
 -40810.184    39.549    -1.64    3.54
 -40430.543    40.509     2.53    3.26
 -40050.968    41.392     2.33    3.25
 -39671.460    42.718     3.50    3.31
 -39292.018    44.186     3.87    3.26
 -38912.643    44.951     2.02    2.39
 -38533.334    44.029    -2.43    3.04
 -38154.091    42.788    -3.27    2.98
 -37774.915    41.894    -2.36    2.75
 -37395.805    41.096    -2.10    2.80
 -37016.761    40.599    -1.31    2.60
 -36637.783    40.109    -1.29    2.79
 -36258.872    39.249    -2.27    2.59
 -35880.027    38.894    -0.94    2.40
 -35501.247    38.091    -2.12    2.39
 -35122.534    37.523    -1.50    2.47
 -34743.887    36.784    -1.95    2.76
 -34365.305    36.605    -0.47    2.58
 -33986.790    36.397    -0.55    2.65
 -33608.341    36.392    -0.02    2.79
 -33229.957    35.775    -1.63    2.63
 -32851.639    34.957    -2.16    2.05
 -32473.387    35.471     1.36    2.13
 -32095.201    35.899     1.13    1.96
 -31717.081    35.920     0.05    1.74
 -31339.026    35.396    -1.38    1.68
 -30961.037    35.274    -0.32    1.80
 -30583.114    35.901     1.66    2.00
 -30205.256    36.666     2.02    2.39
 -29827.463    38.009     3.56    2.09
 -29449.737    38.457     1.19    1.80
 -29072.075    38.644     0.49    1.86
 -28694.480    38.213    -1.14    1.60
 -28316.949    37.873    -0.90    1.72
 -27939.484    37.457    -1.10    1.85
 -27562.084    36.447    -2.68    1.94
 -27184.750    36.097    -0.93    2.48
 -26807.481    36.409     0.83    2.89
 -26430.277    36.865     1.21    2.88
 -26053.139    37.702     2.22    2.51
 -25676.065    37.941     0.63    2.71
 -25299.057    38.259     0.84    2.85
 -24922.114    38.971     1.89    2.48
 -24545.236    38.458    -1.36    2.70
 -24168.423    37.434    -2.72    2.57
 -23791.675    36.747    -1.82    2.40
 -23414.992    35.509    -3.29    2.07
 -23038.374    35.129    -1.01    2.18
 -22661.821    35.142     0.03    1.91
 -22285.333    34.686    -1.21    1.97
 -21908.909    33.059    -4.32    2.83
 -21532.551    31.206    -4.92    2.23
 -21156.257    29.916    -3.43    1.77
 -20780.028    28.930    -2.62    1.30
 -20403.863    28.370    -1.49    1.66
 -20027.764    27.572    -2.12    2.07
 -19651.729    26.686    -2.36    2.68
 -19275.758    25.892    -2.11    3.24
 -18899.852    25.384    -1.35    3.50
 -18524.011    23.666    -4.57    3.69
 -18148.234    22.042    -4.32    2.82
 -17772.522    21.184    -2.28    2.01
 -17396.874    21.336     0.40    2.12
 -17021.291    21.834     1.33    2.11
 -16645.771    22.289     1.21    2.16
 -16270.317    21.864    -1.13    2.66
 -15894.926    21.830    -0.09    2.62
 -15519.600    22.256     1.14    3.02
 -15144.338    23.444     3.17    2.92
 -14769.140    25.009     4.17    2.04
 -14394.007    25.760     2.00    1.39
 -14018.937    25.534    -0.60    1.51
 -13643.932    25.295    -0.64    1.70
 -13268.991    24.397    -2.39    2.11
 -12894.114    23.065    -3.55    1.59
 -12519.301    22.021    -2.78    1.47
 -12144.551    21.196    -2.20    1.16
 -11769.866    21.133    -0.17    1.41
 -11395.245    21.004    -0.35    1.65
 -11020.687    20.674    -0.88    1.90
 -10646.194    19.747    -2.47    2.09
 -10271.764    18.109    -4.38    2.67
  -9897.398    16.181    -5.15    2.96
  -9523.096    14.873    -3.49    2.62
  -9148.857    15.370     1.33    3.59
  -8774.682    17.046     4.48    4.24
  -8400.571    18.762     4.59    3.76
  -8026.523    18.263    -1.33    4.51
  -7652.539    14.769    -9.34    5.57
  -7278.619    10.931   -10.27    4.49
  -6904.762     8.202    -7.30    1.93
  -6530.968     8.279     0.21    2.20
  -6157.238    10.034     4.70    3.44
  -5783.572    12.881     7.62    3.60
  -5409.969    15.266     6.38    2.61
  -5036.429    14.910    -0.95    3.76
  -4662.952    11.384    -9.44    6.28
  -4289.539     7.737    -9.77    5.47
  -3916.189     6.015    -4.61    3.68
  -3542.902     5.990    -0.07    3.69
  -3169.679     6.549     1.50    3.62
  -2796.518     7.092     1.46    3.55
  -2423.421     7.547     1.22    3.05
  -2050.387     7.241    -0.82    3.33
  -1677.416     6.109    -3.03    4.10
  -1304.507     4.268    -4.94    4.13
   -931.662     2.259    -5.39    3.41
   -558.880     1.011    -3.35    2.34
   -186.161     0.562    -1.20    1.84
    186.495     0.032    -1.42    1.55
    559.089     0.134     0.27    1.85
    931.619     0.659     1.41    2.96
   1304.087     1.096     1.17    2.91
   1676.492     1.646     1.48    2.71
   2048.835     2.864     3.27    2.79
   2421.114     4.146     3.44    2.53
   2793.331     5.769     4.36    2.47
   3165.485     7.670     5.11    2.19
   3537.577     9.155     3.99    2.20
   3909.606     9.910     2.03    1.43
   4281.572     9.046    -2.32    2.11
   4653.476     7.510    -4.13    2.24
   5025.318     5.914    -4.29    1.44
   5397.097     5.159    -2.03    0.66
   5768.814     5.050    -0.29    0.50
   6140.468     5.471     1.13    0.70
   6512.060     5.958     1.31    0.57
   6883.589     6.244     0.77    0.43
   7255.057     6.284     0.11    0.40
   7626.462     6.036    -0.67    0.68
   7997.804     5.965    -0.19    0.95
   8369.085     6.250     0.77    1.38
   8740.303     7.202     2.56    1.88
   9111.460     8.740     4.15    2.52
   9482.554    10.938     5.92    3.49
   9853.586    12.615     4.52    3.43
  10224.556    13.041     1.15    3.29
  10595.464    11.912    -3.04    3.84
  10966.310     9.636    -6.14    3.96
  11337.094     6.920    -7.32    2.77
  11707.816     5.699    -3.29    1.65
  12078.477     6.356     1.77    2.41
  12449.075     9.289     7.92    4.45
  12819.612    12.808     9.50    4.30
  13190.087    14.864     5.55    2.97
  13560.500    15.339     1.28    2.06
  13930.851    13.117    -6.00    3.78
  14301.141     9.886    -8.72    4.02
  14671.369     8.081    -4.88    3.06
  15041.535     7.881    -0.54    3.56
  15411.640    10.091     5.97    5.37
  15781.683    11.150     2.86    5.76
  16151.664    10.598    -1.49    5.94
  16521.585     8.471    -5.75    5.44
  16891.443     6.610    -5.03    4.06
  17261.240     4.813    -4.86    0.53
  17630.976     4.640    -0.47    0.37
  18000.651     4.692     0.14    0.61
  18370.264     5.676     2.66    2.51
  18739.815     5.055    -1.68    3.66
  19109.306     3.689    -3.70    4.42
  19478.735     2.944    -2.02    4.44
  19848.103     2.421    -1.42    3.41
  20217.409     2.790     1.00    2.54
  20586.655     4.086     3.51    2.64
  20955.839     5.734     4.46    3.47
  21324.963     8.120     6.46    4.66
  21694.025    11.509     9.18    4.86
  22063.026    13.817     6.25    3.18
  22431.966    14.295     1.29    2.41
  22800.845    12.534    -4.77    3.27
  23169.664     9.830    -7.33    2.72
  23538.421     8.196    -4.43    1.82
  23907.117     7.524    -1.82    0.94
  24275.753     8.172     1.76    1.43
  24644.327     9.404     3.34    1.44
  25012.841    10.185     2.12    1.11
  25381.294    10.539     0.96    0.78
  25749.687     9.771    -2.08    1.58
  26118.018     8.333    -3.90    1.88
  26486.289     8.509     0.48    2.51
  26854.500     9.443     2.54    3.39
  27222.649    11.646     5.98    3.47
  27590.739    14.038     6.50    1.32
  27958.767    13.951    -0.24    1.54
  28326.735    12.867    -2.95    2.32
  28694.643    11.163    -4.63    2.37
  29062.490     9.470    -4.60    1.05
  29430.276     8.646    -2.24    0.83
  29798.002     7.889    -2.06    0.91
  30165.668     7.046    -2.29    1.07
  30533.274     6.284    -2.07    0.85
  30900.819     5.779    -1.37    0.51
  31268.304     5.535    -0.66    0.22
  31635.728     5.588     0.14    0.31
  32003.093     5.834     0.67    0.64
  32375.198     5.856     0.06    1.39
  32754.966     5.604    -0.66    1.85
  33134.669     5.996     1.03    2.16
  33514.308     7.595     4.21    4.22
  33893.881    10.546     7.78    5.48
  34273.390    13.159     6.89    4.66
  34652.834    14.237     2.84    2.98
  35032.214    13.120    -2.94    2.67
  35411.529    11.705    -3.73    2.22
  35790.779    11.330    -0.99    1.95
  36169.964    12.577     3.29    2.85
  36549.085    16.028     9.10    4.18
  36928.142    19.084     8.06    3.71
  37307.134    21.167     5.50    2.28
  37686.061    21.730     1.49    1.30
  38064.924    20.023    -4.51    2.48
  38443.723    18.456    -4.14    2.32
  38822.457    18.260    -0.52    2.04
  39201.127    19.057     2.10    2.44
  39579.732    20.471     3.73    2.24
  39958.274    21.181     1.88    1.71
  40336.751    20.856    -0.86    1.68
  40715.164    20.057    -2.11    1.53
  41093.512    19.315    -1.96    0.86
  41471.797    19.471     0.41    1.01
  41850.017    20.224     1.99    1.44
  42228.174    21.692     3.88    1.74
  42606.266    22.984     3.42    1.39
  42984.294    23.202     0.58    1.28
  43362.259    22.578    -1.65    1.84
  43740.159    20.734    -4.88    2.53
  44117.996    18.551    -5.78    2.35
  44495.768    16.927    -4.30    1.77
  44873.477    16.004    -2.44    0.88
  45251.122    15.899    -0.28    0.52
  45628.703    16.138     0.63    0.72
  46006.221    16.317     0.48    0.78
  46383.674    16.354     0.10    0.82
  46761.064    16.313    -0.11    0.76
  47138.391    16.420     0.29    0.85
  47515.654    16.577     0.42    0.95
  47892.853    17.009     1.14    1.16
  48269.988    17.758     1.99    1.38
  48647.061    19.368     4.27    2.24
  49024.069    21.087     4.56    2.14
  49401.014    21.705     1.64    1.81
  49777.896    20.565    -3.02    3.52
  50154.715    17.260    -8.77    5.67
  50531.470    15.804    -3.87    4.92
  50908.161    16.843     2.76    5.76
  51284.790    20.617    10.02    5.53
  51661.355    24.497    10.30    3.90
  52037.857    26.042     4.10    2.61
  52414.296    25.380    -1.76    3.16
  52790.671    23.653    -4.59    3.50
  53166.984    21.773    -4.99    2.80
  53543.233    20.524    -3.32    2.05
  53919.419    20.364    -0.43    1.82
  54295.542    21.354     2.63    2.15
  54671.603    22.950     4.24    2.08
  55047.600    23.066     0.31    2.19
  55423.534    21.845    -3.25    3.32
  55799.406    18.952    -7.70    3.86
  56175.214    15.950    -7.99    3.21
  56550.960    14.786    -3.10    2.70
  56926.643    15.128     0.91    2.84
  57302.263    16.937     4.81    3.47
  57677.820    19.782     7.58    3.33
  58053.315    20.601     2.18    4.09
  58428.747    18.576    -5.39    6.49
  58804.116    14.537   -10.76    7.72
  59179.423    10.431   -10.94    6.76
  59554.667     7.844    -6.89    5.68
  59929.848     8.022     0.48    5.04
  60304.967     8.710     1.83    4.18
  60680.024    11.042     6.22    4.79
  61055.018    13.392     6.26    4.45
  61429.950    16.847     9.22    3.56
  61804.819    19.741     7.72    4.32
  62179.626    22.795     8.15    4.95
  62554.370    26.306     9.37    4.10
  62929.052    29.784     9.28    3.91
  63303.672    32.720     7.84    4.36
  63678.230    35.821     8.28    4.48
  64052.725    37.867     5.46    3.80
  64427.159    38.172     0.81    3.12
  64801.530    37.537    -1.70    2.45
  65175.839    36.630    -2.42    1.73
  65550.086    36.497    -0.36    1.32
  65924.271    37.155     1.76    1.76
  66298.394    37.839     1.83    1.90
  66672.455    37.938     0.27    2.62
  67046.454    36.510    -3.82    4.07
  67420.391    31.536   -13.30    8.22
  67794.266    24.884   -17.79    9.82
  68168.079    18.817   -16.23    8.17
  68541.830    14.860   -10.59    5.40
  68915.520    14.328    -1.42    4.59
  69289.148    14.602     0.73    4.25
  69662.714    14.892     0.77    4.09
  70036.218    14.826    -0.18    4.49
  70409.661    14.684    -0.38    4.30
  70783.042    14.586    -0.26    3.47
  71156.361    13.790    -2.13    3.40
  71529.619    14.996     3.23    5.14
  71902.816    18.813    10.23    7.16
  72275.950    22.907    10.97    7.22
  72649.024    26.835    10.53    5.28
  73022.035    28.128     3.47    3.86
  73394.986    26.150    -5.30    4.64
  73767.875    23.471    -7.19    5.22
  74140.702    21.650    -4.88    4.46
  74513.469    21.484    -0.45    4.42
  74886.174    21.648     0.44    4.37
  75258.817    22.395     2.00    3.45
  75631.400    22.268    -0.34    2.49
  76003.921    22.084    -0.49    2.05
  76376.381    22.105     0.06    1.93
  76748.780    22.074    -0.09    2.14
  77121.117    22.604     1.42    2.31
  77493.394    22.782     0.48    2.32
  77865.610    22.563    -0.59    2.59
  78237.764    22.362    -0.54    2.49
  78609.858    22.339    -0.06    2.43
  78981.890    22.419     0.21    1.98
  79353.862    23.181     2.05    1.67
  79725.772    23.380     0.53    1.87
  80097.622    24.084     1.89    2.22
  80469.411    25.211     3.03    2.92
  80841.139    26.697     4.00    3.23
  81212.807    28.029     3.58    2.74
  81584.413    28.150     0.33    2.52
  81955.959    27.692    -1.23    2.61
  82327.444    27.120    -1.54    3.11
  82698.869    26.894    -0.61    3.81
  83070.232    28.666     4.77    5.10
  83441.536    30.185     4.09    5.30
  83812.778    32.354     5.84    5.39
  84183.960    32.764     1.10    5.54
  84555.082    33.834     2.88    6.20
  84926.143    34.051     0.58    5.70
  85297.144    35.263     3.27    6.59
  85668.084    37.326     5.56    7.22
  86038.964    39.679     6.34    7.19
  86409.783    42.247     6.93    7.04
  86780.542    45.350     8.37    5.86
  87151.241    47.177     4.93    4.94
  87521.879    49.457     6.15    3.90
  87892.458    50.110     1.76    3.18
  88262.976    49.291    -2.21    3.22
  88633.433    48.377    -2.47    3.42
  89003.831    47.740    -1.72    2.72
  89374.168    49.024     3.47    3.25
  89744.446    50.332     3.53    2.69
  90114.663    51.084     2.03    2.11
  90484.821    52.086     2.71    2.25
  90854.918    52.497     1.11    2.35
  91224.955    53.057     1.51    2.05
  91594.932    52.670    -1.05    2.24
  91964.850    51.903    -2.08    1.87
  92334.707    51.817    -0.23    1.73
  92704.505    51.666    -0.41    1.55
  93074.243    52.177     1.38    1.70
  93443.921    53.868     4.57    3.35
  93813.539    54.970     2.98    3.49
  94183.098    53.202    -4.79    5.73
  94552.596    50.038    -8.56    7.55
  94922.035    46.920    -8.44    6.19
  95291.415    44.604    -6.27    3.34
  95660.735    42.562    -5.53    4.59
  96029.995    40.217    -6.35    5.20
  96399.195    37.065    -8.54    4.02
  96768.337    34.590    -6.70    2.44
  97137.418    33.295    -3.51    1.90
  97506.440    32.510    -2.12    1.82
  97875.403    31.471    -2.82    1.29
  98244.306    31.670     0.54    1.86
  98613.150    34.074     6.51    4.63
  98981.934    37.551     9.43    5.72
  99350.659    42.753    14.11    6.45
  99719.325    48.023    14.29    6.81
 100087.932    52.548    12.27    6.42
 100456.479    54.786     6.07    4.91
 100824.967    55.615     2.25    3.93
 101193.396    54.577    -2.82    4.60
 101561.765    53.044    -4.16    5.40
 101930.076    51.057    -5.39    6.73
 102298.327    47.102   -10.74    7.64
 102666.520    42.050   -13.72    7.90
 103034.653    40.860    -3.23    7.81
 103402.727    42.150     3.50    8.34
 103770.743    44.057     5.18    8.30
 104138.699    45.957     5.16    6.83
 104506.596    47.524     4.26    5.71
 104874.435    48.497     2.65    6.67
 105242.215    51.497     8.16    7.34
 105609.935    55.068     9.71    6.29
 105977.597    59.313    11.54    6.18
 106345.201    62.786     9.45    5.61
 106712.745    65.971     8.66    5.67
 107082.474    67.937     5.32    5.05
 107462.110    69.731     4.72    4.72
 107841.682    70.563     2.19    4.07
 108221.191    70.279    -0.75    4.00
 108600.637    68.997    -3.38    5.01
 108980.019    65.851    -8.29    5.45
 109359.339    62.400    -9.10    4.79
 109738.596    61.750    -1.72    4.32
 110117.790    62.895     3.02    5.15
 110496.921    66.907    10.58    5.96
 110875.989    71.230    11.40    4.84
 111254.994    73.931     7.13    4.99
 111633.936    74.912     2.59    4.94
 112012.816    74.194    -1.89    5.61
 112391.633    73.114    -2.85    6.90
 112770.387    70.146    -7.84    7.38
 113149.078    65.644   -11.89    7.49
 113527.707    61.748   -10.29    6.88
 113906.273    59.247    -6.61    4.17
 114284.776    58.206    -2.75    2.10
 114663.217    59.420     3.21    3.08
 115041.595    60.632     3.20    2.95
 115419.911    60.523    -0.29    3.37
 115798.164    59.790    -1.94    3.40
 116176.355    57.971    -4.81    3.80
 116554.483    54.562    -9.01    4.67
 116932.549    52.564    -5.28    3.62
 117310.553    51.590    -2.57    2.60
 117688.494    52.038     1.18    2.41
 118066.373    53.684     4.36    2.97
 118444.189    54.555     2.31    3.38
 118821.944    56.260     4.51    3.28
 119199.636    57.970     4.53    2.98
 119577.266    57.957    -0.03    3.43
 119954.834    58.241     0.75    4.15
 120332.340    58.497     0.68    5.23
 120709.784    58.984     1.29    7.07
 121087.165    61.659     7.09    8.41
 121464.485    64.644     7.91    8.22
 121841.743    67.110     6.54    6.81
 122218.938    70.048     7.79    4.78
 122596.072    70.670     1.65    4.52
 122973.144    68.657    -5.34    8.22
 123350.154    64.498   -11.03   10.70
 123727.102    60.337   -11.04    9.47
 124103.989    56.527   -10.11    8.80
 124480.813    50.878   -14.99   11.81
 124857.576    43.223   -20.32   14.38
 125234.277    34.484   -23.20   11.62
 125610.917    27.310   -19.04    4.38
 125987.495    25.189    -5.63    2.34
 126364.011    24.697    -1.31    1.56
 126740.466    25.390     1.84    1.95
 127116.859    26.808     3.77    1.81
 127493.190    27.713     2.41    1.09
 127869.460    26.932    -2.08    2.07
 128245.669    25.204    -4.59    3.27
 128621.816    21.747    -9.19    4.24
 128997.902    18.484    -8.68    3.52
 129373.926    16.010    -6.58    2.29
 129749.889    14.669    -3.57    0.60
 130125.791    14.484    -0.49    0.00
 130501.631    14.541     0.15    0.23
 130877.410    15.070     1.41    0.89
 131253.128    16.295     3.26    1.79
 131628.785    18.250     5.20    2.96
 132004.381    20.830     6.87    3.02
 132379.915    22.944     5.63    2.46
 132755.389    25.764     7.51    3.21
 133130.801    27.741     5.26    3.62
 133506.152    28.835     2.92    3.21
 133881.442    29.322     1.30    2.68
 134256.672    29.666     0.92    2.68
 134631.840    30.244     1.54    3.05
 135006.947    30.912     1.78    3.13
 135381.994    30.322    -1.57    3.40
 135756.980    28.604    -4.58    2.66
 136131.904    27.755    -2.26    1.96
 136506.768    28.404     1.73    1.98
 136881.572    29.155     2.00    1.44
 137256.314    28.390    -2.04    2.06
 137630.996    27.230    -3.10    1.85
 138005.617    26.204    -2.74    0.97
 138380.178    25.741    -1.24    0.44
 138754.678    25.731    -0.03    0.43
 139129.117    25.800     0.18    0.47
 139503.496    26.042     0.65    0.55
 139877.814    26.457     1.11    0.70
 140252.072    27.119     1.77    0.99
 140626.269    28.119     2.67    1.49
 141000.406    29.217     2.93    1.38
 141374.482    30.050     2.23    0.81
 141748.498    30.418     0.98    0.30
 142122.454    30.576     0.42    0.29
 142496.349    30.592     0.04    0.39
 142870.184    30.270    -0.86    0.72
 143243.959    29.686    -1.56    1.06
 143617.673    28.297    -3.72    1.73
 143991.328    26.991    -3.50    1.72
 144364.922    25.910    -2.89    1.60
 144738.456    24.941    -2.60    1.66
 145111.930    24.036    -2.42    2.22
 145485.344    23.047    -2.65    2.38
 145858.698    22.670    -1.01    2.31
 146231.991    22.836     0.44    2.62
 146605.225    23.702     2.32    2.92
 146978.399    24.511     2.17    3.26
 147351.513    24.856     0.92    3.23
 147724.567    24.553    -0.81    3.17
 148097.561    25.198     1.73    3.08
 148470.495    25.257     0.16    2.67
 148843.370    24.550    -1.90    2.67
 149216.184    23.604    -2.54    2.51
 149588.939    22.721    -2.37    2.12
 149961.634    22.224    -1.33    1.72
 150334.270    21.944    -0.75    1.23
 150706.845    22.497     1.48    1.40
 151079.361    22.724     0.61    1.67
 151451.818    22.646    -0.21    1.73
 151824.215    22.657     0.03    1.74
 152196.552    22.710     0.14    1.54
 152568.830    23.254     1.46    1.29
 152941.048    23.964     1.91    1.36
 153313.207    24.710     2.00    1.17
 153685.307    25.276     1.52    1.02
 154057.347    25.758     1.29    0.96
 154429.327    26.099     0.92    0.90
 154801.249    26.213     0.31    0.88
 155173.111    26.243     0.08    0.92
 155544.913    26.428     0.50    0.93
 155916.657    26.576     0.40    1.06
 156288.341    26.765     0.51    1.22
 156659.966    27.084     0.86    1.25
 157031.532    27.584     1.35    2.10
 157403.038    28.523     2.53    3.17
 157774.486    30.241     4.62    4.36
 158145.874    34.310    10.96    6.46
 158517.204    36.627     6.24    6.23
 158888.474    37.764     3.06    5.45
 159259.685    38.098     0.90    4.86
 159630.838    36.377    -4.64    5.40
 160001.931    33.841    -6.83    5.58
 160372.965    31.790    -5.53    5.35
 160743.941    29.881    -5.15    4.74
 161114.858    28.804    -2.90    3.86
 161485.716    27.785    -2.75    4.09
 161856.515    28.185     1.08    4.36
 162227.255    28.717     1.43    4.48
 162597.937    28.380    -0.91    4.19
 162968.559    27.775    -1.63    3.67
 163339.123    26.865    -2.46    3.07
 163709.629    25.997    -2.34    1.67
 164080.076    26.380     1.03    1.91
 164450.464    28.038     4.48    3.59
 164820.794    30.484     6.60    4.49
 165191.065    32.365     5.08    4.37
 165561.277    34.326     5.29    3.59
 165931.431    35.070     2.01    3.17
 166301.527    35.416     0.93    2.77
 166671.564    36.146     1.97    2.27
 167041.543    36.916     2.08    1.83
 167411.463    37.908     2.68    1.57
 167781.325    38.741     2.25    1.30
 168151.129    39.497     2.05    1.03
 168520.874    39.943     1.21    1.01
 168890.561    40.551     1.64    1.36
 169260.190    41.164     1.66    1.46
 169629.761    41.984     2.22    1.25
 169999.274    42.324     0.92    1.01
 170368.728    42.443     0.32    1.00
 170738.124    42.510     0.18    1.07
 171107.462    42.632     0.33    1.18
 171476.742    42.605    -0.07    1.28
 171845.964    42.038    -1.54    1.74
 172215.128    41.281    -2.05    2.15
 172584.234    40.943    -0.92    1.78
 172953.282    40.997     0.15    1.62
 173322.272    41.713     1.94    1.69
 173691.204    42.670     2.59    1.86
 174060.079    43.257     1.59    1.91
 174428.895    43.764     1.37    1.69
 174797.654    44.362     1.62    1.69
 175166.355    44.790     1.16    1.72
 175534.998    45.689     2.44    1.53
 175903.583    46.511     2.23    1.49
 176272.111    47.431     2.50    1.41
 176640.581    48.186     2.05    1.20
 177008.993    49.044     2.33    0.98
 177377.348    49.444     1.09    0.99
 177745.645    49.897     1.23    1.13
 178113.884    50.241     0.93    1.20
 178482.066    50.741     1.36    0.86
 178850.191    50.916     0.48    0.85
 179218.258    51.038     0.33    0.72
 179586.267    51.260     0.60    0.89
 179954.219    51.659     1.09    1.19
 180322.114    52.017     0.97    1.21
 180689.951    52.768     2.04    1.26
 181057.731    53.510     2.02    1.62
 181425.453    54.592     2.94    1.96
 181793.119    55.405     2.21    2.08
 182172.540    56.389     2.59    1.77
 182551.980    56.984     1.57    1.26
 182931.359    57.155     0.45    1.25
 183310.677    57.292     0.36    1.11
 183689.934    57.510     0.57    0.96
 184069.129    57.808     0.79    0.95
 184448.262    57.852     0.12    0.95
 184827.335    57.878     0.07    1.14
 185206.346    58.217     0.89    1.23
 185585.296    58.605     1.02    1.27
 185964.184    58.964     0.95    1.19
 186343.012    59.552     1.55    0.87
 186721.778    59.903     0.93    0.88
 187100.483    60.281     1.00    0.91
 187479.128    60.717     1.15    0.79
 187857.711    60.876     0.42    0.70
 188236.233    60.869    -0.02    0.84
 188614.694    60.750    -0.31    0.95
 188993.094    60.741    -0.03    1.05
 189371.433    60.862     0.32    1.21
 189749.711    60.991     0.34    1.14
 190127.929    60.903    -0.23    1.17
 190506.085    60.876    -0.07    1.07
 190884.181    60.876     0.00    1.10
 191262.216    61.681     2.13    2.38
 191640.190    63.578     5.02    3.69
 192018.103    65.852     6.02    4.07
 192395.956    67.059     3.19    3.66
 192773.748    67.017    -0.11    3.46
 193151.479    66.512    -1.34    3.27
 193529.150    66.247    -0.70    3.48
 193906.760    66.908     1.75    3.34
 194284.310    67.997     2.88    2.62
 194661.799    68.105     0.29    2.44
 195039.228    68.217     0.30    2.90
 195416.596    66.605    -4.27    5.05
 195793.904    63.146    -9.17    7.28
 196171.151    58.181   -13.16    8.88
 196548.338    53.470   -12.49    7.99
 196925.465    49.029   -11.77    5.46
 197302.531    46.373    -7.04    3.58
 197679.537    45.550    -2.18    3.75
 198056.483    45.366    -0.49    4.36
 198433.369    44.404    -2.55    4.80
 198810.194    44.512     0.29    4.88
 199186.959    43.065    -3.84    4.28
 199563.664    42.525    -1.43    3.60
 199940.309    42.105    -1.11    2.95
 200316.894    42.024    -0.22    2.29
 200693.419    41.950    -0.20    1.47
 201069.884    42.389     1.17    1.04
 201446.289    42.817     1.14    0.98
 201822.634    43.251     1.15    0.87
 202198.919    43.720     1.25    0.91
 202575.144    43.950     0.61    0.89
 202951.309    44.184     0.62    1.03
 203327.414    44.284     0.27    1.14
 203703.460    44.730     1.19    1.58
 204079.445    46.200     3.91    2.65
 204455.371    47.803     4.26    2.97
 204831.237    49.114     3.49    2.78
 205207.044    51.032     5.10    2.42
 205582.791    52.470     3.83    3.57
 205958.478    54.700     5.93    4.81
 206334.106    57.038     6.22    6.24
 206709.674    58.697     4.42    6.79
 207085.182    59.717     2.71    7.12
 207460.631    59.339    -1.01    7.19
 207836.021    59.484     0.39    6.83
 208211.351    59.102    -1.02    6.54
 208586.621    59.442     0.90    6.18
 208961.832    58.835    -1.62    5.70
 209336.984    59.234     1.06    5.65
 209712.076    59.155    -0.21    5.06
 210087.109    59.335     0.48    5.05
 210462.083    60.668     3.55    5.18
 210836.998    62.595     5.14    4.87
 211211.853    62.937     0.91    3.88
 211586.649    63.443     1.35    3.56
 211961.386    64.011     1.51    3.52
 212336.064    64.662     1.74    4.04
 212710.682    65.950     3.44    4.58
 213085.242    66.857     2.42    4.05
 213459.742    66.703    -0.41    3.79
 213834.184    66.004    -1.87    3.51
 214208.566    64.196    -4.83    3.32
 214582.890    63.590    -1.62    3.06
 214957.154    64.695     2.95    3.69
 215331.360    66.065     3.66    3.92
 215705.506    67.366     3.48    3.29
 216079.594    67.244    -0.33    3.84
 216453.623    66.072    -3.13    3.93
 216827.593    64.964    -2.96    3.19
 217201.505    64.727    -0.63    2.49
 217575.357    64.754     0.07    1.58
 217949.151    65.498     1.99    1.16
 218322.886    66.265     2.05    1.02
 218696.563    66.734     1.26    0.95
 219070.181    67.210     1.27    0.98
 219443.740    67.578     0.99    0.95
 219817.241    67.697     0.32    0.89
 220190.683    67.630    -0.18    0.90
 220564.066    67.457    -0.46    0.85
 220937.392    67.347    -0.30    0.92
 221310.658    67.456     0.29    1.02
 221683.866    67.703     0.66    1.07
 222057.016    68.045     0.92    1.05
 222430.108    68.306     0.70    0.89
 222803.141    68.723     1.12    0.93
 223176.115    68.876     0.41    0.92
 223549.032    69.107     0.62    0.81
 223921.890    69.337     0.62    0.83
 224294.690    69.440     0.28    0.72
 224667.431    69.150    -0.78    1.07
 225040.115    68.719    -1.16    1.19
 225412.740    67.970    -2.01    1.17
 225785.307    67.160    -2.17    1.14
 226157.816    66.524    -1.71    1.21
 226530.267    65.850    -1.81    1.10
 226902.660    65.537    -0.84    1.03
 227274.995    65.210    -0.88    1.02
 227647.272    64.924    -0.77    1.19
 228019.491    64.262    -1.78    1.54
 228391.652    63.844    -1.12    1.96
 228763.755    63.703    -0.38    2.62
 229135.800    64.673     2.61    3.56
 229507.788    65.950     3.43    3.97
 229879.717    67.128     3.17    3.87
 230251.589    67.908     2.10    3.33
 230623.403    68.278     0.99    2.95
 230995.159    67.997    -0.76    2.96
 231366.857    67.524    -1.27    2.92
 231738.498    65.804    -4.63    3.70
 232110.081    64.551    -3.37    4.57
 232481.607    63.804    -2.01    5.25
 232853.074    62.388    -3.81    6.35
 233224.485    60.313    -5.59    8.56
 233595.837    59.150    -3.13    9.64
 233967.133    59.924     2.08    8.73
 234338.370    60.428     1.36    8.81
 234709.550    57.097    -8.97   11.46
 235080.673    54.160    -7.91   12.73
 235451.739    54.210     0.13   12.86
 235822.747    52.920    -3.47   14.15
 236193.697    54.456     4.14   14.24
 236564.590    57.387     7.90   14.19
 236935.426    58.119     1.97   11.99
 237306.205    59.220     2.97   10.16
 237676.926    54.038   -13.98   11.89
 238047.590    46.963   -19.08   11.90
 238418.197    39.617   -19.82    9.47
 238788.747    35.540   -11.00    4.53
 239159.240    33.817    -4.65    4.69
 239529.675    32.653    -3.14    5.03
 239900.054    32.564    -0.24    5.14
 240270.375    33.470     2.45    5.83
 240640.640    33.644     0.47    5.98
 241010.847    34.258     1.66    5.69
 241380.997    34.124    -0.36    5.83
 241751.091    34.202     0.21    5.78
 242121.127    34.322     0.32    5.50
 242491.107    36.428     5.69    3.47
 242861.029    35.137    -3.49    5.81
 243230.895    35.067    -0.19    5.95
 243600.704    33.059    -5.43    7.18
 243970.456    32.150    -2.46    7.02
 244340.152    32.771     1.68    6.51
 244709.790    31.794    -2.64    6.75
 245079.372    33.991     5.94    6.30
 245448.897    35.234     3.36    6.94
 245818.366    35.963     1.97    6.75
 246187.778    36.192     0.62    6.67
 246557.133    36.415     0.60    5.60
 246926.432    37.109     1.88    6.79
 247295.674    38.497     3.76    7.97
 247664.860    40.456     5.30    7.71
 248033.989    41.566     3.01    7.37
 248403.062    42.100     1.45    6.68
 248772.078    40.566    -4.16    6.12
 249141.038    39.717    -2.30    5.89
 249509.941    38.251    -3.97    5.76
 249878.789    37.141    -3.01    3.89
 250247.579    36.429    -1.93    3.74
 250616.314    35.762    -1.81    4.01
 250984.992    35.922     0.44    4.63
 251353.614    36.387     1.26    5.15
 251722.179    37.511     3.05    5.07
 252090.689    38.095     1.58    4.93
 252459.142    37.799    -0.80    5.10
 252827.539    38.775     2.65    4.85
 253195.880    38.278    -1.35    4.26
 253564.165    37.137    -3.10    4.10
 253932.393    36.689    -1.21    4.08
 254300.566    35.456    -3.35    4.03
 254668.683    35.908     1.23    5.20
 255036.743    38.317     6.54    7.06
 255404.748    41.936     9.83    8.09
 255772.697    45.498     9.68    6.87
 256140.590    47.415     5.21    4.87
 256508.427    48.025     1.66    4.54
 256885.592    46.137    -5.01    4.69
 257264.902    44.335    -4.75    4.45
 257644.153    43.637    -1.84    4.01
 258023.343    42.754    -2.33    2.76
 258402.475    42.704    -0.13    2.00
 258781.546    43.684     2.58    2.75
 259160.557    45.006     3.49    3.17
 259539.509    46.173     3.08    2.96
 259918.402    47.785     4.25    2.89
 260297.234    49.182     3.69    3.12
 260676.007    49.539     0.94    2.76
 261054.721    49.484    -0.14    2.37
 261433.375    49.634     0.40    2.02
 261811.969    48.798    -2.21    1.83
 262190.504    48.659    -0.37    1.65
