# NaN NaN NaN ;Mean Elev.(m), Avg Gradient(m/km), RMS Gradient(m/km) - SRTM1     
#  -21.211  -0.578   8.373 ;Mean Elev.(m), Avg Gradient(m/km), RMS Gradient(m/km) - ASTER GDEM
#    2.000   0.136   8.028 ;Mean Elev.(m), Avg Gradient(m/km), RMS Gradient(m/km) - GMTED2010 
  8  65.647167  65.515128     8.366     8.361 10 52478.28761247 28.060
  9  65.647753  65.512294     8.031     8.066 10 52513.28755600 29.317
 10  65.644734  65.497020    14.649    14.993 10 52548.28760128 22.830
 11  65.649047  65.507134     4.866     4.847 11 52583.28759863 43.559
 14  65.647351  65.520218     5.006     5.069 11 52688.28754630 14.515
 15  65.648372  65.509076     3.289     3.274 10 52723.28759437 13.684
 16  65.662567  65.546658     2.844     2.644 23 52758.28760834  9.332
 17  65.644809  65.490636     8.671     8.625 15 52793.28757166 28.123
 18  65.644436  65.489990     7.981     8.291 16 52828.28763955 28.400
 19  65.645838  65.493611     7.465     7.462 15 52863.28768384 27.303
 20  65.648418  65.517645     5.031     4.457 10 52898.28770896 21.553
 21  65.647994  65.527455     6.503     6.583 12 52933.28765260 18.631
 22  65.647873  65.499878     2.675     2.070 12 52968.28766639 34.975
 23  65.649941  65.521024     4.128     4.158 11 53003.28768517 15.704
 24  65.649274  65.528959     6.008     6.130 12 53038.28763282  9.961
 25  65.648477  65.515203     6.130     6.060 10 53073.28766288 11.939
 26  65.652404  65.535372     5.006     6.050 16 53108.28763198  9.675
 27  65.652003  65.509146    34.140    34.296  8 53143.28767333  4.842
 28  65.648754  65.508566     8.123     8.141 10 53178.28769385 19.809
 29  65.648267  65.513595     9.422     7.368 11 53213.28771380 26.029
 30  65.646352  65.517729     4.447     3.669 10 53248.28768229 24.192
 31  65.649209  65.503331    17.123    16.748 10 53283.28767655 22.813
 32  65.650164  65.504406     3.329     3.317 11 53318.28767402 32.288
 33  65.648105  65.514439     3.829     3.499 10 53353.28763855 20.841
 34  65.647148  65.497383     5.080     5.113 13 53388.28763856 17.269
 35  65.649296  65.507406     3.009     2.666 11 53423.28763690 16.468
 36  65.644589  65.488893     3.953     4.147 16 53458.28764553 13.878
 37  65.648447  65.514835     3.692     3.662 10 53493.28772595 12.621
 38  65.647674  65.505666    14.412    14.622 10 53528.28770556 22.109
 39  65.649261  65.523880     7.439     7.506 11 53563.28773215 15.062
 40  65.649444  65.517074     4.412     4.427 10 53598.28767391 41.632
 41  65.648232  65.501065    17.019    17.538 11 53633.28767252 24.536
 42  65.647658  65.513363     6.504     6.475 10 53668.28769244 24.031
 43  65.647727  65.510977     2.675     2.660 10 53703.28763576 23.824
 44  65.648306  65.525970     3.939     3.906 12 53738.28754249 16.965
 45  65.648322  65.499844     4.797     4.728 12 53773.28756122 14.810
 46  65.649570  65.521466     4.460     4.380 11 53808.28754387 11.527
 48  65.640058  65.493339     7.600     7.599  6 53878.28761868 38.369
 49  65.648229  65.514872     8.101     8.142 11 53913.28766777 27.183
 51  65.653788  65.526807    28.523    32.725  8 53983.28762001 17.056
 52  65.646287  65.495438     7.453     7.708 13 54018.28765588 22.194
 53  65.648699  65.499762     5.180     5.034 13 54053.28764836 20.722
 54  65.648663  65.516170     4.159     4.092 10 54088.28763713 16.583
 56  65.648632  65.511445    20.164    21.463 11 54158.28760136 10.972
 57  65.641735  65.489891    11.380     6.439 12 54193.28756516 10.512
 58  65.649468  65.509576     7.191     7.166 11 54228.28761355 25.121
 59  65.649180  65.508372    14.145    16.859 11 54263.28763240 21.869
 60  65.649273  65.509167     8.657     8.663 11 54298.28763731 25.581
 61  65.648559  65.515817     7.692     7.654 10 54333.28762582 24.426
 63  65.648695  65.513279     6.043     6.394 10 54403.28756969 22.154
 65  65.650232  65.504853     4.263     4.310 11 54473.28755692 21.980
 66  65.645503  65.493511     5.067     4.984 14 54508.28754108 15.507
 67  65.649599  65.511666     5.655     5.671 10 54543.28757017 13.237
 68  65.649965  65.507077     3.169     2.409 11 54578.28754065 12.827
 69  65.649758  65.511968     8.229     8.322 10 54613.28756053 24.023
 70  65.649735  65.508432     8.116     8.072 11 54648.28756825 23.619
 71  65.648481  65.516004    25.700    25.732  9 54683.28756705 22.040
 72  65.645947  65.493328     7.152     7.541 15 54718.28751822 28.092
 73  65.650065  65.508778     3.613     3.613 11 54753.28754130 49.843
 74  65.646362  65.495264     4.012     4.015 14 54788.28750911 37.404
 75  65.649959  65.505393     5.318     5.472 10 54823.28753660 15.409
 76  65.644927  65.490594     4.959     5.290 16 54858.28750536 13.620
 77  65.648722  65.516010     4.895     4.726 10 54893.28753722 12.861
 78  65.645100  65.496628    15.503    13.983 10 54928.28750230 13.644
 80  65.648822  65.514479     8.225     8.255 10 54998.28755753 25.587
 81  65.649277  65.507528     7.761     7.869 11 55033.28754795 25.201
 82  65.647042  65.516339     5.668     6.142 10 55068.28753453 24.974
 83  65.647061  65.498033     7.005     7.168 13 55103.28747637 25.453
 84  65.649096  65.509634     3.583     3.610 11 55138.28748287 51.328
 85  65.645743  65.493426     4.173     4.433 15 55173.28744643 20.728
 86  65.649489  65.507436     5.885     5.892 10 55208.28747770 14.669
 87  65.647793  65.498977     5.789     5.741 12 55243.28744997 13.722
 88  65.647404  65.514996     5.013     5.274 10 55278.28747025 12.359
 89  65.649593  65.507963     2.826     2.873 10 55313.28743391 25.164
 90  65.649018  65.514265     7.818     7.805 10 55348.28744073 44.668
 91  65.648855  65.501342     8.001     7.960 11 55383.28743359 23.500
 92  65.649827  65.507128     7.291     7.285 10 55418.28746087 25.384
 93  65.649650  65.520492     3.853     3.812 11 55453.28743879 29.625
 94  65.647970  65.526053     5.672     6.356 12 55488.28735911 21.406
