# NaN NaN NaN ;Mean Elev.(m), Avg Gradient(m/km), RMS Gradient(m/km) - SRTM1     
#   17.844  -0.476   3.039 ;Mean Elev.(m), Avg Gradient(m/km), RMS Gradient(m/km) - ASTER GDEM
#   23.183  -0.587   3.937 ;Mean Elev.(m), Avg Gradient(m/km), RMS Gradient(m/km) - GMTED2010 
  6  71.322984  61.258155    30.065    30.065  2 52441.26254456 40.181
  7  71.324774  61.253975    30.244    30.244  2 52476.26254194 28.311
  8  71.327669  61.252460    28.555    28.555  2 52511.26249361 30.891
  9  71.336119  61.248025    28.923    29.356  3 52546.26251665 33.808
 10  71.330954  61.252449    25.337    25.300  3 52581.26253680 50.915
 11  71.319381  61.257673    28.872    28.872  2 52616.26250633 13.583
 12  71.336437  61.248425    27.335    27.335  2 52651.26248424 12.415
 13  71.325611  61.253424    28.098    28.098  2 52686.26247454 11.211
 14  71.329435  61.253083    28.128    28.128  2 52721.26252400 11.116
 15  71.316561  61.262400    25.594    23.915  3 52756.26254596 22.036
 16  71.337440  61.246291    29.320    29.320  2 52791.26249793 32.082
 17  71.336576  61.246992    29.395    29.395  2 52826.26256694 37.121
 18  71.337549  61.247633    28.831    29.121  3 52861.26261239 35.272
 19  71.326668  61.256705    23.246    23.246  2 52896.26264130 30.525
 20  71.319435  61.260494    22.659    22.664  3 52931.26258870 41.203
 21  71.337673  61.247847    23.082    23.082  2 52966.26258795 22.005
 22  71.322279  61.255351    27.652    27.652  2 53001.26261708 12.068
 23  71.320749  61.259839    28.131    28.131  2 53036.26256536 10.793
 24  71.328127  61.251880    28.259    28.259  2 53071.26258860 10.637
 25  71.318639  61.262293    29.456    29.475  3 53106.26256614  6.858
 26  71.334686  61.251821    28.140    28.140  2 53141.26259565 32.167
 27  71.330717  61.252579    29.082    29.082  2 53176.26262499 27.366
 28  71.325721  61.253402    28.105    28.105  2 53211.26264410 29.552
 29  71.325752  61.254852    25.642    25.642  2 53246.26261206 28.007
 30  71.334711  61.249720    23.943    23.943  2 53281.26259830 32.175
 31  71.332544  61.252054    25.175    25.175  2 53316.26260905 26.228
 32  71.328521  61.253628    26.977    26.937  3 53351.26257455 21.384
 33  71.335923  61.248943    25.737    25.737  2 53386.26256056 20.176
 34  71.333896  61.250336    26.431    26.526  3 53421.26256368 17.654
 35  71.339295  61.245027    28.350    28.350  2 53456.26256997 11.962
 36  71.325841  61.255745    27.869    27.869  2 53491.26265353 28.267
 37  71.332418  61.251568    28.808    28.797  3 53526.26263643 33.106
 38  71.322396  61.258395    27.593    27.593  2 53561.26266396 24.741
 39  71.327148  61.254278    24.409    24.409  2 53596.26260344 40.972
 40  71.335115  61.249718    25.346    25.346  2 53631.26259830 28.577
 41  71.327011  61.254238    23.890    23.890  2 53666.26262073 51.984
 42  71.327379  61.252520    23.054    23.054  2 53701.26257162 40.558
 43  71.322340  61.256993    27.066    27.066  2 53736.26248116 13.347
 44  71.335381  61.248330    26.329    26.427  3 53771.26248686  9.876
 45  71.324706  61.254126    29.116    29.116  2 53806.26247732  9.485
 47  71.332994  61.249884    28.702    28.702  2 53876.26254546 28.160
 48  71.326835  61.253636    28.711    28.711  2 53911.26259381 26.998
 49  71.320533  61.256857    27.182    27.182  2 53946.26261145 32.190
 50  71.322064  61.256623    27.674    27.674  2 53981.26255664 25.793
 51  71.338056  61.246988    26.134    26.134  2 54016.26258002 23.527
 52  71.335026  61.248487    23.911    23.911  2 54051.26257932 33.447
 54  71.317879  61.261314    28.876    28.906  3 54121.26249499 11.484
 55  71.328453  61.252748    28.401    28.399  3 54156.26253019  9.067
 56  71.321456  61.259206    29.204    29.204  2 54191.26249331  6.911
 57  71.329804  61.251305    28.754    28.693  3 54226.26254160 39.925
 58  71.330301  61.252146    29.895    29.881  3 54261.26256119 25.702
 59  71.329077  61.252805    30.409    30.335  3 54296.26256561 28.921
 60  71.326544  61.253912    28.791    28.791  2 54331.26255704 22.940
 61  71.320582  61.257078    25.355    25.355  2 54366.26249969 36.277
 62  71.328794  61.251637    24.437    24.437  2 54401.26249962 44.294
 63  71.323384  61.256718    26.379    26.379  2 54436.26245615 27.503
 64  71.335275  61.249870    26.908    27.360  3 54471.26248410 18.378
 65  71.323144  61.257587    27.967    27.967  2 54506.26246873 14.795
 66  71.329819  61.252463    28.214    28.214  2 54541.26249855 13.154
 67  71.322347  61.257696    23.492    23.492  2 54576.26247015 30.925
 68  71.328582  61.252251    28.793    28.793  2 54611.26249015 29.731
 69  71.328620  61.253575    29.308    29.308  2 54646.26249737 29.543
 70  71.327715  61.254893    27.022    27.022  2 54681.26249809 25.467
 71  71.322733  61.258483    23.829    23.829  2 54716.26244694 26.631
 72  71.331695  61.251394    28.702    28.702  2 54751.26247012 24.046
 73  71.325467  61.257394    23.276    23.276  2 54786.26243677 30.419
 74  71.333797  61.251725    27.006    27.006  2 54821.26246343 13.340
 75  71.324685  61.254234    28.011    28.011  2 54856.26243347  9.241
 76  71.326047  61.253751    27.967    27.967  2 54891.26246705  8.036
 77  71.319361  61.258461    24.844    24.844  2 54926.26243140 27.937
 78  71.330793  61.252406    28.738    28.738  2 54961.26246535 52.107
 79  71.326659  61.254240    28.631    28.631  2 54996.26248665 25.573
 80  71.328385  61.254923    27.811    27.811  2 55031.26247619 26.019
 81  71.325991  61.254065    26.198    26.198  2 55066.26246604 27.085
 82  71.319645  61.260367    25.438    24.061  3 55101.26240664 32.776
 83  71.331081  61.251512    23.672    23.672  2 55136.26241237 29.019
 84  71.323353  61.255991    24.460    24.460  2 55171.26237419 28.485
 85  71.331695  61.251168    26.808    26.808  2 55206.26240592 12.243
 86  71.322318  61.258660    28.069    28.069  2 55241.26237952 11.205
 87  71.325255  61.253231    27.722    27.722  2 55276.26239969 10.051
 88  71.322182  61.256548    23.392    23.392  2 55311.26236409 35.084
 89  71.328582  61.253223    28.637    28.638  3 55346.26236887 30.694
 90  71.325189  61.254457    29.202    29.202  2 55381.26236123 30.018
 91  71.332758  61.250661    28.672    28.672  2 55416.26238851 26.336
 92  71.326086  61.256587    28.480    28.480  2 55451.26237163 21.370
 93  71.320596  61.258648    26.352    26.352  2 55486.26229528 28.582
