# NaN NaN NaN ;Mean Elev.(m), Avg Gradient(m/km), RMS Gradient(m/km) - SRTM1     
#   43.469  -2.105   4.478 ;Mean Elev.(m), Avg Gradient(m/km), RMS Gradient(m/km) - ASTER GDEM
#   47.282  -1.686   3.706 ;Mean Elev.(m), Avg Gradient(m/km), RMS Gradient(m/km) - GMTED2010 
  8  81.591078  58.758930    52.628    52.628  2 52496.65047652 23.841
  9  81.569586  58.757984    54.949    54.949  2 52531.65046323 18.330
 10  81.583619  58.758884    52.501    52.358  3 52566.65048509 23.200
 11  81.584190  58.758871    51.570    51.570  2 52601.65049538 30.293
 12  81.574136  58.757746    51.805    51.805  2 52636.65046080 16.916
 13  81.584915  58.758640    52.376    52.376  2 52671.65046538 14.500
 14  81.579238  58.758649    52.341    52.341  2 52706.65046443 13.294
 15  81.583927  58.758403    54.669    54.646  3 52741.65049666  8.888
 16  81.598819  58.758735    55.364    55.360  3 52776.65043951 48.252
 17  81.572682  58.757333    53.753    53.754  3 52811.65051783 39.078
 20  81.593033  58.758750    48.817    48.879  3 52916.65056646 39.134
 21  81.578009  58.757748    50.886    50.886  2 52951.65052758 48.558
 22  81.589770  58.758455    51.199    51.199  2 52986.65054470 14.815
 23  81.592984  58.758365    52.529    52.364  3 53021.65053395 11.790
 24  81.585647  58.758267    53.036    52.911  3 53056.65052449 11.064
 25  81.584713  58.758300    54.925    54.925  2 53091.65056228 10.717
 26  81.580448  58.757623    54.027    54.027  2 53126.65053306 29.966
 27  81.577532  58.757065    55.588    55.588  2 53161.65059582 32.467
 28  81.585473  58.758582    52.390    52.390  2 53196.65059435 52.343
 29  81.593171  58.758444    52.371    52.342  3 53231.65057545 20.515
 30  81.595744  58.758398    50.015    49.394  3 53266.65054482 42.816
 31  81.569358  58.757468    51.621    51.556  3 53301.65059736 26.561
 32  81.586159  58.757646    50.911    50.918  3 53336.65056728 31.608
 33  81.597243  58.759214    50.177    50.186  3 53371.65050358 23.339
 34  81.581717  58.758155    49.650    49.650  2 53406.65054016 23.053
 35  81.595106  58.758536    51.426    51.476  3 53441.65052580 12.813
 36  81.574269  58.758201    50.263    50.241  3 53476.65059497 26.621
 37  81.582806  58.758574    54.582    54.582  2 53511.65060816 31.118
 38  81.582372  58.758853    52.662    52.662  2 53546.65062546 30.782
 39  81.589042  58.757645    50.969    50.850  3 53581.65059680 28.346
 40  81.591514  58.759158    49.723    49.688  3 53616.65055229 39.874
 41  81.581060  58.757761    49.964    49.964  2 53651.65056785 40.549
 42  81.581124  58.758124    49.567    49.567  2 53686.65057313 47.881
 43  81.597002  58.758971    50.810    50.810  2 53721.65049858 24.201
 44  81.583546  58.758889    51.102    51.102  2 53756.65042946 16.971
 45  81.591490  58.757853    51.341    51.425  3 53791.65045505 12.948
 46  81.578390  58.757466    54.903    54.903  2 53826.65041806  6.980
 47  81.576618  58.757406    53.738    53.738  2 53861.65050725 33.231
 48  81.582248  58.758201    55.621    55.621  2 53896.65052788 50.615
 49  81.575917  58.757394    52.246    52.246  2 53931.65057805 27.717
 50  81.581764  58.758733    50.278    50.278  2 53966.65055353 52.131
 51  81.574213  58.756993    49.941    49.941  2 54001.65051599 51.662
 52  81.583078  58.758943    51.725    51.725  2 54036.65055573 22.653
 53  81.586664  58.758702    50.862    50.862  2 54071.65054979 40.574
 54  81.595073  58.758789    50.409    50.442  3 54106.65050076 19.907
 55  81.579186  58.757850    51.310    51.310  2 54141.65048382 14.643
 56  81.589891  58.758975    50.826    50.826  2 54176.65048247 13.683
 57  81.578716  58.758620    53.375    53.354  3 54211.65049095 36.177
 58  81.581774  58.758925    56.295    56.295  2 54246.65052066 33.012
 60  81.588528  58.758244    51.553    51.245  3 54316.65052885 34.193
 61  81.592217  58.758128    50.911    50.236  3 54351.65049558 37.892
 62  81.583160  58.758307    49.301    49.301  2 54386.65046824 35.078
 63  81.589893  58.758022    49.122    49.118  3 54421.65044525 39.963
 64  81.576681  58.758239    51.785    51.785  2 54456.65044150 17.996
 65  81.590352  58.757525    52.300    52.335  3 54491.65044698 14.199
 66  81.582656  58.757854    55.585    55.585  2 54526.65045401  6.770
 67  81.591294  58.757835    50.457    50.567  3 54561.65045541 15.975
 69  81.583330  58.758103    53.469    53.469  2 54631.65046349 25.972
 70  81.583113  58.758207    52.240    52.240  2 54666.65046956 28.093
 71  81.593636  58.758290    49.524    49.525  3 54701.65043725 46.645
 72  81.578249  58.757531    50.283    50.283  2 54736.65042969 33.817
 73  81.589222  58.758664    51.107    51.107  2 54771.65041790 26.969
 74  81.576685  58.758021    51.362    51.387  3 54806.65042343 38.359
 75  81.586318  58.758689    51.525    51.525  2 54841.65041427 19.465
 76  81.581264  58.757337    51.869    51.869  2 54876.65042467 14.202
 77  81.590403  58.758675    51.186    51.186  2 54911.65041911 14.441
 78  81.578981  58.757621    55.363    55.363  2 54946.65041767 38.134
 79  81.583238  58.758502    54.882    54.882  2 54981.65044362 30.025
 80  81.585126  58.757798    54.072    54.072  2 55016.65044375 30.299
 81  81.587404  58.757424    52.885    52.689  3 55051.65043860 20.597
 82  81.593231  58.758375    50.846    50.823  3 55086.65040307 50.398
 83  81.581181  58.757562    52.091    52.091  2 55121.65037300 16.593
 84  81.587973  58.758746    52.533    52.533  2 55156.65036338 36.858
 85  81.576908  58.758217    51.776    51.855  3 55191.65036292 16.157
 86  81.588083  58.758689    51.882    51.882  2 55226.65036414 11.891
 87  81.584787  58.757401    52.091    52.091  2 55261.65035799 10.950
 88  81.592172  58.757595    54.785    54.808  3 55296.65034888  7.677
 89  81.583554  58.758528    55.423    55.423  2 55331.65033869 33.751
 90  81.588318  58.758803    56.397    56.397  2 55366.65033118 44.569
 91  81.579039  58.757302    54.000    54.000  2 55401.65034475 29.859
 92  81.589414  58.757729    51.850    52.094  3 55436.65034847 29.481
 93  81.595201  58.758338    50.338    49.642  3 55471.65029927 36.855
