-153431.818     7.151     0.00    3.00
-153065.816     6.886    -0.72    2.93
-152699.887     6.737    -0.41    3.29
-152334.032     6.600    -0.37    3.74
-151968.250     6.064    -1.47    3.70
-151602.541     5.080    -2.69    2.81
-151224.572     4.351    -1.93    1.90
-150843.614     4.056    -0.78    1.76
-150462.736     5.763     4.48    3.37
-150081.938     8.253     6.54    5.21
-149701.222    12.870    12.13    6.40
-149320.585    17.901    13.22    5.77
-148940.029    21.609     9.74    4.98
-148559.553    24.303     7.08    2.57
-148179.158    25.564     3.31    1.95
-147798.843    26.471     2.39    2.37
-147418.608    26.882     1.08    3.08
-147038.453    26.302    -1.52    4.22
-146658.378    25.892    -1.08    4.30
-146278.383    26.535     1.69    4.08
-145898.468    28.774     5.89    4.01
-145518.633    30.965     5.77    2.91
-145138.877    31.609     1.69    2.64
-144759.202    31.837     0.60    3.14
-144379.606    31.576    -0.69    3.72
-144000.091    30.102    -3.88    4.71
-143620.654    28.266    -4.84    5.45
-143241.298    26.180    -5.50    5.47
-142862.021    25.574    -1.60    4.63
-142482.823    25.522    -0.14    4.60
-142103.705    25.742     0.58    4.68
-141724.666    25.844     0.27    4.42
-141345.707    24.793    -2.77    4.09
-140966.827    23.656    -3.00    4.61
-140588.026    22.728    -2.45    5.08
-140209.305    21.022    -4.51    5.39
-139830.663    20.359    -1.75    5.83
-139452.099    20.637     0.74    5.86
-139073.615    22.076     3.80    4.09
-138695.210    22.578     1.33    2.53
-138316.884    21.516    -2.81    2.93
-137938.637    20.360    -3.06    3.27
-137560.469    19.319    -2.75    4.18
-137182.379    16.818    -6.62    5.69
-136804.368    13.688    -8.28    7.06
-136426.436     9.091   -12.17    6.74
-136048.583     7.828    -3.34    6.12
-135670.808     8.114     0.76    6.64
-135293.112     8.419     0.81    6.67
-134915.495     8.659     0.63    6.42
-134537.956     8.032    -1.66    6.57
-134160.495     7.852    -0.48    7.08
-133783.113     7.839    -0.04    7.27
-133405.809     5.614    -5.90    6.26
-133028.583     4.344    -3.37    5.16
-132651.436     3.614    -1.94    4.70
-132274.367     4.398     2.08    6.09
-131897.376     4.727     0.87    6.18
-131520.463     4.598    -0.34    5.30
-131143.628     5.080     1.28    6.12
-130766.871     6.978     5.04    7.78
-130390.193    10.557     9.50    9.11
-130013.592    12.645     5.55    8.41
-129637.069    12.261    -1.02    7.64
-129260.623    10.702    -4.14    7.67
-128884.256    10.461    -0.64    8.13
-128507.966    12.011     4.12    8.51
-128131.754    13.742     4.60    7.63
-127755.619    13.217    -1.39    6.76
-127379.563    12.189    -2.74    5.42
-127003.583    10.359    -4.87    4.13
-126627.681     9.055    -3.47    2.78
-126251.857     8.761    -0.78    2.23
-125876.110     7.374    -3.69    3.74
-125500.440     4.978    -6.38    4.30
-125124.848     2.233    -7.31    3.43
-124749.333     0.598    -4.36    1.54
-124373.895     0.202    -1.05    0.53
-123998.534     1.685     3.95    3.88
-123623.250     5.000     8.83    6.83
-123248.043     8.913    10.43    7.54
-122872.914    14.330    14.44    6.65
-122497.861    17.978     9.73    5.48
-122122.885    19.299     3.52    4.84
-121747.986    18.882    -1.11    6.12
-121373.164    18.046    -2.23    7.41
-120998.419    19.409     3.64    8.12
-120623.751    21.563     5.75    8.26
-120249.159    22.968     3.75    7.09
-119874.643    24.705     4.64    4.06
-119500.205    24.301    -1.08    3.06
-119125.843    24.115    -0.50    2.53
-118751.557    25.183     2.85    2.71
-118377.348    26.919     4.64    3.80
-118003.215    29.054     5.71    3.90
-117629.159    30.455     3.75    3.44
-117255.179    29.826    -1.68    4.79
-116881.275    27.292    -6.78    5.09
-116507.447    23.957    -8.92    4.63
-116133.696    22.367    -4.25    4.20
-115760.021    21.913    -1.21    4.36
-115386.422    21.685    -0.61    4.30
-115012.898    21.696     0.03    3.88
-114639.451    21.367    -0.88    3.35
-114266.080    19.685    -4.50    3.32
-113892.785    17.311    -6.36    4.66
-113519.565    15.495    -4.87    6.11
-113146.422    12.848    -7.09    7.80
-112773.354     8.352   -12.05    8.06
-112400.362     6.250    -5.64    6.22
-112027.445     4.656    -4.27    3.09
-111654.604     4.857     0.54    3.05
-111281.839     5.278     1.13    3.33
-110909.149     4.264    -2.72    3.62
-110536.535     3.456    -2.17    3.77
-110163.996     2.140    -3.53    3.12
-109791.533     0.932    -3.24    1.53
-109419.145     0.598    -0.90    0.95
-109046.832     0.407    -0.51    0.74
-108674.594     1.130     1.94    1.86
-108302.432     2.814     4.52    3.48
-107930.345     6.478     9.85    5.71
-107558.333    12.379    15.86    8.11
-107186.396    16.750    11.75    7.52
-106814.534    19.822     8.26    5.32
-106442.747    22.250     6.53    4.11
-106071.035    22.925     1.82    4.47
-105699.398    24.411     4.00    4.41
-105327.836    25.667     3.38    3.81
-104956.348    25.422    -0.66    3.56
-104584.936    24.761    -1.78    4.33
-104213.598    21.663    -8.34    6.19
-103842.335    18.968    -7.26    6.47
-103471.146    15.500    -9.34    5.60
-103100.032    13.319    -5.88    4.36
-102728.993    11.761    -4.20    2.39
-102358.028    10.413    -3.63    3.20
-101987.137     9.259    -3.11    4.32
-101616.321     8.380    -2.37    4.84
-101245.579     9.849     3.96    7.40
-100874.912    14.413    12.31    9.85
-100504.319    20.341    16.00    9.94
-100133.800    25.326    13.45    8.41
 -99763.355    29.056    10.07    5.48
 -99392.985    31.424     6.39    3.75
 -99022.688    32.044     1.68    3.11
 -98652.466    31.879    -0.45    2.61
 -98282.317    29.835    -5.52    3.72
 -97912.243    27.101    -7.39    4.16
 -97542.243    25.022    -5.62    3.89
 -97172.316    23.614    -3.81    3.07
 -96802.463    23.725     0.30    3.38
 -96432.684    23.759     0.09    3.53
 -96062.979    23.167    -1.60    3.53
 -95693.347    23.635     1.27    3.89
 -95323.789    24.056     1.14    4.51
 -94954.305    24.000    -0.15    4.95
 -94584.894    23.878    -0.33    4.55
 -94215.557    24.598     1.95    4.36
 -93846.294    25.835     3.35    3.82
 -93477.103    26.591     2.05    3.94
 -93107.987    27.200     1.65    3.44
 -92738.943    27.157    -0.12    2.75
 -92369.973    27.133    -0.06    2.27
 -92001.076    26.637    -1.34    2.22
 -91632.252    25.433    -3.26    4.15
 -91263.502    23.609    -4.95    5.17
 -90894.825    22.747    -2.34    5.76
 -90526.220    22.892     0.39    6.18
 -90157.689    24.341     3.93    6.24
 -89789.231    24.220    -0.33    6.42
 -89420.846    23.647    -1.55    6.93
 -89052.533    23.615    -0.09    6.65
 -88684.294    23.261    -0.96    6.83
 -88316.127    24.989     4.69    6.67
 -87948.034    25.591     1.64    5.71
 -87580.012    25.868     0.75    5.48
 -87212.064    26.111     0.66    5.94
 -86844.188    22.968    -8.55    6.91
 -86476.385    19.297    -9.98    7.49
 -86108.655    16.202    -8.42    5.27
 -85740.997    14.587    -4.39    5.78
 -85373.412    13.523    -2.89    5.80
 -85005.899    14.703     3.21    7.64
 -84638.458    18.138     9.35    9.99
 -84271.090    24.663    17.76    9.90
 -83903.794    30.839    16.82    6.01
 -83536.570    34.242     9.27    2.57
 -83169.419    34.389     0.40    2.43
 -82802.340    32.902    -4.05    3.26
 -82435.333    30.725    -5.93    3.73
 -82068.398    28.378    -6.40    3.00
 -81701.535    27.098    -3.49    2.20
 -81334.744    26.686    -1.12    2.47
 -80968.026    27.000     0.86    3.01
 -80601.379    27.690     1.88    2.53
 -80234.804    27.747     0.16    2.36
 -79868.301    27.222    -1.43    2.37
 -79501.870    26.571    -1.78    1.69
 -79135.510    26.333    -0.65    1.58
 -78769.222    26.787     1.24    1.52
 -78403.006    27.422     1.74    1.59
 -78036.862    27.989     1.55    1.74
 -77670.789    28.022     0.09    1.63
 -77304.788    27.047    -2.67    2.27
 -76938.858    26.946    -0.28    2.44
 -76565.172    27.198     0.67    2.77
 -76184.371    27.902     1.85    2.70
 -75803.649    29.256     3.56    1.45
 -75423.006    28.859    -1.04    1.53
 -75042.441    28.686    -0.45    1.48
 -74661.954    30.022     3.51    2.57
 -74281.545    31.093     2.82    2.63
 -73901.214    31.130     0.10    2.42
 -73520.962    29.621    -3.97    3.18
 -73140.788    27.626    -5.25    3.12
 -72760.692    25.264    -6.21    2.98
 -72380.673    23.879    -3.65    2.63
 -72000.733    22.489    -3.66    2.77
 -71620.871    21.172    -3.47    3.35
 -71241.087    20.591    -1.53    4.03
 -70861.380    20.303    -0.76    4.19
 -70481.751    20.378     0.20    4.46
 -70102.200    21.000     1.64    4.57
 -69722.727    21.789     2.08    3.81
 -69343.331    22.193     1.07    3.82
 -68964.013    22.833     1.69    3.68
 -68584.772    23.483     1.71    2.71
 -68205.609    23.802     0.84    2.66
 -67826.523    23.239    -1.49    2.84
 -67447.515    23.079    -0.42    2.77
 -67068.584    23.523     1.17    3.07
 -66689.730    24.322     2.11    3.13
 -66310.954    25.186     2.28    2.54
 -65932.254    23.692    -3.94    3.28
 -65553.632    22.230    -3.86    3.30
 -65175.088    22.286     0.15    3.32
 -64796.620    23.306     2.70    3.13
 -64418.229    24.132     2.18    2.58
 -64039.915    24.616     1.28    1.89
 -63661.678    25.696     2.85    2.53
 -63283.518    27.744     5.42    3.41
 -62905.435    31.337     9.50    4.68
 -62527.428    34.128     7.38    3.79
 -62149.499    34.815     1.82    3.50
 -61771.646    33.738    -2.85    4.74
 -61393.869    29.678   -10.75    7.07
 -61016.170    25.035   -12.29    7.29
 -60638.547    21.231   -10.08    5.55
 -60261.000    17.917    -8.78    2.92
 -59883.530    17.303    -1.62    2.71
 -59506.136    18.345     2.76    3.53
 -59128.819    20.427     5.52    5.64
 -58751.578    24.202    10.01    6.24
 -58374.413    29.067    12.90    6.31
 -57997.324    32.678     9.58    6.27
 -57620.312    34.165     3.94    5.72
 -57243.376    34.724     1.48    5.27
 -56866.516    35.275     1.46    5.41
 -56489.732    35.716     1.17    6.38
 -56113.024    37.935     5.89    8.59
 -55736.392    40.933     7.96   10.80
 -55359.836    42.934     5.32   12.84
 -54983.355    43.602     1.77   12.61
 -54606.951    42.659    -2.51   11.14
 -54230.622    44.253     4.23   10.44
 -53854.369    47.099     7.56   10.21
 -53478.192    51.212    10.93   10.32
 -53102.091    55.955    12.61    9.44
 -52726.065    60.369    11.74    7.98
 -52350.114    61.090     1.92    6.67
 -51974.239    60.141    -2.52    6.83
 -51598.440    55.143   -13.30    8.83
 -51222.716    49.419   -15.24    9.93
 -50847.067    46.429    -7.96   10.84
 -50471.494    43.648    -7.40   12.24
 -50095.996    42.835    -2.16   13.07
 -49720.573    41.910    -2.46   12.93
 -49345.226    40.044    -4.97   11.36
 -48969.953    38.621    -3.79    9.54
 -48594.756    39.589     2.58    8.35
 -48219.634    42.034     6.52    7.65
 -47844.587    43.578     4.12    6.16
 -47469.615    42.553    -2.73    6.82
 -47094.717    37.292   -14.03   10.22
 -46719.895    31.867   -14.47   11.19
 -46345.147    26.663   -13.89   10.86
 -45970.474    24.202    -6.57   10.54
 -45595.876    21.167    -8.10   11.28
 -45221.353    14.917   -16.69   11.01
 -44846.904     9.844   -13.55    9.72
 -44472.530     4.964   -13.04    5.04
 -44098.231     3.815    -3.07    3.08
 -43724.006     3.849     0.09    2.99
 -43349.856     3.446    -1.08    3.05
 -42975.780     3.119    -0.87    3.09
 -42601.778     1.835    -3.43    2.51
 -42227.851     1.167    -1.79    2.19
 -41853.998     0.685    -1.29    1.70
 -41480.219     0.107    -1.55    0.62
 -41106.515     0.000    -0.29    0.00
 -40732.884     0.000     0.00    0.00
 -40359.328     0.000     0.00    0.00
 -39985.846     0.000     0.00    0.00
 -39612.438     0.000     0.00    0.00
 -39239.104     0.000     0.00    0.00
 -38865.844     0.000     0.00    0.00
 -38492.658     0.000     0.00    0.00
 -38119.546     0.000     0.00    0.00
 -37746.507     0.000     0.00    0.00
 -37373.543     0.000     0.00    0.00
 -37000.652     0.000     0.00    0.00
 -36627.835     0.000     0.00    0.00
 -36255.091     0.000     0.00    0.00
 -35882.421     0.000     0.00    0.00
 -35509.825     0.000     0.00    0.00
 -35137.302     0.000     0.00    0.00
 -34764.853     0.000     0.00    0.00
 -34392.477     0.000     0.00    0.00
 -34020.174     0.000     0.00    0.00
 -33647.945     0.000     0.00    0.00
 -33275.789     0.270     0.72    1.98
 -32903.707     0.442     0.46    2.81
 -32531.698     0.270    -0.46    2.08
 -32159.761     0.093    -0.47    0.63
 -31787.898     0.034    -0.16    0.32
 -31416.109     0.000    -0.09    0.00
 -31044.392     0.000     0.00    0.00
 -30672.748     0.000     0.00    0.00
 -30301.177     0.000     0.00    0.00
 -29929.679     0.000     0.00    0.00
 -29558.254     0.000     0.00    0.00
 -29186.902     0.000     0.00    0.00
 -28815.622     0.000     0.00    0.00
 -28444.415     0.000     0.00    0.00
 -28073.282     0.000     0.00    0.00
 -27702.220     0.000     0.00    0.00
 -27331.232     2.011     5.42    5.61
 -26960.315     5.356     9.02    8.13
 -26589.472    10.636    14.24    9.73
 -26218.701    14.750    11.10    8.91
 -25848.002    16.533     4.81    7.66
 -25477.376    13.057    -9.38    9.57
 -25106.822     7.511   -14.97    9.49
 -24736.341     3.449   -10.96    7.20
 -24365.932     0.989    -6.64    4.22
 -23995.595     3.101     5.70    7.71
 -23625.330     6.773     9.92   10.55
 -23255.137    11.278    12.17   12.33
 -22885.017    15.365    11.04   12.26
 -22514.969    17.000     4.42   11.81
 -22144.992    19.964     8.01    9.93
 -21775.088    19.205    -2.05    9.36
 -21405.256    17.964    -3.35    8.96
 -21035.495    15.831    -5.77    9.16
 -20665.807    13.512    -6.27    9.25
 -20296.190    17.438    10.62   12.47
 -19926.645    24.034    17.85   13.96
 -19557.172    31.557    20.36   11.97
 -19187.770    34.978     9.26    8.36
 -18818.440    34.522    -1.23    7.60
 -18449.182    32.102    -6.55    8.32
 -18079.995    31.614    -1.32    7.67
 -17710.880    32.489     2.37    7.01
 -17341.837    35.034     6.90    7.22
 -16972.865    38.148     8.44    5.59
 -16603.964    40.182     5.51    2.95
 -16235.135    40.176    -0.02    3.14
 -15866.376    38.190    -5.38    5.08
 -15497.690    34.102   -11.09    7.38
 -15129.074    30.711    -9.20    7.44
 -14760.530    28.101    -7.08    6.69
 -14392.057    26.964    -3.09    6.50
 -14023.655    30.193     8.76    6.83
 -13655.324    33.322     8.49    6.19
 -13287.064    35.146     4.95    5.71
 -12918.875    36.580     3.89    5.16
 -12550.757    38.967     6.48    4.57
 -12182.711    40.670     4.63    5.08
 -11814.734    43.701     8.24    3.50
 -11446.829    45.878     5.92    1.76
 -11078.995    46.839     2.61    1.78
 -10711.231    47.385     1.48    1.79
 -10343.538    47.560     0.48    1.88
  -9975.916    46.222    -3.64    3.15
  -9608.364    43.928    -6.24    3.48
  -9240.883    42.398    -4.16    2.83
  -8873.473    41.176    -3.32    2.38
  -8506.133    41.112    -0.17    2.32
  -8138.863    40.402    -1.93    3.52
  -7771.664    37.625    -7.56    5.48
  -7404.536    34.460    -8.62    5.62
  -7037.477    31.103    -9.14    5.19
  -6670.489    30.551    -1.51    5.93
  -6303.572    32.529     5.39    6.98
  -5936.724    34.852     6.33    6.97
  -5569.947    37.833     8.13    3.76
  -5203.240    37.967     0.36    3.39
  -4836.603    38.940     2.65    3.20
  -4470.036    39.539     1.64    2.84
  -4103.539    39.816     0.76    2.80
  -3737.112    39.910     0.26    2.89
  -3370.755    38.250    -4.53    3.78
  -3004.468    35.759    -6.80    4.58
  -2638.251    33.562    -6.00    9.04
  -2272.104    28.989   -12.49   13.71
  -1902.357    23.233   -15.57   17.38
  -1521.717    17.506   -15.05   18.47
  -1141.153    11.382   -16.09   15.97
   -760.665     6.299   -13.36   11.65
   -380.253     4.356    -5.11    8.70
      0.082     3.477    -2.31    6.56
    380.341     3.409    -0.18    5.87
    760.524     3.898     1.29    5.75
   1140.631     4.816     2.42    5.90
   1520.662     5.500     1.80    5.69
   1900.617     6.826     3.49    5.73
   2280.495     8.079     3.30    5.88
   2660.298     9.360     3.37    5.86
   3040.026    10.571     3.19    5.64
   3419.677    10.393    -0.47    5.81
   3799.252     7.739    -6.99    6.48
   4178.752     4.817    -7.70    6.41
   4558.176     2.080    -7.21    4.87
   4937.525     0.530    -4.08    2.30
   5316.797     2.724     5.78    4.90
   5695.995     3.464     1.95    5.21
   6075.117     4.989     4.02    5.32
   6454.163     6.709     4.54    5.54
   6833.134     7.371     1.75    5.60
   7212.029     9.453     5.50    4.28
   7590.850    10.545     2.88    2.34
   7969.594    10.256    -0.76    1.46
   8348.264    10.333     0.20    1.47
   8726.859    10.621     0.76    1.43
   9105.378    10.742     0.32    1.38
   9483.822    10.770     0.08    1.23
   9862.191    10.528    -0.64    1.20
  10240.486    10.465    -0.17    2.62
  10618.705     8.989    -3.90    4.66
  10996.849     7.398    -4.21    5.40
  11374.918     7.494     0.26    5.54
  11752.913     7.578     0.22    4.90
  12130.833     8.115     1.42    4.23
  12508.678     7.865    -0.66    3.47
  12886.448     5.759    -5.58    2.72
  13264.143     4.114    -4.36    0.69
  13641.764     4.094    -0.05    0.50
  14019.311     4.852     2.01    1.73
  14396.783     6.000     3.04    2.49
  14774.180     7.517     4.02    2.68
  15151.503     8.675     3.07    2.39
  15528.751     8.747     0.19    2.90
  15905.926     8.241    -1.34    3.40
  16283.026     7.989    -0.67    3.98
  16660.051     7.634    -0.94    4.38
  17037.002     8.149     1.37    4.57
  17413.880     9.707     4.13    4.32
  17790.683     9.568    -0.37    3.54
  18167.412     9.679     0.29    2.45
  18544.066     9.667    -0.03    1.07
  18920.647     9.298    -0.98    0.85
  19297.154     9.091    -0.55    0.89
  19673.587     8.915    -0.47    0.74
  20049.946     8.910    -0.01    0.90
  20426.231     8.976     0.17    0.92
  20802.443     9.253     0.74    1.07
  21178.581     9.310     0.15    1.06
  21554.645     9.311     0.00    1.10
  21930.635     9.179    -0.35    1.16
  22306.552     9.398     0.58    1.36
  22682.395     9.470     0.19    2.75
  23058.164     7.511    -5.21    4.96
  23433.860     6.417    -2.91    5.54
  23809.483     4.318    -5.59    5.07
  24185.032     3.682    -1.69    4.53
  24560.508     5.270     4.23    4.77
  24935.911     6.953     4.48    4.52
  25311.240     8.341     3.70    3.96
  25686.496     9.393     2.80    3.03
  26061.679    10.659     3.37    1.19
  26436.788     9.464    -3.19    2.79
  26811.825     7.807    -4.42    3.49
  27186.788     6.047    -4.69    3.28
  27561.679     4.943    -2.94    2.56
  27936.496     4.918    -0.07    2.97
  28311.241     5.500     1.55    3.56
  28685.912     6.906     3.75    3.82
  29060.511     8.307     3.74    3.53
  29435.037     9.976     4.46    2.50
  29809.490    11.341     3.64    1.23
  30183.871    11.765     1.13    1.08
  30558.179    11.739    -0.07    1.27
  30932.414    11.084    -1.75    1.87
  31306.576    10.420    -1.77    2.45
  31680.666     9.776    -1.72    2.86
  32054.684     9.898     0.32    2.74
  32428.629     9.452    -1.19    3.76
  32802.501     9.602     0.40    3.84
  33176.301     9.939     0.90    3.90
  33550.029     9.607    -0.89    3.52
  33923.684     9.085    -1.40    3.14
  34297.268     7.843    -3.33    4.10
  34670.779     6.427    -3.79    4.36
  35044.217     6.977     1.47    4.50
  35417.584     7.500     1.40    4.36
  35790.878    10.506     8.05    4.08
  36164.101    13.024     6.75    3.53
  36537.251    13.967     2.53    4.00
  36910.330    14.902     2.51    4.03
  37283.336    14.807    -0.26    3.45
  37656.271    15.110     0.81    1.83
  38029.134    15.345     0.63    0.86
  38401.925    15.317    -0.07    1.10
  38774.644    15.046    -0.73    1.19
  39147.291    14.369    -1.82    1.30
  39519.867    11.333    -8.15    5.08
  39892.371     8.386    -7.91    5.93
  40264.804     6.161    -5.97    5.68
  40637.165     4.345    -4.88    5.07
  41009.454     4.678     0.89    5.30
  41381.672     9.906    14.04    9.85
  41753.818    17.534    20.50   13.19
  42125.894    25.381    21.09   11.61
  42497.897    32.886    20.17    5.94
  42869.830    36.471     9.64    3.34
  43241.691    38.609     5.75    2.63
  43613.481    39.674     2.87    2.00
  43985.199    40.447     2.08    1.56
  44356.847    41.000     1.49    2.15
  44728.423    41.216     0.58    2.50
  45099.929    41.047    -0.45    2.57
  45471.363    39.977    -2.88    3.48
  45842.726    37.628    -6.33    4.86
  46214.019    33.598   -10.85    5.74
  46585.240    31.295    -6.20    5.22
  46956.391    30.129    -3.14    5.04
  47327.470    29.942    -0.51    5.77
  47698.479    31.198     3.38    6.67
  48069.417    32.724     4.11    6.91
  48440.285    32.583    -0.38    7.13
  48811.082    31.621    -2.60    7.32
  49181.808    29.892    -4.66    6.78
  49552.463    28.841    -2.83    6.19
  49923.048    28.866     0.07    6.46
  50293.563    28.580    -0.77    6.50
  50664.007    27.038    -4.16    6.37
  51034.380    26.897    -0.38    5.81
  51404.684    26.829    -0.18    6.10
  51774.917    28.885     5.55    6.41
  52145.079    31.083     5.94    6.49
  52515.171    33.483     6.48    5.92
  52885.193    34.376     2.42    5.86
  53255.145    34.943     1.53    5.57
  53625.027    34.756    -0.50    5.11
  53994.838    35.747     2.68    5.17
  54364.580    36.929     3.20    4.57
  54734.251    38.000     2.90    3.88
  55103.853    38.976     2.64    3.43
  55473.384    39.414     1.18    2.48
  55842.846    38.932    -1.30    2.14
  56212.238    38.929    -0.01    1.86
  56581.560    38.690    -0.65    2.06
  56950.812    38.482    -0.56    2.20
  57319.994    38.046    -1.18    2.48
  57689.107    37.305    -2.01    2.89
  58058.150    34.477    -7.66    4.21
  58427.123    32.598    -5.09    3.57
  58796.027    32.909     0.84    3.87
  59164.861    33.951     2.83    4.42
  59533.625    36.011     5.59    4.67
  59902.321    37.750     4.72    4.17
  60270.946    37.989     0.65    4.00
  60639.503    36.298    -4.59    4.44
  61007.989    33.364    -7.96    5.15
  61376.407    30.333    -8.22    5.25
  61744.755    26.988    -9.08    4.62
  62113.034    24.125    -7.77    4.52
  62481.244    20.976    -8.55    3.56
  62849.385    19.407    -4.26    3.52
  63217.457    17.360    -5.56    2.52
  63585.459    16.966    -1.07    2.23
  63953.392    18.494     4.15    4.58
  64321.257    22.895    11.96    7.33
  64689.052    27.598    12.78    7.78
  65056.779    32.886    14.38    7.56
  65424.436    36.634    10.19    5.20
  65792.025    37.966     3.62    3.54
  66159.545    38.643     1.84    2.97
  66526.996    37.977    -1.81    2.42
  66894.378    38.036     0.16    2.37
  67261.692    38.310     0.75    2.41
  67628.937    38.368     0.16    2.56
  67996.113    38.388     0.06    2.62
  68363.221    38.091    -0.81    2.74
  68730.260    37.671    -1.15    2.45
  69097.231    37.851     0.49    2.65
  69464.133    38.357     1.38    2.37
  69830.967    39.057     1.91    2.05
  70197.733    39.000    -0.15    2.13
  70564.430    38.667    -0.91    2.42
  70931.058    38.358    -0.84    2.67
  71297.619    38.494     0.37    3.17
  71664.111    38.905     1.12    3.60
  72030.535    38.839    -0.18    3.49
  72396.891    38.291    -1.50    3.64
  72763.178    37.750    -1.48    3.45
  73143.490    37.289    -1.21    3.34
  73523.903    35.977    -3.45    3.53
  73904.242    34.718    -3.31    4.00
  74284.506    34.000    -1.89    4.13
  74664.697    33.289    -1.87    3.81
  75044.812    31.897    -3.66    4.21
  75424.854    30.890    -2.65    4.23
  75804.822    29.966    -2.43    3.93
  76184.716    29.024    -2.48    4.02
  76564.536    28.632    -1.03    3.63
  76944.281    28.548    -0.22    3.79
  77323.953    29.264     1.89    5.00
  77703.551    30.060     2.10    5.47
  78083.075    29.609    -1.19    4.36
  78462.526    28.465    -3.01    3.70
  78841.902    27.488    -2.58    3.31
  79221.205    27.494     0.02    3.07
  79600.435    27.600     0.28    2.86
  79979.590    27.333    -0.70    2.80
  80358.673    26.523    -2.14    3.54
  80737.681    24.709    -4.79    4.32
  81116.616    23.119    -4.20    4.21
  81495.478    22.000    -2.95    3.85
  81874.266    21.904    -0.25    3.72
  82252.981    21.398    -1.34    3.34
  82631.623    21.155    -0.64    3.12
  83010.191    20.218    -2.47    3.55
  83388.686    19.350    -2.29    3.66
  83767.108    17.841    -3.99    3.78
  84145.457    16.875    -2.55    3.27
  84523.733    18.218     3.55    3.47
  84901.935    20.024     4.77    3.67
  85280.065    22.172     5.68    2.83
  85658.121    23.012     2.22    2.24
  86036.105    23.012    -0.00    3.31
  86414.016    23.494     1.28    3.88
  86791.854    25.218     4.56    4.76
  87169.619    25.070    -0.39    5.43
  87547.311    24.047    -2.71    6.66
  87924.931    19.226   -12.77    9.93
  88302.478    11.989   -19.17    9.06
  88679.952     6.988   -13.25    5.40
  89057.354     7.106     0.31    6.30
  89434.683    10.500     8.99    8.95
  89811.940    14.571    10.79    9.54
  90189.124    19.464    12.97    9.18
  90566.235    23.616    11.01    6.99
  90943.275    25.906     6.07    4.32
  91320.242    27.036     3.00    3.88
  91697.136    29.267     5.92    4.63
  92073.959    31.750     6.59    4.44
  92450.709    33.442     4.49    3.50
  92827.387    34.535     2.90    3.07
  93203.993    34.931     1.05    2.65
  93580.526    35.193     0.70    2.34
  93956.988    35.093    -0.26    2.30
  94333.378    33.346    -4.64    3.81
  94709.695    31.724    -4.31    3.78
  95085.941    29.878    -4.91    3.52
  95462.115    28.828    -2.79    4.36
  95838.217    28.975     0.39    4.69
  96214.247    28.105    -2.31    4.37
  96590.205    27.863    -0.64    4.00
  96966.092    27.744    -0.31    3.48
  97341.907    27.400    -0.92    3.65
  97717.650    28.205     2.14    4.56
  98093.322    30.038     4.88    5.29
  98468.922    33.186     8.38    5.70
  98844.451    36.000     7.49    5.08
  99219.908    35.929    -0.19    4.73
  99595.293    35.370    -1.49    5.16
  99970.608    34.942    -1.14    4.29
 100345.851    34.951     0.02    3.55
 100721.022    35.500     1.46    3.19
 101096.122    35.062    -1.17    3.23
 101471.151    33.816    -3.32    3.86
 101846.109    32.012    -4.81    3.53
 102220.996    31.849    -0.44    3.52
 102595.811    32.938     2.91    3.25
 102970.556    32.686    -0.67    3.56
 103345.229    30.578    -5.63    4.74
 103719.831    29.161    -3.78    4.55
 104094.363    27.642    -4.06    3.46
 104468.823    28.583     2.51    3.39
 104843.213    29.369     2.10    2.67
 105217.532    29.012    -0.95    2.74
 105591.780    27.917    -2.93    2.83
 105965.957    26.506    -3.77    2.71
 106340.063    26.622     0.31    2.85
 106714.099    27.729     2.96    2.75
 107088.064    28.927     3.20    2.36
 107461.959    29.207     0.75    2.05
 107835.783    29.071    -0.36    1.89
 108209.536    29.326     0.68    1.82
 108583.219    29.361     0.10    1.69
 108956.831    28.917    -1.19    2.03
 109330.374    27.768    -3.07    2.17
 109703.845    27.322    -1.20    2.08
 110077.247    27.651     0.88    2.53
 110450.578    29.128     3.96    2.87
 110823.839    30.060     2.50    2.56
 111197.029    29.000    -2.84    4.07
 111570.150    25.169   -10.27    6.78
 111943.200    21.023   -11.11    7.62
 112316.180    16.765   -11.41    7.29
 112689.091    13.553    -8.61    6.99
 113061.931    11.383    -5.82    7.16
 113434.701    10.535    -2.27    7.39
 113807.401    11.200     1.78    7.81
 114180.032    11.663     1.24    7.77
 114552.592    11.975     0.84    8.13
 114925.083    11.471    -1.35    8.30
 115297.504    11.775     0.82    8.51
 115669.855    10.779    -2.67    7.46
 116042.137    11.099     0.86    7.73
 116414.349    10.352    -2.01    7.29
 116786.491    12.580     5.99    7.94
 117158.564    16.205     9.74    8.80
 117530.567    21.062    13.06    8.44
 117902.500    25.682    12.42    5.15
 118274.365    27.337     4.45    2.99
 118646.159    27.153    -0.50    3.20
 119017.885    25.613    -4.14    3.57
 119389.541    24.942    -1.80    3.05
 119761.127    25.925     2.65    3.15
 120132.645    27.523     4.30    3.14
 120504.093    29.268     4.70    2.10
 120875.472    29.417     0.40    1.89
 121246.782    29.025    -1.06    2.25
 121618.022    29.092     0.18    3.02
 121989.194    30.470     3.71    3.68
 122360.297    32.262     4.83    3.35
 122731.330    32.691     1.16    2.84
 123102.295    33.198     1.36    3.38
 123473.191    33.314     0.31    4.09
 123844.018    33.541     0.61    4.27
 124214.776    33.711     0.46    3.99
 124585.465    33.386    -0.88    3.78
 124956.085    33.405     0.05    3.30
 125326.637    35.000     4.30    3.40
 125697.120    36.241     3.35    3.55
 126067.534    36.494     0.68    3.35
 126437.880    36.398    -0.26    3.35
 126808.157    35.306    -2.95    3.21
 127178.365    34.741    -1.53    2.62
 127548.506    34.642    -0.27    2.81
 127918.577    34.628    -0.04    2.79
 128288.580    34.628     0.00    3.39
 128658.515    34.453    -0.47    3.25
 129028.382    35.183     1.97    2.95
 129398.180    33.928    -3.39    4.39
 129767.909    28.525   -14.61    8.62
 130137.571    20.337   -22.15   11.47
 130507.165    12.247   -21.89    8.19
 130876.690     9.563    -7.26    4.74
 131246.147    11.215     4.47    7.51
 131615.536    17.012    15.69   10.82
 131984.857    24.383    19.96   11.33
 132354.110    30.291    16.00    8.31
 132723.295    33.185     7.84    5.16
 133092.412    33.073    -0.30    5.02
 133461.461    32.268    -2.18    4.71
 133830.442    32.721     1.23    4.39
 134199.356    33.647     2.51    3.83
 134568.201    35.176     4.15    2.66
 134936.979    35.771     1.61    2.06
 135305.689    36.750     2.65    2.36
 135674.332    37.103     0.96    2.34
 136042.907    37.181     0.21    2.19
 136411.414    36.824    -0.97    2.26
 136779.854    35.430    -3.78    2.40
 137148.226    34.518    -2.48    2.28
 137516.531    33.756    -2.07    2.62
 137884.768    33.274    -1.31    2.88
 138252.938    32.622    -1.77    2.84
 138621.040    32.895     0.74    2.95
 138989.075    32.962     0.18    2.86
 139357.043    33.143     0.49    2.97
 139724.944    33.737     1.62    3.08
 140092.777    35.465     4.70    3.92
 140460.543    36.880     3.85    3.76
 140828.242    36.659    -0.60    4.53
 141195.874    35.610    -2.85    5.81
 141563.438    33.153    -6.68    5.34
 141930.936    31.435    -4.67    4.42
 142298.367    31.120    -0.86    4.84
 142665.730    30.554    -1.54    4.66
 143033.027    30.593     0.11    4.70
 143400.257    31.412     2.23    5.63
 143767.420    33.098     4.59    6.32
 144134.516    34.381     3.50    6.00
 144501.546    34.354    -0.07    4.97
 144868.508    32.943    -3.84    4.90
 145235.404    30.747    -5.98    4.98
 145602.233    28.595    -5.86    4.36
 145968.996    27.363    -3.36    3.44
 146335.692    27.860     1.36    3.63
 146702.321    29.171     3.57    3.61
 147068.884    30.129     2.62    3.20
 147435.380    31.695     4.27    3.10
 147811.994    33.560     4.95    3.03
 148192.255    34.329     2.02    2.68
 148572.444    34.791     1.21    2.48
 148952.561    33.438    -3.56    2.89
 149332.605    32.571    -2.28    3.10
 149712.577    32.304    -0.70    3.63
 150092.477    32.230    -0.19    3.12
 150472.305    30.926    -3.43    4.40
 150852.061    26.964   -10.43    6.52
 151231.744    23.630    -8.78    5.11
 151611.356    23.329    -0.79    4.37
 151990.896    26.093     7.28    5.03
 152370.363    29.771     9.69    4.53
 152749.759    31.783     5.30    2.93
 153129.083    31.953     0.45    2.85
 153508.336    32.106     0.40    2.29
 153887.516    32.463     0.94    2.06
 154266.625    33.600     3.00    2.00
 154645.662    35.220     4.27    2.95
 155024.628    36.812     4.20    3.23
 155403.522    38.152     3.54    2.57
 155782.344    39.779     4.29    2.08
 156161.095    40.590     2.14    2.41
 156539.774    40.093    -1.31    2.76
 156918.382    39.250    -2.23    2.84
 157296.919    37.549    -4.49    2.97
 157675.384    35.561    -5.25    4.49
 158053.778    34.442    -2.96    5.80
 158432.101    32.880    -4.13    5.40
 158810.352    31.800    -2.85    4.93
 159188.532    32.000     0.53    5.82
 159566.642    32.747     1.98    5.84
 159944.679    32.333    -1.09    5.88
 160322.646    31.711    -1.65    6.38
 160700.542    29.145    -6.79    6.02
 161078.367    26.202    -7.79    5.45
 161456.121    23.214    -7.91    3.17
 161833.804    23.531     0.84    3.38
 162211.416    26.081     6.75    5.12
 162588.958    29.663     9.48    6.48
 162966.428    34.071    11.68    6.13
 163343.828    37.709     9.64    3.87
 163721.157    38.529     2.17    3.19
 164098.415    38.237    -0.77    3.02
 164475.603    38.353     0.31    2.50
 164852.720    38.038    -0.84    2.73
 165229.767    37.679    -0.95    3.03
 165606.743    38.203     1.39    3.69
 165983.648    38.826     1.65    3.87
 166360.484    39.346     1.38    3.63
 166737.248    38.890    -1.21    3.72
 167113.943    38.136    -2.00    3.64
 167490.567    39.209     2.85    4.32
 167867.121    41.554     6.23    4.74
 168243.604    43.607     5.45    3.86
 168620.018    45.210     4.26    2.21
 168996.361    44.412    -2.12    2.71
 169372.634    42.341    -5.50    3.98
 169748.837    39.506    -7.54    4.65
 170124.970    35.892    -9.61    5.13
 170501.033    33.157    -7.27    4.94
 170877.026    30.747    -6.41    4.35
 171252.949    28.817    -5.13    3.19
 171628.802    27.120    -4.51    2.66
 172004.586    26.988    -0.35    3.47
 172380.299    29.726     7.29    5.90
 172755.943    33.074     8.91    6.25
 173131.517    37.106    10.73    4.28
 173507.021    38.824     4.57    1.90
 173882.456    38.988     0.44    1.78
 174257.821    38.815    -0.46    1.56
 174633.117    38.614    -0.53    1.45
 175008.343    37.768    -2.25    1.99
 175383.499    34.800    -7.91    5.00
 175758.586    32.337    -6.56    5.44
 176133.603    32.133    -0.55    5.83
 176508.552    33.617     3.96    6.33
 176883.430    37.186     9.52    5.15
 177258.240    39.291     5.62    3.45
 177632.980    38.226    -2.84    3.95
 178007.651    35.962    -6.04    4.69
 178382.253    31.859   -10.95    5.93
 178756.786    27.278   -12.23    5.87
 179131.249    23.119   -11.11    4.48
 179505.644    21.087    -5.43    2.42
 179879.969    21.518     1.15    2.78
 180254.226    22.795     3.41    2.74
 180628.413    23.595     2.14    1.93
 181002.532    24.304     1.89    1.79
 181376.581    25.247     2.52    2.20
 181750.562    25.974     1.94    2.09
 182124.474    24.578    -3.73    3.74
 182498.317    22.179    -6.42    5.24
 182872.092    18.035   -11.09    6.65
 183245.798    14.150   -10.40    6.14
 183619.435    11.082    -8.21    5.56
 183993.003     8.295    -7.46    2.86
 184366.503     7.155    -3.05    0.59
 184739.934     7.000    -0.41    0.00
 185113.297     7.000     0.00    0.00
 185486.592     7.000     0.00    0.00
 185859.818     7.000     0.00    0.00
 186232.975     7.000     0.00    0.00
 186606.064     7.000     0.00    0.00
 186979.085     7.000     0.00    0.00
 187352.038     7.000     0.00    0.00
 187724.922     7.000     0.00    0.00
 188097.738     7.000     0.00    0.00
 188470.486     7.000     0.00    0.00
 188843.166     7.000     0.00    0.00
 189215.778     7.000     0.00    0.00
 189588.321     7.000     0.00    0.00
 189960.797     7.392     1.05    1.56
 190333.205     7.786     1.06    2.37
 190705.544     8.620     2.24    3.03
 191077.816     9.729     2.98    3.21
 191450.020    11.253     4.09    3.36
 191822.156    12.988     4.66    3.01
 192194.224    13.987     2.69    2.44
 192566.225    13.588    -1.07    2.68
 192938.158    13.051    -1.44    2.96
 193310.023    12.321    -1.96    2.37
 193681.820    12.152    -0.46    2.13
 194053.550    13.400     3.36    2.46
 194425.212    15.244     4.96    2.57
 194796.807    16.964     4.63    3.04
 195168.334    19.051     5.62    2.63
 195539.794    19.918     2.33    2.15
 195911.186    20.115     0.53    1.99
 196282.511    18.817    -3.50    2.44
 196653.769    17.423    -3.75    2.21
 197024.959    16.800    -1.68    2.09
 197396.082    16.462    -0.91    1.88
 197767.138    17.073     1.65    2.38
 198138.126    18.582     4.07    3.14
 198509.048    19.706     3.03    3.00
 198879.902    19.700    -0.02    3.14
 199250.689    18.476    -3.30    3.44
 199621.409    17.137    -3.61    2.81
 199992.062    15.929    -3.26    1.45
 200362.648    16.062     0.36    1.74
 200733.167    16.590     1.42    2.10
 201103.619    17.367     2.10    2.57
 201474.004    17.867     1.35    2.48
 201844.323    18.488     1.68    2.28
 202214.574    18.786     0.80    2.41
 202584.759    18.630    -0.42    2.20
 202954.877    18.310    -0.86    2.49
 203324.928    17.690    -1.67    2.71
 203694.913    17.361    -0.89    2.77
 204064.831    17.554     0.52    3.05
 204434.683    18.699     3.09    3.11
 204804.467    19.907     3.27    2.48
 205174.186    20.402     1.34    2.53
 205543.838    19.867    -1.45    3.38
 205913.423    19.494    -1.01    3.59
 206282.942    19.915     1.14    3.67
 206652.395    19.815    -0.27    3.34
 207021.781    18.833    -2.66    3.33
 207391.101    18.383    -1.22    3.67
 207760.355    17.341    -2.82    3.30
 208129.542    16.691    -1.76    2.94
 208498.664    16.140    -1.49    2.26
 208867.719    15.975    -0.44    1.80
 209236.708    16.146     0.46    1.66
 209605.631    16.141    -0.01    1.26
 209974.488    16.271     0.35    0.94
 210343.279    16.000    -0.73    0.99
 210712.003    15.190    -2.20    1.72
 211080.662    14.468    -1.96    1.66
 211449.255    13.718    -2.04    1.44
 211817.782    13.537    -0.49    1.48
 212186.244    13.463    -0.20    1.43
 212554.639    12.700    -2.07    1.23
 212922.969    12.447    -0.69    0.98
 213291.233    13.074     1.70    2.28
 213659.431    14.171     2.98    2.79
 214027.563    14.841     1.82    2.51
 214395.630    14.940     0.27    2.33
 214763.632    14.549    -1.06    2.11
 215131.568    14.318    -0.63    2.18
 215499.438    15.337     2.77    3.59
 215867.243    16.915     4.29    4.02
 216234.982    17.929     2.76    4.19
 216602.656    18.699     2.09    4.70
 216970.264    19.145     1.21    5.48
 217337.807    19.456     0.85    5.19
 217705.285    20.000     1.48    4.08
 218072.698    20.300     0.82    3.24
 218440.045    20.695     1.08    2.69
 218807.327    22.744     5.58    5.05
 219174.544    26.133     9.23    6.49
 219541.696    29.410     8.93    7.23
 219908.782    31.671     6.16    5.48
 220275.804    32.372     1.91    4.39
 220642.760    31.847    -1.43    4.07
 221009.652    30.683    -3.17    3.24
 221376.478    29.741    -2.57    2.96
 221743.240    28.642    -3.00    3.08
 222109.937    28.366    -0.75    2.64
 222483.145    28.902     1.44    2.97
 222863.258    30.198     3.41    3.47
 223243.300    32.877     7.05    4.00
 223623.272    34.976     5.53    3.47
 224003.174    34.924    -0.14    4.04
 224383.006    33.639    -3.38    4.53
 224762.767    30.603    -7.99    4.31
 225142.458    27.176    -9.02    4.47
 225522.078    26.438    -1.95    4.40
 225901.629    28.146     4.50    6.35
 226281.110    30.407     5.96    7.04
 226660.520    32.265     4.90    5.89
 227039.861    30.914    -3.56    6.40
 227419.131    28.771    -5.65    4.98
 227798.332    27.072    -4.48    3.47
 228177.462    26.244    -2.18    3.01
 228556.523    26.702     1.21    2.67
 228935.514    27.402     1.85    2.16
 229314.435    27.704     0.79    1.79
 229693.287    27.744     0.11    2.22
 230072.069    27.953     0.55    2.62
 230450.781    28.603     1.72    3.56
 230829.423    28.627     0.06    3.54
 231207.996    29.818     3.15    3.44
 231586.499    30.571     1.99    3.95
 231964.933    30.913     0.90    3.73
 232343.297    31.704     2.09    4.67
 232721.592    31.889     0.49    5.04
 233099.818    30.675    -3.21    5.94
 233477.974    30.074    -1.59    5.72
 233856.061    30.136     0.16    5.34
 234234.078    31.841     4.51    5.52
 234612.026    33.671     4.84    3.55
 234989.905    34.793     2.97    2.78
 235367.715    34.741    -0.14    2.78
 235745.456    35.506     2.03    2.66
 236123.128    36.593     2.88    2.57
 236500.730    37.212     1.64    2.85
 236878.264    38.494     3.40    2.58
 237255.728    39.866     3.63    2.65
 237633.124    42.423     6.77    4.47
 238010.451    46.659    11.22    6.57
 238387.708    51.506    12.85    6.93
 238764.897    54.241     7.25    6.62
 239142.018    55.595     3.59    6.50
 239519.069    58.141     6.75    6.29
 239896.052    60.543     6.37    5.79
 240272.966    62.099     4.13    5.58
 240649.811    61.183    -2.43    6.79
 241026.588    58.627    -6.78    7.10
 241403.296    56.765    -4.94    5.69
 241779.936    58.253     3.95    6.29
 242156.507    63.427    13.74    7.73
 242533.010    68.280    12.89    5.93
 242909.444    71.819     9.40    2.90
 243285.810    73.457     4.35    2.38
 243662.108    74.259     2.13    2.84
 244038.337    75.854     4.24    4.16
 244414.498    79.735    10.32    6.76
 244790.591    84.638    13.03    7.89
 245166.615    90.580    15.80    7.25
 245542.572    94.456    10.31    5.40
 245918.460    96.714     6.01    4.27
 246294.280    97.897     3.15    4.07
 246670.032    97.976     0.21    3.98
 247045.716    96.342    -4.35    5.80
 247421.333    92.061   -11.40    7.42
 247796.881    87.436   -12.31    7.02
 248172.361    84.720    -7.23    5.54
 248547.774    85.179     1.23    4.88
 248923.118    86.610     3.81    4.63
 249298.395    88.403     4.78    3.27
 249673.604    89.393     2.64    3.17
 250048.746    89.513     0.32    4.14
 250423.819    87.475    -5.43    5.97
 250798.825    84.370    -8.28    7.47
 251173.764    80.271   -10.93    7.62
 251548.635    76.802    -9.25    6.21
 251923.438    75.802    -2.67    6.10
 252298.174    75.531    -0.72    6.36
 252672.842    74.675    -2.28    6.59
 253047.443    72.175    -6.67    6.65
 253421.977    68.277   -10.41    6.85
 253796.443    62.494   -15.44    6.67
 254170.842    57.337   -13.77    6.91
 254545.173    53.679    -9.77    5.16
 254919.438    53.171    -1.36    5.62
 255293.635    55.427     6.03    6.41
 255667.765    59.085     9.78    5.24
 256041.828    60.927     4.92    3.85
 256415.823    59.802    -3.01    4.13
 256789.752    57.585    -5.93    4.53
 257163.614    56.688    -2.40    4.03
 257537.408    57.120     1.16    4.19
 257911.136    60.037     7.80    5.14
 258284.797    64.317    11.45    5.35
 258658.391    67.432     8.34    5.71
 259031.918    68.889     3.90    5.84
 259405.378    69.321     1.16    5.31
 259778.772    70.386     2.85    4.97
 260152.099    72.444     5.51    5.97
 260525.359    75.457     8.07    6.40
 260898.552    77.333     5.03    6.00
 261271.679    78.482     3.08    5.82
 261644.739    78.342    -0.38    6.07
 262017.733    78.383     0.11    6.84
 262390.660    76.675    -4.58    9.49
 262763.520    69.878   -18.23   14.35
 263136.314    62.734   -19.16   12.99
 263509.042    60.084    -7.11    9.97
 263881.704    63.731     9.78   13.56
 264254.299    72.222    22.79   16.06
 264626.827    79.272    18.92   14.27
 264999.290    84.706    14.59   11.05
 265371.686    86.123     3.81   10.84
 265744.016    85.688    -1.17   13.74
 266116.280    86.763     2.89   15.72
 266488.477    83.774    -8.03   16.63
 266860.609    83.937     0.44   15.60
 267232.674    82.568    -3.68   13.99
 267604.674    79.782    -7.49   11.86
 267976.607    78.815    -2.60   11.67
 268348.475    79.987     3.15   11.86
 268720.277    80.857     2.34   11.67
 269092.012    84.090     8.69   12.02
 269463.682    88.593    12.11   10.81
 269835.286    91.284     7.24    9.39
 270206.825    90.247    -2.79    9.13
 270578.297    88.000    -6.05    9.21
 270949.704    84.926    -8.28    8.21
 271321.045    84.987     0.17    6.99
 271692.321    87.277     6.17    8.19
 272063.531    90.418     8.46    9.03
 272434.675    96.160    15.47    8.25
 272805.754   100.354    11.30    8.22
 273176.767   106.580    16.78   10.64
 273547.715   113.937    19.83   11.03
 273918.597   120.663    18.13    8.17
 274289.414   126.284    15.16    6.90
 274660.166   130.688    11.87    6.27
 275030.852   133.085     6.47    5.56
 275401.473   136.819    10.07    6.25
 275772.029   139.312     6.73    6.91
 276142.520   139.099    -0.58    9.53
 276512.945   138.213    -2.39   12.89
 276883.305   132.707   -14.86   15.04
 277253.600   127.951   -12.84   13.55
 277623.830   124.329    -9.78    9.08
 277993.995   123.625    -1.90    5.86
 278364.095   124.675     2.84    4.96
 278734.130   127.049     6.41    5.44
 279104.100   129.753     7.31    6.26
 279474.005   132.963     8.68    5.16
 279843.846   136.378     9.23    4.85
 280213.621   137.938     4.22    4.79
 280583.331   138.890     2.57    4.53
 280952.977   140.309     3.84    4.24
 281322.558   142.309     5.41    4.60
 281692.075   144.975     7.21    6.33
 282061.526   149.469    12.16    7.76
 282430.913   153.072     9.75    7.79
 282800.236   156.835    10.19    6.29
 283169.494   158.646     4.90    6.03
 283538.687   161.608     8.02    6.17
 283907.816   164.198     7.01    7.17
 284276.880   165.899     4.61    7.34
 284645.880   166.012     0.31    7.96
 285014.815   163.750    -6.13    7.70
 285383.687   161.150    -7.05    8.02
 285752.493   158.789    -6.40    8.02
 286121.236   156.531    -6.12    7.40
 286489.914   154.000    -6.86    6.91
 286858.528   151.568    -6.60    6.57
 287227.078   150.461    -3.00    5.42
 287595.563   151.646     3.22    5.10
 287963.985   154.026     6.46    4.74
 288332.342   155.238     3.29    2.89
 288700.636   154.592    -1.75    4.10
 289068.865   150.825   -10.23    6.49
 289437.030   148.013    -7.64    5.61
 289805.132   147.750    -0.71    5.87
 290173.169   147.000    -2.04    6.46
 290541.143   146.580    -1.14    6.09
 290909.052   144.785    -4.88    5.56
 291276.898   142.642    -5.82    3.10
 291644.680   143.309     1.81    2.40
 292012.398   144.864     4.23    3.60
 292380.053   145.247     1.04    3.94
 292747.644   145.963     1.95    4.09
 293115.171   145.704    -0.70    4.13
 293482.634   144.256    -3.94    3.49
 293850.034   143.370    -2.41    3.36
 294217.371   142.728    -1.75    3.45
 294584.644   141.550    -3.21    4.21
 294951.853   140.103    -3.94    3.90
 295318.999   138.951    -3.14    3.19
 295686.081   138.308    -1.75    3.17
 296053.100   137.451    -2.33    4.14
 296420.056   135.667    -4.86    4.21
 296786.949   135.247    -1.14    4.07
 297157.034   136.553     3.53    4.28
 297537.000   137.072     1.37    3.36
 297916.897   136.506    -1.49    3.45
 298296.726   134.543    -5.17    3.98
 298676.487   132.405    -5.63    3.51
 299056.179   131.802    -1.59    4.58
 299435.803   131.321    -1.27    5.06
 299815.359   132.926     4.23    4.65
 300194.846   132.494    -1.14    4.24
 300574.265   131.154    -3.53    4.09
 300953.615   129.617    -4.05    5.12
 301332.898   125.584   -10.63    5.81
 301712.112   121.877    -9.78    5.70
 302091.258   119.289    -6.82    4.56
 302470.336   118.268    -2.69    4.66
 302849.346   117.120    -3.03    4.94
 303228.288   114.964    -5.69    5.19
 303607.162   112.000    -7.82    5.20
 303985.968   110.975    -2.71    4.54
 304364.706   109.937    -2.74    4.23
 304743.377   110.570     1.67    4.06
 305121.979   113.866     8.70    5.75
 305500.514   116.988     8.25    7.43
 305878.981   121.280    11.34    6.43
 306257.380   123.987     7.15    3.45
 306635.711   123.838    -0.40    3.29
 307013.975   122.430    -3.72    3.79
 307392.171   119.951    -6.55    3.82
 307770.300   117.579    -6.27    3.42
 308148.361   115.494    -5.51    3.12
 308526.354   115.342    -0.40    2.76
 308904.281   114.768    -1.52    3.50
 309282.139   114.090    -1.80    3.27
 309659.930   112.940    -3.04    3.16
 310037.654   111.861    -2.86    2.57
 310415.311   111.125    -1.95    3.37
 310792.900   109.696    -3.78    4.12
 311170.422   109.012    -1.81    4.00
 311547.877   108.099    -2.42    3.42
 311925.265   108.378     0.74    3.20
 312302.585   108.912     1.42    3.12
 312679.838   111.405     6.61    5.14
 313057.025   114.728     8.81    6.34
 313434.144   117.456     7.23    5.09
 313811.196   119.085     4.32    3.29
 314188.181   119.120     0.09    3.64
 314565.100   119.938     2.17    4.08
 314941.951   121.243     3.46    3.36
 315318.736   121.556     0.83    3.32
 315695.454   122.145     1.56    4.69
 316072.105   125.037     7.68    7.12
 316448.689   130.987    15.80   11.50
 316825.206   138.688    20.45   14.06
 317201.657   149.038    27.49   14.88
 317578.041   153.481    11.80   12.01
 317954.359   154.400     2.44    9.12
 318330.610   152.177    -5.91    9.41
 318706.794   145.051   -18.94   10.03
 319082.912   139.911   -13.66    9.81
 319458.964   137.402    -6.67   11.47
 319834.949   132.951   -11.84   11.32
 320210.867   128.617   -11.52   10.49
 320586.720   125.600    -8.03    7.66
 320962.505   123.688    -5.09    6.50
 321338.225   125.051     3.63    6.07
 321713.879   124.723    -0.87    6.42
 322089.466   122.064    -7.08    6.86
 322464.987   118.280   -10.07    6.26
 322840.441   114.526   -10.00    3.09
 323215.830   113.136    -3.70    3.18
 323591.153   110.461    -7.13    4.53
 323966.409   105.877   -12.21    7.06
 324341.600   100.605   -14.05    8.95
 324716.725    96.315   -11.43    9.00
 325091.783    91.962   -11.60    6.90
