-153439.755    23.719     0.00    1.86
-153067.267    22.154    -4.20    2.80
-152694.849    21.260    -2.40    2.90
-152322.504    19.764    -4.02    4.01
-151950.229    17.189    -6.92    5.97
-151578.027    15.688    -4.03    7.20
-151205.895    15.573    -0.31    7.26
-150833.835    16.328     2.03    6.87
-150461.846    18.481     5.79    5.64
-150089.928    19.113     1.70    5.50
-149718.082    14.664   -11.97    9.45
-149346.307    10.898   -10.13    9.98
-148974.603    11.187     0.78   10.33
-148602.970    14.125     7.91   10.56
-148231.408    19.402    14.20    7.83
-147859.917    22.751     9.01    1.35
-147488.497    21.711    -2.80    2.30
-147117.148    20.596    -3.00    2.38
-146745.870    20.214    -1.03    2.06
-146374.662    20.914     1.89    2.48
-146003.526    22.459     4.17    1.95
-145632.460    23.901     3.89    1.71
-145261.465    24.814     2.46    1.73
-144890.540    24.794    -0.05    2.19
-144519.687    24.067    -1.96    2.48
-144148.904    22.938    -3.05    2.55
-143778.191    21.562    -3.71    3.22
-143407.549    20.925    -1.72    4.82
-143036.978    20.300    -1.69    6.08
-142666.477    18.596    -4.60    7.51
-142296.046    16.079    -6.80    9.60
-141925.686    14.067    -5.43    9.91
-141555.396    10.966    -8.37    9.84
-141185.176     9.346    -4.38    9.64
-140815.026     9.187    -0.43    9.17
-140444.947    10.169     2.65    9.60
-140074.938    10.271     0.28   10.02
-139704.999     9.266    -2.72    9.92
-139335.130     6.285    -8.06    8.96
-138965.331     4.823    -3.96    7.87
-138595.602     4.156    -1.80    6.98
-138225.944     6.243     5.65    8.75
-137856.355     7.645     3.79    9.33
-137486.836     7.262    -1.04    9.27
-137117.386     6.881    -1.03    8.76
-136748.007     7.607     1.97    8.04
-136378.697    11.609    10.84    8.44
-136009.458    14.308     7.31    7.31
-135640.287    15.560     3.39    5.88
-135271.187    15.642     0.22    5.53
-134902.156    16.066     1.15    4.10
-134533.194    17.357     3.50    2.08
-134164.303    17.975     1.68    2.08
-133795.480    18.243     0.73    1.76
-133426.727    18.056    -0.51    3.52
-133058.044    18.010    -0.12    4.80
-132689.430    17.373    -1.73    5.64
-132320.885    16.747    -1.70    5.60
-131952.410    16.445    -0.82    4.32
-131584.003    15.180    -3.43    2.78
-131215.666    16.125     2.57    2.09
-130847.399    17.243     3.04    2.16
-130479.200    17.987     2.02    2.00
-130111.070    18.634     1.76    1.20
-129743.010    17.890    -2.02    1.36
-129375.019    17.499    -1.06    1.36
-129007.096    17.956     1.24    1.47
-128639.243    18.680     1.97    1.47
-128271.458    19.363     1.86    1.26
-127903.742    20.108     2.02    1.88
-127536.095    20.690     1.58    2.01
-127168.517    19.987    -1.91    4.99
-126801.008    19.435    -1.50    6.72
-126433.567    18.668    -2.09    7.03
-126066.195    18.468    -0.54    7.31
-125698.892    19.794     3.61    6.02
-125331.657    20.739     2.57    4.44
-124964.491    21.285     1.49    3.79
-124597.393    20.634    -1.78    5.15
-124230.364    18.998    -4.46    8.00
-123863.404    16.759    -6.10    9.61
-123496.511    16.504    -0.70    9.61
-123129.688    16.430    -0.20    9.15
-122762.932    17.270     2.29    8.15
-122396.245    20.251     8.13    4.09
-122029.626    20.701     1.23    2.12
-121663.075    20.803     0.28    1.87
-121296.592    20.334    -1.28    1.68
-120930.178    19.991    -0.94    1.60
-120563.831    19.782    -0.57    1.23
-120183.687    19.422    -0.95    0.85
-119803.223    19.400    -0.06    1.01
-119422.833    18.925    -1.25    1.56
-119042.517    18.275    -1.71    1.48
-118662.275    17.925    -0.92    1.37
-118282.108    17.130    -2.09    1.53
-117902.015    16.706    -1.11    1.51
-117521.995    15.735    -2.55    1.63
-117142.050    15.211    -1.38    1.42
-116762.179    15.642     1.13    1.70
-116382.381    16.461     2.16    1.74
-116002.658    17.107     1.70    1.55
-115623.008    17.462     0.94    1.06
-115243.432    17.550     0.23    0.93
-114863.930    17.090    -1.21    1.04
-114484.502    17.400     0.82    1.39
-114105.147    16.810    -1.56    3.06
-113725.866    13.745    -8.08    6.38
-113346.658    12.426    -3.48    7.38
-112967.524    11.414    -2.67    7.81
-112588.464    10.267    -3.03    8.47
-112209.477    10.703     1.15    8.22
-111830.563    11.607     2.39    7.45
-111451.723    11.689     0.22    6.53
-111072.956    14.215     6.67    4.69
-110694.262    14.666     1.19    4.27
-110315.641    12.073    -6.85    7.05
-109937.094    11.524    -1.45    7.52
-109558.620    11.480    -0.12    7.75
-109180.219    11.886     1.07    7.94
-108801.891    12.251     0.97    7.34
-108423.636    11.465    -2.08    6.76
-108045.454     8.331    -8.29    6.40
-107667.345     5.807    -6.68    4.56
-107289.309     4.320    -3.93    2.52
-106911.346     3.584    -1.95    0.00
-106533.456     3.584     0.00    0.00
-106155.638     3.584     0.00    0.00
-105777.893     3.584     0.00    0.00
-105400.221     3.584     0.00    0.00
-105022.622     3.584     0.00    0.00
-104645.095     3.584     0.00    0.00
-104267.640     3.584     0.00    0.00
-103890.258     3.584     0.00    0.00
-103512.949     3.584     0.00    0.00
-103135.712     3.584     0.00    0.00
-102758.548     3.584     0.00    0.00
-102381.456     3.584     0.00    0.00
-102004.436     3.584     0.00    0.00
-101627.488     3.584     0.00    0.00
-101250.613     3.584     0.00    0.00
-100873.810     3.584     0.00    0.00
-100497.079     3.550    -0.09    0.18
-100120.420     3.305    -0.65    0.70
 -99743.833     3.163    -0.38    0.87
 -99367.319     2.929    -0.62    1.10
 -98990.876     2.747    -0.48    1.23
 -98614.505     2.608    -0.37    1.35
 -98238.206     2.247    -0.96    1.44
 -97861.979     1.956    -0.77    1.45
 -97485.824     1.693    -0.70    1.38
 -97109.741     1.515    -0.47    1.29
 -96733.729     1.410    -0.28    1.22
 -96357.789     1.308    -0.27    1.10
 -95981.921     1.465     0.42    1.13
 -95606.124     1.678     0.57    1.11
 -95230.399     2.036     0.95    1.13
 -94854.746     2.538     1.34    1.23
 -94479.163     3.072     1.42    1.32
 -94103.653     3.584     1.36    1.30
 -93728.214     3.999     1.10    1.09
 -93352.846     4.394     1.05    0.57
 -92977.550     4.536     0.38    0.22
 -92602.324     4.584     0.13    0.00
 -92227.170     4.584     0.00    0.00
 -91852.088     4.584     0.00    0.00
 -91477.076     4.584     0.00    0.00
 -91102.136     4.584     0.00    0.00
 -90727.267     4.584     0.00    0.00
 -90352.468     4.584     0.00    0.00
 -89977.741     4.584     0.00    0.00
 -89603.085     4.584     0.00    0.00
 -89228.500     4.584     0.00    0.00
 -88853.985     4.584     0.00    0.00
 -88479.542     4.584     0.00    0.00
 -88105.169     4.584     0.00    0.00
 -87730.867     4.584     0.00    0.00
 -87356.636     4.584     0.00    0.00
 -86982.475     4.584     0.00    0.00
 -86608.385     4.584     0.00    0.00
 -86234.366     4.584     0.00    0.00
 -85860.418     4.584     0.00    0.00
 -85486.539     4.584     0.00    0.00
 -85112.732     4.584     0.00    0.00
 -84738.995     4.584     0.00    0.00
 -84365.328     4.584     0.00    0.00
 -83991.731     4.584     0.00    0.00
 -83618.205     4.584     0.00    0.00
 -83244.749     4.584     0.00    0.00
 -82871.364     4.584     0.00    0.00
 -82498.049     4.584     0.00    0.00
 -82124.804     4.584     0.00    0.00
 -81751.629     4.584     0.00    0.00
 -81378.524     4.584     0.00    0.00
 -81005.489     4.584     0.00    0.00
 -80632.524     4.584     0.00    0.00
 -80259.629     4.584     0.00    0.00
 -79886.804     4.584     0.00    0.00
 -79514.049     4.584     0.00    0.00
 -79141.364     4.584     0.00    0.00
 -78768.749     4.584     0.00    0.00
 -78396.204     4.584     0.00    0.00
 -78023.728     4.584     0.00    0.00
 -77651.322     4.584     0.00    0.00
 -77278.985     4.584     0.00    0.00
 -76906.719     4.584     0.00    0.00
 -76534.522     4.584     0.00    0.00
 -76162.394     4.584     0.00    0.00
 -75790.336     4.584     0.00    0.00
 -75418.347     4.584     0.00    0.00
 -75046.428     4.584     0.00    0.00
 -74674.578     4.584     0.00    0.00
 -74302.798     4.584     0.00    0.00
 -73931.087     4.584     0.00    0.00
 -73559.445     4.584     0.00    0.00
 -73187.872     4.584     0.00    0.00
 -72816.369     4.584     0.00    0.00
 -72444.935     4.584     0.00    0.00
 -72073.570     4.584     0.00    0.00
 -71702.274     4.584     0.00    0.00
 -71331.047     4.584     0.00    0.00
 -70959.889     4.584     0.00    0.00
 -70588.800     4.584     0.00    0.00
 -70217.780     4.584     0.00    0.00
 -69846.829     4.584     0.00    0.00
 -69475.946     4.584     0.00    0.00
 -69105.133     4.584     0.00    0.00
 -68734.388     4.584     0.00    0.00
 -68363.712     4.584     0.00    0.00
 -67993.105     4.584     0.00    0.00
 -67622.566     4.584     0.00    0.00
 -67252.097     4.584     0.00    0.00
 -66881.695     4.584     0.00    0.00
 -66511.362     4.584     0.00    0.00
 -66141.098     4.584     0.00    0.00
 -65770.902     4.584     0.00    0.00
 -65400.775     4.584     0.00    0.00
 -65030.716     4.584     0.00    0.00
 -64660.725     4.584     0.00    0.00
 -64290.803     4.584     0.00    0.00
 -63920.949     4.584     0.00    0.00
 -63551.163     4.584     0.00    0.00
 -63181.446     4.584     0.00    0.00
 -62811.797     4.584     0.00    0.00
 -62442.215     4.584     0.00    0.00
 -62072.702     4.584     0.00    0.00
 -61703.257     4.584     0.00    0.00
 -61333.880     4.584     0.00    0.00
 -60964.571     4.584     0.00    0.00
 -60595.330     4.584     0.00    0.00
 -60226.157     4.584     0.00    0.00
 -59857.051     4.584     0.00    0.00
 -59488.014     4.584     0.00    0.00
 -59119.044     4.584     0.00    0.00
 -58750.142     4.584     0.00    0.00
 -58381.308     4.584     0.00    0.00
 -58012.542     4.584     0.00    0.00
 -57643.843     4.584     0.00    0.00
 -57275.212     4.584     0.00    0.00
 -56906.648     4.584     0.00    0.00
 -56538.152     4.584     0.00    0.00
 -56169.723     4.584     0.00    0.00
 -55801.362     4.584     0.00    0.00
 -55433.068     4.584     0.00    0.00
 -55064.842     4.584     0.00    0.00
 -54696.683     4.584     0.00    0.00
 -54328.591     4.584     0.00    0.00
 -53960.567     4.584     0.00    0.00
 -53592.610     4.584     0.00    0.00
 -53224.720     4.584     0.00    0.00
 -52856.897     4.584     0.00    0.00
 -52489.141     4.584     0.00    0.00
 -52121.453     4.584     0.00    0.00
 -51753.831     4.584     0.00    0.00
 -51386.277     4.584     0.00    0.00
 -51018.789     4.584     0.00    0.00
 -50651.369     4.584     0.00    0.00
 -50284.015     4.584     0.00    0.00
 -49916.728     4.584     0.00    0.00
 -49549.508     4.584     0.00    0.00
 -49182.355     4.584     0.00    0.00
 -48815.269     4.572    -0.03    0.11
 -48448.249     4.561    -0.03    0.15
 -48081.296     4.509    -0.14    0.31
 -47714.410     4.305    -0.56    0.64
 -47347.590     3.922    -1.05    0.90
 -46980.837     3.584    -0.92    0.94
 -46614.151     3.510    -0.20    0.93
 -46247.531     3.711     0.55    0.95
 -45880.977     4.066     0.97    0.85
 -45504.273     4.464     1.06    0.45
 -45123.962     4.584     0.32    0.00
 -44743.723     4.584     0.00    0.00
 -44363.556     4.584     0.00    0.00
 -43983.461     4.584     0.00    0.00
 -43603.439     4.584     0.00    0.00
 -43223.488     4.584     0.00    0.00
 -42843.610     4.584     0.00    0.00
 -42463.804     4.584     0.00    0.00
 -42084.069     4.584     0.00    0.00
 -41704.407     4.584     0.00    0.00
 -41324.817     4.584     0.00    0.00
 -40945.298     4.584     0.00    0.00
 -40565.852     4.584     0.00    0.00
 -40186.477     4.584     0.00    0.00
 -39807.174     4.584     0.00    0.00
 -39427.942     4.584     0.00    0.00
 -39048.783     4.584     0.00    0.00
 -38669.695     4.584     0.00    0.00
 -38290.678     4.584     0.00    0.00
 -37911.733     4.584     0.00    0.00
 -37532.860     4.584     0.00    0.00
 -37154.058     4.449    -0.36    0.38
 -36775.328     4.020    -1.13    0.79
 -36396.669     3.610    -1.08    0.91
 -36018.081     3.247    -0.96    0.86
 -35639.565     3.184    -0.17    0.87
 -35261.120     3.361     0.47    0.94
 -34882.746     3.445     0.22    0.96
 -34504.443     3.820     0.99    0.95
 -34126.212     4.218     1.05    0.75
 -33748.051     4.456     0.63    0.45
 -33369.962     4.584     0.34    0.00
 -32991.944     4.584     0.00    0.00
 -32613.997     4.584     0.00    0.00
 -32236.120     4.584     0.00    0.00
 -31858.315     4.584     0.00    0.00
 -31480.581     4.584     0.00    0.00
 -31102.917     4.584     0.00    0.00
 -30725.324     4.584     0.00    0.00
 -30347.802     4.584     0.00    0.00
 -29970.351     4.584     0.00    0.00
 -29592.970     4.537    -0.12    0.26
 -29215.660     4.325    -0.56    0.61
 -28838.420     4.145    -0.48    0.72
 -28461.251     4.128    -0.05    0.73
 -28084.153     4.159     0.08    0.68
 -27707.125     4.189     0.08    0.66
 -27330.168     4.287     0.26    0.60
 -26953.281     4.483     0.52    0.30
 -26576.464     4.549     0.18    0.18
 -26199.718     4.584     0.09    0.00
 -25823.042     4.584     0.00    0.00
 -25446.436     4.584     0.00    0.00
 -25069.900     4.584     0.00    0.00
 -24693.435     4.584     0.00    0.00
 -24317.040     4.573    -0.03    0.11
 -23940.714     4.484    -0.23    0.41
 -23564.459     4.316    -0.45    0.67
 -23188.274     4.097    -0.58    0.84
 -22812.159     3.852    -0.65    0.94
 -22436.114     3.547    -0.81    0.97
 -22060.138     3.279    -0.71    0.93
 -21684.233     2.999    -0.75    0.75
 -21308.397     2.898    -0.27    0.64
 -20932.631     3.054     0.42    0.79
 -20556.935     3.361     0.82    0.89
 -20181.309     3.682     0.85    0.95
 -19805.752     3.873     0.51    0.99
 -19430.265     3.968     0.25    1.19
 -19054.847     3.934    -0.09    1.37
 -18679.499     3.801    -0.35    1.59
 -18304.221     3.218    -1.55    1.98
 -17929.012     2.278    -2.51    2.26
 -17553.872     1.239    -2.77    2.01
 -17178.802     0.777    -1.23    2.22
 -16803.801     2.206     3.81    4.75
 -16428.869     4.934     7.27    7.32
 -16054.007     8.177     8.65    9.33
 -15679.214    12.373    11.19   10.05
 -15304.490    15.428     8.15    8.91
 -14929.836    18.705     8.75    6.83
 -14555.250    19.997     3.45    5.58
 -14180.734    20.031     0.09    5.26
 -13806.286    19.283    -2.00    5.50
 -13431.908    17.476    -4.83    5.23
 -13057.598    14.997    -6.62    4.55
 -12683.358    13.977    -2.72    4.06
 -12309.186    15.828     4.95    4.80
 -11935.083    18.573     7.34    4.43
 -11561.050    20.510     5.18    3.04
 -11187.084    19.668    -2.25    4.24
 -10813.188    16.498    -8.48    6.91
 -10439.360    11.973   -12.11    8.38
 -10065.601     7.508   -11.94    6.54
  -9691.911     4.765    -7.34    3.89
  -9318.289     3.732    -2.76    1.81
  -8944.736     4.468     1.97    0.52
  -8571.251     4.584     0.31    0.00
  -8197.835     4.584     0.00    0.00
  -7824.487     4.584     0.00    0.00
  -7451.208     4.584     0.00    0.00
  -7077.997     4.584     0.00    0.00
  -6704.854     4.584     0.00    0.00
  -6331.780     4.584     0.00    0.00
  -5958.774     4.596     0.03    0.11
  -5585.836     4.483    -0.30    0.57
  -5212.966     3.922    -1.51    1.60
  -4840.164     3.366    -1.49    2.07
  -4467.431     2.573    -2.13    2.40
  -4094.765     1.939    -1.70    2.42
  -3722.168     1.440    -1.34    2.34
  -3349.639     0.964    -1.28    2.15
  -2977.177     0.620    -0.92    1.95
  -2604.784     0.184    -1.17    1.53
  -2232.458    -0.050    -0.63    1.18
  -1860.200    -0.175    -0.34    0.89
  -1488.010    -0.239    -0.17    0.76
  -1115.888    -0.316    -0.21    0.61
   -743.833    -0.190     0.34    0.84
   -371.847     0.167     0.96    1.38
      0.072     0.631     1.25    1.84
    371.924     1.214     1.57    2.16
    743.708     1.680     1.25    2.37
   1115.424     2.559     2.37    2.36
   1487.073     3.549     2.66    1.93
   1858.655     4.322     2.08    1.02
   2230.168     4.560     0.64    0.15
   2601.615     4.445    -0.31    0.42
   2972.994     4.295    -0.40    0.60
   3344.306     4.215    -0.22    0.64
   3715.551     4.144    -0.19    0.70
   4086.728     4.122    -0.06    0.69
   4457.838     4.084    -0.10    0.72
   4828.881     4.096     0.03    0.72
   5199.857     4.120     0.06    0.70
   5570.765     4.206     0.23    0.64
   5941.607     4.251     0.12    0.63
   6312.381     4.215    -0.10    0.69
   6683.089     4.182    -0.09    0.73
   7053.729     4.157    -0.07    0.75
   7424.303     4.151    -0.02    0.78
   7794.810     4.560     1.10    1.78
   8165.250     5.316     2.04    3.50
   8535.623     5.548     0.63    3.54
   8905.929     5.109    -1.19    2.52
   9276.169     4.753    -0.96    2.05
   9646.342     4.128    -1.69    0.95
  10016.448     3.765    -0.98    0.59
  10386.487     3.828     0.17    0.60
  10756.460     4.157     0.89    0.97
  11126.366     5.334     3.18    2.42
  11496.206     5.782     1.21    2.41
  11865.980     6.097     0.85    2.59
  12235.686     6.411     0.85    3.87
  12605.327     9.222     7.60   10.47
  12974.901    16.373    19.35   15.84
  13344.409    25.458    24.59   18.04
  13713.850    35.304    26.65   15.39
  14083.225    42.415    19.25    7.39
  14452.534    43.549     3.07    3.75
  14821.777    41.341    -5.98    4.45
  15190.953    39.464    -5.08    4.29
  15560.064    39.584     0.33    4.87
  15929.108    41.984     6.50    5.83
  16298.086    44.172     5.93    5.06
  16666.998    43.782    -1.06    6.21
  17035.844    41.794    -5.39    7.08
  17404.625    39.642    -5.83    6.42
  17773.339    38.743    -2.44    5.26
  18141.987    37.918    -2.24    3.73
  18510.570    36.683    -3.35    5.12
  18879.087    34.693    -5.40    6.19
  19247.537    32.844    -5.02    5.14
  19615.923    32.078    -2.08    3.84
  19984.242    33.853     4.82    3.94
  20352.496    34.865     2.75    3.80
  20720.684    34.251    -1.67    4.53
  21088.807    32.512    -4.72    5.05
  21456.864    29.965    -6.92    5.09
  21824.855    28.372    -4.33    5.16
  22192.781    29.645     3.46    8.28
  22560.642    31.344     4.62    9.09
  22928.437    33.870     6.87    8.29
  23296.166    37.344     9.45    6.21
  23663.831    42.133    13.03    6.71
  24031.430    47.769    15.33    8.09
  24398.963    54.374    17.97   10.01
  24766.432    59.187    13.10    8.92
  25133.835    59.090    -0.26    8.04
  25501.173    57.078    -5.48    8.83
  25868.446    51.813   -14.33   11.80
  26235.654    45.306   -17.72   13.83
  26602.796    36.846   -23.04   13.07
  26969.874    30.066   -18.47    7.41
  27336.886    27.168    -7.90    3.38
  27703.834    26.682    -1.32    2.72
  28070.717    26.682     0.00    2.32
  28437.535    26.608    -0.20    1.93
  28804.287    26.560    -0.13    1.61
  29177.830    26.914     0.95    1.80
  29557.993    27.389     1.25    1.84
  29938.087    27.304    -0.22    1.50
  30318.110    26.295    -2.65    2.41
  30698.063    24.881    -3.72    2.93
  31077.945    22.956    -5.07    2.60
  31457.757    21.337    -4.26    1.60
  31837.500    19.979    -3.58    2.05
  32217.172    19.071    -2.39    2.24
  32596.773    19.455     1.01    3.27
  32976.305    19.071    -1.01    4.70
  33355.767    19.109     0.10    5.62
  33735.159    18.647    -1.22    6.29
  34114.481    19.725     2.84    7.31
  34493.733    23.170     9.08    8.81
  34872.915    26.979    10.05    9.21
  35252.027    31.263    11.30    5.99
  35631.070    33.877     6.90    3.55
  36010.042    34.389     1.35    3.45
  36388.945    34.831     1.17    3.71
  36767.779    37.353     6.66    4.15
  37146.542    39.347     5.26    3.52
  37525.237    42.043     7.12    4.43
  37903.861    44.159     5.59    3.67
  38282.416    45.889     4.57    3.60
  38660.902    47.364     3.90    3.33
  39039.318    47.655     0.77    3.50
  39417.664    47.469    -0.49    3.68
  39795.942    46.084    -3.66    3.83
  40174.150    44.159    -5.09    3.39
  40552.288    43.337    -2.17    2.62
  40930.358    42.856    -1.27    2.30
  41308.358    41.819    -2.74    2.93
  41686.289    41.292    -1.40    2.77
  42064.151    41.060    -0.61    2.68
  42441.944    40.877    -0.48    2.56
  42819.667    41.288     1.09    2.24
  43197.322    41.536     0.66    2.22
  43574.908    41.103    -1.15    2.35
  43952.424    40.215    -2.35    2.45
  44329.872    39.572    -1.70    2.66
  44707.251    38.646    -2.45    3.26
  45084.561    36.897    -4.64    4.47
  45461.803    35.477    -3.76    3.88
  45838.975    33.379    -5.56    3.53
  46216.079    31.873    -3.99    3.53
  46593.114    30.905    -2.57    3.30
  46970.081    30.870    -0.09    4.10
  47346.978    31.467     1.58    4.49
  47723.808    31.584     0.31    4.32
  48100.568    31.053    -1.41    4.00
  48477.261    30.132    -2.44    3.04
  48853.884    30.268     0.36    3.23
  49230.440    31.139     2.31    3.86
  49606.927    31.609     1.25    3.49
  49983.345    32.001     1.04    2.57
  50359.696    32.048     0.12    2.31
  50735.978    31.365    -1.81    2.19
  51112.191    31.097    -0.71    2.35
  51488.337    31.475     1.01    2.74
  51864.414    31.340    -0.36    3.11
  52240.424    31.036    -0.81    3.98
  52616.365    30.259    -2.07    4.76
  52992.238    28.865    -3.71    4.83
  53368.043    27.416    -3.86    5.17
  53743.780    25.597    -4.84    5.41
  54119.449    23.452    -5.71    5.45
  54495.051    21.825    -4.33    4.58
  54870.584    21.090    -1.96    2.56
  55246.050    21.167     0.20    2.57
  55621.447    21.843     1.80    2.22
  55996.777    22.935     2.91    2.20
  56372.040    23.779     2.25    2.48
  56747.234    24.402     1.66    3.25
  57122.361    27.243     7.57    4.49
  57497.421    29.137     5.05    4.12
  57872.412    29.584     1.19    3.76
  58247.336    29.584     0.00    3.66
  58622.193    29.334    -0.67    3.15
  58996.982    29.351     0.04    3.01
  59371.704    29.633     0.75    3.06
  59746.359    29.597    -0.10    2.75
  60120.946    30.340     1.98    2.96
  60495.465    30.724     1.02    2.83
  60869.918    31.227     1.34    2.58
  61244.303    31.686     1.22    2.75
  61618.621    31.449    -0.63    2.49
  61992.872    31.722     0.73    2.56
  62367.055    31.596    -0.34    3.16
  62741.172    30.231    -3.65    4.01
  63115.221    28.684    -4.13    3.75
  63489.204    26.794    -5.05    3.18
  63863.119    25.657    -3.04    2.05
  64236.968    25.584    -0.20    2.06
  64610.749    25.165    -1.12    2.22
  64984.464    25.090    -0.20    2.56
  65358.112    25.475     1.03    2.75
  65731.693    26.399     2.47    2.52
  66105.207    26.584     0.50    2.54
  66478.655    25.897    -1.84    2.67
  66852.035    25.487    -1.10    2.80
  67225.350    24.792    -1.86    2.74
  67598.597    24.353    -1.18    2.32
  67971.778    23.819    -1.43    2.10
  68344.892    22.724    -2.94    2.04
  68717.940    21.889    -2.24    1.87
  69090.921    22.078     0.51    2.17
  69463.836    22.816     1.98    2.35
  69836.684    23.884     2.87    1.70
  70209.467    23.999     0.31    1.74
  70582.182    23.426    -1.54    2.19
  70954.831    23.401    -0.07    2.36
  71327.415    22.547    -2.29    2.95
  71699.931    21.622    -2.48    2.92
  72072.382    21.672     0.13    3.02
  72444.766    22.572     2.42    2.92
  72817.085    23.877     3.50    2.48
  73189.337    24.452     1.54    2.09
  73561.523    25.234     2.10    2.34
  73933.643    26.584     3.63    2.99
  74305.697    27.819     3.32    3.37
  74677.685    29.292     3.96    2.67
  75049.607    29.609     0.85    2.57
  75421.464    29.510    -0.27    2.42
  75793.254    29.300    -0.56    2.74
  76164.979    27.745    -4.18    4.05
  76536.638    26.881    -2.33    4.95
  76908.231    25.992    -2.39    4.78
  77279.758    26.047     0.15    4.45
  77651.220    25.438    -1.64    4.30
  78022.616    24.807    -1.70    4.13
  78393.946    22.868    -5.22    3.92
  78765.211    21.147    -4.64    3.50
  79136.410    20.313    -2.25    3.56
  79507.544    20.950     1.72    5.19
  79878.613    22.475     4.11    6.07
  80249.615    24.597     5.72    6.77
  80620.553    27.648     8.23    6.64
  80991.425    30.214     6.92    5.98
  81362.232    32.510     6.19    4.09
  81732.973    33.255     2.01    2.82
  82103.649    33.436     0.49    2.29
  82474.260    33.322    -0.31    2.47
  82844.806    31.377    -5.25    4.28
  83215.287    29.720    -4.47    4.25
  83585.702    28.206    -4.09    3.40
  83956.053    27.621    -1.58    2.78
  84326.338    28.322     1.89    2.32
  84696.558    28.499     0.48    1.94
  85066.714    29.382     2.38    2.43
  85436.804    30.693     3.54    2.62
  85806.830    31.347     1.77    3.38
  86176.790    32.189     2.28    3.64
  86546.686    32.822     1.71    3.83
  86916.517    32.702    -0.32    3.60
  87286.283    31.905    -2.15    3.07
  87655.984    32.004     0.27    3.07
  88025.621    32.792     2.13    3.84
  88395.193    33.706     2.47    3.82
  88764.700    34.091     1.04    3.44
  89134.143    33.401    -1.87    3.61
  89503.521    32.953    -1.21    2.91
  89872.835    32.987     0.09    3.16
  90242.084    32.545    -1.20    3.21
  90611.268    31.739    -2.18    2.50
  90980.389    30.637    -2.99    1.63
  91349.444    30.706     0.19    1.99
  91718.436    31.071     0.99    2.73
  92087.363    31.942     2.36    3.36
  92456.225    32.805     2.34    3.25
  92825.024    33.487     1.85    3.26
  93193.758    34.469     2.66    3.49
  93562.428    35.757     3.49    3.98
  93931.034    36.508     2.04    4.11
  94299.576    36.416    -0.25    3.87
  94668.053    35.523    -2.42    3.10
  95036.467    35.959     1.19    3.07
  95404.816    36.859     2.44    3.14
  95773.102    37.873     2.75    3.59
  96141.323    39.140     3.44    4.19
  96509.481    41.461     6.30    5.22
  96877.575    44.200     7.44    5.69
  97245.604    47.309     8.45    5.62
  97613.570    49.828     6.84    5.49
  97981.473    51.918     5.68    5.09
  98349.311    53.498     4.30    4.34
  98717.086    55.347     5.03    4.15
  99084.797    56.697     3.67    3.82
  99452.444    56.797     0.27    3.76
  99820.027    55.090    -4.64    5.26
 100187.547    53.934    -3.15    6.44
 100555.004    55.214     3.48    8.45
 100922.397    58.351     8.54    8.68
 101289.726    62.609    11.59    6.61
 101656.992    65.909     8.99    3.68
 102024.195    66.498     1.60    3.44
 102391.334    66.992     1.35    3.75
 102758.410    68.350     3.70    4.26
 103125.422    70.966     7.13    6.73
 103492.371    75.133    11.36    9.70
 103863.021    78.520     9.14   11.12
 104243.038    82.499    10.47   12.56
 104622.987    86.229     9.82   12.16
 105002.867    89.914     9.70   12.16
 105382.679    92.507     6.83   11.80
 105762.423    92.404    -0.27   13.38
 106142.098    91.847    -1.47   15.16
 106521.705    89.134    -7.14   15.80
 106901.243    86.459    -7.05   17.50
 107280.714    85.536    -2.43   18.24
 107660.116    84.856    -1.79   17.40
 108039.450    82.197    -7.01   17.42
 108418.716    78.334   -10.18   17.67
 108797.914    70.792   -19.89   19.91
 109177.043    63.194   -20.04   18.29
 109556.105    53.229   -26.29   17.87
 109935.099    45.523   -20.33   14.42
 110314.024    42.211    -8.74   13.31
 110692.882    38.672    -9.34   11.08
 111071.672    35.989    -7.08   10.18
 111450.394    34.108    -4.97    8.76
 111829.048    31.660    -6.46    6.81
 112207.635    29.202    -6.49    4.72
 112586.154    29.167    -0.09    3.79
 112964.605    29.387     0.58    3.14
 113342.988    29.152    -0.62    3.18
 113721.304    29.359     0.55    3.50
 114099.552    29.078    -0.74    3.28
 114477.733    28.857    -0.58    3.23
 114855.846    29.510     1.73    2.77
 115233.892    29.225    -0.75    2.76
 115611.870    29.392     0.44    2.79
 115989.781    29.795     1.07    2.79
 116367.624    30.461     1.76    2.78
 116745.400    31.318     2.27    1.96
 117123.109    33.304     5.26    3.67
 117500.751    34.926     4.30    3.99
 117878.325    36.646     4.55    3.63
 118255.832    38.234     4.21    3.31
 118633.272    39.234     2.65    3.99
 119010.645    43.497    11.29    6.53
 119387.951    49.202    15.12   11.01
 119765.190    54.226    13.32   11.55
 120142.361    59.647    14.37   11.26
 120519.466    67.559    20.98   10.98
 120896.504    74.508    18.43   11.19
 121273.475    86.422    31.60   14.47
 121650.379    96.939    27.90   14.54
 122027.216   104.987    21.35   11.97
 122403.987   110.771    15.35    9.53
 122780.690   114.955    11.10   10.18
 123157.327   119.206    11.29    9.45
 123533.898   122.313     8.25    8.19
 123910.401   121.636    -1.80    9.30
 124286.838   115.023   -17.57   11.89
 124663.209   109.662   -14.24   11.21
 125039.513   110.209     1.45   12.27
 125415.750   116.432    16.54   16.25
 125791.921   125.535    24.20   14.62
 126168.025   132.984    19.80   11.92
 126544.064   137.951    13.21   10.25
 126920.035   142.059    10.92    8.60
 127295.941   145.022     7.88    6.76
 127671.780   146.979     5.21    4.45
 128047.552   146.794    -0.49    5.72
 128423.259   147.708     2.43    6.69
 128798.899   147.698    -0.03    6.28
 129174.474   147.772     0.20    5.42
 129549.982   145.905    -4.97    5.71
 129925.424   142.377    -9.40    5.12
 130300.800   140.888    -3.97    4.28
 130676.110   140.831    -0.15    4.02
 131051.353   141.415     1.56    2.89
 131426.531   140.486    -2.48    3.25
 131801.644   137.532    -7.87    5.65
 132176.690   132.016   -14.70    7.27
 132551.670   125.334   -17.82    7.48
 132926.585   118.384   -18.54    7.82
 133301.434   114.992    -9.05    6.18
 133676.217   114.597    -1.06    6.38
 134050.934   115.169     1.53    7.81
 134425.586   116.387     3.25    8.74
 134800.172   117.338     2.54    9.33
 135174.692   117.047    -0.78    9.38
 135549.147   115.571    -3.94    9.50
 135923.536   112.847    -7.28    9.01
 136297.860   109.521    -8.88    6.52
 136672.118   107.194    -6.22    6.00
 137046.311   103.872    -8.88    5.41
 137420.439   101.572    -6.15    5.25
 137794.501    98.369    -8.56    5.04
 138168.498    96.930    -3.85    5.15
 138542.430    96.930     0.00    5.65
 138916.296    98.484     4.16    6.01
 139290.097   101.293     7.51    5.98
 139663.833   102.879     4.24    5.17
 140037.504   104.331     3.89    4.52
 140411.110   104.634     0.81    4.08
 140784.650   104.992     0.96    2.71
 141158.126   104.432    -1.50    2.69
 141531.536   104.572     0.37    3.34
 141904.882   105.289     1.92    3.85
 142278.162   106.167     2.35    3.82
 142651.378   107.420     3.36    3.13
 143024.529   107.905     1.30    3.18
 143397.615   106.674    -3.30    4.46
 143770.636   104.709    -5.27    4.32
 144143.592   103.866    -2.26    3.70
 144516.484   102.004    -4.99    3.09
 144889.311   100.673    -3.57    4.14
 145262.073    97.133    -9.50    8.35
 145634.771    90.520   -17.74   12.95
 146007.404    81.909   -23.11   13.47
 146379.972    77.377   -12.16   11.09
 146752.476    77.325    -0.14    8.86
 147124.915    78.007     1.83    8.14
 147497.290    78.926     2.47    6.50
 147869.601    76.124    -7.53    5.40
 148241.847    74.472    -4.44    3.33
 148614.028    74.308    -0.44    3.16
 148986.146    73.218    -2.93    3.96
 149358.199    72.308    -2.45    4.31
 149730.187    72.034    -0.74    3.82
 150102.112    72.038     0.01    3.66
 150473.972    73.547     4.06    2.90
 150845.768    74.918     3.69    3.24
 151217.500    73.967    -2.56    3.76
 151589.168    71.124    -7.65    6.55
 151960.772    70.422    -1.89    7.55
 152332.312    71.111     1.86    7.96
 152703.788    74.239     8.42    7.79
 153075.200    78.864    12.45    5.95
 153446.547    81.313     6.59    5.48
 153817.831    81.834     1.40    5.16
 154189.052    81.648    -0.50    4.79
 154560.208    81.224    -1.14    4.90
 154931.300    82.165     2.53    4.70
 155302.329    82.944     2.10    5.11
 155673.294    81.284    -4.47    6.76
 156044.195    78.676    -7.03    8.41
 156415.033    77.167    -4.07    8.30
 156785.807    76.663    -1.36    8.16
 157156.517    80.202     9.54    6.60
 157527.164    84.038    10.35    4.23
 157897.747    85.881     4.97    3.88
 158268.267    87.847     5.31    4.16
 158638.723    90.610     7.46    3.80
 159009.116    93.321     7.32    4.33
 159379.445    95.387     5.58    3.30
 159749.711    95.024    -0.98    4.85
 160119.914    94.897    -0.34    5.54
 160490.053    95.453     1.50    5.22
 160860.129    94.850    -1.63    6.20
 161230.142    92.844    -5.42    8.85
 161600.092    89.297    -9.59   10.88
 161969.978    85.182   -11.12   10.82
 162339.802    83.097    -5.64    8.92
 162709.562    82.703    -1.07    7.40
 163079.259    83.772     2.89    6.14
 163448.893    86.496     7.37    6.81
 163818.464    89.522     8.19    7.70
 164187.972    93.071     9.61    7.67
 164557.417    97.234    11.27    8.03
 164926.800   100.361     8.46    8.00
 165296.119   101.407     2.83    7.20
 165665.375   101.065    -0.93    8.04
 166034.569   101.509     1.20    9.12
 166403.700   103.875     6.41   10.01
 166772.768   109.797    16.04    8.76
 167141.773   113.341     9.60    5.65
 167510.716   115.091     4.74    4.36
 167879.596   116.313     3.31    5.13
 168248.413   117.159     2.30    5.30
 168617.168   118.951     4.86    5.31
 168985.860   120.661     4.64    4.94
 169354.490   121.700     2.82    4.73
 169723.057   122.684     2.67    4.70
 170091.562   123.622     2.54    4.12
 170460.004   122.239    -3.75    5.47
 170828.384   119.859    -6.46    7.04
 171196.701   118.289    -4.26    7.23
 171564.957   121.122     7.69   10.73
 171933.149   130.495    25.45   15.70
 172301.280   142.084    31.48   15.58
 172669.348   152.546    28.42    9.74
 173037.354   157.141    12.48    6.42
 173405.298   161.321    11.36    4.33
 173773.180   163.584     6.15    5.02
 174141.000   165.441     5.05    4.36
 174508.757   163.486    -5.32    6.35
 174876.453   159.584   -10.61    8.06
 175244.087   155.013   -12.43    8.23
 175611.658   149.449   -15.13    6.58
 175979.168   146.459    -8.13    6.76
 176346.615   144.242    -6.03    6.35
 176714.001   142.436    -4.92    5.01
 177081.325   140.638    -4.89    4.34
 177448.587   138.496    -5.83    5.20
 177815.787   137.052    -3.93    5.30
 178182.926   137.281     0.62    4.37
 178550.928   138.065     2.13    3.94
 178930.803   138.722     1.73    3.00
 179310.611   138.246    -1.25    3.87
 179690.352   136.881    -3.60    4.13
 180070.027   134.466    -6.36    4.05
 180449.635   132.387    -5.48    4.77
 180829.176   130.111    -6.00    4.35
 181208.651   127.397    -7.15    4.42
 181588.060   124.948    -6.45    4.83
 181967.402   124.053    -2.36    4.97
 182346.678   122.909    -3.01    5.05
 182725.887   121.977    -2.46    4.92
 183105.030   118.484    -9.21    6.56
 183484.107   115.413    -8.10    6.02
 183863.117   113.934    -3.90    6.13
 184242.062   114.557     1.64    7.64
 184620.940   116.209     4.36    7.52
 184999.752   119.144     7.75    6.87
 185378.497   119.762     1.63    6.53
 185757.177   117.909    -4.89    6.83
 186135.791   116.407    -3.97    6.97
 186514.338   114.247    -5.71    6.33
 186892.820   113.623    -1.65    5.13
 187271.236   113.879     0.68    4.07
 187649.585   115.942     5.45    4.56
 188027.869   118.147     5.83    6.17
 188406.087   119.623     3.90    6.15
 188784.240   120.384     2.01    5.85
 189162.326   118.426    -5.18    6.77
 189540.347   114.276   -10.98    7.80
 189918.302   111.679    -6.87    7.28
 190296.191   111.740     0.16    6.22
 190674.015   114.195     6.50    6.50
 191051.773   115.458     3.34    4.39
 191429.465   112.926    -6.70    5.61
 191807.092   108.609   -11.43    5.89
 192184.654   104.328   -11.34    3.70
 192562.150   101.302    -8.01    4.27
 192939.580    98.609    -7.13    4.55
 193316.945    99.197     1.56    5.90
 193694.245   104.221    13.31   10.29
 194071.480   111.558    19.45   10.44
 194448.649   118.284    17.83    6.06
 194825.753   121.005     7.21    3.58
 195202.791   120.172    -2.21    4.35
 195579.765   118.624    -4.10    3.86
 195956.673   117.571    -2.79    2.45
 196333.516   116.679    -2.37    2.86
 196710.295   115.646    -2.74    3.83
 197087.008   113.979    -4.42    4.23
 197463.656   112.597    -3.67    3.63
 197840.239   113.150     1.47    3.27
 198216.757   113.407     0.68    2.98
 198593.210   114.040     1.68    3.27
 198969.598   114.584     1.45    4.33
 199345.922   114.943     0.95    5.35
 199722.180   115.400     1.21    5.69
 200098.374   114.930    -1.25    5.65
 200474.503   114.000    -2.47    5.72
 200850.567   111.200    -7.44    4.66
 201226.567   109.331    -4.97    2.60
 201602.502   109.103    -0.61    2.95
 201978.372   110.291     3.16    4.16
 202354.178   113.459     8.43    5.93
 202729.919   118.488    13.38    6.80
 203105.596   121.097     6.94    6.24
 203481.208   122.922     4.86    5.29
 203856.756   122.182    -1.97    5.04
 204232.239   118.787    -9.04    4.33
 204607.658   116.984    -4.80    4.24
 204983.013   115.505    -3.94    3.05
 205358.303   114.722    -2.09    2.09
 205733.529   114.755     0.09    2.35
 206108.691   112.534    -5.92    5.22
 206483.789   106.956   -14.87    8.40
 206858.822   100.809   -16.39   10.08
 207233.791    94.713   -16.26    8.43
 207608.696    91.392    -8.86    6.08
 207983.537    90.505    -2.36    6.02
 208358.314    92.519     5.37    8.25
 208733.027    95.792     8.73    8.61
 209107.676    97.661     4.99    7.35
 209482.261    97.863     0.54    6.18
 209856.782    94.982    -7.69    5.22
 210231.239    92.787    -5.86    3.92
 210605.633    91.519    -3.39    3.17
 210979.962    90.647    -2.33    3.13
 211354.228    90.998     0.94    3.79
 211728.430    92.610     4.31    4.14
 212102.568    94.864     6.03    3.92
 212476.643    96.377     4.04    3.67
 212850.654    97.530     3.08    4.49
 213224.601    97.534     0.01    4.30
 213598.485    98.179     1.72    4.05
 213972.305   101.066     7.72    4.23
 214346.061   102.625     4.17    3.77
 214719.754   104.116     3.99    2.91
 215093.384   104.518     1.07    2.16
 215466.950   105.366     2.27    2.08
 215840.453   105.224    -0.38    2.27
 216213.893   103.384    -4.93    3.69
 216587.269   100.413    -7.96    5.07
 216960.582    98.547    -5.00    4.44
 217333.831    99.032     1.30    4.80
 217707.017   101.648     7.01    5.01
 218080.141   104.736     8.28    2.76
 218453.200   105.507     2.07    1.95
 218826.197   105.507     0.00    2.12
 219199.131   105.508     0.00    2.14
 219572.002   106.242     1.97    2.15
 219944.809   106.366     0.33    2.13
 220317.554   107.117     2.01    2.58
 220690.236   106.784    -0.89    3.14
 221062.854   106.129    -1.76    3.13
 221435.410   105.297    -2.23    3.30
 221807.903   104.405    -2.39    2.78
 222180.333   103.143    -3.39    2.18
 222552.700   101.559    -4.25    2.36
 222925.005   100.117    -3.87    2.65
 223297.246    98.260    -4.99    2.64
 223669.425    97.123    -3.05    2.02
 224041.542    96.660    -1.24    1.79
 224413.595    96.174    -1.31    1.87
 224785.586    95.995    -0.48    1.82
 225157.515    95.282    -1.92    2.10
 225529.381    95.447     0.44    2.51
 225901.184    96.979     4.12    3.32
 226272.925    98.507     4.11    3.43
 226644.603   100.312     4.85    2.53
 227016.219   101.493     3.18    2.05
 227387.773   101.143    -0.94    2.06
 227759.264    99.597    -4.16    2.46
 228130.693    98.744    -2.30    2.65
 228502.059    96.784    -5.28    2.63
 228873.364    94.731    -5.53    2.79
 229244.606    92.698    -5.47    2.96
 229615.786    90.374    -6.26    2.77
 229986.903    88.636    -4.68    2.42
 230357.959    87.974    -1.78    2.40
 230728.952    86.789    -3.19    3.32
 231099.883    86.731    -0.16    3.60
 231470.753    85.897    -2.25    3.79
 231841.560    84.638    -3.40    3.81
 232212.305    83.875    -2.06    3.37
 232582.989    83.224    -1.76    2.16
 232953.610    83.662     1.18    2.51
 233324.169    84.624     2.59    2.91
 233694.667    86.558     5.22    3.97
 234065.103    88.097     4.15    4.44
 234435.477    89.222     3.04    3.74
 234805.789    89.024    -0.53    3.92
 235176.040    87.534    -4.02    4.35
 235546.228    84.491    -8.22    5.33
 235916.356    81.251    -8.75    6.72
 236286.421    79.182    -5.59    6.87
 236656.425    78.117    -2.88    4.91
 237026.367    77.451    -1.80    3.85
 237396.248    77.247    -0.55    3.70
 237766.067    76.211    -2.80    3.82
 238135.825    75.172    -2.81    3.57
 238505.521    74.571    -1.62    3.92
 238875.156    75.661     2.95    5.10
 239244.729    76.200     1.46    5.35
 239614.241    75.169    -2.79    5.30
 239983.692    72.940    -6.03    4.63
 240353.082    70.015    -7.92    3.28
 240722.410    68.251    -4.77    2.47
 241091.677    67.222    -2.79    1.86
 241460.882    66.918    -0.82    1.88
 241830.027    66.828    -0.24    2.18
 242199.110    66.351    -1.29    2.71
 242568.133    64.779    -4.26    3.84
 242937.094    64.026    -2.04    3.72
 243305.994    64.366     0.92    4.36
 243674.833    65.966     4.34    5.03
 244043.611    68.331     6.41    4.77
 244412.328    70.273     5.26    3.22
 244780.985    71.571     3.52    2.02
 245149.580    71.779     0.56    2.67
 245518.114    72.918     3.09    3.33
 245886.588    74.736     4.93    5.58
 246255.001    77.661     7.94    7.53
 246623.353    80.675     8.18    8.00
 246991.644    81.870     3.24    8.34
 247359.874    83.097     3.33    7.08
 247728.044    84.071     2.64    6.24
 248096.153    84.117     0.12    5.71
 248464.202    82.680    -3.90    5.79
 248832.190    82.498    -0.49    6.21
