# NaN NaN NaN ;Mean Elev.(m), Avg Gradient(m/km), RMS Gradient(m/km) - SRTM1     
#   17.630  -1.822   3.585 ;Mean Elev.(m), Avg Gradient(m/km), RMS Gradient(m/km) - ASTER GDEM
#   26.318  -0.259   2.735 ;Mean Elev.(m), Avg Gradient(m/km), RMS Gradient(m/km) - GMTED2010 
  9    26.823 52530.67292150 48.41  71.941603  61.243904 30.001
  9    26.768 52530.67292215 45.55  71.939253  61.247054 30.001
  9    26.739 52530.67292279 47.61  71.936893  61.250214 30.001
  9    26.759 52530.67292344 44.07  71.934543  61.253374 30.001
 10    29.037 52565.67293981 22.23  71.960309  61.240192 27.112
 10    28.597 52565.67294046 22.09  71.957959  61.243352 27.112
 10    27.519 52565.67294110 24.35  71.955609  61.246502 27.112
 11    25.342 52600.67296012 42.53  71.959593  61.239303 16.449
 11    25.409 52600.67296076 42.33  71.957243  61.242463 16.449
 11    25.309 52600.67296141 36.04  71.954893  61.245613 16.449
 11    25.180 52600.67296205 32.22  71.952543  61.248773 16.449
 12    26.101 52635.67292092 18.78  71.947677  61.241520  4.311
 12    25.988 52635.67292157 19.39  71.945327  61.244680  4.311
 12    26.043 52635.67292221 19.25  71.942977  61.247830  4.311
 12    25.822 52635.67292286 20.15  71.940627  61.250990  4.311
 13    26.396 52670.67292830 13.99  71.958685  61.241377  3.262
 13    25.131 52670.67292894 14.86  71.956335  61.244527  3.262
 13    25.128 52670.67292958 15.27  71.953985  61.247687  3.262
 14    29.041 52705.67292131 12.47  71.954209  61.240897  2.515
 14    26.636 52705.67292195 12.86  71.951859  61.244047  2.515
 14    27.080 52705.67292259 12.14  71.949509  61.247207  2.515
 14    27.132 52705.67292324 12.54  71.947159  61.250367  2.515
 15    30.550 52740.67295497  1.40  71.961401  61.239561  6.182
 15    24.921 52740.67295561  8.54  71.959051  61.242711  6.182
 15    24.819 52740.67295626 14.10  71.956701  61.245871  6.182
 15    24.816 52740.67295690 12.04  71.954351  61.249031  6.182
 16    29.734 52775.67290043 46.88  71.976401  61.238742 34.551
 16    29.717 52775.67290107 47.73  71.974051  61.241902 34.551
 16    29.704 52775.67290172 47.48  71.971701  61.245052 34.551
 17    30.456 52810.67297795 30.03  71.943409  61.244616 47.789
 17    30.224 52810.67297859 29.87  71.941059  61.247776 47.789
 17    30.304 52810.67297924 30.79  71.938709  61.250926 47.789
 18    27.069 52845.67303297 44.97  71.948250  61.241519 29.114
 18    27.200 52845.67303362 48.71  71.945900  61.244679 29.114
 18    27.075 52845.67303426 53.97  71.943550  61.247829 29.114
 18    27.170 52845.67303491 47.06  71.941190  61.250989 29.114
 19    24.663 52880.67306973 31.22  71.955926  61.239471 26.155
 19    24.660 52880.67307038 33.59  71.953576  61.242621 26.155
 19    24.781 52880.67307102 34.11  71.951216  61.245781 26.155
 19    25.475 52880.67307167 30.59  71.948866  61.248941 26.155
 20    24.053 52915.67302667 53.47  71.971308  61.239312 23.713
 20    23.924 52915.67302732 41.00  71.968958  61.242472 23.713
 20    25.156 52915.67302796 38.45  71.966608  61.245622 23.713
 21    23.989 52950.67298757 44.69  71.950315  61.241012 15.245
 21    24.110 52950.67298821 46.83  71.947965  61.244172 15.245
 21    23.974 52950.67298886 36.48  71.945615  61.247332 15.245
 21    23.941 52950.67298950 33.80  71.943255  61.250482 15.245
 22    23.752 52985.67300894 40.38  71.963187  61.240758 16.910
 22    23.895 52985.67300959 29.30  71.960837  61.243908 16.910
 22    23.519 52985.67301023 29.20  71.958477  61.247068 16.910
 23    24.109 53020.67299877 38.88  71.969125  61.238642  8.839
 23    23.860 53020.67299941 28.63  71.966775  61.241802  8.839
 23    23.734 53020.67300006 22.00  71.964425  61.244952  8.839
 23    23.592 53020.67300070 15.91  71.962075  61.248112  8.839
 24    23.697 53055.67298741 44.44  71.958098  61.240816  8.946
 24    23.758 53055.67298806 21.67  71.955748  61.243966  8.946
 24    23.679 53055.67298870 14.29  71.953398  61.247126  8.946
 25    23.923 53090.67302480 18.74  71.960679  61.240125  5.232
 25    23.941 53090.67302544 15.16  71.958329  61.243275  5.232
 25    26.117 53090.67302609 11.39  71.955979  61.246435  5.232
 26    24.716 53125.67299593 22.48  71.952286  61.242112  7.629
 26    24.892 53125.67299658 19.63  71.949936  61.245272  7.629
 26    24.725 53125.67299722 19.08  71.947586  61.248432  7.629
 27    29.844 53160.67305733 32.63  71.949551  61.241980 40.808
 27    29.491 53160.67305798 26.69  71.947201  61.245140 40.808
 27    29.478 53160.67305862 25.85  71.944841  61.248300 40.808
 27    29.676 53160.67305927 25.56  71.942491  61.251450 40.808
 28    30.134 53195.67305378 27.06  71.961674  61.240591 31.527
 28    29.789 53195.67305443 24.26  71.959324  61.243741 31.527
 28    29.947 53195.67305507 31.15  71.956974  61.246901 31.527
 29    25.761 53230.67303919 47.03  71.967944  61.239891 25.286
 29    25.667 53230.67303984 35.78  71.965594  61.243051 25.286
 29    25.886 53230.67304048 33.86  71.963244  61.246201 25.286
 30    28.713 53265.67300940 23.60  71.972051  61.239403 22.206
 30    25.083 53265.67301004 26.28  71.969701  61.242563 22.206
 30    25.217 53265.67301069 30.44  71.967351  61.245713 22.206
 31    25.115 53300.67305950 47.47  71.940993  61.243495 21.277
 31    25.279 53300.67306014 50.61  71.938643  61.246645 21.277
 31    25.205 53300.67306079 51.21  71.936293  61.249805 21.277
 31    25.154 53300.67306143 49.28  71.933933  61.252965 21.277
 32    26.286 53335.67302884 34.41  71.961823  61.238527  9.520
 32    26.236 53335.67302948 30.86  71.959473  61.241687  9.520
 32    26.196 53335.67303012 29.48  71.957123  61.244837  9.520
 32    26.087 53335.67303077 28.64  71.954773  61.247997  9.520
 33    28.855 53370.67296616 17.67  71.977017  61.236398  4.007
 33    28.070 53370.67296680 19.00  71.974667  61.239558  4.007
 33    25.665 53370.67296745 19.61  71.972317  61.242718  4.007
 33    25.621 53370.67296809 21.59  71.969967  61.245868  4.007
 35    26.573 53440.67298797 12.51  71.971722  61.239140  2.931
 35    25.196 53440.67298861 13.58  71.969372  61.242300  2.931
 35    24.479 53440.67298926 14.70  71.967022  61.245450  2.931
 36    26.785 53475.67305418  8.92  71.948468  61.241408  2.691
 36    25.002 53475.67305483  9.46  71.946108  61.244568  2.691
 36    26.802 53475.67305547  9.02  71.943758  61.247728  2.691
 36    25.254 53475.67305612 10.41  71.941408  61.250878  2.691
 37    29.864 53510.67306870 44.13  71.959256  61.238848 37.090
 37    29.655 53510.67306935 37.39  71.956906  61.242008 37.090
 37    29.635 53510.67306999 39.44  71.954556  61.245158 37.090
 37    29.669 53510.67307063 42.10  71.952196  61.248318 37.090
 38    29.455 53545.67308584 25.58  71.957617  61.240819 37.658
 38    29.227 53545.67308648 24.90  71.955267  61.243969 37.658
 38    29.473 53545.67308713 26.05  71.952917  61.247129 37.658
 39    26.617 53580.67306008 48.95  71.965979  61.238006 30.025
 39    26.505 53580.67306073 52.67  71.963629  61.241166 30.025
 39    26.568 53580.67306137 43.61  71.961279  61.244316 30.025
 39    26.689 53580.67306202 49.74  71.958929  61.247476 30.025
 40    24.819 53615.67301489 46.71  71.968779  61.239060 22.590
 40    24.887 53615.67301553 47.73  71.966429  61.242220 22.590
 40    25.026 53615.67301618 33.49  71.964079  61.245370 22.590
 41    27.009 53650.67302777 19.63  71.954412  61.241925 32.287
 41    25.006 53650.67302842 24.49  71.952052  61.245075 32.287
 41    25.174 53650.67302906 32.53  71.949702  61.248235 32.287
 42    23.705 53685.67303588 44.25  71.956810  61.239323 16.925
 42    23.729 53685.67303652 45.75  71.954460  61.242473 16.925
 42    23.552 53685.67303717 36.80  71.952110  61.245633 16.925
 42    23.515 53685.67303781 35.15  71.949760  61.248793 16.925
 43    25.276 53720.67296151 30.23  71.974091  61.238984  9.262
 43    25.088 53720.67296216 27.60  71.971741  61.242144  9.262
 43    24.913 53720.67296280 26.38  71.969391  61.245294  9.262
 44    24.705 53755.67288876 13.55  71.958187  61.240445  3.456
 44    24.558 53755.67288941 14.05  71.955837  61.243605  3.456
 44    24.410 53755.67289005 14.40  71.953487  61.246755  3.456
 45    24.048 53790.67291637 11.89  71.968179  61.237947  2.931
 45    24.141 53790.67291702 11.76  71.965829  61.241107  2.931
 45    24.642 53790.67291766 12.21  71.963479  61.244257  2.931
 45    23.963 53790.67291831 12.55  71.961129  61.247417  2.931
 46    28.187 53825.67287554 10.77  71.951387  61.240468  2.323
 46    26.868 53825.67287618 11.69  71.949037  61.243628  2.323
 46    26.971 53825.67287683 11.38  71.946687  61.246788  2.323
 46    26.827 53825.67287747 11.61  71.944327  61.249938  2.323
 47    24.593 53860.67296834 21.22  71.949302  61.242303  9.273
 47    24.676 53860.67296899 23.42  71.946952  61.245463  9.273
 47    24.532 53860.67296963 22.79  71.944602  61.248623  9.273
 47    24.561 53860.67297028 21.13  71.942252  61.251773  9.273
 48    29.956 53895.67298669 51.43  71.957583  61.240149 45.086
 48    29.762 53895.67298734 53.77  71.955223  61.243299 45.086
 48    29.771 53895.67298798 53.63  71.952873  61.246459 45.086
 48    29.781 53895.67298863 52.01  71.950523  61.249619 45.086
 49    29.474 53930.67303991 27.94  71.948195  61.243092 43.743
 49    29.461 53930.67304055 27.23  71.945845  61.246252 43.743
 49    29.603 53930.67304120 42.31  71.943495  61.249412 43.743
 50    28.126 53965.67301630 21.66  71.957875  61.240103 29.580
 50    25.737 53965.67301695 26.08  71.955525  61.243253 29.580
 50    25.825 53965.67301759 27.99  71.953175  61.246413 29.580
 50    25.719 53965.67301824 29.61  71.950825  61.249573 29.580
 51    27.200 54000.67297621 26.12  71.942784  61.244851 25.075
 51    25.290 54000.67297686 28.26  71.940434  61.248001 25.075
 51    25.090 54000.67297750 30.81  71.938084  61.251161 25.075
 52    24.691 54035.67301715 41.69  71.958168  61.240274 17.138
 52    24.605 54035.67301780 35.60  71.955808  61.243424 17.138
 52    24.736 54035.67301844 33.96  71.953458  61.246584 17.138
 53    26.944 54070.67301118 27.23  71.962120  61.240458  6.951
 53    27.006 54070.67301183 26.39  71.959770  61.243608  6.951
 53    26.857 54070.67301247 27.46  71.957420  61.246768  6.951
 54    25.478 54105.67296391 14.67  71.972335  61.238915  3.790
 54    25.415 54105.67296456 15.29  71.969985  61.242075  3.790
 54    25.291 54105.67296520 15.87  71.967645  61.245225  3.790
 55    24.944 54140.67294389 24.30  71.954046  61.239549  7.819
 55    24.924 54140.67294454 36.21  71.951686  61.242699  7.819
 55    24.800 54140.67294518 33.54  71.949336  61.245859  7.819
 55    24.754 54140.67294583 19.18  71.946986  61.249019  7.819
 56    29.035 54175.67294489 12.22  71.965362  61.240828  2.833
 56    28.611 54175.67294554 12.10  71.963012  61.243978  2.833
 56    27.372 54175.67294618 13.60  71.960662  61.247138  2.833
 57    25.523 54210.67295102 35.41  71.952160  61.241672 31.269
 57    25.498 54210.67295166 30.39  71.949800  61.244832 31.269
 57    25.597 54210.67295231 29.02  71.947450  61.247982 31.269
 57    26.103 54210.67295295 24.02  71.945100  61.251142 31.269
 58    30.603 54245.67298098 27.62  71.957659  61.240361 39.685
 58    30.156 54245.67298162 25.22  71.955309  61.243511 39.685
 58    30.379 54245.67298227 27.79  71.952949  61.246671 39.685
 58    30.485 54245.67298291 30.50  71.950599  61.249831 39.685
 59    31.364 54280.67299184 28.53  71.958875  61.240460 39.331
 59    31.243 54280.67299248 30.94  71.956525  61.243610 39.331
 59    31.444 54280.67299313 32.53  71.954175  61.246770 39.331
 60    30.751 54315.67299068 26.69  71.963719  61.240442 35.716
 60    30.494 54315.67299132 26.94  71.961369  61.243602 35.716
 60    30.719 54315.67299197 26.64  71.959019  61.246752 35.716
 61    29.319 54350.67295823 25.61  71.969351  61.238530 24.590
 61    26.569 54350.67295887 25.53  71.967001  61.241690 24.590
 61    26.636 54350.67295952 33.00  71.964651  61.244840 24.590
 61    26.593 54350.67296016 33.31  71.962301  61.248000 24.590
 62    25.642 54385.67292949 28.73  71.957661  61.239722 29.139
 62    25.631 54385.67293013 29.28  71.955301  61.242872 29.139
 62    25.738 54385.67293078 31.72  71.952951  61.246032 29.139
 62    25.639 54385.67293142 35.50  71.950601  61.249192 29.139
 63    25.553 54420.67290835 32.57  71.965312  61.240825 12.829
 63    25.397 54420.67290900 31.84  71.962962  61.243975 12.829
 63    25.312 54420.67290964 33.70  71.960612  61.247135 12.829
 64    25.587 54455.67290245 48.16  71.948751  61.242294 12.231
 64    25.488 54455.67290309 38.21  71.946401  61.245454 12.231
 64    25.556 54455.67290374 19.94  71.944051  61.248604 12.231
 64    25.371 54455.67290438 19.66  71.941691  61.251764 12.231
 65    25.530 54490.67290920 18.43  71.964471  61.240994  4.178
 65    24.555 54490.67290985 20.77  71.962121  61.244144  4.178
 65    24.267 54490.67291049 23.44  71.959771  61.247304  4.178
 66    24.419 54525.67291448 32.54  71.957776  61.239312  7.008
 66    24.273 54525.67291512 34.34  71.955426  61.242472  7.008
 66    24.068 54525.67291577 25.67  71.953076  61.245622  7.008
 66    24.174 54525.67291641 14.89  71.950726  61.248782  7.008
 67    28.223 54560.67291734  8.53  71.968134  61.237865  3.936
 67    24.359 54560.67291799 10.00  71.965784  61.241025  3.936
 67    24.142 54560.67291863 12.88  71.963434  61.244185  3.936
 67    23.924 54560.67291928 15.39  71.961084  61.247335  3.936
 68    27.966 54595.67291072 34.58  71.959162  61.240301 27.151
 68    27.946 54595.67291136 37.72  71.956812  61.243461 27.151
 68    27.950 54595.67291201 40.26  71.954462  61.246611 27.151
 69    30.821 54630.67292444 48.69  71.959105  61.239886 38.111
 69    30.645 54630.67292509 49.08  71.956755  61.243046 38.111
 69    30.618 54630.67292573 46.36  71.954405  61.246196 38.111
 69    30.634 54630.67292638 44.37  71.952055  61.249356 38.111
 70    29.230 54665.67293093 25.18  71.957728  61.239857 25.262
 70    28.838 54665.67293157 20.54  71.955378  61.243017 25.262
 70    29.247 54665.67293222 18.78  71.953028  61.246167 25.262
 70    29.497 54665.67293286 19.81  71.950678  61.249327 25.262
 71    25.276 54700.67289996 46.58  71.970974  61.238764 17.404
 71    25.306 54700.67290060 46.57  71.968624  61.241924 17.404
 71    25.034 54700.67290125 37.91  71.966274  61.245084 17.404
 71    25.210 54700.67290189 48.77  71.963924  61.248234 17.404
 72    24.688 54735.67289087 42.95  71.950247  61.242310 32.044
 72    24.748 54735.67289152 43.69  71.947897  61.245460 32.044
 72    24.771 54735.67289216 45.89  71.945547  61.248620 32.044
 72    24.649 54735.67289280 48.31  71.943194  61.251772 28.581
 73    29.220 54770.67288056 21.58  71.964618  61.239894 17.569
 73    27.778 54770.67288120 27.23  71.962258  61.243054 17.569
 73    26.226 54770.67288185 26.99  71.959918  61.246204 17.569
 74    26.645 54805.67288440 24.04  71.950284  61.241385  7.359
 74    26.698 54805.67288505 25.26  71.947934  61.244545  7.359
 74    26.613 54805.67288569 27.04  71.945574  61.247705  7.359
 74    26.737 54805.67288634 27.81  71.943227  61.250855  9.872
 75    26.047 54840.67287615 15.04  71.961231  61.240234  3.651
 75    26.053 54840.67287679 16.02  71.958881  61.243394  3.651
 75    25.808 54840.67287744 17.04  71.956531  61.246544  3.651
 76    26.796 54875.67288526 11.22  71.953975  61.242024  2.417
 76    26.283 54875.67288591 11.81  71.951625  61.245174  2.417
 76    26.093 54875.67288655 11.96  71.949275  61.248334  2.417
 77    26.731 54910.67288151 11.28  71.966711  61.240411  2.456
 77    26.777 54910.67288215 12.00  71.964361  61.243571  2.456
 77    26.264 54910.67288279 12.66  71.962011  61.246721  2.456
 78    25.836 54945.67287833 31.02  71.951095  61.242358 23.575
 78    25.845 54945.67287898 34.02  71.948745  61.245508 23.575
 78    25.909 54945.67287962 40.08  71.946385  61.248668 23.575
 79    29.724 54980.67290405 27.34  71.958940  61.240313 30.547
 79    29.419 54980.67290469 21.33  71.956590  61.243473 30.547
 79    29.273 54980.67290534 20.68  71.954240  61.246623 30.547
 80    29.586 55015.67290586 49.00  71.960159  61.239864 28.095
 80    29.402 55015.67290651 44.73  71.957809  61.243024 28.095
 80    29.496 55015.67290715 39.68  71.955459  61.246174 28.095
 80    29.535 55015.67290780 45.46  71.953109  61.249334 28.095
 81    29.543 55050.67290037 19.51  71.961204  61.240417 23.314
 81    27.337 55050.67290102 25.88  71.958854  61.243577 23.314
 81    27.348 55050.67290166 28.67  71.956504  61.246727 23.314
 82    28.922 55085.67286581 25.71  71.971147  61.238787 18.083
 82    25.416 55085.67286645 26.22  71.968797  61.241937 18.083
 82    25.465 55085.67286710 25.02  71.966447  61.245097 18.083
 82    25.384 55085.67286774 24.60  71.964097  61.248257 18.083
 83    28.089 55120.67283403 19.29  71.953591  61.241798 23.608
 83    27.021 55120.67283468 22.04  71.951241  61.244958 23.608
 83    25.549 55120.67283532 24.19  71.948881  61.248118 23.608
 84    25.848 55155.67282554 27.46  71.965272  61.238018  7.945
 84    25.855 55155.67282619 29.11  71.962922  61.241178  7.945
 84    25.799 55155.67282683 27.14  71.960572  61.244338  7.945
 84    25.421 55155.67282748 27.28  71.958222  61.247488  7.945
 85    25.206 55190.67282369 16.75  71.950170  61.241940  3.365
 85    25.232 55190.67282433 18.23  71.947810  61.245090  3.365
 85    25.159 55190.67282497 18.39  71.945460  61.248250  3.365
 85    25.023 55190.67282562 18.39  71.943110  61.251402  3.718
 86    26.683 55225.67282628 12.16  71.963087  61.240317  2.656
 86    24.901 55225.67282692 13.68  71.960737  61.243477  2.656
 86    24.855 55225.67282757 13.82  71.958387  61.246627  2.656
 87    27.338 55260.67281854 11.35  71.959755  61.239476  2.437
 87    25.226 55260.67281918 12.86  71.957405  61.242636  2.437
 87    25.987 55260.67281983 11.91  71.955055  61.245786  2.437
 87    25.682 55260.67282047 13.02  71.952705  61.248946  2.437
 88    29.931 55295.67281141  8.45  71.969422  61.237852  1.985
 88    29.409 55295.67281206  9.31  71.967072  61.241012  1.985
 88    29.239 55295.67281270  8.99  71.964722  61.244172  1.985
 88    28.968 55295.67281334  8.84  71.962372  61.247322  1.985
 89    28.965 55330.67279969 51.82  71.959528  61.238424 38.555
 89    28.967 55330.67280034 51.64  71.957178  61.241584 38.555
 89    28.892 55330.67280098 52.82  71.954828  61.244744 38.555
 89    28.812 55330.67280163 53.60  71.952478  61.247894 38.555
 90    30.146 55365.67279330 26.73  71.964135  61.240905 27.632
 90    29.924 55365.67279394 26.54  71.961775  61.244065 27.632
 90    30.099 55365.67279459 30.68  71.959435  61.247215 27.632
 91    30.457 55400.67280624 46.20  71.950699  61.242573 39.638
 91    30.488 55400.67280688 50.09  71.948339  61.245723 39.638
 91    30.522 55400.67280753 51.52  71.945989  61.248883 39.638
 92    29.735 55435.67280993 20.26  71.965158  61.238617 17.100
 92    26.921 55435.67281057 22.90  71.962808  61.241777 17.100
 92    27.123 55435.67281122 26.11  71.960458  61.244937 17.100
 92    26.876 55435.67281186 31.06  71.958108  61.248097 17.100
 93    28.955 55470.67276242 23.03  71.973018  61.239003 18.090
 93    28.751 55470.67276307 19.63  71.970668  61.242163 18.090
 93    25.628 55470.67276371 22.39  71.968318  61.245323 18.090
