# NaN NaN NaN ;Mean Elev.(m), Avg Gradient(m/km), RMS Gradient(m/km) - SRTM1     
#   10.509   2.301  18.952 ;Mean Elev.(m), Avg Gradient(m/km), RMS Gradient(m/km) - ASTER GDEM
#   27.500   1.128  15.154 ;Mean Elev.(m), Avg Gradient(m/km), RMS Gradient(m/km) - GMTED2010 
  8  68.370245  61.146747    72.384    83.361  3 52482.27054363  4.527
 10  68.379200  61.144103    85.850    85.748  3 52552.27054791  7.013
 11  68.375913  61.142829    19.328    19.307  3 52587.27052524 44.598
 12  68.367098  61.145807    20.886    20.599  3 52622.27049074 22.266
 15  68.377467  61.142944    19.267    18.911  3 52727.27052461 14.355
 16  68.358567  61.149442    22.494    22.494  2 52762.27053833 25.260
 17  68.390769  61.142227    86.324    86.260  3 52797.27050114  4.448
 18  68.389534  61.141343    24.645    24.883  4 52832.27057312 26.838
 19  68.384874  61.142312    28.479    24.384  3 52867.27061609 20.033
 21  68.363812  61.147621    20.929    20.592  3 52937.27057610 22.220
 22  68.378689  61.144210    16.985    17.009  3 52972.27060596 23.977
 23  68.368824  61.144652    18.594    18.587  3 53007.27061713 15.390
 24  68.383756  61.144185    19.238    19.125  3 53042.27057127 11.249
 25  68.368101  61.145646    20.385    20.385  2 53077.27060460  9.836
 27  68.374366  61.144555    87.025    87.025  2 53147.27061856  3.816
 28  68.381172  61.144781    66.419    66.419  2 53182.27062135  2.997
 29  68.373292  61.144449    21.106    20.353  3 53217.27064530 31.706
 31  68.378976  61.144023    50.457    50.142  3 53287.27062076  7.219
 32  68.383458  61.143693    20.357    20.418  3 53322.27059683 22.404
 34  68.384396  61.144589    19.527    19.527  2 53392.27057767 17.989
 35  68.374857  61.145670    19.522    19.864  3 53427.27057312 14.710
 36  68.387670  61.143172    22.789    22.745  3 53462.27058874  8.194
 37  68.371088  61.145864    76.910    84.140  3 53497.27066297  4.581
 38  68.376694  61.144900    85.379    85.047  3 53532.27064321  3.395
 40  68.368387  61.144765    21.605    21.256  3 53602.27060993 21.420
 41  68.381100  61.145070    53.412    53.412  2 53637.27060718  6.004
 44  68.363535  61.146619    19.838    19.838  2 53742.27047199 16.736
 45  68.381628  61.142413    18.305    18.299  3 53777.27049730  7.754
 46  68.365449  61.146385    23.271    23.486  3 53812.27047426  5.188
 47  68.378440  61.142039    24.536    24.364  3 53847.27052707  8.418
 52  68.383486  61.143109    21.686    21.845  3 54022.27059224 18.206
 53  68.383889  61.142916    19.817    19.952  3 54057.27058456 36.669
 55  68.385853  61.140663    22.485    23.311  3 54127.27050172 11.522
 56  68.371343  61.143500    24.412    24.418  3 54162.27053624  8.023
 57  68.381108  61.140732    23.769    23.769  2 54197.27050423  7.571
 58  68.377849  61.143001    86.568    86.235  3 54232.27054915  7.796
 59  68.376706  61.144372    86.379    86.229  3 54267.27056712  5.178
 60  68.376518  61.144420    42.013    42.013  2 54302.27057151 24.538
 61  68.370677  61.143019    24.526    24.526  2 54337.27055849 26.975
 62  68.383632  61.145621    52.599    52.599  2 54372.27050389  8.350
 63  68.372939  61.144652    60.457    60.457  2 54407.27050337  3.241
 65  68.376814  61.143616    22.377    23.436  3 54477.27049203 13.851
 66  68.385216  61.141061    22.404    23.220  3 54512.27047986 14.194
 67  68.371924  61.144331    24.531    24.763  3 54547.27050597  8.243
 68  68.378495  61.143775    18.960    19.227  3 54582.27047499 24.797
 69  68.376518  61.143663    84.852    84.852  2 54617.27049609  8.628
 71  68.370513  61.144748    23.846    23.846  2 54687.27049916 18.269
 74  68.384591  61.141939    18.188    18.260  3 54792.27044866 40.696
 76  68.384392  61.142722    19.675    19.722  3 54862.27044231 19.870
 77  68.371488  61.144800    18.275    18.262  3 54897.27047256 14.388
 78  68.380626  61.143127    25.593    20.827  3 54932.27043820  8.904
 79  68.375687  61.144058    86.425    86.659  3 54967.27047308  3.634
 82  68.369832  61.145351    40.493    40.493  2 55072.27046623 12.086
 83  68.384492  61.144686    50.285    50.285  2 55107.27041139 13.227
 85  68.387953  61.142694    20.401    20.429  3 55177.27038234 21.899
 87  68.381302  61.142336    22.152    22.045  3 55247.27038522  6.201
 89  68.374128  61.144074    85.927    85.715  3 55317.27037391  3.655
 91  68.383306  61.145005    49.347    49.347  2 55387.27037340  7.511
 92  68.375968  61.144289    23.232    23.504  3 55422.27039547 13.889
