-205925.157    75.846     0.00    4.06
-205556.283    75.046    -2.17    2.98
-205187.474    74.225    -2.23    1.49
-204818.732    74.762     1.45    1.19
-204450.056    75.046     0.77    0.91
-204081.446    75.198     0.41    0.81
-203712.902    75.251     0.14    0.68
-203344.423    75.169    -0.22    0.58
-202976.011    75.053    -0.32    0.53
-202607.664    74.869    -0.50    0.52
-202239.383    74.657    -0.58    0.65
-201871.168    74.303    -0.96    0.69
-201503.019    73.940    -0.99    0.63
-201134.935    73.497    -1.21    0.64
-200766.917    73.027    -1.28    0.66
-200398.964    72.412    -1.67    0.75
-200031.077    71.889    -1.42    0.82
-199663.255    71.145    -2.02    0.85
-199295.499    70.495    -1.77    0.80
-198927.809    69.768    -1.98    0.87
-198560.184    69.114    -1.78    0.82
-198192.624    68.378    -2.00    0.76
-197825.130    67.785    -1.61    0.78
-197457.701    67.128    -1.79    0.74
-197090.337    66.446    -1.86    0.78
-196723.038    65.828    -1.68    0.83
-196355.805    64.974    -2.32    1.03
-195988.637    64.046    -2.53    1.07
-195621.534    63.257    -2.15    1.06
-195254.496    62.507    -2.04    0.89
-194887.523    61.918    -1.61    0.91
-194520.616    61.568    -0.95    0.84
-194153.773    61.352    -0.59    0.86
-193786.995    61.113    -0.65    0.80
-193407.167    60.834    -0.73    0.67
-193026.956    60.619    -0.57    0.56
-192646.815    60.423    -0.52    0.33
-192266.745    60.341    -0.22    0.11
-191886.745    60.328    -0.03    0.00
-191506.816    60.328     0.00    0.00
-191126.957    60.194    -0.35    0.44
-190747.169    59.872    -0.85    0.71
-190367.450    59.629    -0.64    0.73
-189987.802    59.450    -0.47    0.76
-189608.224    59.637     0.49    1.11
-189228.716    60.096     1.21    1.50
-188849.278    60.755     1.74    1.93
-188469.911    61.485     1.92    2.07
-188090.613    62.291     2.13    1.97
-187711.385    62.756     1.23    1.70
-187332.228    62.995     0.63    1.23
-186953.140    63.056     0.16    0.94
-186574.122    62.610    -1.18    1.17
-186195.174    62.126    -1.28    1.31
-185816.295    61.610    -1.36    1.23
-185437.487    61.243    -0.97    0.93
-185058.748    61.172    -0.19    0.76
-184680.079    61.376     0.54    0.73
-184301.479    61.657     0.74    0.57
-183922.949    61.653    -0.01    0.65
-183544.489    61.485    -0.45    0.82
-183166.098    61.197    -0.76    0.93
-182787.777    60.596    -1.59    1.04
-182409.525    59.852    -1.97    1.34
-182031.342    58.545    -3.46    1.72
-181653.229    57.254    -3.41    1.60
-181275.185    56.328    -2.45    1.20
-180897.211    55.853    -1.26    0.83
-180519.305    55.772    -0.21    0.96
-180141.469    55.846     0.20    1.05
-179763.702    55.751    -0.25    0.90
-179386.005    55.588    -0.43    0.59
-179008.376    55.572    -0.04    0.49
-178630.817    55.788     0.57    0.74
-178253.326    56.241     1.20    1.23
-177875.904    56.982     1.96    1.64
-177498.552    57.523     1.43    1.56
-177121.268    57.751     0.60    1.32
-176744.053    57.584    -0.44    1.23
-176366.907    57.125    -1.22    1.29
-175989.830    56.495    -1.67    1.28
-175612.822    55.797    -1.85    0.78
-175235.882    55.436    -0.96    0.31
-174859.011    55.328    -0.29    0.00
-174482.209    55.328     0.00    0.00
-174105.475    55.328     0.00    0.00
-173728.810    55.328     0.00    0.00
-173352.213    55.328     0.00    0.00
-172975.685    55.328     0.00    0.00
-172599.226    55.328     0.00    0.00
-172222.835    55.328     0.00    0.00
-171846.512    55.328     0.00    0.00
-171470.257    54.923    -1.08    0.99
-171094.071    53.685    -3.29    2.03
-170717.953    52.442    -3.31    2.05
-170341.904    51.267    -3.12    1.35
-169965.922    50.964    -0.81    0.96
-169590.009    51.566     1.60    1.30
-169214.164    52.251     1.82    1.22
-168838.387    52.641     1.04    0.85
-168462.678    52.692     0.13    0.61
-168087.037    52.293    -1.06    0.76
-167711.464    51.623    -1.78    0.76
-167335.959    51.044    -1.54    0.73
-166960.522    50.590    -1.21    0.44
-166585.152    50.398    -0.51    0.26
-166209.851    50.328    -0.19    0.00
-165834.617    50.328     0.00    0.00
-165459.451    50.328     0.00    0.00
-165084.353    50.328     0.00    0.00
-164709.323    50.366     0.10    0.19
-164334.360    50.435     0.18    0.31
-163959.465    50.584     0.40    0.56
-163584.637    50.834     0.67    0.89
-163209.877    51.255     1.12    1.15
-162835.185    51.706     1.20    1.25
-162460.559    52.140     1.16    1.10
-162086.002    52.328     0.50    0.77
-161711.512    52.011    -0.85    0.94
-161337.089    51.499    -1.37    0.95
-160962.733    51.072    -1.14    0.83
-160588.445    50.778    -0.79    0.86
-160214.224    50.352    -1.14    0.83
-159840.070    49.852    -1.34    0.79
-159465.983    49.303    -1.47    0.80
-159091.964    48.748    -1.49    0.83
-158718.011    48.303    -1.19    0.84
-158344.126    47.982    -0.86    0.82
-157970.307    47.605    -1.01    0.80
-157596.556    47.353    -0.68    0.77
-157222.872    47.103    -0.67    0.81
-156849.254    47.047    -0.15    0.86
-156475.704    47.027    -0.06    0.97
-156102.220    47.163     0.37    1.22
-155728.803    47.464     0.80    1.63
-155355.453    47.746     0.76    1.92
-154982.170    48.087     0.91    2.05
-154608.953    48.480     1.05    2.04
-154235.803    48.925     1.19    1.90
-153862.720    49.277     0.94    1.73
-153489.703    49.439     0.44    1.64
-153116.753    49.728     0.77    1.58
-152743.869    49.899     0.46    1.50
-152371.052    49.915     0.04    1.46
-151998.301    50.065     0.40    1.19
-151625.617    50.090     0.07    1.02
-151252.999    50.114     0.06    0.71
-150880.447    50.176     0.17    0.43
-150507.962    50.229     0.14    0.30
-150135.543    50.100    -0.35    0.55
-149763.190    49.804    -0.79    0.80
-149390.904    49.445    -0.97    0.97
-149018.683    48.743    -1.89    1.25
-148646.529    47.892    -2.29    1.24
-148274.441    46.925    -2.60    1.29
-147902.419    46.071    -2.30    0.89
-147530.463    45.614    -1.23    0.57
-147158.573    45.391    -0.60    0.25
-146786.749    45.390    -0.00    0.24
-146414.991    45.378    -0.03    0.22
-146043.299    45.340    -0.10    0.11
-145671.672    45.328    -0.03    0.00
-145300.112    45.328     0.00    0.00
-144928.617    45.328     0.00    0.00
-144557.188    45.328     0.00    0.00
-144185.825    45.328     0.00    0.00
-143814.527    45.328     0.00    0.00
-143443.295    45.328     0.00    0.00
-143072.129    45.328     0.00    0.00
-142701.028    45.328     0.00    0.00
-142329.993    45.328     0.00    0.00
-141959.023    45.328     0.00    0.00
-141588.119    45.328     0.00    0.00
-141217.280    45.328     0.00    0.00
-140846.507    45.352     0.06    0.15
-140475.799    45.467     0.31    0.35
-140105.156    45.587     0.32    0.44
-139734.578    45.778     0.51    0.63
-139364.066    45.966     0.51    0.79
-138993.619    46.429     1.25    1.13
-138623.238    47.183     2.04    1.52
-138252.921    48.130     2.56    1.65
-137882.669    49.451     3.57    1.68
-137512.483    50.377     2.50    1.30
-137142.362    50.723     0.93    1.00
-136772.306    50.511    -0.57    1.20
-136402.314    49.978    -1.44    1.40
-136032.388    49.562    -1.12    1.38
-135662.526    49.047    -1.39    1.46
-135292.730    48.427    -1.68    1.64
-134922.998    47.474    -2.58    1.77
-134553.331    46.715    -2.05    1.66
-134183.729    45.690    -2.77    0.68
-133814.192    45.389    -0.82    0.24
-133444.719    45.328    -0.17    0.00
-133075.311    45.328     0.00    0.00
-132705.968    45.328     0.00    0.00
-132336.689    45.303    -0.07    0.16
-131967.475    45.303    -0.00    0.16
-131598.326    45.292    -0.03    0.19
-131229.241    45.240    -0.14    0.28
-130860.220    45.078    -0.44    0.44
-130491.264    44.670    -1.11    0.78
-130122.372    44.280    -1.06    0.84
-129753.545    43.977    -0.82    0.68
-129384.782    44.096     0.32    0.73
-129016.083    44.433     0.91    0.81
-128647.448    44.896     1.26    0.61
-128278.878    45.174     0.76    0.36
-127910.372    45.328     0.42    0.00
-127541.930    45.328     0.00    0.00
-127173.553    45.340     0.03    0.11
-126805.239    45.443     0.28    0.36
-126436.990    45.593     0.41    0.63
-126068.804    46.049     1.24    1.19
-125700.682    46.637     1.60    1.70
-125332.625    46.973     0.92    1.97
-124964.631    47.328     0.96    1.99
-124596.702    47.215    -0.31    2.05
-124228.836    46.657    -1.52    1.87
-123861.034    46.003    -1.78    1.23
-123493.296    45.578    -1.16    0.56
-123125.621    45.402    -0.48    0.26
-122758.011    45.353    -0.13    0.16
-122390.464    45.462     0.30    0.34
-122022.980    45.653     0.52    0.47
-121655.561    45.790     0.37    0.50
-121288.204    45.840     0.14    0.50
-120920.912    45.828    -0.03    0.50
-120553.683    45.720    -0.29    0.49
-120186.517    45.501    -0.60    0.38
-119819.415    45.354    -0.40    0.16
-119452.377    45.328    -0.07    0.00
-119085.402    45.328     0.00    0.00
-118708.868    45.328     0.00    0.00
-118328.798    45.328     0.00    0.00
-117948.797    45.290    -0.10    0.19
-117568.864    44.933    -0.94    0.66
-117189.000    44.413    -1.37    1.00
-116809.205    44.032    -1.01    0.99
-116429.478    44.229     0.52    1.54
-116049.819    45.565     3.52    2.78
-115670.229    46.760     3.15    2.64
-115290.707    47.511     1.98    2.26
-114911.253    47.720     0.55    2.08
-114531.868    47.072    -1.71    2.10
-114152.551    46.117    -2.52    1.52
-113773.302    45.572    -1.44    0.58
-113394.122    45.808     0.62    0.85
-113015.009    46.133     0.86    0.95
-112635.965    46.278     0.38    0.88
-112256.989    46.115    -0.43    0.84
-111878.080    45.828    -0.76    0.68
-111499.240    45.599    -0.60    0.52
-111120.468    45.427    -0.46    0.34
-110741.763    45.377    -0.13    0.22
-110363.127    45.328    -0.13    0.00
-109984.558    45.328     0.00    0.00
-109606.057    45.328     0.00    0.00
-109227.624    45.328     0.00    0.00
-108849.259    45.328     0.00    0.00
-108470.961    45.328     0.00    0.00
-108092.731    45.328     0.00    0.00
-107714.569    45.435     0.28    0.39
-107336.474    46.069     1.68    1.27
-106958.447    47.055     2.61    1.94
-106580.487    47.476     1.11    1.90
-106202.595    47.442    -0.09    1.81
-105824.770    46.822    -1.64    1.75
-105447.013    45.778    -2.76    0.88
-105069.323    45.340    -1.16    0.11
-104691.700    45.328    -0.03    0.00
-104314.145    45.328     0.00    0.00
-103936.656    45.340     0.03    0.11
-103559.236    45.513     0.46    0.39
-103181.882    45.877     0.96    0.69
-102804.595    46.353     1.26    0.82
-102427.376    46.995     1.70    0.79
-102050.224    47.277     0.75    0.72
-101673.138    46.889    -1.03    1.51
-101296.120    45.977    -2.42    2.28
-100919.169    44.316    -4.41    2.54
-100542.285    42.644    -4.44    2.35
-100165.467    41.603    -2.76    1.79
 -99788.717    41.081    -1.38    0.99
 -99412.033    41.413     0.88    1.28
 -99035.416    41.872     1.22    1.23
 -98658.866    41.760    -0.30    1.18
 -98282.382    41.365    -1.05    1.17
 -97905.966    40.790    -1.53    1.26
 -97529.615    39.665    -2.99    1.61
 -97153.332    38.451    -3.23    1.85
 -96777.115    37.279    -3.12    1.63
 -96400.965    36.353    -2.46    1.19
 -96024.881    35.728    -1.66    0.72
 -95648.864    35.480    -0.66    0.40
 -95272.913    35.352    -0.34    0.16
 -94897.028    35.341    -0.03    0.11
 -94521.210    35.528     0.50    0.75
 -94145.458    36.068     1.44    1.58
 -93769.773    36.590     1.39    1.98
 -93394.154    37.117     1.40    2.16
 -93018.601    37.090    -0.07    1.95
 -92643.114    36.951    -0.37    1.68
 -92267.693    35.896    -2.81    2.56
 -91892.339    34.525    -3.65    2.86
 -91517.050    33.390    -3.03    2.70
 -91141.828    33.723     0.89    2.98
 -90766.672    36.834     8.29    4.98
 -90391.581    41.046    11.23    5.84
 -90016.557    46.240    13.85    5.86
 -89641.599    51.367    13.67    5.50
 -89266.706    56.291    13.14    6.43
 -88891.879    62.113    15.53    7.06
 -88517.118    67.864    15.35    7.54
 -88142.423    73.753    15.72    7.84
 -87767.794    77.990    11.31    8.43
 -87393.230    80.935     7.86    8.08
 -87018.732    80.982     0.12    7.89
 -86644.300    81.130     0.40    6.72
 -86269.933    79.440    -4.51    5.24
 -85895.632    78.113    -3.55    5.28
 -85521.396    78.148     0.10    4.85
 -85147.226    77.328    -2.19    4.20
 -84773.121    78.859     4.09    5.84
 -84399.082    82.883    10.76    6.72
 -84025.108    84.898     5.39    7.06
 -83651.199    87.540     7.07    6.65
 -83277.356    87.264    -0.74    7.17
 -82903.578    84.815    -6.55    7.99
 -82529.866    83.353    -3.91    7.75
 -82156.218    82.118    -3.31    7.33
 -81782.636    80.725    -3.73    6.43
 -81409.119    79.540    -3.17    5.66
 -81035.667    79.977     1.17    6.30
 -80662.280    80.970     2.66    6.95
 -80288.958    83.597     7.04    7.38
 -79915.701    85.291     4.54    6.39
 -79542.510    83.959    -3.57    5.22
 -79169.383    79.340   -12.38    7.73
 -78796.321    73.193   -16.48    8.54
 -78423.324    70.735    -6.59    7.64
 -78050.392    69.841    -2.40    7.36
 -77677.524    72.377     6.80    8.57
 -77304.722    75.071     7.23    7.80
 -76931.984    76.106     2.78    6.51
 -76559.310    74.733    -3.68    5.92
 -76186.702    72.871    -5.00    4.82
 -75814.158    71.873    -2.68    4.97
 -75441.679    69.575    -6.17    4.89
 -75069.264    70.098     1.41    5.11
 -74696.914    69.218    -2.36    4.88
 -74324.629    70.382     3.13    4.80
 -73952.407    72.525     5.76    4.97
 -73580.251    73.016     1.32    5.68
 -73208.158    73.686     1.80    5.40
 -72836.131    73.950     0.71    5.76
 -72464.167    73.871    -0.21    4.82
 -72092.268    73.585    -0.77    4.78
 -71720.433    72.958    -1.69    4.97
 -71348.662    71.236    -4.63    5.08
 -70976.955    71.143    -0.25    5.40
 -70605.313    71.141    -0.00    5.09
 -70233.735    70.540    -1.62    5.34
 -69862.221    69.679    -2.32    6.42
 -69490.771    69.903     0.60    6.76
 -69119.385    71.302     3.77    6.72
 -68748.063    73.995     7.25    6.43
 -68376.805    76.355     6.36    3.49
 -68005.611    74.215    -5.76    4.74
 -67634.480    71.355    -7.71    5.83
 -67263.414    69.253    -5.67    5.02
 -66892.412    67.841    -3.81    4.07
 -66521.473    67.661    -0.48    3.77
 -66150.598    66.693    -2.61    3.71
 -65779.787    64.953    -4.69    4.40
 -65409.040    65.031     0.21    4.83
 -65038.356    65.834     2.17    5.45
 -64667.736    67.367     4.14    6.01
 -64297.179    70.106     7.39    5.25
 -63926.686    70.706     1.62    5.51
 -63556.257    71.501     2.14    5.34
 -63185.891    71.936     1.18    4.96
 -62815.589    70.846    -2.94    5.11
 -62445.350    68.881    -5.31    5.31
 -62075.174    64.106   -12.90    6.20
 -61705.062    61.558    -6.88    6.36
 -61335.013    58.340    -8.70    5.30
 -60965.028    55.193    -8.51    5.09
 -60595.105    54.501    -1.87    4.43
 -60225.246    53.591    -2.46    4.00
 -59855.451    52.958    -1.71    3.37
 -59485.718    53.071     0.31    2.64
 -59116.049    52.778    -0.79    2.48
 -58746.442    53.071     0.79    2.06
 -58376.899    51.958    -3.01    3.20
 -58007.419    51.198    -2.06    3.59
 -57638.002    49.628    -4.25    3.44
 -57268.648    48.749    -2.38    3.18
 -56899.356    48.715    -0.09    2.92
 -56530.128    48.185    -1.44    2.56
 -56160.963    47.928    -0.70    2.61
 -55791.860    47.454    -1.28    2.86
 -55422.820    46.753    -1.90    2.92
 -55053.843    46.419    -0.91    2.67
 -54684.929    45.878    -1.47    2.59
 -54316.078    45.712    -0.45    2.72
 -53947.289    45.480    -0.63    3.82
 -53578.563    45.828     0.94    3.98
 -53209.899    47.204     3.73    4.52
 -52841.299    48.189     2.67    4.04
 -52472.760    46.982    -3.28    4.45
 -52104.284    44.841    -5.81    4.41
 -51735.871    42.935    -5.17    3.34
 -51367.520    42.153    -2.12    2.73
 -50999.232    42.069    -0.23    2.43
 -50631.006    41.253    -2.22    3.26
 -50262.843    39.809    -3.92    3.77
 -49894.741    38.703    -3.00    3.80
 -49526.702    37.912    -2.15    3.43
 -49158.726    37.690    -0.60    3.27
 -48790.811    36.986    -1.91    2.91
 -48422.959    36.803    -0.50    2.61
 -48055.169    36.873     0.19    2.49
 -47687.441    37.240     1.00    2.33
 -47319.776    37.394     0.42    2.25
 -46952.172    37.603     0.57    2.83
 -46584.630    38.407     2.19    2.93
 -46217.151    41.224     7.67    7.47
 -45849.733    48.907    20.91   14.36
 -45482.378    57.740    24.05   18.24
 -45115.084    65.941    22.33   17.79
 -44747.852    70.439    12.25   15.56
 -44380.682    74.463    10.96   13.63
 -44007.164    76.391     5.16   10.88
 -43627.236    77.302     2.40    6.13
 -43247.374    77.340     0.10    5.59
 -42867.580    75.117    -5.85    5.21
 -42487.852    75.240     0.32    5.12
 -42108.190    75.892     1.72    4.81
 -41728.596    77.253     3.59    5.35
 -41349.068    80.032     7.32    6.53
 -40969.607    82.265     5.89    5.86
 -40590.212    80.885    -3.64    8.38
 -40210.883    74.174   -17.69   13.83
 -39831.622    66.828   -19.37   12.62
 -39452.426    61.075   -15.17   10.29
 -39073.297    56.115   -13.08   10.82
 -38694.235    51.448   -12.31   10.87
 -38315.238    45.130   -16.67   10.59
 -37936.308    40.894   -11.18    7.29
 -37557.445    40.253    -1.69    6.30
 -37178.647    40.938     1.81    6.23
 -36799.916    44.404     9.15    5.75
 -36421.251    47.649     8.57    4.91
 -36042.652    52.790    13.58    8.63
 -35664.119    57.841    13.34    9.16
 -35285.652    59.756     5.06    7.72
 -34907.252    59.015    -1.96    7.29
 -34528.917    55.907    -8.22    6.22
 -34150.648    54.215    -4.47    5.70
 -33772.445    54.696     1.27    7.56
 -33394.308    54.163    -1.41    7.96
 -33016.237    51.179    -7.89    9.10
 -32638.232    47.840    -8.83    8.99
 -32260.292    46.446    -3.69    7.57
 -31882.418    49.239     7.39    8.53
 -31504.610    54.328    13.47    8.16
 -31126.868    58.649    11.44    6.70
 -30749.191    60.640     5.27    6.27
 -30371.580    62.860     5.88    6.15
 -29994.034    64.087     3.25    6.08
 -29616.554    64.925     2.22    5.86
 -29239.140    66.138     3.21    4.57
 -28861.791    66.277     0.37    4.17
 -28484.507    67.113     2.22    3.77
 -28107.289    67.101    -0.03    3.48
 -27730.136    64.440    -7.06    5.72
 -27353.049    59.166   -13.99    9.77
 -26976.027    49.130   -26.62   14.22
 -26599.070    39.774   -24.82   12.39
 -26222.178    30.594   -24.36    9.79
 -25845.352    23.885   -17.80    6.89
 -25468.590    21.935    -5.17    5.74
 -25091.894    20.946    -2.63    4.05
 -24715.263    21.828     2.34    3.95
 -24338.697    22.172     0.91    3.74
 -23962.196    21.556    -1.64    3.61
 -23585.760    22.740     3.15    4.52
 -23209.389    24.056     3.50    4.40
 -22833.083    23.176    -2.34    5.52
 -22456.842    19.482    -9.82    7.38
 -22080.666    15.415   -10.81    6.09
 -21704.554    13.104    -6.15    4.29
 -21328.507    11.803    -3.46    2.62
 -20952.525    11.531    -0.72    2.37
 -20576.608    10.380    -3.06    1.94
 -20200.756     9.581    -2.12    1.85
 -19824.968     9.103    -1.27    1.64
 -19449.245     9.220     0.31    1.85
 -19073.586    10.128     2.42    2.46
 -18697.992    11.355     3.27    2.43
 -18322.462    12.478     2.99    3.28
 -17946.997    13.265     2.10    3.72
 -17571.597    13.113    -0.40    3.66
 -17196.260    12.419    -1.85    3.61
 -16820.989    11.746    -1.79    2.94
 -16445.781    11.433    -0.83    2.08
 -16070.638    13.020     4.23    4.14
 -15695.559    16.597     9.54    5.66
 -15320.545    19.778     8.48    5.25
 -14945.594    21.853     5.53    2.26
 -14570.708    21.841    -0.03    1.82
 -14195.886    21.214    -1.67    1.60
 -13821.128    20.250    -2.57    2.45
 -13446.435    18.990    -3.36    3.30
 -13071.805    18.065    -2.47    2.88
 -12697.239    17.442    -1.66    2.36
 -12322.737    18.037     1.59    2.99
 -11948.300    18.594     1.49    3.34
 -11573.926    18.648     0.14    3.58
 -11199.616    18.515    -0.35    3.65
 -10825.370    17.040    -3.94    3.33
 -10451.188    16.015    -2.74    3.39
 -10077.069    16.341     0.87    4.29
  -9703.015    17.484     3.05    4.03
  -9329.024    17.488     0.01    3.67
  -8955.096    16.176    -3.51    2.91
  -8581.233    14.814    -3.64    1.90
  -8207.433    14.265    -1.47    2.84
  -7833.696    11.808    -6.58    6.68
  -7460.024    10.556    -3.35    7.76
  -7086.414     9.601    -2.56    8.43
  -6712.869     9.049    -1.48    8.13
  -6339.386    10.277     3.29    6.47
  -5965.967    12.049     4.75    3.80
  -5592.612    12.341     0.78    1.46
  -5219.320    12.603     0.70    1.82
  -4846.091    12.499    -0.28    2.11
  -4472.926    12.042    -1.22    2.20
  -4099.824    11.815    -0.61    2.26
  -3726.785    11.065    -2.01    2.44
  -3353.809    10.973    -0.25    2.54
  -2980.896    10.614    -0.96    2.54
  -2608.047     9.788    -2.21    1.77
  -2235.261    10.157     0.99    2.01
  -1862.537     9.764    -1.05    3.91
  -1489.877     8.495    -3.41    6.21
  -1117.280     7.078    -3.80    7.60
   -744.746     5.784    -3.47    7.68
   -372.274     4.847    -2.51    7.57
      0.134     3.604    -3.34    7.74
    372.479     0.503    -8.33    6.75
    744.762    -0.633    -3.05    5.56
   1116.982     1.277     5.13    6.79
   1489.139     4.692     9.17    7.17
   1861.233     8.046     9.01    5.64
   2233.264    10.546     6.72    2.94
   2605.233    10.879     0.90    1.74
   2977.139    10.955     0.20    1.39
   3348.983    11.253     0.80    1.34
   3720.764    11.341     0.24    1.51
   4092.482    11.973     1.70    1.66
   4464.138    12.762     2.12    2.03
   4835.731    13.029     0.72    1.86
   5207.262    12.968    -0.16    1.65
   5578.731    12.594    -1.01    1.40
   5950.137    11.888    -1.90    0.74
   6321.480    11.740    -0.40    0.61
   6692.762    11.008    -1.97    1.61
   7063.981     9.733    -3.43    2.31
   7435.138     8.828    -2.44    2.12
   7806.232     8.782    -0.12    1.81
   8177.264     9.585     2.16    1.66
   8548.234    10.138     1.49    1.40
   8919.142     9.595    -1.47    3.76
   9289.988     6.090    -9.45    6.73
   9660.772     2.300   -10.22    7.35
  10031.494    -0.419    -7.34    6.36
  10402.153     0.835     3.38    8.28
  10772.751     6.575    15.49    9.78
  11143.287    11.342    12.86    7.25
  11513.761    12.986     4.44    3.35
  11884.172    11.220    -4.77    2.27
  12254.522    10.540    -1.83    1.56
  12624.811     9.218    -3.57    3.92
  12995.037     8.253    -2.61    4.63
  13365.202     7.652    -1.62    5.02
  13735.304     7.769     0.32    5.02
  14105.346     8.875     2.99    5.36
  14475.325    10.251     3.72    5.12
  14845.243    12.568     6.26    2.94
  15215.099    12.253    -0.85    4.14
  15584.894     9.568    -7.26    6.77
  15954.627    10.540     2.63    9.26
  16324.298    11.835     3.50   10.76
  16693.908    14.520     7.27   11.06
  17063.457    17.640     8.44    9.96
  17432.944    21.484    10.40    5.47
  17802.370    22.181     1.89    2.23
  18171.734    20.453    -4.68    3.46
  18541.037    19.275    -3.19    3.39
  18910.279    19.765     1.33    3.47
  19279.459    21.038     3.45    3.31
  19648.579    23.110     5.61    2.77
  20017.637    23.982     2.36    2.61
  20386.633    24.584     1.63    2.78
  20755.569    24.512    -0.20    2.89
  21124.444    24.011    -1.36    2.54
  21493.257    23.473    -1.46    2.06
  21862.010    23.847     1.01    1.89
  22230.701    23.907     0.16    1.68
  22599.331    24.562     1.78    1.70
  22967.901    25.084     1.42    1.68
  23336.409    24.999    -0.23    1.51
  23704.857    25.161     0.44    1.28
  24073.243    25.016    -0.39    1.35
  24441.569    25.248     0.63    1.48
  24809.834    26.038     2.15    1.77
  25178.038    26.946     2.47    1.76
  25546.182    27.575     1.71    1.54
  25914.265    28.046     1.28    1.32
  26282.287    27.765    -0.76    1.18
  26650.248    27.454    -0.84    1.16
  27018.149    27.161    -0.80    1.10
  27385.989    27.172     0.03    1.10
  27753.769    27.354     0.50    1.38
  28121.488    27.503     0.40    2.32
  28489.146    27.420    -0.23    2.53
  28856.744    26.918    -1.37    2.61
  29224.282    26.795    -0.33    2.56
  29591.759    26.723    -0.20    3.06
  29959.176    26.419    -0.83    3.80
  30326.532    26.159    -0.71    3.75
  30697.282    25.461    -1.88    3.29
  31077.073    24.670    -2.08    2.83
  31456.800    23.144    -4.02    2.43
  31836.461    22.033    -2.93    2.01
  32216.058    21.692    -0.90    1.39
  32595.590    21.969     0.73    1.43
  32975.057    21.756    -0.56    2.04
  33354.459    21.042    -1.88    2.66
  33733.796    19.533    -3.98    4.89
  34113.068    19.058    -1.25    6.50
  34492.276    18.278    -2.06    6.69
  34871.419    17.731    -1.44    6.38
  35250.497    17.128    -1.59    4.29
  35629.511    16.461    -1.76    1.12
  36008.459    16.029    -1.14    0.86
  36387.344    15.239    -2.08    1.17
  36766.164    14.315    -2.44    1.33
  37144.919    13.458    -2.26    1.30
  37523.610    13.315    -0.38    1.57
  37902.236    13.847     1.41    2.07
  38280.798    14.720     2.31    2.35
  38659.295    15.515     2.10    2.51
  39037.728    15.950     1.15    2.62
  39416.097    15.867    -0.22    2.95
  39794.402    15.287    -1.53    3.48
  40172.642    15.094    -0.51    4.29
  40550.818    15.756     1.75    4.89
  40928.930    17.033     3.38    4.88
  41306.977    19.696     7.04    4.63
  41684.961    22.538     7.52    3.32
  42062.880    24.185     4.36    1.68
  42440.736    24.394     0.55    1.24
  42818.527    22.841    -4.11    2.70
  43196.254    20.920    -5.08    2.90
  43573.918    18.873    -5.42    2.39
  43951.517    17.355    -4.02    1.08
  44329.053    16.920    -1.15    0.98
  44706.524    17.125     0.54    1.27
  45083.932    17.928     2.13    1.67
  45461.276    18.774     2.24    1.83
  45838.557    19.834     2.81    1.41
  46215.773    20.901     2.83    1.20
  46592.926    22.185     3.40    2.15
  46970.015    24.648     6.53    3.62
  47347.041    27.809     8.38    5.09
  47724.003    29.854     5.42    4.79
  48100.901    29.912     0.16    4.82
  48477.736    27.956    -5.19    5.84
  48854.507    25.021    -7.79    5.38
  49231.215    21.953    -8.14    3.05
  49607.859    20.875    -2.86    1.73
  49984.440    21.822     2.51    2.39
  50360.958    23.766     5.16    2.48
  50737.412    25.788     5.37    2.13
  51113.803    27.342     4.13    1.48
  51490.131    27.775     1.15    0.96
  51866.395    27.741    -0.09    1.27
  52242.597    27.315    -1.13    1.29
  52618.735    27.302    -0.04    1.39
  52994.810    28.302     2.66    2.06
  53370.821    30.768     6.56    4.19
  53746.770    33.458     7.15    5.50
  54122.656    35.828     6.31    5.30
  54498.478    37.828     5.32    4.96
  54874.238    39.648     4.84    4.12
  55249.935    42.549     7.72    4.94
  55625.568    44.328     4.74    4.63
  56001.139    44.314    -0.04    3.85
  56376.647    43.653    -1.76    2.39
  56752.092    43.425    -0.61    1.78
  57127.475    44.100     1.80    2.08
  57502.794    44.922     2.19    2.16
  57878.051    46.065     3.04    3.12
  58253.245    46.657     1.58    3.23
  58628.377    46.263    -1.05    3.87
  59003.446    45.950    -0.84    4.32
  59378.452    46.584     1.69    4.33
  59753.395    47.395     2.16    3.70
  60128.276    48.290     2.39    2.71
  60503.095    48.181    -0.29    2.69
  60877.851    47.366    -2.18    2.84
  61252.545    45.631    -4.63    2.52
  61627.176    44.536    -2.92    2.28
  62001.745    44.042    -1.32    1.90
  62376.251    43.764    -0.74    1.73
  62750.696    43.263    -1.34    2.35
  63125.078    43.042    -0.59    3.40
  63499.397    42.443    -1.60    3.63
  63873.655    41.115    -3.55    2.83
  64247.850    40.049    -2.85    3.50
  64621.983    39.260    -2.11    3.79
  64996.054    38.720    -1.44    3.34
  65370.062    38.588    -0.35    2.46
  65744.009    38.999     1.10    2.58
  66117.894    38.953    -0.12    2.87
  66491.717    38.445    -1.36    3.07
  66865.477    38.092    -0.94    3.01
  67239.176    38.302     0.56    2.68
  67612.813    39.044     1.99    2.18
  67986.388    40.078     2.77    1.55
  68359.901    40.517     1.18    1.17
  68733.352    41.003     1.30    1.06
  69106.742    41.639     1.70    1.27
  69480.069    41.982     0.92    2.06
  69853.335    42.223     0.65    2.61
  70226.540    41.170    -2.82    3.31
  70599.682    38.709    -6.59    3.83
  70972.763    36.052    -7.12    3.16
  71345.783    34.432    -4.34    2.05
  71718.740    34.601     0.45    2.21
  72091.637    36.128     4.10    3.39
  72464.471    38.854     7.31    4.34
  72837.245    41.568     7.28    4.75
  73209.956    43.021     3.90    4.58
  73582.607    43.666     1.73    3.78
  73955.196    44.237     1.53    2.27
  74327.724    44.549     0.84    1.35
  74700.190    45.065     1.39    1.04
  75072.595    45.815     2.01    1.18
  75444.939    46.221     1.09    2.18
  75817.221    46.225     0.01    3.02
  76189.442    45.821    -1.09    3.51
  76561.603    45.404    -1.12    3.65
  76933.702    44.922    -1.29    3.25
  77305.739    44.429    -1.33    2.78
  77677.716    44.382    -0.13    2.24
  78049.632    45.078     1.87    3.07
  78421.487    47.861     7.48    5.65
  78793.280    51.078     8.65    6.05
  79165.013    52.314     3.33    5.34
  79536.685    52.354     0.11    4.53
  79908.296    49.835    -6.78    3.19
  80279.846    47.705    -5.73    3.17
  80651.335    45.175    -6.81    3.90
  81022.764    43.090    -5.61    4.26
  81394.131    40.967    -5.72    3.18
  81765.438    40.203    -2.06    2.90
  82136.684    41.504     3.50    3.83
  82507.870    44.170     7.18    4.29
  82878.995    46.758     6.97    2.50
  83250.059    47.237     1.29    1.99
  83621.062    46.133    -2.97    2.42
  83992.005    45.433    -1.89    2.56
  84362.888    45.085    -0.94    3.01
  84733.710    45.636     1.49    3.04
  85104.471    46.383     2.02    2.34
  85475.172    46.453     0.19    2.04
  85845.813    46.620     0.45    2.65
  86216.393    46.789     0.46    2.70
  86586.913    46.465    -0.88    2.57
  86957.373    46.565     0.27    3.49
  87327.772    46.731     0.45    4.52
  87698.111    46.541    -0.51    4.53
  88068.390    44.533    -5.42    7.24
  88438.608    41.525    -8.12    8.93
  88808.767    35.876   -15.26    8.88
  89178.865    33.172    -7.31    7.20
  89548.903    32.807    -0.99    5.97
  89918.881    36.078     8.84    6.05
  90288.799    40.868    12.95    6.49
  90658.657    44.777    10.57    6.88
  91028.455    47.177     6.49    5.48
  91398.193    47.781     1.63    3.85
  91767.871    48.558     2.10    1.96
  92137.489    49.038     1.30    2.06
  92507.047    49.553     1.39    2.06
  92876.545    50.328     2.10    2.44
  93245.984    51.936     4.35    2.66
  93615.363    53.523     4.30    2.81
  93984.682    54.766     3.37    2.73
  94353.941    56.178     3.82    3.15
  94723.140    57.258     2.93    3.54
  95092.280    57.733     1.29    3.58
  95461.361    56.917    -2.21    3.96
  95830.381    54.012    -7.87    3.56
  96199.342    51.300    -7.35    3.36
  96568.244    49.275    -5.49    2.93
  96937.086    47.928    -3.65    2.66
  97305.868    48.196     0.73    1.93
  97674.591    49.300     2.99    2.70
  98043.254    49.999     1.89    2.69
  98411.859    50.606     1.65    2.74
  98780.403    50.341    -0.72    3.23
  99148.889    49.481    -2.33    3.97
  99517.315    48.174    -3.55    4.40
  99885.681    47.411    -2.07    5.41
 100253.989    47.769     0.97    8.79
 100622.237    46.422    -3.66   13.07
 100990.426    43.604    -7.65   15.48
 101358.556    40.599    -8.16   16.05
 101726.627    39.021    -4.29   13.42
 102094.638    39.956     2.54   13.10
 102462.591    45.973    16.35   13.81
 102830.484    53.739    21.11    9.98
 103198.319    59.025    14.37    4.58
 103566.094    60.657     4.44    2.37
 103933.810    58.885    -4.82    4.16
 104301.468    56.004    -7.84    4.72
 104669.066    52.771    -8.79    3.23
 105036.606    51.477    -3.52    1.56
 105404.841    52.584     3.01    2.72
 105784.496    54.855     5.98    3.34
 106164.089    57.407     6.72    3.14
 106543.618    59.128     4.53    3.15
 106923.084    57.448    -4.43    5.10
 107302.487    53.008   -11.70    7.03
 107681.827    47.131   -15.49    9.09
 108061.103    41.302   -15.37    8.34
 108440.317    36.354   -13.05    8.59
 108819.467    30.354   -15.82    9.59
 109198.554    23.260   -18.71   12.17
 109577.578    18.751   -11.90   15.10
 109956.540    16.355    -6.32   15.79
 110335.438    17.120     2.02   15.14
 110714.273    21.753    12.23   12.91
 111093.046    25.854    10.83   11.92
 111471.755    29.612     9.92   11.13
 111850.402    31.193     4.18   10.68
 112228.986    34.981    10.01   15.32
 112607.508    37.131     5.68   19.11
 112985.966    38.938     4.78   20.42
 113364.362    37.012    -5.09   19.78
 113742.695    31.661   -14.14   16.33
 114120.966    29.048    -6.91   13.75
 114499.173    31.935     7.63   15.38
 114877.319    37.592    14.96   16.92
 115255.402    42.467    12.89   19.09
 115633.422    41.731    -1.95   22.67
 116011.380    30.525   -29.64   26.30
 116389.275    20.544   -26.41   24.02
 116767.108    10.052   -27.77   15.29
 117144.879     5.368   -12.40    6.98
 117522.587     7.541     5.75    6.69
 117900.233    11.052     9.29    7.20
 118277.816    15.052    10.59    6.03
 118655.338    16.920     4.95    5.69
 119032.797    16.181    -1.96    6.33
 119410.194    14.161    -5.35    6.58
 119787.528    10.588    -9.47    5.22
 120164.801     7.822    -7.33    3.23
 120542.012     6.897    -2.45    2.20
 120919.160     8.467     4.16    3.48
 121296.246    12.109     9.66    4.84
 121673.271    12.782     1.79    6.52
 122050.233    11.221    -4.14    8.62
 122427.134     9.183    -5.41    8.86
 122803.972     9.315     0.35    7.18
 123180.749    11.367     5.45    6.29
 123557.464    15.595    11.22    4.03
 123934.117    18.004     6.40    5.44
 124310.708    21.565     9.46   14.29
 124687.237    23.888     6.17   19.57
 125063.705    27.578     9.80   21.55
 125440.111    29.370     4.76   19.47
 125816.455    35.062    15.12   16.94
 126192.738    43.578    22.63   14.38
 126568.959    51.935    22.21   11.93
 126945.118    59.424    19.91    4.67
 127321.216    63.584    11.06    4.08
 127697.253    65.648     5.49    2.96
 128073.228    65.012    -1.69    3.95
 128449.141    61.181   -10.19    6.65
 128824.993    56.261   -13.09    6.52
 129200.784    53.061    -8.51    4.33
 129576.513    53.473     1.09    4.61
 129952.181    56.848     8.98    6.13
 130327.788    61.368    12.03    5.86
 130703.333    65.471    10.92    4.81
 131078.817    67.544     5.52    3.47
 131454.240    68.148     1.61    2.69
 131829.602    67.661    -1.30    2.58
 132204.903    66.809    -2.27    3.36
 132580.142    63.731    -8.20    7.09
 132955.320    54.619   -24.28   16.36
 133330.438    40.717   -37.06   22.14
 133705.494    24.986   -41.94   20.49
 134080.489    14.612   -27.66   12.81
 134455.424    13.959    -1.74    9.04
 134830.297    17.720    10.03    5.91
 135205.110    16.341    -3.68    4.62
 135579.861    14.795    -4.12    3.97
 135954.552    13.635    -3.10    3.00
 136329.182    12.808    -2.20    4.34
 136703.751    12.065    -1.99    4.94
 137078.259    11.117    -2.53    5.00
 137452.707    10.302    -2.18    4.97
 137827.094    10.238    -0.17    4.49
 138201.420    10.422     0.49    4.07
 138575.686    11.430     2.69    3.76
 138949.891    12.368     2.51    3.15
 139324.036    12.918     1.47    2.60
 139698.119    13.522     1.62    1.45
 140072.143    13.657     0.36    1.41
 140446.106    14.078     1.13    1.25
 140820.008    14.604     1.41    1.35
 141193.850    14.871     0.71    1.43
 141567.632    15.075     0.55    1.53
 141941.353    15.060    -0.04    1.90
 142315.014    14.679    -1.02    2.64
 142688.615    14.179    -1.34    3.27
 143062.155    14.017    -0.43    3.31
 143435.635    13.828    -0.51    2.74
 143809.055    13.736    -0.25    2.01
 144182.415    14.581     2.26    1.38
 144555.714    15.631     2.81    1.70
 144928.954    16.728     2.94    1.90
 145302.133    17.909     3.16    2.44
 145675.252    18.828     2.46    2.93
 146048.311    19.585     2.03    3.27
 146421.310    19.381    -0.55    3.17
 146794.250    18.999    -1.02    2.58
 147167.129    18.458    -1.45    1.66
 147539.948    18.274    -0.49    1.49
 147912.707    18.195    -0.21    1.57
 148285.407    17.602    -1.59    2.26
 148658.047    15.139    -6.61    3.43
 149030.626    11.849    -8.83    4.33
 149403.147    11.115    -1.97    4.86
 149775.607    10.699    -1.11    5.47
 150148.007    10.538    -0.43    4.98
 150520.348    11.199     1.77    3.46
 150892.630    10.644    -1.49    2.54
 151264.851    11.189     1.46    2.61
 151637.013    12.475     3.45    3.00
 152009.116    13.370     2.40    2.77
 152381.159    13.224    -0.39    2.98
 152753.142    12.925    -0.80    3.14
 153125.066    12.059    -2.33    2.68
 153496.930    11.437    -1.67    2.14
 153868.735    11.250    -0.50    1.51
 154240.481    11.383     0.36    1.08
 154612.167    11.523     0.38    0.99
 154983.794    11.612     0.24    1.07
 155355.362    11.701     0.24    1.08
 155726.870    11.711     0.03    1.09
 156098.319    11.643    -0.18    1.12
 156469.709    11.085    -1.50    1.13
 156841.040    10.698    -1.04    1.24
 157212.311    10.208    -1.32    1.25
 157583.523    10.382     0.47    1.82
 157954.677    10.515     0.36    2.28
 158325.771    10.446    -0.18    2.50
 158696.806    10.085    -0.97    2.69
 159067.782     9.183    -2.43    2.11
 159438.699     8.621    -1.51    1.52
 159809.557     8.895     0.74    2.09
 160180.356     9.490     1.60    2.89
 160551.096    10.436     2.55    3.12
 160921.778    11.112     1.82    3.00
 161292.400    12.112     2.70    3.12
 161662.964    13.065     2.57    3.24
 162033.469    13.061    -0.01    3.14
 162403.915    12.828    -0.63    2.84
 162774.302    12.475    -0.95    2.50
 163144.631    11.920    -1.50    2.17
 163514.901    11.383    -1.45    1.15
 163885.112    11.504     0.33    0.88
 164255.265    11.639     0.37    0.91
 164625.359    11.876     0.64    0.97
 164995.395    11.931     0.15    0.98
 165365.372    11.903    -0.07    0.90
 165735.290    11.766    -0.37    0.93
 166105.150    11.835     0.18    0.96
 166474.952    11.828    -0.02    1.15
 166844.695    11.769    -0.16    1.27
 167214.379    11.679    -0.24    1.38
 167584.006    11.847     0.45    1.39
 167953.574    11.882     0.09    1.23
 168323.083    11.964     0.22    1.64
 168692.535    12.064     0.27    2.31
 169061.928    11.886    -0.48    2.75
 169431.263    11.574    -0.84    3.23
 169800.540    10.597    -2.65    2.91
 170169.758     9.936    -1.79    2.49
 170538.918     9.821    -0.31    2.33
 170908.021    10.193     1.01    2.88
 171277.065    10.768     1.56    3.71
 171646.051     9.588    -3.20    4.76
 172014.979     7.760    -4.95    6.02
 172383.849     6.122    -4.44    6.23
 172752.661     3.958    -5.87    5.18
 173121.415     3.670    -0.78    5.08
 173490.112     3.766     0.26    5.31
 173858.750     4.561     2.15    5.65
 174227.331     4.985     1.15    5.33
 174595.853     5.328     0.93    4.73
 174964.318     5.475     0.40    3.15
 175332.725     7.004     4.15    3.01
 175701.074     7.146     0.39    3.36
 176069.366     7.328     0.49    3.90
 176437.600     7.692     0.99    4.26
 176805.776     8.807     3.03    4.51
 177173.894    10.016     3.28    4.15
 177541.955    11.233     3.31    3.60
 177909.959    11.788     1.51    3.48
 178277.904    11.977     0.51    3.50
 178645.793    11.873    -0.28    3.50
 179013.623    11.463    -1.12    3.59
 179381.397     9.648    -4.93    3.55
 179749.112     8.301    -3.66    3.51
 180116.771     6.875    -3.88    3.58
 180494.566     5.274    -4.24    3.48
 180874.030     4.341    -2.46    4.30
 181253.432     4.371     0.08    4.84
 181632.773     4.168    -0.53    5.78
 182012.052     3.899    -0.71    6.18
 182391.270     3.504    -1.04    5.90
 182770.426     3.981     1.26    6.21
 183149.520     5.766     4.71    6.52
 183528.554     7.768     5.28    6.27
 183907.526     8.795     2.71    6.40
 184286.436     9.504     1.87    7.11
 184665.285     9.561     0.15    7.64
 185044.073     9.128    -1.14    8.29
 185422.800     8.734    -1.04    8.72
 185801.465    15.328    17.41   21.17
 186180.070    19.807    11.83   25.22
 186558.613    25.528    15.11   27.54
 186937.095    25.451    -0.20   27.60
 187315.515    22.172    -8.66   25.10
 187693.875    23.652     3.91   25.01
 188072.174    24.801     3.04   26.13
 188450.411    29.446    12.28   27.08
 188828.588    30.395     2.51   27.37
 189206.704    32.782     6.31   25.13
 189584.759    35.890     8.22   22.06
 189962.752    39.995    10.86   17.22
 190340.685    45.411    14.33    6.41
 190718.558    45.955     1.44    2.91
 191096.369    46.008     0.14    3.27
 191474.119    47.052     2.76    3.71
 191851.809    48.903     4.90    3.59
 192229.438    50.531     4.31    2.70
 192607.007    51.661     2.99    2.20
 192984.514    51.274    -1.03    2.89
 193361.961    52.164     2.36    3.18
 193739.348    52.245     0.21    3.29
 194116.674    51.977    -0.71    3.35
 194493.939    52.032     0.15    2.75
 194871.144    50.608    -3.78    2.91
 195248.288    49.585    -2.71    2.94
 195625.372    46.861    -7.22    5.55
 196002.396    41.633   -13.86    8.63
 196379.359    35.985   -14.98    8.70
 196756.261    30.396   -14.83    4.99
 197133.104    28.499    -5.03    2.21
 197509.886    30.368     4.96    4.05
 197886.607    31.585     3.23    4.61
 198263.269    29.901    -4.47    7.87
 198639.870    28.395    -4.00    9.15
 199016.411    25.743    -7.04    9.74
 199392.892    24.109    -4.34    9.29
 199769.313    22.933    -3.12    9.49
 200145.674    22.217    -1.90    9.08
 200521.974    21.208    -2.68    8.16
 200898.215    19.758    -3.85    8.18
 201274.396    18.486    -3.38    7.40
 201650.516    17.217    -3.37    5.97
 202026.577    15.920    -3.45    5.20
 202402.578    15.760    -0.42    4.99
 202778.518    14.585    -3.13    5.72
 203154.399    13.814    -2.05    5.92
 203530.220    13.807    -0.02    5.35
 203905.982    13.101    -1.88    5.55
 204281.683    12.725    -1.00    5.32
 204657.325    12.608    -0.31    5.02
 205032.907    12.891     0.75    4.43
 205408.429    14.652     4.69    4.65
 205783.892    16.666     5.36    4.42
 206159.295    17.835     3.11    3.83
 206534.639    18.531     1.85    3.42
 206909.922    18.835     0.81    2.74
 207285.147    18.666    -0.45    2.42
 207660.312    18.944     0.74    2.16
 208035.417    19.680     1.96    1.84
 208410.463    20.616     2.49    2.28
 208785.449    24.166     9.47    6.34
 209160.376    27.517     8.94    7.50
 209535.244    31.706    11.17    7.36
 209910.052    33.693     5.30    6.64
 210284.801    33.125    -1.51    6.12
 210659.491    31.574    -4.14    5.62
 211034.121    30.017    -4.16    4.08
 211408.692    30.314     0.79    3.91
 211783.204    30.608     0.79    3.22
 212157.657    30.857     0.67    2.93
 212532.051    31.381     1.40    2.98
 212906.385    31.485     0.28    3.28
 213280.661    31.461    -0.06    3.22
 213654.877    31.508     0.13    4.52
 214029.035    29.328    -5.83    6.94
 214403.133    26.985    -6.26    7.80
 214777.172    23.821    -8.46    6.95
 215151.153    22.585    -3.31    5.42
 215525.074    24.973     6.39    5.38
 215898.937    28.260     8.79    5.35
 216272.741    30.017     4.70    3.86
 216646.486    29.990    -0.07    3.17
 217020.172    28.720    -3.40    2.63
 217393.799    27.461    -3.37    2.67
 217767.368    26.868    -1.59    2.57
 218140.878    27.115     0.66    3.23
 218514.329    27.807     1.85    4.07
 218887.721    28.709     2.42    3.77
 219261.055    29.437     1.95    3.58
 219634.331    30.768     3.56    3.72
 220007.547    31.871     2.95    3.01
 220380.706    32.395     1.40    2.84
 220753.805    33.078     1.83    3.06
 221126.846    35.407     6.24    5.02
 221499.829    38.269     7.67    5.53
 221872.753    40.625     6.32    5.36
 222245.619    43.299     7.17    5.88
 222618.427    44.152     2.29    6.97
 222991.176    42.821    -3.57    7.31
 223363.866    40.218    -6.98    5.70
 223736.499    38.711    -4.04    3.20
 224109.073    38.533    -0.48    1.62
 224481.589    39.661     3.03    1.94
 224854.047    40.625     2.59    2.26
 225226.447    41.395     2.07    3.47
 225598.788    42.409     2.72    4.33
 225971.071    43.968     4.19    5.30
 226343.296    44.915     2.54    5.52
 226715.464    46.328     3.80    5.57
 227087.573    47.232     2.43    6.47
 227459.624    48.383     3.09    6.68
 227831.617    49.883     4.03    6.13
 228203.552    51.533     4.44    4.68
 228575.429    53.022     4.00    3.44
 228947.248    54.821     4.84    4.19
 229319.010    56.481     4.46    5.14
 229690.713    59.368     7.77    5.39
 230062.359    61.671     6.19    4.90
 230433.947    63.841     5.84    4.51
 230805.477    65.798     5.27    3.26
 231176.949    67.235     3.87    2.66
 231548.364    68.372     3.06    1.98
 231919.721    67.915    -1.23    2.71
 232291.020    66.622    -3.48    3.56
 232662.262    64.408    -5.96    4.10
 233033.446    62.622    -4.81    3.47
 233404.573    62.274    -0.94    3.19
 233775.642    62.560     0.77    3.46
 234146.653    63.888     3.58    3.53
 234517.607    65.286     3.77    3.30
 234888.503    66.515     3.31    2.99
 235259.342    67.661     3.09    1.80
 235630.124    68.193     1.43    2.12
 236000.848    68.481     0.78    2.27
 236371.515    68.709     0.62    2.14
 236742.125    68.481    -0.62    2.13
 237112.677    67.315    -3.15    2.35
 237483.172    66.492    -2.22    2.61
 237853.610    66.048    -1.20    2.71
 238223.990    65.044    -2.71    2.92
 238594.314    64.625    -1.13    2.98
 238964.580    64.247    -1.02    3.13
 239334.789    63.760    -1.31    3.17
 239704.941    64.882     3.03    3.55
 240075.035    66.855     5.33    4.48
 240445.073    68.747     5.11    4.87
 240815.054    70.152     3.80    3.81
 241184.977    70.139    -0.04    3.67
 241554.844    68.409    -4.68    4.33
 241924.654    67.166    -3.36    4.16
 242294.407    65.652    -4.09    5.17
 242664.103    63.652    -5.41    6.42
 243033.742    61.504    -5.81    7.33
 243403.324    59.166    -6.32    8.90
 243772.849    57.368    -4.86    9.12
 244142.318    56.588    -2.11    9.32
 244511.730    56.666     0.21    9.75
 244881.085    59.801     8.49    8.16
 245250.383    63.166     9.11    5.03
 245619.625    63.571     1.10    4.66
 245988.810    62.451    -3.03    5.36
 246357.939    61.112    -3.63    7.25
 246727.011    60.314    -2.16    8.44
 247096.026    59.193    -3.04    9.29
 247464.985    59.835     1.74    9.20
 247833.887    63.152     8.99    7.70
 248202.732    65.561     6.53    4.96
 248571.522    65.625     0.17    4.88
 248940.254    64.136    -4.04    7.26
 249308.931    58.652   -14.87   12.23
 249677.551    51.616   -19.09   17.21
 250046.114    41.585   -27.21   18.88
 250414.622    32.588   -24.41   14.23
 250783.073    28.058   -12.29    6.41
 251151.467    31.081     8.21   10.42
 251519.806    37.760    18.13   15.15
 251888.088    43.064    14.40   17.20
 252256.314    47.666    12.49   17.03
 252624.484    52.620    13.45   14.95
 252992.597    56.963    11.80   13.49
 253360.655    59.856     7.86   10.33
 253728.656    59.931     0.20    9.45
 254096.602    61.800     5.08    9.51
 254464.491    62.479     1.84    9.83
 254832.324    62.661     0.50    9.66
 255207.730    65.150     6.63    9.72
 255587.064    68.300     8.30    8.96
 255966.338    69.841     4.06    8.35
 256345.552    67.210    -6.94   10.86
 256724.706    55.301   -31.40   18.83
 257103.800    41.215   -37.15   19.21
 257482.834    30.794   -27.49   15.07
 257861.809    22.856   -20.94    6.49
 258240.724    19.578    -8.65    3.24
 258619.579    17.574    -5.29    3.35
 258998.374    16.022    -4.10    3.67
 259377.109    14.733    -3.40    3.46
 259755.785    14.386    -0.92    3.01
 260134.401    14.179    -0.55    2.85
 260512.958    13.887    -0.77    2.61
 260891.455    13.895     0.02    2.36
 261269.892    13.925     0.08    2.32
 261648.270    14.259     0.88    1.46
 262026.588    15.189     2.46    1.35
 262404.847    16.272     2.86    1.42
 262783.047    17.164     2.36    1.08
 263161.187    17.383     0.58    1.05
 263539.267    16.679    -1.86    1.62
 263917.288    15.806    -2.31    1.69
 264295.250    14.882    -2.44    1.39
 264673.153    14.563    -0.84    1.09
 265050.996    14.787     0.59    1.66
 265428.780    15.300     1.36    2.34
 265806.505    15.903     1.60    2.99
 266184.171    16.814     2.41    3.81
 266561.777    16.835     0.05    4.14
 266939.325    16.468    -0.97    4.13
