-235462.127    70.476     0.00    3.59
-235091.896    69.742    -1.98    3.92
-234721.611    68.451    -3.49    4.59
-234351.274    66.609    -4.97    4.15
-233980.883    65.335    -3.44    3.49
-233610.440    63.448    -5.09    3.61
-233239.943    62.537    -2.46    3.85
-232869.393    60.851    -4.55    3.54
-232498.790    59.924    -2.50    4.02
-232128.134    59.630    -0.79    4.29
-231757.424    60.366     1.98    4.65
-231386.662    60.442     0.21    3.93
-231015.846    61.139     1.88    2.63
-230644.977    61.091    -0.13    2.68
-230274.054    60.805    -0.77    2.77
-229903.078    59.932    -2.35    3.49
-229532.049    60.063     0.35    3.46
-229160.967    60.668     1.63    3.33
-228789.831    61.130     1.25    2.91
-228418.642    61.736     1.63    2.29
-228047.399    62.233     1.34    1.68
-227676.103    62.194    -0.11    1.88
-227304.753    61.965    -0.62    2.42
-226933.350    61.992     0.07    3.03
-226561.893    63.132     3.07    4.33
-226190.383    64.851     4.62    4.51
-225818.819    66.822     5.30    4.19
-225447.201    68.292     3.95    3.39
-225075.530    68.679     1.04    2.71
-224703.806    68.575    -0.28    2.48
-224332.027    68.935     0.97    2.14
-223960.195    69.300     0.98    1.91
-223588.309    68.273    -2.76    3.13
-223216.369    67.448    -2.22    3.41
-222844.376    66.645    -2.16    3.00
-222472.329    65.512    -3.04    3.13
-222100.228    64.112    -3.76    3.64
-221728.073    61.792    -6.23    3.80
-221355.864    60.287    -4.04    3.26
-220983.602    59.517    -2.07    3.33
-220611.285    58.673    -2.27    2.87
-220238.914    58.716     0.12    2.90
-219866.490    58.351    -0.98    2.89
-219494.012    57.677    -1.81    2.74
-219121.479    57.992     0.84    2.80
-218748.892    58.935     2.53    2.77
-218376.252    60.022     2.92    2.35
-218003.557    60.691     1.80    1.74
-217630.808    61.236     1.46    1.80
-217258.005    62.068     2.23    2.13
-216885.148    63.165     2.94    2.84
-216512.237    63.979     2.18    2.93
-216139.271    65.025     2.80    3.13
-215766.252    65.513     1.31    3.21
-215393.178    64.791    -1.93    3.33
-215020.049    64.411    -1.02    3.29
-214646.867    64.654     0.65    3.54
-214273.630    66.823     5.81    4.74
-213900.338    69.731     7.79    3.82
-213526.993    71.076     3.60    2.92
-213153.593    71.145     0.18    3.14
-212780.138    70.465    -1.82    3.49
-212406.629    69.922    -1.45    3.68
-212033.066    70.112     0.51    3.64
-211659.448    70.936     2.21    3.77
-211285.775    72.294     3.63    3.60
-210912.048    73.517     3.27    2.74
-210538.266    74.343     2.21    1.58
-210164.430    74.752     1.09    1.62
-209790.539    74.981     0.61    1.81
-209416.593    75.221     0.64    1.84
-209042.593    75.328     0.29    1.92
-208668.538    75.031    -0.79    1.84
-208294.428    74.571    -1.23    1.46
-207920.264    74.314    -0.69    1.94
-207546.045    73.298    -2.71    2.57
-207171.771    72.851    -1.20    2.55
-206797.442    71.865    -2.63    2.58
-206423.058    69.724    -5.72    4.11
-206048.619    66.536    -8.51    4.70
-205674.126    65.336    -3.20    4.48
-205299.577    66.738     3.74    5.86
-204924.974    70.394     9.76    6.07
-204550.315    74.414    10.73    3.44
-204175.602    76.199     4.76    1.32
-203800.834    76.727     1.41    0.93
-203426.010    76.731     0.01    1.17
-203051.132    76.156    -1.53    2.35
-202676.198    76.145    -0.03    2.94
-202301.209    76.561     1.11    3.20
-201926.165    76.939     1.01    3.43
-201551.066    77.372     1.16    2.82
-201175.911    76.908    -1.24    2.79
-200800.702    76.372    -1.43    2.75
-200425.437    76.122    -0.67    2.89
-200050.117    76.484     0.97    2.88
-199674.741    75.668    -2.18    2.88
-199299.310    74.677    -2.64    2.69
-198923.824    74.907     0.61    2.41
-198548.283    74.761    -0.39    2.10
-198172.686    75.351     1.57    2.10
-197797.033    76.154     2.14    1.65
-197421.326    76.234     0.21    1.61
-197045.562    76.012    -0.59    1.63
-196669.743    75.569    -1.18    1.71
-196293.869    74.836    -1.95    1.71
-195917.939    74.189    -1.72    1.76
-195541.953    73.365    -2.19    2.64
-195165.912    71.622    -4.63    3.67
-194789.815    69.808    -4.82    3.80
-194413.663    68.710    -2.92    3.55
-194037.455    69.132     1.12    3.31
-193661.191    70.586     3.86    3.45
-193284.871    71.972     3.68    3.07
-192908.496    73.078     2.94    2.86
-192532.065    72.716    -0.96    3.08
-192155.578    72.292    -1.13    3.35
-191779.035    72.668     1.00    3.50
-191402.436    72.213    -1.21    3.39
-191025.781    72.170    -0.11    3.37
-190649.071    73.090     2.44    2.98
-190272.304    72.608    -1.28    2.72
-189895.482    71.990    -1.64    2.79
-189518.603    72.012     0.06    2.58
-189141.669    72.130     0.31    2.42
-188764.678    71.881    -0.66    2.60
-188387.632    72.068     0.50    2.50
-188010.529    71.199    -2.31    2.42
-187633.370    71.048    -0.40    2.27
-187256.155    71.227     0.48    2.40
-186878.884    71.992     2.02    2.28
-186501.557    72.408     1.10    2.21
-186124.173    72.401    -0.02    2.22
-185746.733    71.698    -1.86    2.32
-185369.237    70.112    -4.20    3.64
-184991.685    70.166     0.14    3.90
-184614.076    70.674     1.35    4.18
-184236.411    72.217     4.08    3.48
-183858.689    73.256     2.75    2.10
-183480.911    72.948    -0.82    2.68
-183103.077    72.665    -0.75    3.79
-182725.186    70.322    -6.20    5.83
-182347.238    66.894    -9.07    6.41
-181969.234    63.684    -8.49    5.09
-181591.174    61.484    -5.82    1.02
-181213.057    62.439     2.52    2.68
-180834.883    64.810     6.27    4.48
-180456.653    67.820     7.96    5.26
-180078.366    69.632     4.79    4.34
-179700.023    70.575     2.49    3.90
-179321.622    69.698    -2.32    3.89
-178943.165    68.308    -3.67    4.15
-178564.652    66.865    -3.81    4.56
-178186.081    64.259    -6.88    4.16
-177807.454    62.271    -5.25    3.10
-177428.770    61.245    -2.71    1.91
-177050.029    60.586    -1.74    1.05
-176671.231    60.604     0.05    0.99
-176292.376    61.498     2.36    2.32
-175913.464    62.378     2.32    3.00
-175534.495    63.344     2.55    3.52
-175155.470    63.622     0.73    3.84
-174776.387    62.365    -3.32    4.29
-174397.247    60.749    -4.26    3.75
-174028.864    59.048    -4.62    2.95
-173660.688    57.836    -3.29    2.70
-173292.458    56.604    -3.35    2.68
-172924.175    55.155    -3.93    1.35
-172555.839    54.221    -2.54    1.17
-172187.449    53.594    -1.70    1.30
-171819.006    53.062    -1.44    1.47
-171450.509    52.952    -0.30    1.66
-171081.958    52.400    -1.50    1.83
-170713.353    52.619     0.59    2.12
-170344.695    51.682    -2.54    2.20
-169975.984    50.735    -2.57    2.40
-169607.218    49.894    -2.28    2.55
-169238.399    47.821    -5.62    3.49
-168869.526    43.952   -10.49    5.17
-168500.599    40.985    -8.04    4.95
-168131.619    38.414    -6.97    3.70
-167762.584    36.321    -5.67    1.44
-167393.496    35.768    -1.50    1.59
-167024.354    35.119    -1.76    1.71
-166655.157    33.904    -3.29    2.25
-166285.907    32.729    -3.18    2.26
-165916.603    32.064    -1.80    1.89
-165547.245    32.002    -0.17    1.62
-165177.833    32.944     2.55    1.85
-164808.367    34.045     2.98    1.17
-164438.847    33.988    -0.15    1.22
-164069.273    33.336    -1.76    2.31
-163699.644    31.428    -5.16    3.55
-163329.962    29.395    -5.50    3.52
-162960.225    28.379    -2.75    3.18
-162590.434    27.615    -2.07    2.19
-162220.589    27.451    -0.45    1.53
-161850.690    28.054     1.63    1.84
-161480.737    27.907    -0.40    1.96
-161110.729    26.823    -2.93    1.55
-160740.667    26.006    -2.21    1.56
-160370.550    25.808    -0.53    1.68
-160000.379    26.118     0.84    2.29
-159630.154    27.213     2.96    3.02
-159259.875    28.434     3.30    3.31
-158889.540    29.909     3.98    3.34
-158519.152    30.724     2.20    3.61
-158148.709    32.142     3.83    4.84
-157778.211    33.531     3.75    4.86
-157407.659    35.226     4.57    4.73
-157037.053    36.245     2.75    4.85
-156666.392    37.503     3.39    4.22
-156295.676    37.231    -0.73    3.67
-155924.905    37.287     0.15    3.56
-155554.080    35.654    -4.41    3.43
-155183.201    34.115    -4.15    3.22
-154812.266    33.277    -2.26    3.08
-154441.277    32.794    -1.30    2.60
-154070.233    32.764    -0.08    2.39
-153699.134    33.189     1.15    2.15
-153327.981    33.590     1.08    2.17
-152956.772    33.301    -0.78    2.08
-152585.509    32.895    -1.09    2.05
-152214.191    33.107     0.57    2.19
-151842.818    33.439     0.89    2.30
-151471.390    33.864     1.14    2.29
-151099.907    33.684    -0.48    2.62
-150728.369    34.634     2.56    3.10
-150356.776    35.224     1.59    3.08
-149985.128    35.837     1.65    3.08
-149613.425    36.265     1.15    2.57
-149241.667    35.794    -1.27    2.61
-148869.854    35.807     0.03    2.49
-148497.985    36.090     0.76    2.57
-148126.062    36.048    -0.11    2.99
-147754.083    35.597    -1.21    2.54
-147382.049    35.555    -0.11    2.24
-147009.960    35.428    -0.34    2.24
-146637.816    35.301    -0.34    2.40
-146265.616    34.442    -2.31    2.77
-145893.361    33.907    -1.44    2.85
-145521.051    34.189     0.76    3.39
-145148.685    33.780    -1.10    3.80
-144776.264    33.294    -1.31    4.06
-144403.787    31.920    -3.69    3.95
-144031.256    30.590    -3.57    3.11
-143658.668    31.283     1.86    3.52
-143286.025    33.776     6.69    3.80
-142913.327    35.877     5.64    4.47
-142540.573    36.426     1.47    4.40
-142167.763    35.717    -1.90    4.17
-141794.898    34.657    -2.84    3.92
-141421.977    33.138    -4.07    2.37
-141049.001    32.536    -1.61    0.83
-140675.969    33.531     2.67    2.75
-140302.881    35.979     6.56    5.03
-139929.738    39.240     8.74    5.82
-139556.538    42.949     9.94    5.16
-139183.283    45.597     7.09    3.56
-138809.973    46.710     2.98    2.10
-138436.606    45.992    -1.92    3.89
-138063.183    44.428    -4.19    5.00
-137689.705    41.764    -7.13    5.35
-137316.171    38.426    -8.93    5.16
-136942.581    36.551    -5.02    3.63
-136568.935    36.273    -0.74    2.88
-136195.232    36.851     1.55    3.19
-135821.474    36.414    -1.17    3.67
-135447.660    35.277    -3.04    3.93
-135073.790    34.243    -2.77    3.64
-134699.864    34.401     0.42    3.52
-134325.881    35.248     2.26    3.44
-133951.843    36.794     4.13    3.46
-133577.748    38.070     3.41    2.89
-133203.597    38.217     0.39    2.74
-132829.390    37.017    -3.21    3.48
-132455.126    33.823    -8.53    4.89
-132080.807    31.344    -6.62    4.52
-131706.431    31.101    -0.65    4.88
-131331.999    33.136     5.44    6.01
-130957.510    37.198    10.84    6.03
-130582.965    40.122     7.81    3.79
-130208.364    40.198     0.20    3.70
-129833.706    38.660    -4.11    4.36
-129458.992    36.736    -5.13    3.41
-129084.221    35.777    -2.56    2.60
-128709.394    34.879    -2.40    1.61
-128334.510    34.379    -1.33    0.68
-127959.570    34.179    -0.53    0.71
-127584.573    34.170    -0.02    0.80
-127209.519    34.175     0.01    0.84
-126834.409    34.217     0.11    0.96
-126459.242    34.462     0.65    1.03
-126084.019    35.087     1.67    1.88
-125708.739    36.161     2.86    2.41
-125333.402    36.545     1.02    2.25
-124958.008    36.851     0.81    1.96
-124582.557    36.634    -0.58    1.59
-124207.050    36.233    -1.07    0.88
-123831.486    36.091    -0.38    0.80
-123455.865    35.925    -0.44    0.72
-123080.187    35.782    -0.38    0.84
-122704.452    35.494    -0.77    0.76
-122328.660    35.549     0.15    0.84
-121952.811    35.696     0.39    1.06
-121576.906    36.087     1.04    1.26
-121200.943    36.714     1.67    1.84
-120824.923    37.451     1.96    2.23
-120448.846    39.128     4.46    3.61
-120072.712    41.294     5.76    5.19
-119696.520    44.418     8.31    5.49
-119320.272    46.762     6.23    4.78
-118943.966    48.470     4.54    4.80
-118567.604    51.057     6.87    5.10
-118191.184    53.921     7.61    4.91
-117814.706    56.422     6.64    3.54
-117438.172    57.481     2.81    1.81
-117061.580    57.615     0.36    1.79
-116684.930    57.462    -0.41    1.68
-116308.224    56.670    -2.10    1.91
-115931.459    56.476    -0.52    1.79
-115554.638    56.142    -0.88    2.07
-115177.759    54.865    -3.39    3.50
-114800.822    52.287    -6.84    5.17
-114423.828    47.895   -11.65    5.80
-114046.777    42.467   -14.39    6.72
-113669.668    37.865   -12.20    5.95
-113292.501    35.960    -5.05    4.38
-112915.276    36.294     0.88    3.86
-112537.994    39.399     8.23    4.76
-112160.655    44.559    13.67    5.47
-111783.257    48.059     9.27    5.26
-111405.802    50.988     7.76    3.95
-111028.289    51.536     1.45    3.28
-110650.718    50.673    -2.29    3.53
-110273.090    48.926    -4.62    3.09
-109895.404    49.157     0.61    2.97
-109517.659    50.689     4.05    3.60
-109139.857    52.221     4.05    3.26
-108761.997    53.408     3.14    1.90
-108384.079    51.976    -3.79    2.78
-108006.103    49.315    -7.04    3.56
-107628.069    46.808    -6.63    3.61
-107249.977    43.794    -7.97    3.74
-106871.827    42.189    -4.25    3.98
-106493.619    41.170    -2.69    4.98
-106115.353    39.792    -3.64    5.67
-105737.028    37.494    -6.07    4.98
-105358.645    35.494    -5.29    3.57
-104980.205    34.448    -2.76    2.13
-104601.706    35.170     1.91    2.93
-104223.148    35.378     0.55    2.56
-103844.533    35.656     0.73    2.14
-103465.859    36.115     1.21    2.20
-103087.126    36.824     1.87    2.83
-102708.336    38.479     4.37    4.11
-102329.487    41.654     8.38    5.82
-101950.579    45.380     9.83    6.18
-101571.614    47.231     4.88    5.82
-101192.589    48.665     3.78    4.89
-100813.506    49.003     0.89    4.56
-100434.365    50.156     3.04    4.18
-100055.165    52.118     5.17    3.80
 -99675.907    54.448     6.14    4.09
 -99305.079    56.565     5.71    3.89
 -98937.073    57.684     3.04    4.07
 -98569.012    58.034     0.95    4.12
 -98200.897    56.740    -3.52    4.17
 -97832.726    55.336    -3.81    3.37
 -97464.501    56.166     2.25    3.31
 -97096.221    56.780     1.67    2.82
 -96727.885    57.166     1.05    2.00
 -96359.495    57.921     2.05    2.03
 -95991.050    58.577     1.78    1.93
 -95622.550    58.738     0.44    1.64
 -95253.995    59.453     1.94    1.19
 -94885.384    59.780     0.89    1.22
 -94516.719    60.837     2.87    1.55
 -94147.998    61.808     2.63    1.50
 -93779.223    62.577     2.08    1.07
 -93410.392    62.808     0.63    0.77
 -93041.506    62.426    -1.03    0.93
 -92672.564    61.851    -1.56    1.01
 -92303.568    61.440    -1.11    0.76
 -91934.516    61.287    -0.41    0.69
 -91565.409    61.316     0.08    0.78
 -91196.246    61.668     0.95    1.13
 -90827.029    61.976     0.83    1.51
 -90457.755    62.175     0.54    1.57
 -90088.427    61.851    -0.88    1.79
 -89719.043    60.344    -4.08    2.83
 -89349.603    58.712    -4.42    3.34
 -88980.108    56.894    -4.92    3.53
 -88610.558    55.642    -3.39    3.04
 -88240.952    55.122    -1.41    2.42
 -87871.290    55.479     0.97    2.29
 -87501.573    56.780     3.52    2.58
 -87131.800    57.836     2.86    2.82
 -86761.972    58.670     2.25    3.59
 -86392.088    58.779     0.30    3.88
 -86022.148    57.474    -3.53    3.97
 -85652.152    56.565    -2.46    3.64
 -85282.101    56.503    -0.17    3.86
 -84911.994    57.752     3.38    4.32
 -84541.831    59.170     3.83    4.53
 -84171.613    60.920     4.73    4.24
 -83801.338    62.408     4.02    3.48
 -83431.008    62.851     1.20    2.89
 -83060.622    63.400     1.48    2.38
 -82690.180    62.810    -1.59    2.46
 -82319.681    62.470    -0.92    2.21
 -81949.127    62.385    -0.23    2.12
 -81578.517    61.309    -2.90    2.86
 -81207.851    60.156    -3.11    3.19
 -80837.129    59.101    -2.85    2.96
 -80466.351    59.573     1.27    3.57
 -80095.516    61.259     4.55    3.97
 -79724.626    62.615     3.65    3.27
 -79353.679    62.920     0.82    2.70
 -78982.677    61.864    -2.85    3.08
 -78611.618    60.125    -4.69    3.16
 -78240.502    58.303    -4.91    3.35
 -77869.331    55.481    -7.60    4.18
 -77498.103    54.810    -1.81    4.67
 -77126.819    55.097     0.77    5.41
 -76755.478    56.513     3.81    5.87
 -76384.081    59.316     7.55    4.91
 -76012.628    60.470     3.11    4.01
 -75641.119    60.070    -1.08    4.34
 -75269.552    59.203    -2.33    4.52
 -74897.930    59.166    -0.10    3.76
 -74526.251    59.151    -0.04    3.19
 -74154.515    60.175     2.76    2.52
 -73782.723    61.068     2.40    2.24
 -73410.874    61.851     2.10    2.16
 -73038.969    61.983     0.36    2.34
 -72667.007    62.051     0.18    2.65
 -72294.988    62.130     0.21    2.71
 -71922.913    61.691    -1.18    2.50
 -71550.781    61.689    -0.00    1.98
 -71178.592    60.716    -2.62    2.15
 -70806.346    59.025    -4.54    3.12
 -70434.044    56.445    -6.93    4.23
 -70061.685    53.920    -6.78    4.53
 -69689.269    52.337    -4.25    4.60
 -69316.796    51.020    -3.54    4.91
 -68944.266    50.101    -2.47    5.50
 -68571.679    52.087     5.33    5.58
 -68199.036    53.878     4.81    5.13
 -67826.335    56.073     5.89    3.99
 -67453.578    57.503     3.84    1.79
 -67080.763    56.495    -2.71    3.00
 -66707.891    54.615    -5.04    3.66
 -66334.962    52.976    -4.39    3.10
 -65961.976    52.907    -0.18    2.74
 -65588.933    53.216     0.83    2.63
 -65215.833    53.736     1.40    2.61
 -64842.675    54.371     1.70    2.45
 -64469.461    53.865    -1.36    2.39
 -64096.189    52.947    -2.46    3.14
 -63722.860    52.408    -1.44    3.16
 -63349.473    51.527    -2.36    3.10
 -62976.029    50.161    -3.66    3.98
 -62602.528    49.128    -2.76    4.46
 -62228.969    47.948    -3.16    4.44
 -61855.353    46.526    -3.80    4.46
 -61481.680    45.476    -2.81    4.81
 -61107.949    44.283    -3.19    4.90
 -60734.161    43.351    -2.49    5.07
 -60360.315    41.316    -5.44    6.04
 -59986.411    38.310    -8.04    7.04
 -59612.450    33.729   -12.25    7.88
 -59238.432    28.240   -14.68    7.47
 -58864.355    22.594   -15.09    6.67
 -58490.221    19.526    -8.20    5.89
 -58116.030    20.962     3.84    8.42
 -57741.780    26.432    14.62   11.02
 -57367.473    33.698    19.41    8.63
 -56993.108    38.513    12.86    3.09
 -56618.686    38.752     0.64    2.43
 -56244.205    37.179    -4.20    3.27
 -55869.667    34.710    -6.59    4.50
 -55495.071    30.934   -10.08    6.19
 -55120.417    27.273    -9.77    5.44
 -54745.705    24.264    -8.03    4.96
 -54370.935    21.420    -7.59    5.05
 -53996.107    19.310    -5.63    6.18
 -53621.221    18.330    -2.61    6.08
 -53246.277    18.385     0.15    6.12
 -52871.275    17.495    -2.37    7.20
 -52496.215    15.330    -5.77    8.55
 -52121.096    11.597    -9.95    7.96
 -51745.920     8.726    -7.65    4.58
 -51370.685     7.878    -2.26    3.77
 -50995.392     7.555    -0.86    3.62
 -50620.041     6.931    -1.66    2.46
 -50244.632     7.233     0.81    2.51
 -49869.164     7.837     1.61    2.37
 -49493.638     7.865     0.07    2.28
 -49118.054     8.358     1.31    2.46
 -48742.411     8.639     0.75    2.58
 -48366.710     8.637    -0.01    2.66
 -47990.951     8.577    -0.16    2.63
 -47615.133     8.166    -1.09    2.15
 -47239.256     8.207     0.11    1.76
 -46863.321     8.371     0.44    1.04
 -46487.328     8.067    -0.81    0.97
 -46111.276     7.893    -0.46    0.93
 -45735.165     8.094     0.53    1.00
 -45358.995     8.372     0.74    0.93
 -44982.768     8.931     1.48    1.46
 -44606.481    10.101     3.11    2.41
 -44230.135    12.024     5.11    3.23
 -43853.731    14.358     6.20    3.29
 -43477.268    16.459     5.58    2.45
 -43100.747    17.527     2.84    2.24
 -42724.166    18.040     1.36    2.22
 -42347.527    20.193     5.72    3.98
 -41970.829    21.549     3.60    3.98
 -41594.072    22.553     2.66    3.50
 -41217.256    23.414     2.28    2.64
 -40840.381    22.716    -1.85    1.10
 -40463.446    23.165     1.19    0.91
 -40086.453    23.797     1.68    1.42
 -39709.401    24.336     1.43    1.72
 -39332.290    24.637     0.80    1.60
 -38955.120    24.837     0.53    1.47
 -38577.890    25.026     0.50    1.19
 -38200.602    25.385     0.95    1.79
 -37823.254    25.689     0.80    2.29
 -37445.847    26.289     1.59    3.05
 -37068.381    26.700     1.09    3.29
 -36690.855    27.675     2.58    3.16
 -36313.270    29.034     3.60    3.49
 -35935.626    30.986     5.17    4.27
 -35557.923    32.279     3.42    3.79
 -35180.160    31.283    -2.64    4.16
 -34802.337    29.651    -4.32    3.75
 -34424.456    28.768    -2.33    2.77
 -34046.514    28.587    -0.48    1.17
 -33668.514    29.121     1.41    1.17
 -33290.453    29.782     1.75    1.12
 -32912.333    30.577     2.10    1.33
 -32534.154    31.648     2.83    1.60
 -32155.915    32.684     2.74    1.38
 -31777.616    33.513     2.19    1.16
 -31399.258    33.935     1.12    1.09
 -31020.840    34.324     1.03    1.24
 -30642.362    34.217    -0.28    1.11
 -30263.824    34.138    -0.21    1.10
 -29885.227    34.128    -0.03    1.12
 -29506.569    35.024     2.37    2.50
 -29127.852    37.310     6.04    4.14
 -28749.075    39.256     5.14    3.71
 -28370.238    40.567     3.46    3.43
 -27991.341    41.768     3.17    3.38
 -27612.385    42.597     2.19    2.78
 -27233.368    43.963     3.60    2.40
 -26854.291    44.865     2.38    1.89
 -26475.154    45.048     0.48    2.24
 -26095.957    45.104     0.15    2.35
 -25716.700    44.445    -1.74    2.61
 -25337.383    43.999    -1.18    2.29
 -24958.005    44.310     0.82    2.64
 -24584.494    44.824     1.37    2.96
 -24216.662    45.189     0.99    2.92
 -23848.773    45.621     1.18    2.78
 -23480.828    45.391    -0.62    2.35
 -23112.827    45.202    -0.51    1.22
 -22744.770    45.797     1.62    1.10
 -22376.656    46.283     1.32    1.11
 -22008.487    46.974     1.88    1.25
 -21640.260    47.618     1.75    1.10
 -21271.978    48.042     1.15    0.97
 -20903.639    48.330     0.78    0.87
 -20535.243    48.700     1.00    0.84
 -20166.791    49.179     1.30    0.85
 -19798.283    49.632     1.23    0.85
 -19429.718    49.974     0.93    0.87
 -19061.096    50.316     0.93    0.73
 -18692.418    50.645     0.89    0.80
 -18323.684    51.015     1.00    0.97
 -17954.893    51.289     0.74    1.00
 -17586.045    51.632     0.93    0.89
 -17217.140    51.933     0.82    0.88
 -16848.179    52.011     0.21    0.94
 -16479.161    52.198     0.51    1.00
 -16110.086    53.175     2.65    2.07
 -15740.955    53.768     1.61    2.22
 -15371.766    53.864     0.26    1.85
 -15002.521    53.522    -0.93    1.70
 -14633.219    53.001    -1.41    1.57
 -14263.860    53.111     0.30    1.87
 -13894.444    52.851    -0.70    2.07
 -13524.971    52.549    -0.82    2.01
 -13155.442    52.797     0.67    2.01
 -12785.855    52.648    -0.40    1.94
 -12416.211    52.756     0.29    1.66
 -12046.510    52.604    -0.41    1.50
 -11676.753    51.015    -4.30    3.64
 -11306.938    49.517    -4.05    5.12
 -10937.065    47.303    -5.99    6.80
 -10567.136    44.698    -7.04    7.51
 -10197.150    43.358    -3.62    7.60
  -9827.106    41.442    -5.18    8.55
  -9457.005    41.193    -0.67    9.18
  -9086.847    40.400    -2.14   10.26
  -8716.631    39.727    -1.82   10.33
  -8346.359    37.837    -5.11   11.06
  -7976.028    37.727    -0.29   11.09
  -7605.641    32.767   -13.39   14.19
  -7235.196    26.472   -16.99   15.94
  -6864.694    22.499   -10.73   15.22
  -6494.134    25.378     7.77   16.95
  -6123.517    34.465    24.52   15.65
  -5752.842    43.756    25.07   10.01
  -5382.109    48.248    12.12    5.98
  -5011.319    50.251     5.40    4.99
  -4640.472    50.968     1.94    6.27
  -4269.567    37.944   -35.11   21.27
  -3898.604    24.027   -37.52   23.28
  -3527.584    11.411   -34.00   17.69
  -3156.505     2.542   -23.90    1.68
  -2785.369     2.997     1.23    1.93
  -2414.176     3.126     0.35    1.96
  -2042.924     3.051    -0.20    1.79
  -1671.615     3.779     1.96    1.98
  -1300.248     3.877     0.26    2.86
   -928.823     2.686    -3.21    3.82
   -557.340     1.561    -3.03    4.22
   -185.799     1.933     1.00    5.11
    185.799     2.917     2.65    5.59
    557.456     4.919     5.39    4.97
    929.171     6.272     3.64    3.61
   1300.944     6.513     0.65    2.65
   1672.774     5.745    -2.06    2.22
   2044.663     4.756    -2.66    0.94
   2416.610     4.580    -0.47    0.98
   2788.616     4.283    -0.80    1.06
   3160.679     4.161    -0.33    0.99
   3532.801     3.851    -0.84    1.05
   3904.980     3.540    -0.84    0.87
   4277.219     3.553     0.04    1.00
   4649.515     3.618     0.17    1.11
   5021.870     3.824     0.55    1.24
   5394.283     3.782    -0.11    1.48
   5766.754     3.773    -0.03    1.56
   6139.284     3.673    -0.27    1.58
   6511.872     3.531    -0.38    1.60
   6884.519     3.625     0.25    1.46
   7257.224     3.634     0.02    1.93
   7629.987     3.662     0.07    2.13
   8002.810     3.877     0.58    2.30
   8375.690     4.218     0.91    2.40
   8748.630     4.691     1.27    2.19
   9121.628     5.151     1.23    1.95
   9494.684     5.264     0.30    1.58
   9867.800     5.456     0.52    1.05
  10240.974     5.264    -0.52    0.95
  10614.207     5.056    -0.56    0.96
  10987.498     4.933    -0.33    0.94
  11360.849     4.726    -0.55    1.03
  11734.258     4.659    -0.18    1.10
  12107.726     4.604    -0.15    1.04
  12481.253     4.864     0.70    1.14
  12854.838     5.070     0.55    0.98
  13228.483     5.216     0.39    1.12
  13602.187     5.121    -0.25    1.16
  13975.950     4.851    -0.72    1.24
  14349.771     4.771    -0.21    1.24
  14723.652     4.495    -0.74    1.33
  15097.592     4.188    -0.82    1.58
  15471.591     4.056    -0.35    1.60
  15845.649     4.285     0.61    1.67
  16219.766     4.226    -0.16    1.68
  16593.943     4.491     0.71    1.66
  16968.178     4.920     1.15    1.55
  17342.473     5.464     1.45    1.36
  17716.828     6.017     1.48    2.25
  18091.241     7.088     2.86    3.74
  18465.714     6.796    -0.78    3.97
  18840.246     6.193    -1.61    4.03
  19214.838     5.782    -1.10    3.65
  19589.489     5.495    -0.77    3.02
  19964.199     5.824     0.88    3.04
  20338.969     5.931     0.29    2.99
  20713.799     5.621    -0.83    2.46
  21088.688     5.175    -1.19    1.53
  21463.636     4.797    -1.01    1.16
  21838.645     4.371    -1.14    1.51
  22213.712     3.645    -1.94    1.80
  22588.840     3.536    -0.29    1.78
  22964.027     3.445    -0.24    1.77
  23339.274     3.836     1.04    1.60
  23714.580     4.224     1.03    1.24
  24089.947     3.936    -0.77    1.26
  24465.373     3.531    -1.08    1.34
  24840.859     3.076    -1.21    1.23
  25216.405     2.526    -1.46    1.04
  25592.011     2.549     0.06    1.17
  25967.676     2.440    -0.29    1.19
  26343.402     2.508     0.18    1.11
  26719.188     2.651     0.38    1.20
  27095.033     3.424     2.06    3.23
  27470.939     5.121     4.51    5.40
  27846.905     7.251     5.66    6.79
  28222.930     8.097     2.25    6.89
  28599.016     8.799     1.87    6.70
  28975.162     9.330     1.41    6.56
  29351.369     8.219    -2.95    5.92
  29727.635     5.906    -6.15    4.58
  30103.962     4.007    -5.05    3.19
  30480.349     2.670    -3.55    2.83
  30856.796     2.149    -1.38    2.38
  31233.304     1.686    -1.23    1.92
  31609.872     1.266    -1.12    1.27
  31986.500     1.378     0.30    1.36
  32363.189     1.411     0.09    1.44
  32739.938     1.459     0.13    1.59
  33116.748     1.716     0.68    1.82
  33493.618     1.877     0.43    2.15
  33870.549     1.796    -0.22    2.39
  34247.540     1.418    -1.00    2.38
  34624.592     0.922    -1.32    2.02
  35001.704     0.597    -0.86    1.10
  35378.877     0.436    -0.43    0.94
  35756.111     0.584     0.39    0.79
  36133.406     0.428    -0.41    0.80
  36510.761     0.262    -0.44    0.83
  36888.177     0.207    -0.15    1.06
  37265.654     0.148    -0.16    1.26
  37643.192     0.161     0.04    1.75
  38020.791     0.594     1.15    2.17
  38398.450     1.114     1.38    2.54
  38776.170     1.513     1.06    2.53
  39153.952     1.955     1.17    2.96
  39531.794     2.573     1.64    3.20
  39909.698     3.144     1.51    3.21
  40287.662     4.670     4.04    3.94
  40665.687     6.299     4.31    4.45
  41043.774     7.573     3.37    5.43
  41421.922     7.811     0.63    5.23
  41800.131     7.526    -0.75    5.35
  42178.401     6.264    -3.34    4.78
  42556.732     4.706    -4.12    2.22
  42935.125     4.211    -1.31    1.12
  43313.579     4.786     1.52    2.09
  43692.094     5.207     1.11    2.67
  44070.670     5.677     1.24    3.52
  44449.308     6.706     2.72    4.47
  44828.007     5.571    -3.00    4.76
  45206.768     4.668    -2.38    4.74
  45585.590     4.248    -1.11    4.04
  45964.474     3.084    -3.07    3.00
  46343.419     3.486     1.06    3.09
  46722.426     3.304    -0.48    2.80
  47101.495     2.797    -1.34    2.09
  47480.625     4.677     4.96    4.39
  47859.816     5.526     2.24    4.81
  48239.070     5.757     0.61    4.78
  48618.385     5.245    -1.35    3.97
  48997.761     4.304    -2.48    2.43
  49377.200     4.768     1.22    2.22
  49756.700     5.292     1.38    1.78
  50133.139     5.972     1.81    1.58
  50500.791     6.430     1.24    1.46
  50868.501     6.851     1.15    0.97
  51236.269     7.279     1.17    1.09
  51604.094     7.770     1.33    0.84
  51971.977     8.020     0.68    0.92
  52339.917     8.445     1.16    1.24
  52707.916     8.917     1.28    1.66
  53075.972     9.351     1.18    1.57
  53444.086     9.531     0.49    1.93
  53812.257    10.059     1.44    2.62
  54180.487     9.553    -1.37    3.09
  54548.774     9.781     0.62    3.95
  54917.120    10.304     1.42    4.23
  55285.523    10.259    -0.12    4.42
  55653.984     9.391    -2.36    4.62
  56022.503     7.724    -4.52    3.86
  56391.081     6.224    -4.07    3.76
  56759.716     5.796    -1.16    3.99
  57128.409     5.784    -0.03    4.21
  57497.161     4.740    -2.83    4.11
  57865.970     3.627    -3.02    3.68
  58234.838     2.495    -3.07    2.96
  58603.764     1.953    -1.47    1.65
  58972.748     2.661     1.92    2.19
  59341.790     3.364     1.90    2.72
  59710.891     3.503     0.38    2.79
  60080.050     3.035    -1.27    2.64
  60449.267     3.476     1.19    3.99
  60818.543     4.824     3.65    4.96
  61187.877     6.101     3.46    5.01
  61557.269     7.157     2.86    4.81
  61926.720     7.414     0.69    4.08
  62296.230     7.637     0.60    3.62
  62665.797     7.738     0.27    3.16
  63035.424     6.917    -2.22    2.99
  63405.109     6.048    -2.35    1.55
  63774.852     5.851    -0.53    1.36
  64144.654     5.905     0.15    1.34
  64514.515     6.464     1.51    1.06
  64884.434     6.783     0.86    1.21
  65254.412     7.058     0.74    1.75
  65624.449     7.686     1.70    2.68
  65994.545     8.158     1.28    3.09
  66364.699     7.837    -0.87    3.25
  66734.912     7.578    -0.70    3.35
  67105.184     6.481    -2.96    2.25
  67475.515     6.171    -0.84    1.40
  67845.905     6.459     0.78    1.34
  68216.354     7.266     2.18    1.18
  68586.861     7.783     1.40    0.96
  68957.428     8.035     0.68    0.93
  69328.053     7.522    -1.38    1.44
  69698.738     6.316    -3.25    2.25
  70069.482     5.024    -3.49    2.10
  70440.285     4.316    -1.91    1.63
  70811.147     4.001    -0.85    1.24
  71182.068     4.331     0.89    1.27
  71553.048     3.891    -1.19    1.96
  71924.087     3.232    -1.77    2.33
  72295.186     3.304     0.19    2.83
  72666.344     4.390     2.93    3.62
  73037.561     5.931     4.15    3.40
  73408.838     7.702     4.77    2.62
  73780.174     9.716     5.42    3.66
  74151.569    10.810     2.95    4.74
  74523.024    10.411    -1.08    5.21
  74894.538     9.904    -1.36    4.61
  75266.112     9.482    -1.14    3.65
  75637.745     9.637     0.42    3.57
  76009.438    11.206     4.22    2.87
  76381.190    11.974     2.07    2.57
  76753.002    12.553     1.56    2.06
  77124.873    12.824     0.73    1.56
  77496.804    12.577    -0.66    3.19
  77868.795    10.823    -4.71    5.07
  78240.846     7.837    -8.03    5.51
  78612.956     5.011    -7.60    4.05
  78985.126     3.614    -3.75    2.34
  79357.356     5.248     4.39    3.95
  79729.645     8.069     7.58    5.12
  80101.995    11.184     8.37    4.76
  80474.404    12.176     2.66    3.70
  80846.873    12.115    -0.16    3.24
  81219.402    11.084    -2.77    2.90
  81591.992    10.142    -2.53    2.39
  81964.641    10.482     0.91    2.23
  82337.350    11.628     3.08    2.62
  82710.119    13.824     5.89    2.93
  83082.948    15.330     4.04    2.34
  83455.838    16.024     1.86    1.66
  83828.787    17.259     3.31    2.41
  84201.797    19.026     4.74    3.83
  84574.867    19.768     1.99    4.42
  84947.997    18.565    -3.23    5.78
  85321.188    15.797    -7.42    6.94
  85694.438    13.552    -6.02    6.12
  86067.750    12.571    -2.63    4.82
  86441.121    13.074     1.35    4.73
  86814.553    14.864     4.79    4.30
  87188.045    15.553     1.85    2.70
  87561.598    15.237    -0.85    2.40
  87935.211    14.744    -1.32    2.15
  88308.884    14.786     0.11    1.55
  88682.619    14.377    -1.09    1.28
  89056.413    14.009    -0.99    0.98
  89430.269    13.768    -0.64    0.97
  89804.185    13.495    -0.73    1.10
  90178.161    13.670     0.47    1.09
  90552.198    13.890     0.59    0.97
  90926.296    13.323    -1.52    1.34
  91300.455    12.759    -1.51    1.56
  91674.675    12.323    -1.16    1.47
  92048.955    12.693     0.99    1.63
  92423.296    12.809     0.31    1.65
  92797.698    12.801    -0.02    1.50
  93172.161    12.243    -1.49    1.46
  93546.685    11.581    -1.77    1.48
  93921.270    10.384    -3.20    2.45
  94295.915     9.030    -3.61    2.90
  94670.622     7.114    -5.11    2.52
  95045.390     5.588    -4.07    2.36
  95420.219     4.773    -2.17    2.36
  95795.109     5.548     2.07    3.65
  96170.060     8.211     7.10    6.17
  96545.072    12.197    10.63    7.51
  96920.146    16.285    10.90    7.69
  97295.280    19.184     7.73    7.24
  97670.476    20.448     3.37    6.33
  98045.734    21.166     1.91    4.93
  98421.052    22.889     4.59    5.65
  98796.432    25.351     6.56    4.39
  99171.873    24.952    -1.06    4.80
  99547.376    24.559    -1.05    4.89
  99922.940    20.219   -11.56    6.67
 100298.566    15.440   -12.72    8.12
 100674.253    10.784   -12.39    7.75
 101050.001     8.131    -7.06    4.72
 101425.812     9.727     4.25    5.36
 101801.683    13.237     9.34    4.78
 102177.617    15.048     4.82    2.94
 102553.612    13.617    -3.81    4.13
 102929.669    11.324    -6.10    4.32
 103305.787     9.357    -5.23    3.32
 103681.967     8.311    -2.78    2.24
 104058.209     8.492     0.48    1.93
 104434.513     8.945     1.21    1.83
 104810.879     8.977     0.08    1.79
 105187.306     8.295    -1.81    2.05
 105563.796     7.653    -1.70    2.12
 105940.347     7.248    -1.08    3.17
 106316.961     7.759     1.36    3.49
 106693.636    10.152     6.35    4.39
 107070.373    12.526     6.30    4.61
 107447.173    11.851    -1.79    5.75
 107824.034     8.798    -8.10    7.90
 108200.958     4.522   -11.35    7.63
 108577.943     0.955    -9.46    4.78
 108954.991    -1.149    -5.58    0.00
 109332.101    -1.149     0.00    0.00
 109709.274    -0.893     0.68    1.01
 110086.509     0.179     2.84    2.84
 110463.805     2.395     5.87    4.33
 110841.165     4.906     6.66    4.42
 111218.586     7.114     5.85    3.57
 111596.071     9.042     5.11    1.67
 111973.617     9.732     1.83    1.90
 112351.226     9.604    -0.34    2.37
 112728.898     8.070    -4.06    2.60
 113106.631     6.811    -3.33    2.07
 113484.428     6.745    -0.17    2.05
 113862.287     8.084     3.54    2.66
 114240.209     9.317     3.26    2.64
 114618.193    10.851     4.06    1.90
 114996.240    12.080     3.25    1.73
 115374.350    13.484     3.71    2.11
 115752.523    14.700     3.22    2.76
 116130.758    15.474     2.05    3.32
 116509.056    16.161     1.82    3.83
 116887.417    15.903    -0.68    4.47
 117265.841    14.189    -4.53    4.80
 117644.328    13.440    -1.98    4.61
 118022.878    12.653    -2.08    3.57
 118401.490    13.061     1.08    3.90
 118780.166    12.994    -0.18    3.99
 119158.905    12.614    -1.00    3.94
 119537.706    12.017    -1.57    3.59
 119916.571    11.481    -1.42    2.41
 120295.499    12.076     1.57    2.68
 120674.490    12.406     0.87    2.40
 121053.545    11.913    -1.30    2.57
 121432.662    11.823    -0.24    2.57
 121811.843    12.544     1.90    2.73
 122191.087    13.051     1.34    2.89
 122570.395    14.202     3.04    2.67
 122949.766    14.513     0.82    2.73
 123329.200    14.539     0.07    2.67
 123708.697    14.153    -1.02    3.86
 124088.258    11.784    -6.24    5.20
 124467.883    12.146     0.95    5.98
 124847.516    14.642     6.58    8.12
 125214.985    17.801     8.60    7.90
 125582.513    21.634    10.43    4.61
 125950.101    21.620    -0.04    4.01
 126317.747    18.567    -8.31    5.77
 126685.452    14.944    -9.85    6.18
 127053.217    14.517    -1.16    5.94
 127421.041    15.727     3.29    5.09
 127788.924    17.597     5.08    3.82
 128156.866    19.513     5.21    2.35
 128524.868    20.184     1.82    1.98
 128892.928    20.440     0.70    1.68
 129261.048    20.088    -0.96    2.01
 129629.228    19.466    -1.69    1.99
 129997.467    19.157    -0.84    1.59
 130365.765    20.312     3.14    2.33
 130734.123    22.206     5.14    2.90
 131102.540    24.180     5.36    2.66
 131471.017    25.338     3.14    2.26
 131839.553    26.864     4.14    1.68
 132208.149    27.851     2.68    1.64
 132576.804    28.416     1.53    1.66
 132945.520    29.201     2.13    1.37
 133314.294    29.799     1.62    0.81
 133683.129    29.944     0.39    0.79
 134052.023    30.157     0.58    1.04
 134420.977    30.731     1.55    1.27
 134789.990    31.144     1.12    1.37
 135159.064    31.734     1.60    1.22
 135528.197    31.966     0.63    1.22
 135897.390    31.383    -1.58    1.83
 136266.643    30.146    -3.35    2.50
 136635.956    28.890    -3.40    2.55
 137005.329    27.253    -4.43    1.64
 137374.761    26.033    -3.30    1.69
 137744.254    25.157    -2.37    1.39
 138113.807    24.995    -0.44    1.42
 138483.420    24.757    -0.64    1.39
 138853.093    24.197    -1.52    1.64
 139222.826    23.504    -1.88    1.77
 139592.620    22.617    -2.40    1.21
 139962.473    21.786    -2.25    0.96
 140332.387    21.318    -1.26    0.98
 140702.361    21.415     0.26    1.22
 141072.395    21.552     0.37    1.32
 141442.489    22.158     1.64    1.21
 141812.644    22.916     2.05    1.42
 142182.860    24.997     5.62    4.20
 142553.135    28.104     8.39    6.88
 142923.471    32.824    12.75    8.83
 143293.868    36.731    10.55    8.94
 143664.325    40.651    10.58    8.13
 144034.842    42.981     6.29    7.13
 144405.420    45.786     7.57    4.38
 144776.059    46.786     2.70    2.93
 145146.758    46.620    -0.45    3.05
 145517.518    46.630     0.03    3.23
 145888.338    48.669     5.50    4.92
 146259.220    51.171     6.75    5.34
 146630.162    53.456     6.16    4.58
 147001.164    52.916    -1.45    5.77
 147372.228    47.561   -14.43    9.90
 147743.352    40.691   -18.52   10.53
 148114.537    35.734   -13.36    7.44
 148485.783    34.331    -3.78    4.94
 148857.090    36.279     5.25    6.10
 149228.458    38.351     5.58    5.90
 149599.887    39.509     3.12    4.94
 149971.377    40.969     3.93    5.43
 150342.928    44.287     8.93    6.23
 150714.539    48.219    10.58    4.91
 151086.212    51.104     7.76    2.52
 151457.947    51.969     2.33    2.11
 151829.742    52.453     1.30    2.03
 152201.598    51.931    -1.41    2.43
 152573.516    49.344    -6.96    4.56
 152945.495    45.456   -10.45    5.72
 153317.535    41.627   -10.29    4.87
 153689.637    39.531    -5.63    3.47
 154061.799    37.344    -5.88    4.04
 154434.024    34.837    -6.74    5.53
 154806.309    31.763    -8.26    5.10
 155178.656    28.906    -7.67    4.67
 155551.065    26.613    -6.16    5.22
 155923.535    24.262    -6.31    5.96
 156296.066    20.377   -10.43    5.56
 156668.659    17.587    -7.49    3.87
 157041.314    17.435    -0.41    4.12
 157414.030    18.948     4.06    5.35
 157786.808    19.995     2.81    5.58
 158159.648    20.080     0.23    5.72
 158532.549    19.126    -2.56    4.88
 158905.512    17.604    -4.08    3.75
 159278.537    16.663    -2.52    3.30
 159651.623    16.310    -0.95    3.87
 160024.772    15.646    -1.78    4.66
 160397.982    14.785    -2.31    5.03
 160771.254    14.945     0.43    5.35
 161144.588    16.403     3.91    5.08
 161517.984    16.509     0.28    4.19
 161891.442    16.588     0.21    3.49
 162264.962    18.708     5.68    5.86
 162638.544    23.291    12.27    8.28
 163012.188    28.443    13.79    8.71
 163385.895    33.797    14.33    6.91
 163759.663    37.048     8.70    7.09
 164133.494    38.968     5.14    7.54
 164507.386    41.422     6.57    7.17
 164881.341    45.107     9.86    7.20
 165255.359    47.851     7.34    6.05
 165629.438    51.094     8.67    4.11
 166003.580    52.904     4.84    3.38
 166377.784    53.509     1.62    2.76
 166752.051    54.310     2.14    2.99
 167126.380    53.551    -2.03    3.51
 167500.772    50.756    -7.47    4.48
 167875.226    47.416    -8.92    4.96
 168249.742    44.059    -8.97    4.42
 168624.322    41.981    -5.55    4.14
 168998.963    41.467    -1.37    4.62
 169373.668    42.607     3.04    4.43
 169748.435    44.256     4.40    4.25
 170123.264    45.026     2.05    3.15
 170498.157    44.999    -0.07    3.44
 170873.112    44.661    -0.90    3.61
 171248.130    43.251    -3.76    3.05
 171623.210    42.630    -1.66    2.56
 171998.354    43.389     2.02    2.70
 172373.560    42.053    -3.56    3.16
 172748.829    41.402    -1.74    3.29
 173124.162    42.175     2.06    3.70
 173499.557    42.552     1.00    3.84
 173875.015    43.557     2.68    3.51
 174250.536    45.117     4.15    3.12
 174626.121    44.717    -1.06    3.66
 175001.768    41.864    -7.60    6.50
 175377.479    36.264   -14.91   10.27
 175753.252    28.318   -21.15   10.27
 176129.089    21.453   -18.27    8.57
 176504.989    16.193   -14.00    8.30
 176880.953    11.594   -12.23    6.77
 177256.979     8.138    -9.19    4.95
 177633.069     5.689    -6.51    2.76
 178009.222     5.126    -1.50    3.34
 178385.439     4.397    -1.94    3.71
 178761.719     3.774    -1.66    3.75
 179138.063     4.591     2.17    4.03
 179514.470     5.965     3.65    3.10
 179890.940     6.748     2.08    2.21
 180267.475     6.146    -1.60    2.54
 180644.072     4.617    -4.06    2.92
 181020.734     4.430    -0.50    3.06
 181397.459     4.218    -0.56    2.58
 181774.247     3.999    -0.58    2.59
 182151.099     4.517     1.37    2.98
 182528.016     3.878    -1.70    4.71
 182904.995     0.396    -9.24    5.83
 183282.039    -2.122    -6.68    4.92
 183659.147    -0.765     3.60    6.39
 184036.318     3.344    10.90    8.74
 184413.553     9.901    17.38    7.93
 184790.852    14.797    12.98    4.93
 185168.216    16.534     4.60    4.46
 185545.643    17.188     1.73    4.74
 185923.134    17.274     0.23    4.19
 186300.689    15.673    -4.24    4.31
 186678.309    12.479    -8.46    5.63
 187055.992     8.994    -9.23    5.43
 187433.740     7.331    -4.40    4.33
 187811.552     6.786    -1.44    3.98
