# NaN NaN NaN ;Mean Elev.(m), Avg Gradient(m/km), RMS Gradient(m/km) - SRTM1     
#   43.080   0.092   3.625 ;Mean Elev.(m), Avg Gradient(m/km), RMS Gradient(m/km) - ASTER GDEM
#   43.086  -0.054   2.704 ;Mean Elev.(m), Avg Gradient(m/km), RMS Gradient(m/km) - GMTED2010 
  8  81.444307  58.984713    50.373    50.373  2 52496.65052229 26.063
  9  81.428919  58.974209    48.630    48.630  2 52531.65050707 32.895
 10  81.438846  58.981477    48.566    48.609  3 52566.65053021 39.798
 11  81.439512  58.981481    51.393    51.393  2 52601.65054051 26.157
 12  81.431432  58.977161    48.903    48.903  2 52636.65050528 16.539
 13  81.439170  58.982840    51.144    51.138  3 52671.65051083 12.307
 14  81.436543  58.978074    51.642    51.642  2 52706.65050891 12.205
 15  81.439236  58.981006    52.308    52.405  3 52741.65054178 10.528
 16  81.448994  58.989300    53.792    53.751  4 52776.65048625 37.571
 17  81.431012  58.975161    52.691    52.691  2 52811.65056199 52.740
 20  81.445243  58.986129    47.173    47.173  2 52916.65061255 52.412
 21  81.435272  58.977159    48.738    48.738  2 52951.65057206 50.208
 22  81.442949  58.984231    48.037    48.037  2 52986.65059047 16.347
 23  81.445186  58.985738    49.679    49.679  2 53021.65058005 13.907
 24  81.439843  58.982458    50.872    50.872  2 53056.65056994 12.335
 25  81.439024  58.982497    52.536    52.693  3 53091.65060773 11.207
 26  81.435675  58.980224    52.114    52.114  2 53126.65057819 31.058
 27  81.433841  58.978082    54.437    54.508  3 53161.65064063 34.509
 28  81.439700  58.982778    50.917    50.879  3 53196.65063980 50.618
 29  81.445349  58.985815    48.436    48.436  2 53231.65062154 26.370
 30  81.446976  58.987377    47.659    47.674  3 53266.65059124 49.730
 31  81.427706  58.975298    50.094    50.094  2 53301.65064152 39.353
 32  81.439379  58.983431    49.183    49.188  3 53336.65061306 26.166
 33  81.447416  58.989778    49.866    49.856  4 53371.65055032 18.340
 34  81.436958  58.980758    49.150    49.150  2 53406.65058529 17.285
 35  81.446318  58.987509    50.520    50.435  3 53441.65057222 11.704
 36  81.432624  58.976033    48.552    48.552  2 53476.65063913 17.564
 37  81.438066  58.981188    53.097    53.097  2 53511.65065329 26.652
 38  81.438710  58.979881    50.917    50.950  3 53546.65067026 42.257
 39  81.442285  58.983432    48.993    49.027  3 53581.65064257 49.334
 40  81.444797  58.984954    48.157    48.161  3 53616.65059806 47.622
 41  81.436302  58.980365    48.268    48.268  2 53651.65061297 45.743
 42  81.437452  58.979144    47.734    47.737  3 53686.65061793 45.214
 43  81.447171  58.989533    49.242    49.236  3 53721.65054532 22.048
 44  81.438755  58.981485    50.259    50.259  2 53756.65047458 15.245
 45  81.444715  58.983635    50.829    50.844  3 53791.65050082 12.695
 46  81.434615  58.978473    53.221    53.106  3 53826.65046286  8.293
 47  81.433936  58.976832    51.683    51.683  2 53861.65055174 34.673
 48  81.437492  58.980808    54.284    54.284  2 53896.65057301 44.003
 49  81.433284  58.976830    51.922    51.922  2 53931.65062253 26.124
 50  81.438112  58.979755    48.642    48.680  3 53966.65059834 52.625
 51  81.431458  58.976408    48.225    48.225  2 54001.65056047 49.862
 52  81.438320  58.981551    48.099    48.099  2 54036.65060086 35.051
 53  81.440906  58.982897    49.289    49.284  3 54071.65059524 32.812
 54  81.446293  58.987764    49.572    49.546  3 54106.65054718 16.992
 55  81.435459  58.978868    51.209    51.387  3 54141.65052862 12.109
 56  81.444187  58.983175    51.207    51.396  3 54176.65052792 11.390
 57  81.434994  58.979625    51.446    51.446  2 54211.65053576 33.209
 58  81.438062  58.979942    55.225    55.311  3 54246.65056546 35.258
 60  81.441745  58.984028    52.451    52.526  3 54316.65057462 20.873
 61  81.444437  58.985507    48.671    48.671  2 54351.65054167 28.862
 62  81.438411  58.980916    47.732    47.732  2 54386.65051336 39.629
 63  81.443141  58.983815    47.555    47.556  3 54421.65049103 40.141
 64  81.433965  58.977657    52.430    52.430  2 54456.65048598 16.210
 65  81.443598  58.983316    51.425    51.492  3 54491.65049275 10.746
 66  81.437902  58.980440    52.521    52.521  2 54526.65049914 12.602
 67  81.444558  58.983619    48.091    48.103  3 54561.65050118 15.623
 69  81.438608  58.980699    52.303    52.303  2 54631.65050862 25.678
 70  81.438395  58.980803    49.861    49.861  2 54666.65051469 26.899
 71  81.445861  58.985670    47.739    47.739  2 54701.65048334 31.960
 72  81.434506  58.978531    49.746    48.408  3 54736.65047450 26.350
 73  81.443494  58.982850    48.120    48.162  3 54771.65046335 32.053
 74  81.433986  58.977429    51.358    51.498  3 54806.65046791 18.096
 75  81.440568  58.982881    51.100    51.083  3 54841.65045972 13.545
 76  81.436526  58.979927    51.027    51.027  2 54876.65046980 12.477
 77  81.443675  58.984454    51.127    51.127  2 54911.65046488 12.120
 78  81.435263  58.978625    54.420    54.417  3 54946.65046247 53.073
 79  81.438515  58.981105    53.307    53.307  2 54981.65048875 31.011
 80  81.439373  58.981986    52.724    52.785  3 55016.65048920 32.696
 81  81.440619  58.983205    51.490    52.249  3 55051.65048437 22.447
 82  81.445471  58.985758    49.148    49.148  2 55086.65044917 34.558
 83  81.436417  58.980146    48.647    48.647  2 55121.65041813 40.145
 84  81.442254  58.982932    50.885    50.846  3 55156.65040883 33.192
 85  81.434202  58.977632    51.310    51.437  3 55191.65040740 14.074
 86  81.442360  58.982879    50.644    50.584  3 55226.65040959 12.818
 87  81.439028  58.981578    51.011    51.059  3 55261.65040344 11.016
 88  81.444400  58.984972    52.925    52.925  2 55296.65039497  9.380
 89  81.438837  58.981134    53.954    53.954  2 55331.65038382 38.112
 90  81.442583  58.982994    54.883    54.869  3 55366.65037663 40.232
 91  81.435307  58.978302    52.879    52.740  3 55401.65038956 29.950
 92  81.442642  58.983516    49.483    49.424  3 55436.65039424 28.357
 93  81.446411  58.987308    48.024    48.015  3 55471.65034568 33.817
