# NaN NaN NaN ;Mean Elev.(m), Avg Gradient(m/km), RMS Gradient(m/km) - SRTM1     
#   22.542  -1.149   2.372 ;Mean Elev.(m), Avg Gradient(m/km), RMS Gradient(m/km) - ASTER GDEM
#   28.516  -1.166   4.099 ;Mean Elev.(m), Avg Gradient(m/km), RMS Gradient(m/km) - GMTED2010 
  6  72.736661  61.224323    32.379    32.243  8 52438.25855402 29.530
  7  72.739944  61.224970    32.465    32.489  7 52473.25855372 29.113
  8  72.742656  61.226893    30.506    30.377  8 52508.25852301 24.150
 11  72.734977  61.224169    28.534    28.187  8 52613.25852414 25.998
 12  72.760551  61.237318    30.308    30.343  7 52648.25850345 14.876
 13  72.752486  61.232551    30.105    30.352  8 52683.25848031 12.272
 14  72.750807  61.231442    30.424    30.481  7 52718.25853685 12.400
 15  72.722019  61.220255    28.961    29.369  8 52753.25856462 18.165
 16  72.771654  61.243437    31.754    31.603  5 52788.25850499 34.439
 17  72.766823  61.241037    31.897    31.824  5 52823.25857710 32.518
 18  72.769003  61.243423    28.248    27.931  5 52858.25862319 29.007
 19  72.743020  61.226940    25.901    25.924  8 52893.25865864 37.765
 20  72.726321  61.219665    28.217    27.943  8 52928.25861136 25.092
 21  72.774960  61.243023    25.651    25.686  3 52963.25858388 22.229
 22  72.741804  61.226488    25.443    25.485  8 52998.25862664 32.569
 23  72.730184  61.221759    26.589    25.796  8 53033.25858251 20.028
 24  72.759245  61.237396    30.101    30.130  7 53068.25859235 11.642
 25  72.725639  61.220158    25.630    25.639  8 53103.25858504 17.558
 26  72.766298  61.241535    29.044    29.061  5 53138.25859519 33.230
 27  72.752705  61.233059    31.659    31.695  7 53173.25864006 28.392
 28  72.742977  61.226908    29.752    29.740  8 53208.25865725 44.156
 29  72.743339  61.226484    28.092    27.797  7 53243.25862497 29.387
 30  72.771583  61.243792    27.419    27.407  4 53278.25859724 26.514
 31  72.748652  61.229158    28.231    28.210  7 53313.25863013 40.267
 32  72.747029  61.228898    29.864    29.939  7 53348.25859598 19.464
 33  72.770961  61.243411    28.801    28.742  4 53383.25856129 15.646
 34  72.762806  61.238856    29.661    29.745  6 53418.25857309 15.583
 36  72.739473  61.224785    29.392    28.753  8 53488.25866471 27.170
 37  72.755419  61.234718    31.353    31.321  8 53523.25865123 32.717
 38  72.734928  61.223795    30.576    30.061  8 53558.25867986 31.788
 39  72.746056  61.227992    28.194    28.372  7 53593.25861611 24.498
 40  72.765861  61.241007    27.863    27.862  6 53628.25860447 24.904
 41  72.748462  61.229980    29.194    29.328  7 53663.25863176 25.522
 42  72.741464  61.226142    26.163    26.152  7 53698.25859464 48.740
 43  72.737303  61.224675    27.673    27.036  8 53733.25851747 19.135
 44  72.768170  61.242238    28.110    28.228  5 53768.25849300 12.510
 45  72.741303  61.225408    29.292    29.311  8 53803.25849475 10.723
 46  72.769724  61.243555    31.256    31.258  5 53838.25850600 11.966
 47  72.757248  61.236225    29.380    29.379  7 53873.25855720 35.255
 48  72.747735  61.229686    31.290    31.304  7 53908.25860107 31.174
 49  72.732589  61.221894    30.537    30.646  8 53943.25862775 23.380
 50  72.732166  61.222490    27.849    26.809  7 53978.25857916 25.991
 51  72.776135  61.245562    28.274    28.312  5 54013.25858345 23.978
 52  72.765672  61.240930    27.723    27.712  5 54048.25859321 40.323
 54  72.728651  61.221875    29.678    29.646  8 54118.25852038 13.604
 55  72.746678  61.228318    30.879    30.846  7 54153.25854266 10.474
 57  72.755750  61.234952    31.460    31.519  8 54223.25855107 31.309
 58  72.748510  61.229409    32.254    32.171  6 54258.25857393 36.983
 59  72.753187  61.233380    32.912    32.956  7 54293.25857602 31.793
 60  72.744778  61.226787    30.147    29.948  7 54328.25857259 28.557
 61  72.730998  61.222423    31.130    31.452  8 54363.25852180 21.220
 62  72.757710  61.236046    28.966    29.106  8 54398.25851048 23.506
 63  72.738143  61.225025    28.555    28.387  8 54433.25847111 28.466
 64  72.765777  61.240622    29.462    29.547  5 54468.25849185 16.031
 65  72.738808  61.224421    29.998    30.099  7 54503.25848713 14.672
 66  72.749416  61.229656    30.741    30.718  7 54538.25850986 11.714
 67  72.736209  61.224051    30.869    30.848  8 54573.25848811  5.879
 68  72.749004  61.229337    31.526    31.452  7 54608.25850288 28.460
 69  72.744264  61.227071    31.880    31.873  7 54643.25851198 31.846
 70  72.746435  61.228423    30.890    30.889  7 54678.25851331 20.739
 71  72.734383  61.222865    26.980    26.303  8 54713.25846760 33.237
 72  72.755086  61.234280    29.485    29.835  7 54748.25848133 22.111
 73  72.743097  61.226293    27.386    27.403  8 54783.25845402 44.804
 74  72.757711  61.235626    28.740    28.188  7 54818.25847348 17.592
 75  72.741895  61.225731    29.928    29.917  8 54853.25845117 16.821
 76  72.746681  61.228475    30.427    30.405  6 54888.25847991 10.298
 77  72.727464  61.220850    29.448    29.496  8 54923.25845252 12.392
 78  72.755866  61.234690    31.579    31.573  8 54958.25847506 30.365
 79  72.743528  61.226608    31.154    31.123  8 54993.25849956 27.062
 80  72.745018  61.228260    30.722    30.738  7 55028.25848955 43.119
 81  72.745697  61.227423    28.013    28.037  7 55063.25848165 49.970
 82  72.727301  61.220719    28.801    28.781  8 55098.25842994 23.962
 83  72.755610  61.235088    30.833    30.939  7 55133.25842409 19.191
 84  72.741905  61.226329    29.047    29.193  7 55168.25839109 18.711
 85  72.754967  61.234353    29.850    29.865  8 55203.25841666 12.015
 86  72.736257  61.224542    29.209    29.214  8 55238.25839934 11.418
 87  72.745220  61.227796    29.860    29.776  7 55273.25841197  9.518
 88  72.733613  61.222873    26.735    26.201  8 55308.25838210 30.367
 89  72.750962  61.231037    31.224    31.173  7 55343.25838019 29.578
 90  72.741679  61.226274    31.821    31.707  8 55378.25837577 32.118
 91  72.759009  61.236986    31.019    30.952  7 55413.25839759 27.807
 92  72.743748  61.226826    29.107    29.354  7 55448.25838921 24.728
 93  72.729579  61.222037    29.008    28.206  8 55483.25831891 23.907
