-133051.959    32.518     0.00    3.42
-132681.961    33.422     2.44    3.79
-132311.888    34.829     3.80    4.15
-131941.741    36.398     4.24    4.11
-131571.519    37.522     3.04    3.99
-131201.223    37.044    -1.29    4.19
-130830.852    35.183    -5.02    4.29
-130460.407    33.099    -5.62    4.47
-130089.887    31.567    -4.13    3.48
-129719.293    33.151     4.27    5.18
-129348.623    35.709     6.90    6.46
-128977.879    36.641     2.51    5.72
-128607.060    36.291    -0.95    4.32
-128236.166    35.033    -3.39    3.16
-127865.198    34.070    -2.60    3.54
-127494.154    33.817    -0.68    5.89
-127123.035    31.822    -5.38    7.90
-126751.842    27.674   -11.17    9.18
-126380.573    23.565   -11.07    8.28
-126009.229    20.857    -7.29    5.18
-125637.810    21.452     1.60    4.45
-125266.315    24.700     8.74    5.74
-124894.746    28.837    11.13    5.50
-124523.101    32.258     9.21    4.14
-124151.380    33.441     3.18    3.23
-123779.585    32.636    -2.16    3.63
-123407.713    31.435    -3.23    3.30
-123035.767    30.898    -1.44    2.56
-122663.744    31.946     2.82    4.13
-122291.647    34.898     7.93    7.29
-121919.473    39.576    12.57    9.60
-121547.224    43.552    10.68    8.92
-121174.899    45.989     6.55    6.24
-120802.498    46.425     1.17    5.17
-120430.022    41.707   -12.67    7.33
-120057.469    35.591   -16.41    8.33
-119684.841    29.451   -16.48    8.88
-119312.137    24.674   -12.81    8.98
-118939.357    19.871   -12.88    7.61
-118566.500    17.068    -7.52    6.13
-118193.568    13.914    -8.46    4.92
-117820.559    12.182    -4.64    3.91
-117447.474    11.398    -2.10    3.81
-117074.313    10.622    -2.08    3.11
-116701.076    10.511    -0.30    3.35
-116327.763    13.833     8.90    6.81
-115954.373    17.538     9.92    7.43
-115580.906    20.286     7.36    5.80
-115207.363    22.237     5.22    3.84
-114833.744    21.739    -1.33    2.76
-114460.048    20.913    -2.21    1.64
-114086.275    22.011     2.94    2.86
-113712.426    24.244     5.97    5.30
-113338.500    27.522     8.76    6.65
-112964.498    31.078     9.51    5.36
-112590.418    33.247     5.80    4.67
-112216.262    35.341     5.60    3.45
-111842.029    36.245     2.41    3.39
-111467.719    37.172     2.48    3.32
-111093.331    37.074    -0.26    2.87
-110718.867    36.761    -0.84    2.99
-110344.326    36.452    -0.83    2.59
-109969.708    35.341    -2.96    2.59
-109595.012    35.269    -0.19    2.77
-109220.239    34.310    -2.56    3.16
-108845.389    32.140    -5.79    4.02
-108470.462    30.092    -5.46    3.81
-108095.457    28.333    -4.69    3.04
-107720.375    27.719    -1.64    2.62
-107345.216    29.129     3.76    3.30
-106969.979    31.284     5.74    4.21
-106594.664    32.479     3.18    4.60
-106219.272    32.471    -0.02    4.12
-105843.802    30.903    -4.18    4.65
-105468.255    29.330    -4.19    4.70
-105092.629    27.404    -5.13    5.51
-104716.926    24.670    -7.28    5.88
-104341.145    22.234    -6.48    5.97
-103965.287    20.822    -3.76    5.34
-103589.350    21.559     1.96    5.75
-103213.335    25.033     9.24    7.06
-102837.243    30.926    15.67    6.45
-102461.072    35.176    11.30    4.98
-102084.823    38.989    10.13    3.77
-101708.496    41.564     6.84    2.99
-101332.090    42.217     1.74    2.40
-100955.607    41.883    -0.89    2.36
-100579.045    40.543    -3.56    2.97
-100202.405    38.290    -5.98    3.75
 -99825.686    35.087    -8.50    3.69
 -99448.889    33.677    -3.74    2.87
 -99072.013    34.228     1.46    3.76
 -98695.059    35.925     4.50    4.83
 -98318.026    38.489     6.80    4.60
 -97940.915    40.710     5.89    4.31
 -97563.725    41.725     2.69    3.96
 -97186.456    42.301     1.53    4.06
 -96809.108    42.467     0.44    3.50
 -96431.681    43.140     1.78    3.08
 -96054.176    44.870     4.58    2.93
 -95676.591    46.702     4.85    3.25
 -95298.928    49.130     6.43    3.50
 -94921.186    51.097     5.21    3.04
 -94543.364    52.543     3.83    2.51
 -94165.463    53.620     2.85    2.34
 -93787.483    54.872     3.31    2.44
 -93409.424    54.956     0.22    2.82
 -93031.286    53.830    -2.98    3.61
 -92653.068    51.022    -7.42    5.09
 -92274.771    48.247    -7.34    4.99
 -91896.394    47.068    -3.12    4.41
 -91517.938    46.946    -0.32    4.29
 -91139.402    47.580     1.67    3.78
 -90760.787    47.521    -0.15    3.30
 -90382.092    45.978    -4.08    3.12
 -90003.318    44.128    -4.88    3.44
 -89624.463    41.957    -5.73    3.94
 -89245.529    40.462    -3.94    4.55
 -88866.515    38.913    -4.09    5.04
 -88487.422    37.441    -3.88    5.19
 -88108.248    36.578    -2.28    4.94
 -87728.994    35.979    -1.58    5.04
 -87349.660    35.352    -1.65    5.39
 -86970.246    33.958    -3.67    4.95
 -86590.752    32.703    -3.31    4.75
 -86211.178    32.442    -0.69    4.22
 -85831.524    33.787     3.54    5.49
 -85451.789    37.298     9.25    6.24
 -85071.974    40.602     8.70    5.05
 -84692.079    42.011     3.71    4.46
 -84312.103    40.989    -2.69    5.46
 -83932.047    37.043   -10.38    7.14
 -83551.910    32.727   -11.35    7.82
 -83171.692    28.170   -11.98    7.67
 -82791.394    25.133    -7.99    5.66
 -82411.015    24.906    -0.60    4.94
 -82030.556    26.114     3.17    4.85
 -81650.015    26.415     0.79    4.62
 -81269.394    25.773    -1.69    3.99
 -80888.692    25.194    -1.52    3.71
 -80507.909    25.456     0.69    4.54
 -80127.045    28.247     7.33    6.20
 -79752.128    31.667     9.12    6.89
 -79386.596    34.191     6.91    7.31
 -79020.992    36.885     7.37    7.31
 -78655.313    40.191     9.04    7.43
 -78289.561    42.538     6.42    6.79
 -77923.736    44.677     5.85    5.27
 -77557.836    43.505    -3.20    5.97
 -77191.863    41.843    -4.54    5.39
 -76825.816    41.011    -2.27    5.00
 -76459.695    40.744    -0.73    5.17
 -76093.500    42.691     5.32    4.74
 -75727.231    44.727     5.56    4.25
 -75360.888    45.851     3.07    3.70
 -74994.471    47.800     5.32    3.71
 -74627.979    51.076     8.94    4.67
 -74261.414    54.484     9.30    5.16
 -73894.775    57.407     7.97    4.27
 -73528.061    59.543     5.82    3.26
 -73161.273    61.211     4.55    2.79
 -72794.410    60.809    -1.10    3.31
 -72427.473    59.551    -3.43    3.86
 -72060.462    57.521    -5.53    4.54
 -71693.376    54.697    -7.69    4.59
 -71326.216    50.021   -12.73    7.04
 -70958.981    46.441    -9.75    7.72
 -70591.672    43.696    -7.47    6.71
 -70224.288    43.621    -0.20    6.27
 -69856.829    43.856     0.64    7.02
 -69489.296    43.915     0.16    7.82
 -69121.687    43.637    -0.75    8.22
 -68754.004    42.840    -2.17    7.63
 -68386.246    42.011    -2.25    6.55
 -68018.413    41.181    -2.26    5.94
 -67650.505    39.451    -4.70    4.84
 -67282.522    37.032    -6.57    4.28
 -66914.464    35.409    -4.41    3.42
 -66546.331    34.758    -1.77    2.66
 -66178.123    35.053     0.80    3.14
 -65809.839    34.402    -1.77    4.54
 -65441.481    33.043    -3.69    5.18
 -65073.047    30.909    -5.79    4.42
 -64704.537    29.118    -4.86    3.06
 -64335.953    28.483    -1.72    3.18
 -63967.292    28.851     1.00    4.75
 -63598.557    29.681     2.25    5.82
 -63229.746    30.170     1.33    5.82
 -62860.859    30.457     0.78    4.97
 -62491.897    30.543     0.23    3.70
 -62122.859    28.191    -6.37    5.68
 -61753.745    25.404    -7.55    6.91
 -61384.555    22.649    -7.46    6.46
 -61015.290    18.813   -10.39    3.37
 -60645.949    17.809    -2.72    2.51
 -60276.532    17.547    -0.71    2.83
 -59907.039    16.763    -2.12    2.97
 -59537.470    16.398    -0.99    3.04
 -59167.825    16.798     1.08    2.69
 -58798.104    17.250     1.22    2.51
 -58428.307    17.916     1.80    2.55
 -58058.434    18.253     0.91    2.69
 -57688.484    18.806     1.50    2.92
 -57318.459    19.398     1.60    2.69
 -56948.357    18.745    -1.76    2.83
 -56578.178    17.404    -3.62    3.27
 -56207.923    15.462    -5.25    3.60
 -55837.592    13.263    -5.94    4.37
 -55467.184    11.933    -3.59    4.90
 -55096.700    13.760     4.93    8.47
 -54726.139    16.778     8.14   12.33
 -54355.501    17.116     0.91   14.37
 -53984.787    17.231     0.31   15.60
 -53613.996    12.170   -13.65   15.50
 -53243.128     7.745   -11.93   13.89
 -52872.184     2.293   -14.69    7.32
 -52501.162     0.074    -5.98    0.55
 -52130.064     0.000    -0.20    0.00
 -51758.889     0.000     0.00    0.00
 -51387.636     0.000     0.00    0.00
 -51016.307     0.000     0.00    0.00
 -50644.900     0.000     0.00    0.00
 -50273.417     0.000     0.00    0.00
 -49901.856     0.000     0.00    0.00
 -49530.218     0.000     0.00    0.00
 -49158.502     0.000     0.00    0.00
 -48786.709     0.000     0.00    0.00
 -48414.839     0.000     0.00    0.00
 -48042.891     0.000     0.00    0.00
 -47670.866     0.000     0.00    0.00
 -47298.764     0.000     0.00    0.00
 -46926.583     0.000     0.00    0.00
 -46554.325     0.000     0.00    0.00
 -46181.990     0.000     0.00    0.00
 -45809.577     0.000     0.00    0.00
 -45437.085     0.000     0.00    0.00
 -45064.517     0.000     0.00    0.00
 -44691.870     0.000     0.00    0.00
 -44319.145     0.000     0.00    0.00
 -43946.342     0.000     0.00    0.00
 -43573.462     0.000     0.00    0.00
 -43200.503     0.000     0.00    0.00
 -42827.466     0.000     0.00    0.00
 -42454.351     0.000     0.00    0.00
 -42081.157     0.000     0.00    0.00
 -41707.886     0.000     0.00    0.00
 -41334.536     0.000     0.00    0.00
 -40961.108     0.000     0.00    0.00
 -40587.601     0.000     0.00    0.00
 -40214.016     0.000     0.00    0.00
 -39840.352     0.000     0.00    0.00
 -39466.610     0.000     0.00    0.00
 -39092.789     0.000     0.00    0.00
 -38718.890     0.000     0.00    0.00
 -38344.912     0.000     0.00    0.00
 -37970.855     0.000     0.00    0.00
 -37596.719     0.000     0.00    0.00
 -37222.505     0.000     0.00    0.00
 -36848.211     0.000     0.00    0.00
 -36473.839     0.000     0.00    0.00
 -36099.387     0.000     0.00    0.00
 -35724.857     0.000     0.00    0.00
 -35350.247     0.000     0.00    0.00
 -34975.559     0.000     0.00    0.00
 -34600.791     0.000     0.00    0.00
 -34225.944     0.000     0.00    0.00
 -33851.017     0.000     0.00    0.00
 -33476.011     0.000     0.00    0.00
 -33100.926     0.000     0.00    0.00
 -32725.761     0.056     0.15    0.23
 -32350.517     0.874     2.18    1.67
 -31975.194     1.652     2.07    2.01
 -31599.790     2.042     1.04    2.06
 -31224.307     2.286     0.65    2.10
 -30848.745     2.042    -0.65    1.98
 -30473.102     1.837    -0.54    1.81
 -30097.380     2.213     1.00    1.83
 -29721.578     3.065     2.27    1.95
 -29345.696     3.158     0.25    1.96
 -28969.734     3.301     0.38    2.09
 -28593.692     3.853     1.47    2.08
 -28217.571     4.064     0.56    1.88
 -27841.369     3.851    -0.57    1.87
 -27465.086     4.351     1.33    2.08
 -27088.724     5.074     1.92    2.26
 -26712.281     5.245     0.45    2.33
 -26335.758     5.479     0.62    2.13
 -25959.155     5.713     0.62    2.07
 -25582.471     5.426    -0.76    2.28
 -25205.707     5.755     0.88    2.45
 -24828.863     6.106     0.93    2.80
 -24451.937     6.394     0.76    3.40
 -24074.932     5.819    -1.52    4.16
 -23697.845     5.427    -1.04    4.38
 -23320.678     4.272    -3.06    4.25
 -22943.430     3.146    -2.98    3.79
 -22566.101     2.591    -1.47    3.99
 -22188.692     3.010     1.11    5.58
 -21811.201     4.543     4.06    8.16
 -21433.630     7.245     7.16    9.77
 -21055.977    12.564    14.08   11.22
 -20678.244    16.708    10.97    9.63
 -20300.429    18.806     5.55    6.73
 -19922.533    18.663    -0.38    4.08
 -19544.556    15.312    -8.86    3.92
 -19166.498    12.716    -6.87    3.06
 -18788.358    11.043    -4.42    1.63
 -18410.137    10.916    -0.34    1.31
 -18031.834    11.326     1.08    1.22
 -17653.450    11.281    -0.12    1.14
 -17274.985    11.250    -0.08    1.10
 -16896.438    10.969    -0.74    1.14
 -16517.809     9.913    -2.79    2.30
 -16139.098     8.179    -4.58    3.36
 -15760.306     6.474    -4.50    3.61
 -15381.432     5.526    -2.50    3.31
 -15002.476     4.957    -1.50    2.75
 -14623.439     5.146     0.50    2.45
 -14244.319     6.087     2.48    2.03
 -13865.117     6.874     2.07    1.56
 -13485.834     7.559     1.81    1.59
 -13106.468     8.469     2.40    2.05
 -12727.020     9.957     3.92    2.49
 -12347.490    12.189     5.88    2.76
 -11967.877    14.532     6.17    3.02
 -11588.182    15.811     3.37    3.38
 -11208.405    15.032    -2.05    5.29
 -10828.546    14.213    -2.16    6.54
 -10448.603    12.553    -4.37    7.67
 -10068.579    11.010    -4.06    8.21
  -9688.472     8.181    -7.44    8.68
  -9308.282     5.667    -6.61    8.00
  -8928.009     4.043    -4.27    6.70
  -8547.654     4.073     0.08    7.01
  -8167.216     6.234     5.68    8.25
  -7786.695     9.347     8.18    8.90
  -7406.091    12.568     8.46    7.96
  -7025.404    14.427     4.88    6.47
  -6644.635    15.611     3.11    3.85
  -6263.782    14.484    -2.96    2.99
  -5882.846    12.896    -4.17    2.49
  -5501.827    12.516    -1.00    2.31
  -5121.334    12.969     1.19    2.70
  -4756.035    14.117     3.14    3.05
  -4390.660    16.161     5.59    2.51
  -4025.211    17.354     3.26    1.78
  -3659.686    17.591     0.65    1.54
  -3294.085    14.531    -8.37    6.28
  -2928.409    11.521    -8.23    7.52
  -2562.657     8.326    -8.74    7.81
  -2196.830     6.295    -5.55    7.51
  -1830.927     3.415    -7.87    6.40
  -1464.949     1.969    -3.95    5.24
  -1098.895     0.000    -5.38    0.00
   -732.765     0.000     0.00    0.00
   -366.559     0.000     0.00    0.00
     -0.277     0.000     0.00    0.00
    366.081     0.000     0.00    0.00
    732.514     0.000     0.00    0.00
   1099.024     0.000     0.00    0.00
   1465.610     0.096     0.26    0.53
   1832.272     2.340     6.12    5.14
   2199.010     6.034    10.07    7.01
   2565.824    10.208    11.38    6.72
   2932.714    14.178    10.82    2.79
   3299.681    15.126     2.58    1.39
   3666.724    16.179     2.87    2.10
   4033.844    18.316     5.82    3.73
   4401.040    20.596     6.21    4.26
   4768.312    23.698     8.45    4.97
   5135.661    25.358     4.52    4.35
   5503.087    25.567     0.57    4.18
   5870.589    23.615    -5.31    5.19
   6238.168    20.629    -8.12    4.45
   6605.824    19.052    -4.29    4.29
   6973.556    19.118     0.18    4.50
   7341.365    19.663     1.48    4.13
   7709.252    20.010     0.94    3.82
   8077.215    20.600     1.60    2.95
   8445.255    20.969     1.00    2.43
   8813.372    21.742     2.10    2.12
   9181.566    21.465    -0.75    2.13
   9549.837    20.489    -2.65    3.38
   9918.185    18.546    -5.27    4.39
  10286.611    16.283    -6.14    4.71
  10655.114    14.168    -5.74    4.68
  11023.694    13.116    -2.86    4.06
  11392.351    13.330     0.58    2.99
  11761.086    13.844     1.39    3.32
  12129.899    15.032     3.22    3.68
  12498.788    16.698     4.52    3.12
  12867.756    18.144     3.92    2.15
  13236.801    18.556     1.11    2.50
  13605.923    18.702     0.40    3.04
  13975.124    18.104    -1.62    3.29
  14344.402    17.183    -2.50    3.50
  14713.758    16.351    -2.25    3.67
  15083.191    14.750    -4.33    4.53
  15452.703    14.947     0.53    4.64
  15822.292    16.701     4.75    5.48
  16191.960    20.398    10.00    7.01
  16561.705    25.526    13.87    7.28
  16931.529    30.567    13.63    4.35
  17301.431    33.586     8.16    3.95
  17671.410    36.309     7.36    4.60
  18041.469    39.823     9.50    5.58
  18411.605    42.538     7.33    4.64
  18781.820    42.323    -0.58    4.82
  19152.113    40.232    -5.65    5.91
  19522.484    36.957    -8.84    6.00
  19892.934    33.323    -9.81    4.26
  20263.463    31.710    -4.35    3.78
  20634.070    31.909     0.54    3.25
  21004.756    32.228     0.86    2.24
  21375.520    32.212    -0.04    2.01
  21746.363    31.815    -1.07    1.96
  22117.285    30.051    -4.76    3.44
  22488.286    27.717    -6.29    4.26
  22859.365    24.784    -7.91    4.50
  23230.524    22.277    -6.75    3.84
  23601.761    20.990    -3.47    2.86
  23973.078    20.653    -0.91    3.94
  24344.473    21.032     1.02    4.49
  24715.948    21.908     2.36    4.29
  25087.502    22.302     1.06    3.96
  25459.135    22.417     0.31    2.83
  25830.847    21.667    -2.02    2.97
  26202.639    19.959    -4.59    3.46
  26574.510    18.449    -4.06    3.60
  26946.460    16.639    -4.87    2.92
  27318.490    15.394    -3.35    1.92
  27690.600    14.347    -2.81    1.86
  28062.789    13.271    -2.89    2.16
  28435.057    11.680    -4.27    2.36
  28807.406    10.358    -3.55    2.42
  29179.834     9.112    -3.34    1.92
  29552.342     8.375    -1.98    1.38
  29924.929     7.842    -1.43    1.01
  30297.597     8.092     0.67    1.59
  30670.344     9.891     4.83    3.38
  31043.172    12.639     7.37    4.99
  31416.079    16.109     9.30    5.12
  31789.067    19.898    10.16    4.50
  32162.134    22.167     6.08    2.54
  32535.282    21.427    -1.98    3.44
  32908.510    19.622    -4.84    4.37
  33281.818    16.806    -7.54    4.10
  33655.207    14.479    -6.23    2.68
  34028.676    13.312    -3.12    1.51
  34402.226    13.547     0.63    1.66
  34775.856    14.021     1.27    1.55
  35149.566    14.074     0.14    1.61
  35523.357    13.781    -0.78    1.77
  35897.229    13.552    -0.61    2.02
  36271.182    12.968    -1.56    2.37
  36645.215    12.541    -1.14    2.55
  37019.329    12.144    -1.06    2.49
  37393.524    12.351     0.55    3.13
  37767.799    14.383     5.43    4.08
  38142.156    16.351     5.26    3.63
  38516.594    17.538     3.17    2.63
  38891.113    16.177    -3.64    3.17
  39265.712    13.424    -7.35    3.40
  39640.394    11.293    -5.69    2.93
  40015.156    10.564    -1.95    2.52
  40389.999    11.667     2.94    3.28
  40764.924    13.796     5.68    3.12
  41139.930    16.113     6.18    2.22
  41515.018    16.263     0.40    2.43
  41890.187    16.062    -0.54    2.78
  42265.438    15.701    -0.96    2.87
  42640.770    15.594    -0.29    2.36
  43016.184    16.232     1.70    1.65
  43391.679    16.684     1.20    0.98
  43767.257    17.010     0.87    0.92
  44142.916    17.063     0.14    1.42
  44518.656    16.670    -1.05    1.83
  44894.479    15.916    -2.01    2.31
  45270.384    14.771    -3.05    2.24
  45646.371    13.887    -2.35    1.68
  46022.439    13.626    -0.69    1.49
  46398.590    14.333     1.88    1.92
  46774.823    15.286     2.53    1.95
  47151.139    16.457     3.11    1.65
  47527.536    17.515     2.81    1.13
  47904.016    18.152     1.69    1.26
  48280.578    18.276     0.33    1.51
  48657.223    17.418    -2.28    2.89
  49033.950    15.546    -4.97    3.61
  49410.760    13.837    -4.54    3.52
  49787.652    12.414    -3.78    2.65
  50164.627    11.926    -1.30    1.57
  50541.684    12.596     1.78    1.83
  50918.825    13.688     2.90    2.40
  51296.048    15.061     3.64    2.30
  51673.354    16.216     3.06    2.26
  52050.743    16.625     1.08    2.14
  52428.215    17.510     2.35    2.15
  52805.770    19.306     4.76    2.76
  53183.407    21.158     4.90    3.40
  53561.129    22.837     4.44    3.01
  53938.933    24.312     3.91    2.89
  54316.820    25.948     4.33    2.57
  54694.791    26.854     2.40    2.98
  55072.845    26.745    -0.29    3.38
  55450.983    26.232    -1.36    3.63
  55829.204    25.753    -1.27    3.40
  56207.508    24.602    -3.04    2.96
  56585.896    24.392    -0.56    2.54
  56964.368    25.990     4.22    2.71
  57342.923    27.490     3.96    2.49
  57721.562    28.567     2.85    2.38
  58100.285    29.000     1.14    2.61
  58479.091    28.398    -1.59    2.26
  58857.982    27.792    -1.60    2.60
  59236.956    26.938    -2.25    2.73
  59616.015    26.092    -2.23    2.79
  59995.157    25.041    -2.77    2.86
  60374.384    23.916    -2.97    2.65
  60753.695    23.429    -1.28    2.82
  61133.090    23.701     0.72    2.88
  61512.569    23.340    -0.95    2.88
  61892.133    22.835    -1.33    2.94
  62271.781    22.918     0.22    2.71
  62651.513    23.642     1.91    2.20
  63031.330    23.347    -0.78    2.18
  63411.231    23.347     0.00    2.10
  63791.217    23.347     0.00    2.15
  64171.288    22.500    -2.23    2.95
  64551.444    20.541    -5.15    3.78
  64931.684    18.845    -4.46    3.50
  65312.009    18.052    -2.09    2.77
  65692.419    18.479     1.12    2.95
  66072.914    19.102     1.64    2.96
  66453.493    19.558     1.20    3.63
  66834.158    20.418     2.26    4.40
  67214.908    20.773     0.93    4.19
  67595.744    21.402     1.65    3.83
  67976.664    21.175    -0.60    3.42
  68357.670    19.673    -3.94    3.20
  68738.761    18.510    -3.05    3.23
  69119.937    18.535     0.07    3.50
  69501.199    17.515    -2.68    3.87
  69871.462    17.245    -0.73    3.80
  70236.600    17.819     1.57    4.20
  70601.815    19.907     5.72    4.09
  70967.107    23.293     9.27    5.47
  71332.477    28.175    13.36    7.12
  71697.924    32.031    10.55    6.49
  72063.448    35.697    10.03    4.30
  72429.049    36.684     2.70    2.51
  72794.728    35.802    -2.41    3.23
  73160.485    34.480    -3.61    4.26
  73526.319    33.914    -1.55    4.31
  73892.230    33.124    -2.16    4.75
  74258.219    32.439    -1.87    5.32
  74624.286    32.737     0.82    4.90
  74990.431    33.423     1.87    4.59
  75356.653    35.216     4.90    3.89
  75722.953    37.040     4.98    2.66
  76089.331    38.054     2.77    1.75
  76455.787    37.571    -1.32    2.34
  76822.321    36.102    -4.01    3.83
  77188.932    33.990    -5.76    4.11
  77555.622    33.330    -1.80    4.13
  77922.390    33.144    -0.51    4.68
  78289.236    35.313     5.91    5.26
  78656.161    38.277     8.08    4.39
  79023.163    39.788     4.12    3.15
  79390.244    40.330     1.48    1.66
  79757.403    39.796    -1.45    1.73
  80124.641    38.948    -2.31    1.50
  80491.957    38.224    -1.97    1.46
  80859.351    37.673    -1.50    1.59
  81226.825    37.849     0.48    2.33
  81594.376    37.837    -0.03    3.46
  81962.007    36.250    -4.32    5.39
  82329.716    30.667   -15.18    9.60
  82697.504    24.112   -17.82   10.49
  83065.370    18.653   -14.84    8.31
  83433.316    18.474    -0.49    8.09
  83801.340    24.448    16.23   11.12
  84169.443    31.010    17.83    8.72
  84537.626    36.137    13.93    3.00
  84905.887    37.300     3.16    2.55
  85274.228    36.914    -1.05    2.89
  85642.647    36.720    -0.53    3.15
  86011.146    37.156     1.18    2.96
  86379.724    37.596     1.19    2.68
  86748.382    38.051     1.23    2.51
  87117.118    40.227     5.90    2.91
  87485.934    42.082     5.03    2.82
  87854.830    43.117     2.81    2.46
  88223.805    43.776     1.78    1.50
  88592.860    43.763    -0.03    1.27
  88961.994    43.495    -0.73    1.35
  89331.208    43.814     0.87    1.60
  89700.502    44.480     1.80    1.86
  90069.875    45.173     1.88    1.95
  90439.329    45.745     1.55    1.92
  90808.862    45.614    -0.35    2.40
  91178.475    44.990    -1.69    2.94
  91548.168    43.230    -4.76    4.06
  91917.941    40.457    -7.50    5.36
  92287.794    36.080   -11.83    6.15
  92657.727    31.798   -11.58    5.27
  93027.740    28.724    -8.31    4.54
  93397.834    25.850    -7.77    5.40
  93768.008    22.232    -9.77    5.80
  94138.262    19.525    -7.31    4.57
  94508.597    18.361    -3.14    3.86
  94879.012    20.820     6.64    4.96
  95249.507    25.200    11.82    5.08
  95620.083    28.800     9.72    4.58
  95990.740    30.989     5.91    3.73
  96361.477    31.919     2.51    3.37
  96732.295    33.021     2.97    3.58
  97103.194    33.939     2.48    4.86
  97474.174    35.510     4.23    5.51
  97845.234    38.268     7.43    6.13
  98216.375    41.041     7.47    4.85
  98587.597    43.887     7.67    4.05
  98958.901    45.800     5.15    5.08
  99330.285    46.611     2.18    6.91
  99701.750    47.530     2.48    7.76
 100073.297    48.380     2.29    7.34
 100444.925    48.081    -0.81    6.57
 100816.634    47.562    -1.39    5.90
 101188.424    47.253    -0.83    5.28
 101560.296    46.646    -1.63    4.04
 101932.249    46.240    -1.09    3.04
 102304.284    45.222    -2.73    3.27
 102676.400    43.485    -4.67    3.67
 103048.598    40.760    -7.32    4.04
 103420.877    38.084    -7.19    3.71
 103793.238    36.160    -5.17    3.15
 104165.681    34.728    -3.84    2.09
 104538.206    34.112    -1.65    2.52
 104910.812    34.766     1.75    3.37
 105283.501    36.303     4.12    4.50
 105656.271    38.990     7.21    5.54
 106029.123    42.260     8.77    5.09
 106402.058    44.330     5.55    3.26
 106775.074    44.576     0.66    2.44
 107148.173    43.480    -2.94    3.05
 107521.354    41.330    -5.76    2.78
 107894.617    39.525    -4.84    2.88
 108267.963    38.340    -3.17    2.65
 108641.391    38.620     0.75    2.70
 109014.901    39.677     2.83    3.19
 109388.494    41.560     5.04    3.24
 109762.170    43.768     5.91    2.93
 110135.928    45.550     4.77    2.66
 110509.768    46.781     3.29    2.68
 110883.692    47.131     0.94    2.79
 111257.698    46.480    -1.74    3.41
 111631.787    44.210    -6.07    4.27
 112005.959    41.364    -7.61    4.27
 112380.214    38.684    -7.16    3.44
 112754.551    37.716    -2.59    2.66
 113128.972    38.541     2.20    3.56
 113503.476    41.010     6.59    4.45
 113878.063    44.340     8.89    4.24
 114252.733    47.120     7.42    3.80
 114627.487    49.323     5.88    3.04
 115002.324    50.238     2.44    2.67
 115377.244    50.882     1.72    2.54
 115752.248    51.861     2.61    2.76
 116127.335    52.670     2.16    2.54
 116502.505    52.650    -0.05    2.48
 116877.760    51.582    -2.85    3.25
 117253.097    49.657    -5.13    3.15
 117628.519    48.327    -3.54    2.62
 118004.024    47.268    -2.82    2.44
 118379.613    46.600    -1.78    2.67
 118755.286    45.570    -2.74    2.67
 119131.043    44.110    -3.89    1.92
 119506.884    43.398    -1.89    1.19
 119882.809    43.620     0.59    1.84
 120258.818    44.250     1.68    2.27
 120634.911    44.788     1.43    2.02
 121011.088    45.042     0.67    2.08
 121387.350    44.535    -1.35    2.23
 121763.696    43.609    -2.46    2.46
 122140.126    42.650    -2.55    2.60
 122516.641    42.167    -1.28    2.24
 122893.240    42.760     1.58    2.20
 123269.923    44.042     3.40    2.23
 123646.692    44.200     0.42    2.51
 124023.544    44.495     0.78    3.00
 124400.482    44.140    -0.94    4.19
 124777.504    44.857     1.90    5.24
 125154.611    46.260     3.72    5.81
 125531.803    46.546     0.76    5.88
 125909.080    45.100    -3.83    6.26
 126286.442    41.930    -8.40    7.68
 126663.889    36.900   -13.33    7.27
 127041.421    34.030    -7.60    5.37
 127419.038    32.818    -3.21    4.09
 127796.741    34.280     3.87    4.72
 128174.529    36.343     5.46    4.76
 128552.402    36.772     1.13    5.08
 128930.360    35.714    -2.80    6.36
 129308.404    32.225    -9.23    7.28
 129686.533    28.268   -10.47    6.84
 130064.748    24.990    -8.67    5.65
 130443.048    22.438    -6.75    5.83
 130821.434    20.792    -4.35    6.74
 131199.906    20.892     0.27    8.09
 131578.464    21.624     1.93    7.88
 131957.107    23.438     4.79    7.27
 132335.837    26.402     7.83    6.35
 132714.652    28.478     5.48    4.78
 133093.553    29.250     2.04    3.92
 133472.541    27.299    -5.15    5.21
 133851.614    23.950    -8.83    5.84
 134230.774    21.793    -5.69    4.57
 134610.020    23.400     4.24    4.84
 134989.352    26.459     8.07    4.88
 135368.771    29.426     7.82    4.16
 135748.276    31.853     6.40    3.38
 136127.867    31.880     0.07    3.89
 136507.545    30.796    -2.86    4.11
 136887.310    28.990    -4.76    3.21
 137267.161    27.990    -2.63    2.84
 137647.099    28.275     0.75    4.32
 138027.124    27.786    -1.29    4.92
 138407.235    25.970    -4.78    6.54
 138787.434    22.939    -7.97    6.19
 139167.719    22.422    -1.36    5.39
 139548.091    24.653     5.87    6.89
 139928.551    28.921    11.22    6.64
 140309.097    32.173     8.55    4.95
 140689.731    33.366     3.13    4.40
 141070.452    32.430    -2.46    4.31
 141451.260    31.426    -2.64    3.30
 141832.156    32.040     1.61    3.79
 142213.139    33.900     4.88    4.62
 142594.209    37.700     9.97    6.01
 142975.367    42.465    12.50    7.44
 143356.613    47.134    12.25    8.30
 143737.946    51.099    10.40    8.21
 144119.367    53.901     7.35    7.46
 144495.661    54.200     0.79    6.73
 144860.558    53.129    -2.94    6.90
 145225.535    50.959    -5.94    6.25
 145590.590    48.673    -6.26    4.74
 145955.725    46.087    -7.08    4.31
 146320.938    43.840    -6.15    4.75
 146686.231    41.889    -5.34    3.89
 147051.603    41.340    -1.50    3.41
 147417.054    42.667     3.63    3.15
 147782.584    44.884     6.07    5.12
 148148.193    47.196     6.32    5.64
 148513.882    48.333     3.11    6.00
