# NaN NaN NaN ;Mean Elev.(m), Avg Gradient(m/km), RMS Gradient(m/km) - SRTM1     
#   20.101   0.226   3.267 ;Mean Elev.(m), Avg Gradient(m/km), RMS Gradient(m/km) - ASTER GDEM
#   27.968   0.267   3.030 ;Mean Elev.(m), Avg Gradient(m/km), RMS Gradient(m/km) - GMTED2010 
  6    32.781 52441.67096829 34.41  72.694581  61.203532 31.738
  6    32.370 52441.67096894 33.96  72.692241  61.206692 31.738
  6    32.659 52441.67096958 39.27  72.689891  61.209852 31.738
  7    32.478 52476.67096507 33.09  72.696807  61.206813 19.152
  7    32.707 52476.67096571 32.82  72.694457  61.209973 19.152
  8    31.867 52511.67091353 26.57  72.715553  61.208395 32.427
  8    28.879 52511.67091417 28.45  72.713213  61.211555 32.427
  8    29.282 52511.67091481 29.88  72.710863  61.214715 32.427
  8    29.376 52511.67091546 32.31  72.708520  61.217870 36.018
 10    27.795 52581.67095746 52.53  72.701383  61.205688 21.970
 10    27.770 52581.67095811 54.85  72.699043  61.208838 21.970
 10    27.840 52581.67095875 50.75  72.696692  61.212000 25.028
 11    28.295 52616.67092864 47.97  72.707310  61.207974  8.503
 11    27.928 52616.67092928 35.23  72.704960  61.211134  8.503
 12    27.255 52651.67090466 39.50  72.704546  61.207125  6.891
 12    27.074 52651.67090530 29.84  72.702206  61.210285  6.891
 13    26.453 52686.67089798 41.59  72.711464  61.209446  7.679
 13    26.270 52686.67089863 22.00  72.709114  61.212606  7.679
 13    26.126 52686.67089927 13.76  72.706764  61.215766  7.679
 14    30.622 52721.67094619 10.17  72.701880  61.205429  1.974
 14    30.233 52721.67094684 10.24  72.699530  61.208579  1.974
 14    30.089 52721.67094748 10.08  72.697182  61.211742  1.924
 15    26.742 52756.67096954 33.41  72.697784  61.207020 19.528
 15    26.805 52756.67097019 34.76  72.695443  61.210176 27.178
 17    31.787 52826.67098877 39.35  72.697042  61.206971 41.150
 17    31.800 52826.67098941 38.32  72.694699  61.210132 46.566
 18    26.788 52861.67103439 29.11  72.699228  61.208210 22.467
 18    26.954 52861.67103503 34.12  72.696885  61.211371 30.618
 19    25.233 52896.67106408 32.13  72.703552  61.206789 32.031
 19    25.645 52896.67106472 29.56  72.701210  61.209944 34.602
 20    29.727 52931.67101172 16.50  72.709399  61.209283 29.961
 20    27.610 52931.67101236 20.41  72.707062  61.212441 35.492
 20    27.840 52931.67101301 33.68  72.704712  61.215591 35.492
 21    25.480 52966.67101096 21.69  72.696920  61.204975  5.096
 21    25.560 52966.67101161 20.41  72.694580  61.208135  5.096
 22    27.207 53001.67103948 14.50  72.698308  61.205629  2.953
 22    28.020 53001.67104012 14.83  72.695958  61.208779  2.953
 23    25.322 53036.67098843 19.56  72.710351  61.206115  3.060
 23    25.302 53036.67098907 19.16  72.708001  61.209275  3.060
 23    25.960 53036.67098972 15.70  72.705661  61.212433  2.787
 24    26.321 53071.67101192 14.19  72.701501  61.207501  2.582
 24    28.697 53071.67101257 13.22  72.699160  61.210664  2.905
 25    31.116 53106.67098984  8.36  72.711587  61.208836  2.025
 25    30.571 53106.67099048  8.56  72.709238  61.211994  1.921
 25    30.320 53106.67099113  8.17  72.706898  61.215144  1.921
 26    29.715 53141.67102003 25.41  72.696873  61.207265 27.201
 26    29.778 53141.67102068 27.76  72.694527  61.210428 30.923
 27    31.267 53176.67104763 29.36  72.700903  61.208719 41.147
 27    31.740 53176.67104828 31.89  72.698555  61.211872 39.494
 28    28.947 53211.67106653 40.45  72.702355  61.206183 27.310
 28    29.064 53211.67106718 49.66  72.700005  61.209333 27.310
 28    28.989 53211.67106782 52.05  72.697662  61.212497 36.576
 29    26.246 53246.67103526 34.22  72.708150  61.208991 26.343
 29    26.426 53246.67103590 33.85  72.705800  61.212146 28.803
 30    26.739 53281.67102136 46.45  72.692653  61.202641 31.991
 30    26.504 53281.67102201 46.12  72.690303  61.205791 31.991
 30    28.903 53281.67102265 31.61  72.687960  61.208950 29.491
 31    27.711 53316.67103052 27.65  72.700542  61.207601  5.000
 31    27.766 53316.67103116 27.30  72.698192  61.210763  9.340
 32    27.925 53351.67099572 19.54  72.712429  61.207179  3.625
 32    28.476 53351.67099636 21.69  72.710089  61.210329  3.625
 32    29.540 53351.67099701 21.59  72.707744  61.213494  5.068
 32    30.203 53351.67099765 22.41  72.705394  61.216654  5.068
 33    27.591 53386.67098328 17.58  72.694542  61.203168  3.223
 33    28.473 53386.67098392 17.62  72.692192  61.206318  3.223
 33    28.611 53386.67098457 18.34  72.689848  61.209478  3.717
 34    26.778 53421.67098607 17.38  72.711156  61.206811  2.931
 34    29.225 53421.67098671 16.35  72.708806  61.209961  2.931
 34    29.546 53421.67098736 16.44  72.706461  61.213123  3.583
 35    31.697 53456.67099140 10.50  72.696935  61.203938  2.021
 35    30.533 53456.67099205 10.43  72.694585  61.207088  2.021
 35    30.317 53456.67099269 11.83  72.692235  61.210246  2.005
 36    28.601 53491.67107667 35.98  72.695483  61.203351 21.726
 36    28.483 53491.67107732 31.57  72.693133  61.206501 21.726
 36    28.640 53491.67107796 29.75  72.690788  61.209664 19.199
 37    31.788 53526.67105848 34.16  72.707399  61.206333 44.554
 37    31.613 53526.67105913 34.49  72.705049  61.209493 44.554
 37    31.671 53526.67105977 37.35  72.702701  61.212648 47.859
 38    30.298 53561.67108761 20.90  72.699169  61.208250 29.519
 38    30.237 53561.67108825 25.94  72.696826  61.211405 29.512
 39    26.799 53596.67102669 36.26  72.712882  61.210302 21.834
 39    26.892 53596.67102734 37.43  72.710533  61.213458 36.295
 39    26.983 53596.67102798 41.29  72.708193  61.216608 36.295
 40    30.853 53631.67102049 18.97  72.688675  61.201896 29.653
 40    28.288 53631.67102113 22.78  72.686325  61.205046 29.653
 40    28.942 53631.67102178 26.95  72.683977  61.208206 32.680
 41    28.769 53666.67104386 24.30  72.697038  61.207050 20.167
 41    28.506 53666.67104450 27.72  72.694695  61.210212 23.721
 42    25.988 53701.67099231 31.88  72.711305  61.206535  6.931
 42    26.163 53701.67099296 41.98  72.708965  61.209685  6.931
 42    26.066 53701.67099360 53.36  72.706620  61.212849 10.565
 43    26.853 53736.67090332 17.90  72.719128  61.212583  7.037
 43    26.829 53736.67090396 37.21  72.716788  61.215733  7.037
 43    26.853 53736.67090461 30.70  72.714438  61.218893  7.037
 43    26.705 53736.67090525 20.49  72.712098  61.222053  7.037
 44    27.835 53771.67090947 10.14  72.703680  61.208740  2.279
 44    27.589 53771.67091012 10.63  72.701335  61.211901  2.586
 45    28.597 53806.67089970  9.99  72.713828  61.209989  2.299
 45    28.462 53806.67090035 10.03  72.711484  61.213145  2.542
 45    30.072 53806.67090099  9.53  72.709134  61.216305  2.542
 45    28.942 53806.67090164  9.86  72.706794  61.219455  2.542
 47    30.535 53876.67096786 52.87  72.700536  61.207993 31.666
 47    30.479 53876.67096850 50.98  72.698183  61.211155 44.151
 49    29.611 53946.67103484 19.42  72.696186  61.207455 27.999
 49    29.648 53946.67103548 26.23  72.693840  61.210611 29.027
 50    32.134 53981.67097836 20.04  72.710062  61.206378 28.452
 50    27.133 53981.67097901 22.40  72.707712  61.209538 28.452
 50    27.683 53981.67097965 28.97  72.705366  61.212695 34.315
 51    31.552 54016.67100231 21.08  72.695957  61.204373 26.755
 51    28.800 54016.67100295 25.03  72.693607  61.207523 26.755
 51    28.964 54016.67100360 29.34  72.691257  61.210684 25.567
 52    27.698 54051.67100013 34.46  72.710197  61.206357  9.148
 52    27.628 54051.67100077 37.87  72.707847  61.209507  9.148
 52    27.710 54051.67100141 37.41  72.705497  61.212670 24.357
 53    27.884 54086.67099259 16.39  72.707721  61.208506  3.110
 53    28.717 54086.67099323 16.29  72.705370  61.211670  3.081
 54    29.706 54121.67091779 13.87  72.718523  61.210796  2.076
 54    30.148 54121.67091843 14.35  72.716178  61.213957  2.728
 54    30.212 54121.67091908 14.53  72.713838  61.217107  2.728
 54    30.865 54121.67091972 13.77  72.711488  61.220267  2.728
 55    29.653 54156.67095310 11.69  72.701289  61.208414  4.811
 55    30.223 54156.67095374 11.40  72.698945  61.211578  2.267
 56    31.362 54191.67091596  3.55  72.714459  61.209359  2.508
 56    30.991 54191.67091660  3.84  72.712107  61.212515  4.813
 56    31.086 54191.67091725  3.90  72.709767  61.215675  4.813
 56    31.313 54191.67091789  3.98  72.707417  61.218825  4.813
 57    31.474 54226.67096458 37.98  72.699621  61.207478 40.184
 57    31.439 54226.67096523 45.22  72.697273  61.210641 47.344
 58    32.914 54261.67098377 53.52  72.703048  61.205658 23.957
 58    32.792 54261.67098442 49.16  72.700698  61.208818 23.957
 58    32.895 54261.67098506 48.52  72.698349  61.211973 34.491
 59    32.864 54296.67098863 30.39  72.703898  61.208592 33.187
 59    32.976 54296.67098927 31.88  72.701557  61.211756 40.697
 60    32.132 54331.67097919 23.18  72.710716  61.206273 32.572
 60    31.566 54331.67097983 18.91  72.708376  61.209433 32.572
 60    30.651 54331.67098048 20.40  72.706033  61.212588 33.246
 61    31.644 54366.67092233 21.34  72.712888  61.210226 29.501
 61    27.528 54366.67092298 22.34  72.710549  61.213384 35.065
 61    27.712 54366.67092362 32.78  72.708199  61.216534 35.065
 62    32.229 54401.67092213 19.99  72.704560  61.208550 21.798
 62    30.127 54401.67092277 21.79  72.702219  61.211714 24.316
 63    27.242 54436.67087927 25.54  72.710073  61.209103  6.092
 63    27.639 54436.67087991 26.08  72.707730  61.212259  5.762
 63    27.813 54436.67088056 25.93  72.705380  61.215419  5.762
 64    29.460 54471.67090681 14.39  72.699568  61.207957  2.630
 64    29.175 54471.67090745 14.53  72.697212  61.211118  4.096
 65    29.814 54506.67089148 14.88  72.712577  61.209242  2.420
 65    29.327 54506.67089212 15.16  72.710239  61.212398  3.358
 65    29.428 54506.67089276 15.60  72.707889  61.215558  3.358
 66    30.646 54541.67092133 10.32  72.704974  61.207839  2.428
 66    30.930 54541.67092197 10.35  72.702634  61.210989  2.428
 68    30.792 54611.67091308 27.97  72.703766  61.208606 42.746
 68    31.578 54611.67091372 28.85  72.701416  61.211766 42.746
 69    31.664 54646.67092022 25.99  72.702056  61.208631 33.917
 69    31.938 54646.67092086 33.65  72.699706  61.211781 33.917
 70    31.858 54681.67092102 18.73  72.705315  61.208004 31.391
 70    28.163 54681.67092167 25.47  72.702975  61.211164 31.391
 71    31.419 54716.67086993 20.10  72.714578  61.209268 27.762
 71    31.002 54716.67087057 17.77  72.712238  61.212418 27.762
 71    27.274 54716.67087122 24.27  72.709888  61.215578 27.762
 71    27.423 54716.67087186 28.97  72.707548  61.218738 27.762
 72    29.546 54751.67089257 20.19  72.698944  61.207112 23.387
 72    28.755 54751.67089321 24.51  72.696594  61.210262 23.387
 73    26.989 54786.67085933 41.88  72.710595  61.207926 18.684
 73    26.971 54786.67085998 37.50  72.708245  61.211086 18.684
 73    29.304 54786.67086062 31.75  72.705905  61.214236 18.684
 74    28.087 54821.67088647 16.40  72.699094  61.207309  3.470
 74    28.410 54821.67088711 16.38  72.696744  61.210459  3.470
 75    28.008 54856.67085587 13.70  72.709751  61.209376  3.148
 75    29.249 54856.67085652 13.18  72.707401  61.212536  3.148
 75    29.921 54856.67085716 13.19  72.705061  61.215696  3.148
 76    28.986 54891.67088951 10.36  72.704290  61.207516  2.453
 76    29.157 54891.67089015 10.47  72.701950  61.210666  2.453
 77    26.167 54926.67085392 24.23  72.713898  61.207899  9.291
 77    26.217 54926.67085457 24.79  72.711558  61.211059  9.291
 77    26.173 54926.67085521 25.36  72.709208  61.214219  9.291
 77    26.227 54926.67085586 26.90  72.706868  61.217379  9.291
 78    30.984 54961.67088887 29.99  72.698822  61.208180 38.614
 78    31.330 54961.67088951 32.99  72.696472  61.211340 38.614
 79    31.872 54996.67090983 21.64  72.701248  61.207979 42.633
 79    31.403 54996.67091047 27.48  72.698908  61.211139 42.633
 80    32.453 55031.67089940 20.28  72.703351  61.208233 35.910
 80    30.368 55031.67090005 23.70  72.701011  61.211393 35.910
 81    32.231 55066.67088837 23.79  72.710101  61.206208 34.853
 81    31.364 55066.67088901 20.28  72.707751  61.209358 34.853
 81    27.723 55066.67088966 29.01  72.705411  61.212518 34.853
 82    31.507 55101.67082972 18.16  72.712936  61.210459 29.340
 82    27.569 55101.67083037 23.20  72.710596  61.213619 29.340
 82    27.664 55101.67083101 28.34  72.708246  61.216779 29.340
 83    29.598 55136.67083459 21.09  72.700746  61.207330 13.344
 83    29.291 55136.67083524 23.68  72.698396  61.210480 13.344
 84    27.348 55171.67079688 21.90  72.711380  61.208913  4.812
 84    27.240 55171.67079752 23.10  72.709030  61.212073  4.812
 84    27.373 55171.67079817 22.44  72.706690  61.215233  4.812
 85    27.543 55206.67082865 14.27  72.699215  61.207755  3.000
 85    28.238 55206.67082929 14.15  72.696865  61.210905  3.000
 86    28.702 55241.67080216 11.93  72.711964  61.209240  2.618
 86    28.861 55241.67080281 12.17  72.709624  61.212400  2.618
 86    29.864 55241.67080345 11.98  72.707274  61.215560  2.618
 87    29.755 55276.67082236  9.84  72.706253  61.207909  2.290
 87    29.630 55276.67082300  9.74  72.703913  61.211069  2.290
 88    32.003 55311.67078685 29.68  72.713721  61.207429 26.789
 88    27.320 55311.67078749 27.08  72.711381  61.210579 26.789
 88    27.679 55311.67078814 27.20  72.709031  61.213739 26.789
 88    27.906 55311.67078878 34.89  72.706691  61.216899 26.789
 89    31.336 55346.67079226 20.12  72.705227  61.208814 32.332
 89    31.220 55346.67079291 24.70  72.702887  61.211974 32.332
 90    31.660 55381.67078399 35.38  72.707401  61.208520 40.039
 90    31.730 55381.67078463 35.88  72.705051  61.211680 40.039
 91    30.354 55416.67081158 22.95  72.698453  61.208002 35.436
 91    30.758 55416.67081222 30.86  72.696103  61.211152 35.436
 92    32.033 55451.67079419 23.76  72.711684  61.206892 30.260
 92    31.226 55451.67079483 18.18  72.709344  61.210042 30.260
 92    27.710 55451.67079548 25.23  72.706994  61.213202 30.260
 93    31.496 55486.67071784 18.25  72.715994  61.210789 36.392
 93    27.297 55486.67071848 20.25  72.713654  61.213949 36.392
 93    27.404 55486.67071913 25.20  72.711304  61.217109 36.392
 93    27.218 55486.67071977 32.94  72.708964  61.220269 36.392
