# NaN NaN NaN ;Mean Elev.(m), Avg Gradient(m/km), RMS Gradient(m/km) - SRTM1     
#    2.000  -1.338  18.236 ;Mean Elev.(m), Avg Gradient(m/km), RMS Gradient(m/km) - ASTER GDEM
#   10.409   0.308  16.755 ;Mean Elev.(m), Avg Gradient(m/km), RMS Gradient(m/km) - GMTED2010 
  8    21.629 52488.27825642 16.47  66.446888  62.375536 10.264
  8    21.815 52488.27825706 18.72  66.444378  62.372396 10.264
  8    22.700 52488.27825770 21.97  66.441868  62.369246 10.264
  9    20.552 52523.27822930 18.26  66.442163  62.380020  6.262
  9    21.033 52523.27822995 18.35  66.439650  62.376882 18.670
  9    21.446 52523.27823059 21.33  66.437140  62.373732 18.670
  9    21.415 52523.27823124 25.81  66.434630  62.370592 18.670
 11    17.087 52593.27827898 30.16  66.444461  62.380251 15.743
 11    17.772 52593.27827963 33.01  66.441941  62.377111 15.743
 11    17.301 52593.27828027 36.79  66.439431  62.373971 15.743
 11    17.758 52593.27828092 34.85  66.436921  62.370821 15.743
 13    15.032 52663.27824174 16.45  66.446296  62.376972  3.546
 13    15.206 52663.27824239 16.80  66.443786  62.373832  3.546
 13    15.173 52663.27824303 16.85  66.441276  62.370692  3.546
 13    15.110 52663.27824368 16.15  66.438766  62.367542  3.546
 16    59.450 52768.27824449  3.33  66.435907  62.380065  3.635
 16    57.161 52768.27824513  4.77  66.433387  62.376925  3.635
 16    41.848 52768.27824578  5.69  66.430877  62.373775  3.635
 18    19.632 52838.27832805 34.73  66.455696  62.372982 18.038
 18    19.668 52838.27832870 34.67  66.453186  62.369842 18.038
 18    19.491 52838.27832934 34.13  66.450676  62.366692 18.038
 18    19.582 52838.27832999 33.91  66.448166  62.363552 18.038
 18    19.574 52838.27833063 31.50  66.445646  62.360412 18.038
 19    14.455 52873.27836906 33.09  66.447561  62.368498 15.086
 19    14.318 52873.27836971 36.22  66.445051  62.365348 15.086
 20    14.022 52908.27835091 22.13  66.447267  62.375978 14.505
 20    13.501 52908.27835155 27.81  66.444747  62.372838 14.505
 20    14.038 52908.27835220 27.96  66.442237  62.369698 14.505
 20    13.222 52908.27835284 29.82  66.439727  62.366548 14.505
 21    11.972 52943.27827825 31.58  66.464700  62.369734 11.042
 21    11.901 52943.27827889 31.65  66.462180  62.366594 11.042
 21    11.828 52943.27827953 35.12  66.459670  62.363444 11.042
 21    11.978 52943.27828018 33.85  66.457160  62.360304 11.042
 21    11.913 52943.27828082 38.44  66.454650  62.357164 11.042
 21    12.156 52943.27828147 42.25  66.452140  62.354014 11.042
 23    13.390 53013.27833563 17.42  66.443813  62.379585  5.221
 23    11.953 53013.27833628 18.71  66.441300  62.376440  4.662
 23    12.437 53013.27833692 17.56  66.438780  62.373290  4.662
 23    12.714 53013.27833757 19.44  66.436270  62.370150  4.662
 25    17.502 53083.27834058  9.66  66.440530  62.380220  3.228
 25    15.171 53083.27834122 10.18  66.438020  62.377070  3.228
 25    18.687 53083.27834186 10.61  66.435510  62.373930  3.228
 26    17.527 53118.27831086  8.28  66.453649  62.377674  2.499
 26    18.444 53118.27831151  8.49  66.451139  62.374534  2.499
 26    18.519 53118.27831215  8.71  66.448629  62.371384  2.499
 26    19.527 53118.27831280  8.41  66.446109  62.368244  2.499
 26    19.512 53118.27831344  8.76  66.443599  62.365104  2.499
 27    20.720 53153.27836136 27.85  66.447011  62.377653 16.737
 27    20.668 53153.27836201 28.11  66.444491  62.374513 16.737
 27    21.397 53153.27836265 26.61  66.441981  62.371373 16.737
 27    21.283 53153.27836330 28.38  66.439471  62.368223 16.737
 29    18.835 53223.27836835 15.54  66.444453  62.374149 27.529
 29    18.475 53223.27836899 19.09  66.441943  62.371009 27.529
 29    18.043 53223.27836964 23.65  66.439433  62.367869 27.529
 30    16.588 53258.27834221 15.04  66.440251  62.384116  3.485
 30    18.658 53258.27834285 17.05  66.437741  62.380966  3.485
 30    19.452 53258.27834350 18.58  66.435229  62.377828 14.327
 30    20.627 53258.27834414 17.39  66.432719  62.374678 14.327
 31    16.978 53293.27836452 18.07  66.450270  62.377335 14.858
 31    17.688 53293.27836517 19.82  66.447760  62.374195 14.858
 31    18.812 53293.27836581 18.57  66.445240  62.371045 14.858
 31    19.290 53293.27836646 18.97  66.442730  62.367905 14.858
 32    15.795 53328.27833833 32.21  66.449685  62.377120 11.737
 32    15.596 53328.27833897 31.98  66.447175  62.373980 11.737
 32    15.664 53328.27833961 32.19  66.444665  62.370830 11.737
 32    15.690 53328.27834026 36.20  66.442155  62.367690 11.737
 35    14.264 53433.27830488 12.15  66.445591  62.379157  7.397
 35    14.707 53433.27830553 13.25  66.443081  62.376007  7.397
 36    16.465 53468.27834442  9.70  66.454997  62.373963  2.932
 36    18.069 53468.27834506  9.39  66.452477  62.370813  2.932
 36    18.579 53468.27834571  9.85  66.449967  62.367673  2.932
 36    19.090 53468.27834635  9.77  66.447457  62.364533  2.932
 36    19.132 53468.27834700  9.99  66.444947  62.361383  2.932
 38    20.614 53538.27838851 11.46  66.442586  62.371807  8.386
 38    20.930 53538.27838915 18.13  66.440076  62.368667  8.386
 39    17.965 53573.27838783 38.18  66.443297  62.380467 24.667
 39    16.953 53573.27838848 39.72  66.440787  62.377317 24.667
 39    17.409 53573.27838912 40.66  66.438277  62.374177 24.667
 39    17.126 53573.27838977 46.03  66.435767  62.371027 24.667
 40    15.118 53608.27833724 28.33  66.438843  62.381127 16.243
 40    14.050 53608.27833789 33.66  66.436333  62.377977 16.243
 40    14.122 53608.27833853 30.65  66.433823  62.374837 16.243
 41    35.052 53643.27833936 18.61  66.457317  62.375423  6.840
 41    36.273 53643.27834000 18.52  66.454807  62.372283  6.840
 41    34.112 53643.27834065  9.98  66.452287  62.369133  6.840
 41    14.099 53643.27834194 31.58  66.447267  62.362853  6.840
 41    13.585 53643.27834258 33.51  66.444757  62.359703  6.840
 42    14.165 53678.27835721 29.45  66.445307  62.380670 20.672
 42    12.946 53678.27835786 24.19  66.442787  62.377530 20.672
 42    12.948 53678.27835850 22.30  66.440277  62.374390 20.672
 42    12.853 53678.27835915 22.26  66.437767  62.371240 20.672
 43    15.048 53713.27828590 19.07  66.445614  62.380129 11.755
 43    14.719 53713.27828654 28.06  66.443104  62.376979 11.755
 43    15.246 53713.27828719 30.40  66.440594  62.373839 11.755
 43    15.838 53713.27828783 29.29  66.438084  62.370689 11.755
 45    13.523 53783.27823084 12.36  66.450435  62.376386  2.938
 45    13.639 53783.27823149 12.57  66.447925  62.373246  2.938
 45    13.161 53783.27823213 13.15  66.445415  62.370096  2.938
 45    13.464 53783.27823278 12.84  66.442905  62.366956  2.938
 46    15.827 53818.27819332  7.11  66.440626  62.381997  3.695
 46    17.270 53818.27819397  6.74  66.438116  62.378857  3.695
 46    17.811 53818.27819461  7.24  66.435606  62.375707  3.695
 46    18.047 53818.27819526  7.09  66.433096  62.372567  3.695
 47    14.064 53853.27827018 11.19  66.453325  62.378240 12.621
 47    13.868 53853.27827082 12.06  66.450815  62.375100 12.621
 48    83.941 53888.27827829  0.80  66.456017  62.373428  6.225
 48    85.384 53888.27827894  0.78  66.453507  62.370278  6.225
 51    35.382 53993.27826838 11.74  66.463239  62.368508  7.788
 51    15.382 53993.27826902 32.10  66.460719  62.365368  7.788
 51    14.422 53993.27826967 38.06  66.458209  62.362228  7.788
 51    15.336 53993.27827031 35.82  66.455699  62.359078  7.788
 51    15.552 53993.27827096 30.75  66.453179  62.355938  7.788
 51    16.039 53993.27827160 35.43  66.450670  62.352794 24.569
 52    14.002 54028.27832891 36.58  66.456898  62.372589 11.069
 52    13.807 54028.27832955 30.61  66.454378  62.369449 11.069
 52    13.337 54028.27833020 31.12  66.451868  62.366299 11.069
 52    13.383 54028.27833084 29.74  66.449358  62.363159 11.069
 52    13.483 54028.27833149 30.37  66.446848  62.360019 11.069
 53    15.720 54063.27832221 15.44  66.450886  62.376499 11.845
 53    18.427 54063.27832286 19.93  66.448376  62.373359 11.845
 53    17.495 54063.27832350 30.70  66.445866  62.370219 11.845
 53    17.947 54063.27832415 32.34  66.443356  62.367069 11.845
 54    14.556 54098.27828981 16.94  66.443162  62.382034  3.609
 54    14.799 54098.27829046 16.18  66.440652  62.378894  3.609
 54    14.827 54098.27829110 16.26  66.438142  62.375744  3.609
 54    14.982 54098.27829175 15.92  66.435632  62.372604  3.609
 55    15.773 54133.27824569 10.49  66.457242  62.373336 11.586
 55    15.161 54133.27824634 11.43  66.454722  62.370196 11.586
 55    15.027 54133.27824698 12.84  66.452212  62.367046 11.586
 55    15.311 54133.27824763 11.72  66.449702  62.363906 11.586
 55    15.263 54133.27824827 11.99  66.447192  62.360766 11.586
 56    14.950 54168.27826449 10.94  66.441924  62.378187  3.005
 56    14.779 54168.27826514 11.02  66.439414  62.375047  3.005
 56    14.552 54168.27826578 10.58  66.436904  62.371897  3.005
 57    12.887 54203.27825011 20.20  66.453009  62.371033 23.061
 57    12.833 54203.27825076 21.22  66.450489  62.367893 23.061
 57    16.664 54203.27825140 20.29  66.447979  62.364743 23.061
 57    17.913 54203.27825205 18.51  66.445469  62.361603 23.061
 59    21.258 54273.27830196 15.16  66.450490  62.378837 13.547
 59    21.376 54273.27830260 15.84  66.447980  62.375697 13.547
 59    22.812 54273.27830325 16.13  66.445470  62.372557 13.547
 59    23.553 54273.27830389 18.81  66.442960  62.369407 13.547
 59    23.416 54273.27830454 26.82  66.440440  62.366267 13.547
 60    21.899 54308.27830500 26.02  66.448729  62.373631  9.938
 60    21.763 54308.27830565 28.79  66.446219  62.370481  9.938
 60    22.292 54308.27830629 27.77  66.443699  62.367341  9.938
 60    22.974 54308.27830693 29.03  66.441189  62.364191  9.938
 61    18.759 54343.27828244 28.73  66.444270  62.380112  9.346
 61    18.952 54343.27828309 33.28  66.441760  62.376972  9.346
 61    18.990 54343.27828373 33.16  66.439250  62.373832  9.346
 61    19.319 54343.27828437 32.72  66.436740  62.370682  9.346
 62    36.228 54378.27823978 17.05  66.454918  62.376526  6.699
 62    36.033 54378.27824042 16.45  66.452408  62.373376  6.699
 62    35.734 54378.27824107  7.76  66.449888  62.370236  6.699
 62    15.136 54378.27824235 27.73  66.444868  62.363946  6.699
 63    13.948 54413.27823051 42.10  66.447352  62.377902 17.491
 63    13.723 54413.27823116 40.24  66.444842  62.374752 17.491
 63    13.667 54413.27823180 41.12  66.442322  62.371612 17.491
 63    13.783 54413.27823245 44.77  66.439812  62.368462 17.491
 64    13.427 54448.27820653 24.49  66.455931  62.373154  5.880
 64    13.462 54448.27820717 24.46  66.453411  62.370014  5.880
 64    13.523 54448.27820782 23.28  66.450901  62.366864  5.880
 64    13.549 54448.27820846 22.26  66.448391  62.363724  5.880
 64    13.535 54448.27820911 22.09  66.445881  62.360584  5.880
 65    14.733 54483.27822393 11.92  66.451825  62.376998  3.575
 65    13.033 54483.27822458 12.51  66.449315  62.373848  3.575
 65    13.037 54483.27822522 13.12  66.446805  62.370708  3.575
 65    13.399 54483.27822587 12.90  66.444295  62.367558  3.575
 65    16.620 54483.27822651 12.68  66.441785  62.364418  3.575
 68    16.042 54588.27821570 24.80  66.451344  62.374878 19.224
 68   120.613 54588.27821764  6.57  66.443814  62.365448 19.224
 69    21.610 54623.27823306 12.58  66.448881  62.378593 15.671
 69    21.877 54623.27823370 11.29  66.446361  62.375453 15.671
 69    22.866 54623.27823435 13.14  66.443851  62.372303 15.671
 69    22.517 54623.27823499 15.34  66.441341  62.369163 15.671
 70    19.168 54658.27824205 33.94  66.449131  62.378952 11.408
 70    19.217 54658.27824270 35.21  66.446611  62.375812 11.408
 70    19.467 54658.27824334 34.12  66.444101  62.372672 11.408
 70    19.204 54658.27824398 33.40  66.441591  62.369522 11.408
 71    16.006 54693.27822386 18.62  66.446096  62.378176 17.702
 71    16.793 54693.27822450 18.33  66.443586  62.375036 17.702
 71   103.262 54693.27822515  2.88  66.441076  62.371886 17.702
 72    20.348 54728.27819741  9.64  66.450433  62.368777  5.837
 72    18.619 54728.27819805 14.62  66.447923  62.365637  5.837
 72    21.010 54728.27819870 15.74  66.445413  62.362487  5.837
 73    14.902 54763.27820152 43.68  66.449786  62.378698  9.487
 73    12.699 54763.27820216 45.83  66.447266  62.375558  9.487
 73    14.406 54763.27820281 43.40  66.444756  62.372418  9.487
 73    15.004 54763.27820345 38.71  66.442246  62.369268  9.487
 73    15.062 54763.27820410 39.98  66.439736  62.366128  9.487
 74    15.136 54798.27818967 28.51  66.457022  62.374069 15.828
 74    15.281 54798.27819032 32.77  66.454502  62.370929 15.828
 74    15.197 54798.27819096 47.68  66.451992  62.367789 15.828
 74    15.305 54798.27819161 49.19  66.449482  62.364639 15.828
 74    15.310 54798.27819225 48.43  66.446962  62.361499 15.828
 75    15.508 54833.27819159 14.77  66.448839  62.378485  3.250
 75    15.788 54833.27819224 14.69  66.446329  62.375345  3.250
 75    15.654 54833.27819288 15.38  66.443819  62.372205  3.250
 75    15.430 54833.27819352 15.03  66.441309  62.369055  3.250
 76    15.605 54868.27818568 12.24  66.458495  62.375062  2.812
 76    15.704 54868.27818633 13.47  66.455975  62.371922  2.812
 76    16.411 54868.27818697 13.26  66.453465  62.368772  2.812
 76    17.340 54868.27818762 12.85  66.450955  62.365632  2.812
 76    17.635 54868.27818826 13.41  66.448435  62.362492  2.812
 76    15.094 54868.27818891 13.61  66.445925  62.359342  2.812
 77    14.875 54903.27820120  8.53  66.443135  62.381352  2.625
 77    15.212 54903.27820185  8.29  66.440625  62.378212  2.625
 77    15.488 54903.27820249  8.89  66.438115  62.375072  2.625
 77    17.490 54903.27820314  8.36  66.435605  62.371922  2.625
 78    16.608 54938.27817618  7.48  66.453651  62.375177  6.740
 78    18.154 54938.27817683  7.26  66.451131  62.372037  6.740
 78    16.965 54938.27817747  8.55  66.448621  62.368887  6.740
 78    18.202 54938.27817812  7.92  66.446111  62.365747  6.740
 78    18.609 54938.27817876  8.75  66.443601  62.362607  6.740
 79    20.898 54973.27820785 13.66  66.450827  62.375998 15.581
 79    20.804 54973.27820850 14.11  66.448307  62.372848 15.581
 79    21.577 54973.27820914 15.02  66.445797  62.369708 15.581
 79    22.254 54973.27820979 18.48  66.443287  62.366568 15.581
 81    17.734 55043.27821401 18.92  66.444817  62.369804 11.438
 81    20.595 55043.27821466 19.03  66.442307  62.366654 11.438
 82    19.672 55078.27819060  9.55  66.443316  62.378119 11.767
 82    20.290 55078.27819125 14.65  66.440806  62.374979 11.767
 82    20.439 55078.27819189 15.99  66.438296  62.371829 11.767
 83    66.056 55113.27814510  3.64  66.454342  62.376530  7.712
 83    34.699 55113.27814574  3.72  66.451822  62.373390  7.712
 83    33.673 55113.27814639  3.39  66.449312  62.370240  7.712
 83    18.245 55113.27814768 18.20  66.444292  62.363960  7.712
 85    15.839 55183.27812697 17.18  66.456487  62.373822  7.903
 85    16.128 55183.27812762 16.48  66.453967  62.370682  7.903
 85    16.200 55183.27812826 16.53  66.451457  62.367542  7.903
 85    15.068 55183.27812891 17.06  66.448947  62.364392  7.903
 85    15.397 55183.27812955 16.73  66.446427  62.361252  7.903
 86    14.459 55218.27814463  4.77  66.441298  62.372628  6.205
 86    13.854 55218.27814527  8.80  66.438788  62.369478  6.205
 87    14.638 55253.27812288  8.55  66.457172  62.375604  5.261
 87    14.959 55253.27812353  9.22  66.454652  62.372464  5.261
 87    14.821 55253.27812417  8.36  66.452142  62.369314  5.261
 87    14.055 55253.27812481  9.35  66.449632  62.366174  5.261
 87    14.494 55253.27812546  9.92  66.447112  62.363034  5.261
 87    15.190 55253.27812610  9.62  66.444602  62.359884  5.261
 88    16.805 55288.27813294  5.04  66.443494  62.381642  6.949
 88    17.874 55288.27813359  4.67  66.440984  62.378502  6.949
 88    18.255 55288.27813423  4.95  66.438474  62.375352  6.949
 88    18.696 55288.27813488  5.14  66.435964  62.372212  6.949
 90    21.147 55358.27810892 12.22  66.448697  62.379632  6.995
 90    21.334 55358.27810957 11.15  66.446177  62.376492  6.995
 90    22.249 55358.27811021 11.72  66.443667  62.373352  6.995
 90    21.968 55358.27811085 17.31  66.441157  62.370202  6.995
 91    19.597 55393.27811281 35.18  66.452258  62.374686 13.023
 91    19.349 55393.27811346 34.30  66.449738  62.371546 13.023
 91    18.980 55393.27811410 32.04  66.447228  62.368406 13.023
 91    18.630 55393.27811475 31.37  66.444718  62.365256 13.023
 92    17.120 55428.27812662 18.73  66.445547  62.370139 11.748
 92    17.494 55428.27812726 19.68  66.443037  62.366989 11.748
 93    16.697 55463.27808939 14.38  66.441748  62.376794 12.621
 93    19.927 55463.27809003 15.04  66.439238  62.373654 12.621
 93    20.095 55463.27809068 18.61  66.436728  62.370514 12.621
