# NaN NaN NaN ;Mean Elev.(m), Avg Gradient(m/km), RMS Gradient(m/km) - SRTM1     
#   22.065  -2.505   4.986 ;Mean Elev.(m), Avg Gradient(m/km), RMS Gradient(m/km) - ASTER GDEM
#   33.623  -1.907   5.674 ;Mean Elev.(m), Avg Gradient(m/km), RMS Gradient(m/km) - GMTED2010 
  6    35.754 52419.66493347 29.67  74.891652  61.151118 26.178
  6    35.715 52419.66493411 29.70  74.889312  61.154278 26.178
  6    35.874 52419.66493476 30.15  74.886980  61.157432 38.860
  7    36.856 52454.66495790 45.45  74.897067  61.150358 40.047
  7    36.960 52454.66495855 46.08  74.894727  61.153518 40.047
  7    36.864 52454.66495919 47.23  74.892387  61.156678 40.047
  8    34.859 52489.66493365 23.24  74.908827  61.148705 28.448
  8    34.867 52489.66493429 26.66  74.906487  61.151865 28.448
  8    35.307 52489.66493493 20.95  74.904147  61.155025 28.448
  8    35.889 52489.66493558 23.20  74.901807  61.158185 28.448
  9    31.367 52524.66491110 40.60  74.910164  61.149940 39.178
  9    31.334 52524.66491175 42.48  74.907824  61.153100 39.178
  9    31.346 52524.66491239 39.49  74.905494  61.156250 39.178
 10    32.596 52559.66496077 27.86  74.893152  61.149731 16.675
 10    34.364 52559.66496142 24.99  74.890812  61.152891 16.675
 10    34.713 52559.66496206 24.00  74.888472  61.156051 16.675
 11    29.634 52594.66496580 47.67  74.894856  61.150992 11.255
 11    29.565 52594.66496645 42.14  74.892516  61.154142 11.255
 11    29.553 52594.66496709 39.79  74.890176  61.157302 11.255
 12    31.168 52629.66489644 20.22  74.893507  61.152131  3.825
 12    32.051 52629.66489709 18.57  74.891167  61.155291  3.825
 12    33.031 52629.66489773 17.11  74.888827  61.158441  3.825
 13    32.858 52664.66492748 12.30  74.898507  61.151817  2.561
 13    32.496 52664.66492813 12.59  74.896167  61.154967  2.561
 13    33.678 52664.66492877 12.11  74.893827  61.158127  2.561
 14    33.558 52699.66490131 11.03  74.893556  61.151358  2.316
 14    32.787 52699.66490195 11.36  74.891216  61.154518  2.316
 14    33.483 52699.66490260 11.22  74.888876  61.157678  2.316
 15    35.078 52734.66492923 12.14  74.911580  61.148449  1.969
 15    34.773 52734.66492988 11.95  74.909240  61.151609  1.969
 15    35.232 52734.66493052 11.59  74.906900  61.154759  1.969
 15    34.947 52734.66493117 11.70  74.904570  61.157919  1.969
 16    33.633 52769.66492157 36.22  74.912021  61.148410 31.126
 16    33.613 52769.66492221 38.62  74.909681  61.151570 31.126
 16    33.558 52769.66492286 36.92  74.907341  61.154730 31.126
 16    33.370 52769.66492350 44.87  74.905011  61.157880 31.126
 17    35.536 52804.66495519 29.48  74.886579  61.151930 27.251
 17    35.459 52804.66495584 27.89  74.884239  61.155090 27.251
 17    36.168 52804.66495648 36.67  74.881899  61.158250 27.251
 18    33.139 52839.66501660 24.98  74.894149  61.150716 30.927
 18    34.865 52839.66501725 19.50  74.891809  61.153866 30.927
 18    35.404 52839.66501789 22.34  74.889469  61.157026 30.927
 20    33.226 52909.66502915 20.90  74.913676  61.148037 15.546
 20    33.731 52909.66502979 17.10  74.911336  61.151197 15.546
 20    34.347 52909.66503044 14.41  74.909006  61.154347 15.546
 20    34.511 52909.66503108 15.76  74.906666  61.157507 15.546
 21    28.784 52944.66496797 39.25  74.894621  61.150025 17.809
 21    28.880 52944.66496861 44.53  74.892281  61.153185 17.809
 21    28.457 52944.66496925 50.98  74.889941  61.156345 17.809
 23    33.233 53014.66501683 12.42  74.903021  61.151467  2.455
 23    32.995 53014.66501748 12.57  74.900681  61.154617  2.455
 23    32.500 53014.66501812 13.40  74.898341  61.157777  2.455
 24    33.953 53049.66499024 12.70  74.891922  61.151431  2.110
 24    33.458 53049.66499088 12.48  74.889582  61.154581  2.110
 24    33.399 53049.66499153 12.76  74.887242  61.157741  2.110
 25    34.376 53084.66502560 10.10  74.898669  61.149962  2.353
 25    33.430 53084.66502625 10.16  74.896339  61.153122  2.353
 25    33.682 53084.66502689 10.49  74.893999  61.156272  2.353
 26    33.596 53119.66499634 12.21  74.890355  61.151048  3.363
 26    32.046 53119.66499699 13.26  74.888015  61.154198  3.363
 26    31.530 53119.66499763 13.09  74.885675  61.157358  3.363
 27    34.966 53154.66504855 27.69  74.891105  61.150489 37.084
 27    34.795 53154.66504919 23.02  74.888765  61.153639 37.084
 27    34.880 53154.66504983 26.93  74.886425  61.156799 37.084
 28    35.390 53189.66503784 31.35  74.905822  61.150200 38.838
 28    35.067 53189.66503848 24.49  74.903482  61.153360 38.838
 28    35.456 53189.66503913 21.55  74.901142  61.156510 38.838
 29    33.650 53224.66504953 19.85  74.907312  61.150029 24.017
 29    33.410 53224.66505017 19.31  74.904972  61.153189 24.017
 29    34.616 53224.66505082 15.71  74.902632  61.156339 24.017
 30    30.136 53259.66502430 46.56  74.906718  61.149475 33.189
 30    29.828 53259.66502494 38.23  74.904378  61.152625 33.189
 30    29.651 53259.66502559 25.94  74.902048  61.155785 33.189
 31    32.561 53294.66505211 20.18  74.883921  61.152353 16.797
 31    33.704 53294.66505276 18.99  74.881581  61.155503 16.797
 31    34.329 53294.66505340 18.90  74.879241  61.158663 16.797
 32    30.499 53329.66502409 32.10  74.903423  61.149128 16.610
 32    30.650 53329.66502473 33.56  74.901083  61.152288 16.610
 32    30.465 53329.66502538 33.32  74.898743  61.155438 16.610
 32    30.338 53329.66502602 31.00  74.896403  61.158598 16.610
 33    34.276 53364.66497402 15.27  74.914460  61.147931  3.205
 33    32.859 53364.66497467 15.70  74.912120  61.151091  3.205
 33    31.287 53364.66497531 15.93  74.909790  61.154251  3.205
 33    32.881 53364.66497595 15.43  74.907450  61.157401  3.205
 34    33.586 53399.66499958 16.13  74.894182  61.151109  2.768
 34    32.284 53399.66500023 16.83  74.891842  61.154259  2.768
 34    31.312 53399.66500087 16.76  74.889502  61.157419  2.768
 35    33.771 53434.66498901 13.66  74.910956  61.149423  2.687
 35    32.439 53434.66498965 14.65  74.908616  61.152583  2.687
 35    30.598 53434.66499030 14.77  74.906286  61.155733  2.687
 36    35.423 53469.66503365  9.40  74.890826  61.150304  1.951
 36    35.608 53469.66503430  9.86  74.888486  61.153454  1.951
 36    35.662 53469.66503494  9.72  74.886146  61.156614  1.951
 37    34.735 53504.66507525 51.31  74.897772  61.149327 42.550
 37    34.741 53504.66507589 50.60  74.895432  61.152487 42.550
 37    34.782 53504.66507654 50.95  74.893092  61.155637 42.550
 37    34.650 53504.66507718 49.33  74.890752  61.158797 42.550
 38    34.335 53539.66507444 39.83  74.900647  61.149412 38.670
 38    34.287 53539.66507509 25.83  74.898307  61.152572 38.670
 38    34.972 53539.66507573 20.78  74.895967  61.155722 38.670
 38    35.193 53539.66507638 33.61  74.893627  61.158882 38.670
 39    33.280 53574.66507019 37.07  74.903458  61.149186 32.828
 39    31.673 53574.66507083 40.92  74.901128  61.152346 32.828
 39    31.684 53574.66507147 42.07  74.898788  61.155496 32.828
 39    31.626 53574.66507212 40.33  74.896448  61.158656 32.828
 40    31.346 53609.66502054 21.65  74.910840  61.150123 32.893
 40    29.968 53609.66502119 34.97  74.908500  61.153283 32.893
 40    29.497 53609.66502183 45.96  74.906170  61.156433 32.893
 41    34.099 53644.66502406 16.18  74.890073  61.151019 26.216
 41    34.308 53644.66502471 16.57  74.887733  61.154169 26.216
 41    34.583 53644.66502535 22.32  74.885393  61.157329 26.216
 42    29.524 53679.66504136 51.20  74.897009  61.151376 21.745
 42    29.553 53679.66504200 49.14  74.894669  61.154526 21.745
 42    29.302 53679.66504265 48.73  74.892329  61.157686 21.745
 43    31.513 53714.66496832 18.67  74.914536  61.147607  3.301
 43    32.610 53714.66496897 17.54  74.912196  61.150767  3.301
 43    31.269 53714.66496961 17.58  74.909866  61.153917  3.301
 43    30.048 53714.66497026 17.21  74.907526  61.157077  3.301
 44    33.269 53749.66488517 14.26  74.893157  61.150739  2.880
 44    31.928 53749.66488581 14.56  74.890817  61.153889  2.880
 44    29.680 53749.66488646 14.16  74.888477  61.157049  2.880
 45    32.225 53784.66491512 12.47  74.907725  61.149969  2.599
 45    31.386 53784.66491576 12.33  74.905395  61.153129  2.599
 45    29.847 53784.66491641 11.77  74.903055  61.156279  2.599
 46    34.642 53819.66487458 11.67  74.920431  61.148055  2.726
 46    33.220 53819.66487522 12.35  74.918091  61.151215  2.726
 46    32.874 53819.66487587 12.12  74.915751  61.154375  2.726
 47    31.810 53854.66495791 14.91  74.889967  61.150880  4.995
 47    31.652 53854.66495855 15.32  74.887627  61.154040  4.995
 47    29.305 53854.66495920 15.38  74.885287  61.157200  4.995
 49    34.897 53924.66503331 27.27  74.888096  61.150521 33.058
 49    34.556 53924.66503396 20.21  74.885756  61.153671 33.058
 49    34.764 53924.66503460 21.42  74.883416  61.156831 33.058
 50    33.366 53959.66502240 31.85  74.899637  61.149328 33.597
 50    34.887 53959.66502305 15.16  74.897307  61.152488 33.597
 50    35.088 53959.66502369 16.10  74.894967  61.155638 33.597
 50    35.114 53959.66502434 33.53  74.892627  61.158798 33.597
 51    32.114 53994.66495640 18.56  74.886571  61.150054 23.347
 51    34.005 53994.66495704 17.14  74.884231  61.153204 23.347
 51    35.787 53994.66495768 15.98  74.881891  61.156364 23.347
 52    31.442 54029.66501419 23.94  74.893451  61.151954  9.972
 52    32.232 54029.66501483 24.05  74.891111  61.155104  9.972
 52    32.859 54029.66501548 23.94  74.888771  61.158264  9.972
 53    31.390 54064.66500711 32.05  74.907147  61.150297  8.165
 53    31.365 54064.66500775 32.46  74.904817  61.153457  8.165
 53    31.369 54064.66500840 32.21  74.902477  61.156607  8.165
 54    30.517 54099.66497256 19.98  74.909775  61.149961  4.013
 54    29.653 54099.66497321 20.68  74.907435  61.153121  4.013
 54    29.062 54099.66497385 20.62  74.905105  61.156271  4.013
 55    33.053 54134.66493278 14.04  74.891892  61.151081  2.733
 55    32.359 54134.66493343 14.11  74.889552  61.154231  2.733
 55    32.757 54134.66493407 14.40  74.887212  61.157391  2.733
 57    32.760 54204.66493680 20.37  74.891679  61.149852 17.191
 57    34.852 54204.66493744 19.49  74.889339  61.153002 17.191
 57    35.174 54204.66493809 20.05  74.886999  61.156162 17.191
 58    35.344 54239.66497088 35.56  74.901163  61.149516 37.192
 58    35.486 54239.66497153 26.17  74.898823  61.152676 37.192
 58    35.645 54239.66497217 27.43  74.896483  61.155826 37.192
 58    35.985 54239.66497282 36.84  74.894143  61.158986 37.192
 59    36.802 54274.66498759 30.18  74.902053  61.149885 19.273
 59    36.613 54274.66498823 27.46  74.899713  61.153045 19.273
 59    36.851 54274.66498888 25.39  74.897373  61.156195 19.273
 61    31.330 54344.66496477 36.85  74.913258  61.147753 29.207
 61    31.151 54344.66496542 30.03  74.910918  61.150913 29.207
 61    30.903 54344.66496606 29.73  74.908578  61.154063 29.207
 61    34.842 54344.66496671 30.64  74.906248  61.157223 29.207
 62    34.901 54379.66492549 17.89  74.894497  61.151166 24.779
 62    35.119 54379.66492613 18.35  74.892157  61.154316 24.779
 62    35.102 54379.66492678 23.57  74.889817  61.157476 24.779
 63    30.132 54414.66491344 46.20  74.905070  61.149328 22.222
 63    29.994 54414.66491408 49.68  74.902740  61.152488 22.222
 63    30.148 54414.66491473 47.67  74.900400  61.155638 22.222
 63    29.934 54414.66491537 46.47  74.898060  61.158798 22.222
 64    32.809 54449.66489260 21.58  74.892350  61.149872  4.435
 64    32.044 54449.66489325 22.99  74.890010  61.153032  4.435
 64    32.375 54449.66489389 22.04  74.887670  61.156182  4.435
 65    33.671 54484.66490815 17.43  74.903041  61.149178  2.828
 65    33.015 54484.66490880 17.21  74.900701  61.152338  2.828
 65    33.491 54484.66490944 16.90  74.898361  61.155488  2.828
 65    33.946 54484.66491009 17.15  74.896021  61.158648  2.828
 66    33.354 54519.66490619 14.23  74.895614  61.150714  2.449
 66    32.298 54519.66490684 14.86  74.893274  61.153874  2.449
 66    32.014 54519.66490748 14.77  74.890934  61.157034  2.449
 67    33.150 54554.66491971  9.16  74.908008  61.149982  4.004
 67    33.277 54554.66492035  9.51  74.905668  61.153142  4.004
 67    34.711 54554.66492100  7.98  74.903328  61.156302  4.004
 68    32.268 54589.66490247 21.69  74.896202  61.151797 20.045
 68    32.392 54589.66490312 24.66  74.893862  61.154957 20.045
 68    32.168 54589.66490376 27.32  74.891522  61.158117 20.045
 69    35.549 54624.66491872 36.88  74.903349  61.149441 37.561
 69    35.249 54624.66491936 27.34  74.901009  61.152601 37.561
 69    35.571 54624.66492001 28.96  74.898669  61.155761 37.561
 69    35.796 54624.66492065 38.74  74.896329  61.158921 37.561
 70    34.015 54659.66492771 50.45  74.897481  61.151230 36.367
 70    34.058 54659.66492835 47.98  74.895141  61.154390 36.367
 70    34.067 54659.66492900 49.56  74.892801  61.157550 36.367
 71    33.571 54694.66490676 22.57  74.906697  61.149713 30.022
 71    33.225 54694.66490740 19.69  74.904357  61.152873 30.022
 71    33.605 54694.66490805 18.99  74.902017  61.156033 30.022
 72    25.696 54729.66488212 23.40  74.895895  61.149373 29.420
 72    30.704 54729.66488276 20.34  74.893555  61.152533 29.420
 72    34.414 54729.66488341 19.12  74.891215  61.155693 29.420
 72    34.814 54729.66488405 29.69  74.888875  61.158853 29.420
 73    33.001 54764.66488516 21.15  74.900020  61.151298 25.750
 73    30.797 54764.66488581 27.24  74.897680  61.154458 25.750
 73    30.761 54764.66488645 39.35  74.895340  61.157618 25.750
 74    31.448 54799.66487571 34.06  74.891490  61.149615  6.636
 74    31.425 54799.66487635 28.31  74.889150  61.152775  6.636
 74    31.492 54799.66487700 26.50  74.886810  61.155935  6.636
 75    30.923 54834.66487588 20.52  74.902797  61.149234  4.106
 75    30.605 54834.66487652 21.21  74.900457  61.152394  4.106
 75    30.488 54834.66487717 19.32  74.898117  61.155554  4.106
 75    30.173 54834.66487781 18.04  74.895777  61.158714  4.106
 76    32.647 54869.66487291 14.43  74.892649  61.150441  2.613
 76    31.889 54869.66487356 14.17  74.890309  61.153601  2.613
 76    30.514 54869.66487420 14.83  74.887969  61.156761  2.613
 77    33.568 54904.66488448 12.46  74.908403  61.148627  2.613
 77    32.362 54904.66488512 13.24  74.906063  61.151787  2.613
 77    32.962 54904.66488577 12.32  74.903723  61.154947  2.613
 77    32.976 54904.66488641 12.66  74.901383  61.158107  2.613
 78    31.237 54939.66486475 22.16  74.893918  61.152278  7.878
 78    30.394 54939.66486540 22.37  74.891578  61.155438  7.878
 78    29.791 54939.66486604 22.32  74.889238  61.158598  7.878
 79    34.816 54974.66489496 23.00  74.896951  61.151907 39.236
 79    35.127 54974.66489560 30.34  74.894611  61.155067 39.236
 79    34.855 54974.66489625 48.37  74.892271  61.158227 39.236
 80    34.590 55009.66490692 37.08  74.903278  61.149299 32.471
 80    34.356 55009.66490757 21.79  74.900938  61.152459 32.471
 80    35.173 55009.66490821 21.28  74.898598  61.155619 32.471
 80    35.182 55009.66490885 31.19  74.896258  61.158779 32.471
 81    32.624 55044.66489792 32.96  74.898906  61.151816 29.914
 81    32.663 55044.66489857 38.07  74.896566  61.154976 29.914
 81    32.698 55044.66489921 40.65  74.894226  61.158136 29.914
 82    31.676 55079.66487331 20.31  74.908702  61.150378 24.099
 82    30.400 55079.66487396 24.18  74.906362  61.153538 24.099
 82    29.964 55079.66487460 22.86  74.904022  61.156698 24.099
 83    30.954 55114.66483007 18.54  74.895659  61.151514 30.040
 83    34.884 55114.66483072 16.98  74.893319  61.154674 30.040
 83    34.806 55114.66483136 21.67  74.890979  61.157834 30.040
 84    30.478 55149.66482970 38.49  74.899830  61.151296 15.322
 84    30.361 55149.66483035 39.53  74.897490  61.154456 15.322
 84    30.411 55149.66483099 38.76  74.895150  61.157616 15.322
 85    30.303 55184.66481364 23.76  74.891994  61.150559  5.334
 85    30.168 55184.66481428 24.36  74.889654  61.153719  5.334
 85    29.970 55184.66481493 23.63  74.887314  61.156879  5.334
 86    32.201 55219.66482725 12.96  74.903594  61.149636  2.728
 86    31.225 55219.66482790 13.10  74.901254  61.152796  2.728
 86    30.104 55219.66482854 13.23  74.898914  61.155956  2.728
 87    32.056 55254.66480946 12.10  74.895771  61.150824  2.462
 87    31.794 55254.66481011 11.70  74.893431  61.153984  2.462
 87    30.682 55254.66481075 12.15  74.891091  61.157144  2.462
 88    35.194 55289.66481694  8.30  74.908321  61.150705  2.131
 88    35.421 55289.66481758  7.80  74.905981  61.153865  2.131
 88    35.538 55289.66481823  8.00  74.903641  61.157025  2.131
 89    35.025 55324.66479654 19.61  74.897296  61.152273 29.480
 89    35.427 55324.66479718 20.98  74.894956  61.155433 29.480
 89    35.277 55324.66479783 29.30  74.892616  61.158593 29.480
 90    35.456 55359.66479344 32.03  74.903467  61.149036 36.384
 90    35.249 55359.66479408 24.24  74.901127  61.152196 36.384
 90    35.516 55359.66479473 27.51  74.898787  61.155356 36.384
 90    35.553 55359.66479537 33.20  74.896447  61.158516 36.384
 91    35.456 55394.66479871 25.84  74.894748  61.151328 32.459
 91    35.404 55394.66479936 24.12  74.892408  61.154488 32.459
 91    35.965 55394.66480000 25.68  74.890068  61.157648 32.459
 92    33.602 55429.66480922 30.39  74.901874  61.149160 27.409
 92    34.849 55429.66480986 17.87  74.899534  61.152320 27.409
 92    35.318 55429.66481051 20.35  74.897194  61.155480 27.409
 92    35.421 55429.66481115 28.17  74.894854  61.158640 27.409
 93    34.087 55464.66477098 18.14  74.914008  61.148514 24.784
 93    34.739 55464.66477162 16.25  74.911678  61.151664 24.784
 93    35.173 55464.66477227 19.74  74.909338  61.154824 24.784
