-155950.087    18.446     0.00   14.22
-155579.865    14.109   -11.72   15.54
-155209.721    10.141   -10.72   13.85
-154839.654     7.464    -7.23   11.49
-154469.665     3.617   -10.40    8.21
-154099.754     0.711    -7.86    4.40
-153729.921    -0.479    -3.22    3.68
-153360.166    -1.824    -3.64    1.18
-152990.488    -2.000    -0.48    0.00
-152620.888    -2.000     0.00    0.00
-152251.365    -2.000     0.00    0.00
-151881.920    -1.021     2.65    2.81
-151512.552     0.819     4.98    4.15
-151143.262     2.042     3.31    4.53
-150774.049     3.559     4.11    4.25
-150404.913     4.173     1.66    3.87
-150035.854     4.783     1.65    3.49
-149666.873     6.062     3.47    2.06
-149297.969     6.413     0.95    1.29
-148929.142     6.168    -0.66    1.47
-148560.392     6.043    -0.34    1.62
-148191.719     5.800    -0.66    1.81
-147823.123     5.766    -0.09    2.00
-147454.604     5.638    -0.35    1.82
-147086.161     5.365    -0.74    1.75
-146717.796     4.798    -1.54    1.24
-146349.507     4.729    -0.19    1.28
-145981.295     4.527    -0.55    1.63
-145613.160     4.337    -0.52    1.65
-145245.102     4.436     0.27    1.71
-144877.119     4.453     0.04    1.79
-144509.214     4.245    -0.57    1.76
-144141.385     3.789    -1.24    1.68
-143773.632     3.242    -1.49    1.71
-143405.956     2.484    -2.06    1.21
-143038.356     2.698     0.58    1.31
-142670.833     3.330     1.72    1.78
-142303.385     4.240     2.48    2.09
-141936.014     5.065     2.25    2.15
-141568.719     5.990     2.52    2.52
-141201.500     6.149     0.43    3.14
-140834.358     5.695    -1.24    4.30
-140467.291     4.968    -1.98    4.76
-140100.300     4.859    -0.30    5.21
-139733.385     4.740    -0.32    5.01
-139366.546     5.133     1.07    4.43
-138999.783     6.432     3.54    3.11
-138633.096     6.936     1.38    1.14
-138266.484     6.842    -0.26    0.97
-137899.948     7.096     0.69    1.00
-137533.488     7.181     0.23    0.92
-137167.103     7.021    -0.44    0.86
-136800.794     7.120     0.27    0.86
-136434.560     8.062     2.57    2.21
-136068.402     9.227     3.18    2.33
-135702.319    10.802     4.30    2.27
-135336.312    10.163    -1.75    4.58
-134970.380     6.417   -10.24    6.84
-134604.523     3.926    -6.81    6.74
-134238.741     3.213    -1.95    5.97
-133873.035     5.677     6.74    6.05
-133507.403     7.170     4.08    5.33
-133141.847     4.362    -7.68    6.12
-132776.366     0.633   -10.20    4.92
-132399.667    -1.814    -6.50    1.36
-132018.535    -2.000    -0.49    0.00
-131637.485     1.206     8.41    8.54
-131256.519     8.978    20.40   14.39
-130875.635    19.442    27.48   16.80
-130494.834    31.864    32.62   12.66
-130114.115    41.691    25.82   11.67
-129733.479    47.670    15.71    9.25
-129352.926    49.688     5.30    6.57
-128972.455    48.522    -3.06    6.38
-128592.066    45.320    -8.42    6.26
-128211.760    42.076    -8.53    7.70
-127831.536    38.724    -8.82    7.93
-127451.394    35.100    -9.54    8.18
-127071.334    31.874    -8.49    8.42
-126691.357    28.273    -9.48    8.89
-126311.461    24.863    -8.98    8.17
-125931.648    23.337    -4.02    7.75
-125551.916    22.937    -1.05    6.14
-125172.267    23.244     0.81    5.41
-124792.699    24.688     3.80    4.99
-124413.213    25.500     2.14    3.24
-124033.809    25.747     0.65    2.26
-123654.486    25.978     0.61    1.47
-123275.246    26.271     0.77    2.26
-122896.086    26.275     0.01    3.90
-122517.009    23.990    -6.03    6.63
-122138.013    20.022   -10.47    8.56
-121759.098    15.729   -11.33    8.56
-121380.265    10.957   -12.60    7.01
-121001.513     8.223    -7.22    4.88
-120622.842     7.516    -1.87    3.25
-120244.253     7.589     0.19    2.35
-119865.744     8.301     1.88    1.49
-119487.317     8.116    -0.49    1.25
-119108.971     7.495    -1.64    1.11
-118730.706     7.202    -0.77    0.77
-118352.522     7.652     1.19    1.30
-117974.419     8.229     1.53    1.43
-117596.397     8.571     0.91    1.43
-117218.456     7.823    -1.98    2.88
-116840.595     6.758    -2.82    3.64
-116462.815     5.768    -2.62    3.91
-116085.116     5.457    -0.83    3.84
-115707.497     5.453    -0.01    3.85
-115329.959     5.839     1.02    4.17
-114952.502     6.268     1.14    3.92
-114575.125     7.644     3.65    2.84
-114197.828     8.096     1.20    1.47
-113820.612     7.356    -1.96    1.47
-113443.476     6.511    -2.24    1.40
-113066.421     6.011    -1.32    0.93
-112689.445     6.074     0.17    0.93
-112312.550     5.910    -0.44    0.98
-111935.735     5.802    -0.29    0.85
-111559.000     5.433    -0.98    0.65
-111182.345     5.608     0.46    0.80
-110805.770     5.756     0.39    0.89
-110429.275     5.763     0.02    0.86
-110052.859     5.589    -0.46    0.90
-109676.524     5.255    -0.89    0.84
-109300.268     5.172    -0.22    0.78
-108924.092     5.074    -0.26    0.77
-108547.996     4.852    -0.59    0.95
-108171.979     4.200    -1.73    1.28
-107796.042     3.888    -0.83    1.34
-107420.185     4.295     1.08    1.57
-107044.406     4.813     1.38    1.63
-106668.708     4.695    -0.32    2.19
-106293.088     4.596    -0.26    2.62
-105917.548     4.547    -0.13    2.99
-105542.088     5.109     1.50    3.25
-105166.706     6.705     4.25    2.13
-104791.404     7.277     1.52    1.51
-104416.180     7.215    -0.16    0.98
-104041.036     7.128    -0.23    0.79
-103665.971     7.085    -0.11    0.74
-103290.985     7.138     0.14    0.74
-102916.077     7.021    -0.31    0.82
-102541.249     6.926    -0.26    0.95
-102166.499     7.043     0.31    1.03
-101791.829     7.000    -0.11    1.02
-101417.236     6.915    -0.23    1.02
-101042.723     6.936     0.06    1.08
-100668.288     6.758    -0.48    1.03
-100293.932     7.489     1.95    1.96
 -99919.654     9.000     4.04    3.16
 -99545.455     8.777    -0.60    3.88
 -99171.334     7.451    -3.54    4.99
 -98797.292     5.432    -5.40    5.25
 -98423.328     2.910    -6.74    3.32
 -98049.442     1.698    -3.24    2.01
 -97675.635     1.311    -1.03    1.53
 -97301.905     1.421     0.29    1.78
 -96928.254     1.382    -0.10    1.75
 -96554.681     1.777     1.06    1.63
 -96181.186     2.100     0.87    1.33
 -95807.769     2.292     0.51    1.38
 -95434.430     2.209    -0.22    1.68
 -95061.168     1.828    -1.02    1.66
 -94687.985     1.436    -1.05    1.16
 -94314.879     2.085     1.74    2.67
 -93941.851     2.871     2.11    3.67
 -93568.901     2.978     0.29    3.69
 -93196.029     1.946    -2.77    2.67
 -92823.234     1.054    -2.39    1.17
 -92450.517     1.351     0.80    1.09
 -92077.877     1.272    -0.21    1.06
 -91705.315     1.340     0.18    1.09
 -91332.830     1.099    -0.65    1.11
 -90960.422     0.926    -0.46    1.05
 -90588.092     0.910    -0.04    1.05
 -90215.839     0.833    -0.21    1.13
 -89843.663     0.700    -0.36    1.09
 -89471.565     0.546    -0.41    1.02
 -89099.543     0.473    -0.20    1.06
 -88727.599     0.699     0.61    1.17
 -88355.732     1.044     0.93    1.17
 -87983.941     1.032    -0.03    1.16
 -87612.228     0.819    -0.57    1.09
 -87240.592     1.043     0.60    1.37
 -86869.032     1.404     0.97    1.43
 -86497.549     1.648     0.66    1.43
 -86126.143     2.011     0.98    1.16
 -85754.814     1.778    -0.63    1.00
 -85383.561     1.830     0.14    0.98
 -85012.385     1.956     0.34    0.91
 -84641.286     1.840    -0.31    0.87
 -84270.263     1.437    -1.09    1.12
 -83899.316     1.054    -1.03    1.07
 -83528.446     1.034    -0.05    1.13
 -83157.652     1.149     0.31    1.15
 -82786.935     1.220     0.19    1.07
 -82416.294     1.032    -0.51    0.89
 -82045.729     0.957    -0.20    1.02
 -81675.240     0.793    -0.44    0.93
 -81304.828     0.806     0.04    0.94
 -80934.491     1.043     0.64    1.01
 -80564.231     1.315     0.74    0.94
 -80194.047     1.860     1.47    1.03
 -79823.938     2.138     0.75    1.01
 -79453.906     2.473     0.90    1.22
 -79083.949     2.753     0.76    1.18
 -78714.068     2.517    -0.64    1.22
 -78344.263     2.452    -0.18    1.10
 -77974.534     1.920    -1.44    0.84
 -77604.881     1.624    -0.80    0.83
 -77235.303     1.772     0.40    1.09
 -76865.800     1.958     0.50    1.18
 -76496.373     2.385     1.16    1.13
 -76127.022     3.097     1.93    1.13
 -75757.746     3.817     1.95    1.54
 -75388.546     4.710     2.42    1.42
 -75019.421     5.160     1.22    1.31
 -74650.371     4.678    -1.31    2.10
 -74281.396     3.255    -3.86    2.59
 -73912.497     1.682    -4.27    2.23
 -73543.673     0.670    -2.74    1.51
 -73174.924     0.267    -1.09    0.73
 -72806.250     1.194     2.51    1.73
 -72437.651     2.209     2.75    1.86
 -72069.127     3.442     3.35    1.50
 -71700.678     4.725     3.48    1.81
 -71332.304     5.129     1.10    2.57
 -70964.005     4.505    -1.69    3.34
 -70595.781     3.308    -3.25    3.71
 -70227.631     1.681    -4.42    2.98
 -69859.556     1.103    -1.57    2.20
 -69491.556     0.699    -1.10    1.76
 -69123.631     3.273     7.00    8.02
 -68755.780    13.011    26.47   16.42
 -68388.003    22.154    24.86   17.24
 -68020.301    32.653    28.55   12.79
 -67652.674    38.824    16.79    3.49
 -67285.121    40.634     4.93    3.43
 -66917.642    42.891     6.14    2.87
 -66550.238    44.011     3.05    2.88
 -66182.908    43.202    -2.20    4.98
 -65815.652    41.360    -5.01    6.10
 -65448.470    38.462    -7.89    6.00
 -65081.363    33.674   -13.04    6.29
 -64714.329    28.978   -12.79    6.32
 -64347.370    27.957    -2.78    6.04
 -63980.485    28.723     2.09    6.27
 -63613.673    30.500     4.84    5.72
 -63246.936    32.793     6.25    4.18
 -62880.272    33.463     1.83    4.69
 -62513.682    34.920     3.98    4.89
 -62147.166    35.130     0.57    4.66
 -61780.724    34.605    -1.43    4.80
 -61414.356    33.287    -3.60    5.30
 -61048.061    30.418    -7.83    5.78
 -60681.840    28.880    -4.20    5.12
 -60315.692    29.796     2.50    6.05
 -59949.618    31.484     4.61    5.95
 -59583.617    33.196     4.68    4.42
 -59217.690    32.157    -2.84    4.73
 -58851.836    31.213    -2.58    5.85
 -58486.055    30.046    -3.19    6.64
 -58120.348    25.489   -12.46    8.90
 -57748.342    19.367   -16.46   10.84
 -57367.371    13.404   -15.65    9.54
 -56986.481    10.636    -7.27    7.12
 -56605.671     7.301    -8.76    6.33
 -56224.941     5.151    -5.65    6.08
 -55844.292     2.924    -5.85    5.70
 -55463.724    -0.221    -8.26    1.43
 -55083.236    -0.108     0.30    1.50
 -54702.828     2.151     5.94    4.54
 -54322.500     7.333    13.63    7.87
 -53942.253    12.161    12.70    6.64
 -53562.086    15.234     8.08    3.91
 -53181.999    16.239     2.64    2.95
 -52801.992    15.809    -1.13    2.99
 -52422.066    15.079    -1.92    3.93
 -52042.219    13.641    -3.78    4.86
 -51662.452    13.077    -1.49    5.30
 -51282.765    12.326    -1.98    5.79
 -50903.158    11.242    -2.86    6.18
 -50523.630     8.688    -6.73    6.92
 -50144.183     5.865    -7.44    6.38
 -49764.815     5.734    -0.35    5.85
 -49385.527     6.330     1.57    5.82
 -49006.318     8.946     6.90    6.31
 -48627.189    12.591     9.61    5.40
 -48248.139    14.430     4.85    4.48
 -47869.169    17.136     7.14    4.36
 -47490.278    19.280     5.66    5.09
 -47111.466    21.169     4.99    5.49
 -46732.734    22.194     2.71    5.88
 -46354.081    19.692    -6.61    7.61
 -45975.507    18.576    -2.95    8.16
 -45597.013    18.163    -1.09    8.94
 -45218.597    19.387     3.23    9.35
 -44840.261    19.228    -0.42   10.00
 -44462.003    15.871    -8.88   10.72
 -44083.825    10.587   -13.97    9.16
 -43705.725     6.717   -10.23    6.31
 -43327.704     5.152    -4.14    4.42
 -42949.762     6.500     3.57    5.93
 -42571.899     8.882     6.30    6.73
 -42194.114    10.500     4.28    5.86
 -41816.409    12.883     6.31    5.35
 -41438.781    12.678    -0.54    5.40
 -41061.233    11.096    -4.19    6.27
 -40683.762     9.456    -4.35    6.67
 -40306.371     5.796    -9.70    4.76
 -39929.057     3.978    -4.82    2.84
 -39551.822     5.710     4.59    4.02
 -39174.666     8.270     6.79    4.39
 -38797.587    11.054     7.39    3.90
 -38420.587    13.090     5.40    3.05
 -38043.665    12.761    -0.87    4.42
 -37666.821    11.056    -4.53    5.97
 -37290.056     9.044    -5.34    6.63
 -36913.368     8.500    -1.44    6.95
 -36536.758     9.945     3.84    7.66
 -36160.226    11.233     3.42    7.63
 -35783.772    14.424     8.48    7.51
 -35407.396    16.811     6.34    7.56
 -35031.098    21.500    12.46    7.83
 -34654.877    25.189     9.81    6.48
 -34278.735    27.457     6.03    5.18
 -33902.669    28.811     3.60    3.77
 -33526.682    28.707    -0.28    3.42
 -33150.772    27.967    -1.97    2.78
 -32774.939    26.925    -2.77    2.86
 -32399.184    26.495    -1.14    3.27
 -32023.506    26.172    -0.86    3.48
 -31647.906    22.099   -10.84    7.07
 -31272.383    14.032   -21.48   11.37
 -30896.937     7.924   -16.27   11.29
 -30521.569     1.989   -15.81    5.97
 -30146.277     0.391    -4.26    2.10
 -29771.063     1.076     1.83    2.20
 -29395.926     1.674     1.59    2.38
 -29020.866     2.110     1.16    2.33
 -28645.883     2.634     1.40    2.50
 -28270.977     4.978     6.25    4.68
 -27896.147     7.359     6.35    4.97
 -27521.395     9.622     6.04    4.02
 -27146.719    11.837     5.91    4.31
 -26772.120    15.067     8.62    7.31
 -26397.598    20.484    14.46    8.72
 -26023.153    24.693    11.24    6.62
 -25648.784    26.213     4.06    5.05
 -25274.492    22.989    -8.61    7.52
 -24900.276    18.785   -11.23    7.57
 -24526.136    17.256    -4.09    6.77
 -24152.073    18.978     4.61    7.06
 -23778.087    22.605     9.70    7.33
 -23404.177    25.753     8.42    6.21
 -23030.343    29.448     9.89    3.29
 -22656.585    30.894     3.87    2.45
 -22282.904    29.841    -2.82    3.42
 -21909.298    27.495    -6.28    4.85
 -21535.769    26.989    -1.35    5.50
 -21162.316    27.663     1.81    6.96
 -20788.939    27.333    -0.88    8.00
 -20415.638    26.000    -3.57    8.77
 -20042.412    25.198    -2.15    8.68
 -19669.263    24.924    -0.73    6.66
 -19296.189    25.452     1.41    5.25
 -18923.192    25.593     0.38    4.85
 -18550.270    25.196    -1.07    4.10
 -18177.423    27.444     6.03    5.52
 -17804.653    29.978     6.80    5.80
 -17431.958    32.551     6.90    4.31
 -17059.338    33.769     3.27    3.92
 -16686.794    33.489    -0.75    4.30
 -16314.325    33.231    -0.69    3.81
 -15941.932    32.705    -1.41    3.20
 -15569.614    31.207    -4.02    4.06
 -15197.372    29.239    -5.29    5.06
 -14825.205    28.033    -3.24    4.84
 -14453.113    27.698    -0.90    5.14
 -14081.096    27.674    -0.06    5.91
 -13709.155    28.291     1.66    5.94
 -13337.288    27.467    -2.22    6.17
 -12965.497    23.698   -10.14    8.03
 -12593.780    17.286   -17.25   10.73
 -12222.139    11.663   -15.13    9.86
 -11850.572     8.728    -7.90    8.85
 -11479.080     8.966     0.64   11.02
 -11107.664    14.355    14.51   14.36
 -10736.322    20.193    15.72   15.12
 -10365.054    24.121    10.58   15.08
  -9993.862    25.133     2.73   15.60
  -9622.744    25.882     2.02   16.60
  -9251.700    27.198     3.55   17.16
  -8880.732    29.152     5.27   18.68
  -8509.837    31.217     5.57   18.99
  -8139.017    31.022    -0.53   18.69
  -7768.272    32.163     3.08   18.04
  -7397.601    32.851     1.85   17.92
  -7027.004    35.685     7.65   17.57
  -6656.482    38.884     8.63   17.12
  -6286.034    41.172     6.18   15.51
  -5915.660    42.920     4.72   13.60
  -5545.360    44.272     3.65   12.06
  -5175.135    45.921     4.46   10.08
  -4804.983    47.087     3.15    7.59
  -4434.906    47.437     0.95    6.30
  -4064.902    44.604    -7.66   10.43
  -3694.973    41.467    -8.48   14.83
  -3325.117    34.571   -18.64   19.35
  -2955.335    29.505   -13.70   21.48
  -2585.627    24.868   -12.54   22.92
  -2215.993    19.791   -13.74   22.79
  -1846.433    16.644    -8.51   22.78
  -1476.946    11.978   -12.63   20.42
  -1107.533     7.779   -11.37   16.62
   -738.193     2.598   -14.03    8.79
   -368.927     0.267    -6.31    1.60
      0.266     0.000    -0.72    0.00
    369.385     0.000     0.00    0.00
    738.430     0.308     0.83    1.68
   1107.403     2.172     5.05    5.46
   1476.302     3.933     4.77    7.07
   1845.127     6.198     6.14    8.14
   2213.880     8.944     7.45    8.51
   2582.559    11.011     5.61    8.09
   2951.165    13.000     5.40    7.08
   3319.698    14.761     4.78    5.96
   3688.158    16.326     4.25    4.23
   4056.545    17.348     2.77    2.79
   4424.859    18.671     3.59    1.48
   4793.099    18.901     0.63    1.07
   5161.267    18.800    -0.27    1.23
   5529.363    18.736    -0.17    1.41
   5897.385    18.473    -0.72    1.41
   6265.335    18.267    -0.56    1.45
   6633.211    17.685    -1.58    1.69
   7001.016    17.545    -0.38    1.58
   7368.747    17.645     0.27    1.52
   7736.406    17.966     0.87    1.44
   8103.992    18.511     1.48    1.23
   8471.506    18.774     0.71    1.11
   8838.948    19.022     0.68    1.30
   9206.317    19.576     1.51    1.16
   9573.613    19.446    -0.36    1.26
   9940.837    19.466     0.06    1.51
  10307.989    19.198    -0.73    1.95
  10675.069    19.022    -0.48    2.04
  11042.076    18.888    -0.37    1.96
  11409.012    19.122     0.64    1.85
  11775.875    19.747     1.70    1.17
  12142.666    19.374    -1.02    1.57
  12509.385    18.929    -1.21    1.57
  12876.032    17.456    -4.02    2.44
  13242.607    15.857    -4.36    2.24
  13609.110    14.697    -3.17    2.47
  13975.541    13.432    -3.45    2.02
  14341.901    12.835    -1.63    2.05
  14708.188    11.865    -2.65    1.97
  15074.404    11.389    -1.30    1.63
  15440.548    11.132    -0.70    1.50
  15806.621    11.146     0.04    1.60
  16172.622    11.620     1.29    1.51
  16538.551    11.765     0.40    1.45
  16906.227    11.747    -0.05    1.30
  17287.038    11.800     0.14    1.79
  17667.770    11.644    -0.41    3.63
  18048.424    11.024    -1.63    5.36
  18428.999     9.596    -3.75    6.92
  18809.496     7.651    -5.11    7.49
  19189.915     5.844    -4.75    7.39
  19570.255     3.483    -6.21    6.14
  19950.517     2.066    -3.73    4.70
  20330.701     0.759    -3.44    2.58
  20710.807     1.111     0.93    3.91
  21090.835     1.443     0.87    4.54
  21470.784     0.967    -1.25    3.66
  21850.656     0.222    -1.96    1.55
  22230.450     0.000    -0.59    0.00
  22610.166     0.000     0.00    0.00
  22989.804     0.091     0.24    0.60
  23369.364     0.484     1.04    2.40
  23748.846     1.023     1.42    3.84
  24128.251     1.945     2.43    5.26
  24507.578     2.287     0.90    5.74
  24886.828     2.363     0.20    5.71
  25266.000     1.322    -2.74    4.25
  25645.094     0.418    -2.39    2.30
  26024.111     0.000    -1.10    0.00
  26403.051     0.022     0.06    0.21
  26781.913     0.791     2.03    4.01
  27160.698     2.620     4.83    8.31
  27539.405     5.512     7.64   12.82
  27918.035     8.815     8.72   15.83
  28296.589    12.581     9.95   17.96
  28675.065    17.696    13.51   20.96
  29053.463    21.529    10.13   22.47
  29431.785    23.330     4.76   22.49
  29810.030    22.655    -1.78   21.98
  30188.198    16.758   -15.59   19.78
  30566.289    11.647   -13.52   17.14
  30944.303     5.633   -15.91   12.23
  31322.240     1.667   -10.50    6.17
  31700.101     0.258    -3.73    2.14
  32077.885     0.000    -0.68    0.00
  32455.592     0.135     0.36    0.89
  32833.223     1.093     2.54    3.97
  33210.776     1.879     2.08    5.01
  33588.254     3.253     3.64    6.58
  33965.655     4.505     3.32    7.61
  34342.979     6.375     4.95    9.48
  34720.227     9.670     8.73   13.41
  35097.399    14.156    11.89   16.68
  35474.494    18.708    12.07   18.36
  35851.514    22.831    10.94   19.20
  36228.457    22.789    -0.11   19.83
  36605.323    21.034    -4.66   19.69
  36982.114    18.341    -7.15   18.81
  37358.829    17.159    -3.14   17.52
  37735.467    13.711    -9.15   16.16
  38112.030    12.448    -3.35   16.14
  38488.516    10.220    -5.92   16.09
  38864.927     7.471    -7.30   14.52
  39241.262     4.798    -7.10   11.43
  39617.521     3.276    -4.04    9.16
  39993.704     1.813    -3.89    6.48
  40369.812     0.368    -3.84    1.84
  40745.844     0.656     0.77    3.05
  41121.800     1.125     1.25    4.53
  41497.680     1.956     2.21    6.80
  41873.486     2.033     0.21    7.23
  42249.215     1.478    -1.48    5.89
  42624.870     0.618    -2.29    3.53
  43000.448     0.000    -1.65    0.00
  43375.952     0.000     0.00    0.00
  43751.380     0.000     0.00    0.00
  44126.733     0.000     0.00    0.00
  44502.011     0.000     0.00    0.00
  44877.213     0.000     0.00    0.00
  45252.340     0.556     1.48    2.65
  45627.393     1.391     2.23    4.45
  46002.370     2.124     1.95    5.31
  46377.272     3.198     2.86    6.02
  46752.100     3.967     2.05    6.38
  47126.852     4.897     2.48    6.89
  47501.529     5.538     1.71    7.24
  47876.132     6.227     1.84    7.77
  48250.660     6.593     0.98    8.17
  48625.113     6.747     0.41    8.55
  48999.492     6.681    -0.18    8.75
  49373.796     6.709     0.07    8.95
  49748.025     6.857     0.40    9.05
  50122.180     6.833    -0.06    8.82
  50496.260     6.856     0.06    8.70
  50870.266     6.988     0.35    8.76
  51244.197     6.798    -0.51    8.85
  51618.054     7.417     1.66    9.14
  51991.837     7.640     0.60    9.11
  52365.545     8.398     2.03    9.29
  52739.179     9.596     3.21    9.08
  53112.739    10.226     1.69    8.70
  53486.225    11.132     2.42    8.24
  53859.637    11.321     0.51    7.45
  54232.974    11.516     0.52    7.55
  54606.238    11.379    -0.37    7.98
  54979.427    11.769     1.04    8.25
  55352.543    12.138     0.99    8.68
  55725.585    13.220     2.90    9.09
  56098.553    13.724     1.35    9.31
  56471.447    15.407     4.51    9.69
  56844.267    16.632     3.29    9.65
  57217.013    16.764     0.35    9.19
  57589.686    15.793    -2.61    9.13
  57962.286    14.922    -2.34    7.90
  58334.811    13.966    -2.57    7.77
  58707.264    14.697     1.96    7.70
  59079.642    15.420     1.94    7.66
  59451.947    17.044     4.36    6.78
  59824.179    19.557     6.75    2.00
  60196.338    19.182    -1.01    1.68
  60568.423    17.722    -3.92    4.86
  60940.434    15.379    -6.30    6.92
  61312.373    12.820    -6.88    8.13
  61684.238     9.920    -7.80    8.23
  62056.030     7.629    -6.16    7.26
  62427.749     5.101    -6.80    5.23
  62799.395     3.264    -4.94    1.78
  63170.968     3.000    -0.71    0.00
  63542.468     3.167     0.45    0.90
  63913.895     4.202     2.79    2.58
  64285.249     6.258     5.54    3.72
  64656.531     8.393     5.75    4.05
  65027.739    10.022     4.39    3.28
  65398.875    11.386     3.67    1.79
  65769.938    11.831     1.20    1.45
  66140.928    11.221    -1.65    2.40
  66511.846     9.165    -5.54    4.13
  66882.691     7.909    -3.39    4.44
  67253.463     6.811    -2.96    4.08
  67624.163     5.835    -2.63    3.77
  67994.790     6.079     0.66    3.75
  68365.345     5.943    -0.37    3.64
  68735.828     5.602    -0.92    3.40
  69106.238     5.921     0.86    3.39
  69476.576     7.044     3.03    3.43
  69846.842     8.144     2.97    3.44
  70217.035     8.205     0.16    3.91
  70587.156     7.867    -0.91    4.38
  70957.205     7.570    -0.80    5.05
  71327.182     7.216    -0.96    5.42
  71697.087     7.145    -0.19    5.77
  72066.920     7.506     0.98    5.76
  72436.681     6.590    -2.48    5.60
  72806.370     6.851     0.70    5.19
  73175.988     7.952     2.98    4.45
  73545.533     9.956     5.42    3.71
  73915.006    11.598     4.44    2.96
  74284.408    10.478    -3.03    5.63
  74653.738     8.236    -6.07    7.14
  75022.996     5.112    -8.46    7.11
  75392.183     2.727    -6.46    5.19
  75761.298     2.716    -0.03    4.49
  76130.342     3.056     0.92    4.40
  76499.314     2.528    -1.43    3.86
  76868.214     2.674     0.40    3.83
  77237.043     2.816     0.38    3.87
  77605.801     2.528    -0.78    3.60
  77974.487     2.060    -1.27    3.32
  78343.102     1.602    -1.24    2.91
  78711.646     1.440    -0.44    2.67
  79080.118     1.705     0.72    2.79
  79448.520     2.523     2.22    3.15
  79816.850     3.500     2.65    3.21
  80185.109     4.529     2.79    2.94
  80553.297     5.322     2.15    2.49
  80921.414     6.114     2.15    1.52
  81289.460     6.270     0.42    0.73
  81657.435     6.292     0.06    0.48
  82025.339     6.299     0.02    0.46
  82393.173     6.539     0.65    0.50
  82760.935     6.655     0.31    0.70
  83128.627     6.363    -0.80    1.20
  83496.248     5.667    -1.89    1.61
  83863.798     5.295    -1.01    1.70
  84231.278     5.325     0.08    1.69
  84598.687     5.629     0.83    1.59
  84966.025     5.857     0.62    1.64
  85333.293     5.705    -0.42    1.72
  85700.491     5.460    -0.67    1.75
  86067.618     6.180     1.96    2.20
  86434.674     7.080     2.45    1.99
  86801.660     7.849     2.09    1.49
  87168.576     7.636    -0.58    1.58
  87535.422     7.035    -1.64    1.49
  87902.197     7.112     0.21    1.73
  88268.902     7.726     1.67    1.85
  88635.537     8.250     1.43    1.93
  89002.102     8.464     0.58    1.80
  89368.596     8.146    -0.87    1.63
  89735.021     8.733     1.60    2.42
  90101.375    10.739     5.48    2.94
  90467.660    11.931     3.26    2.38
  90833.875    13.092     3.17    1.80
  91200.020    13.933     2.30    1.99
  91566.095    15.046     3.04    2.60
  91944.342    16.295     3.30    2.50
  92324.919    17.034     1.94    2.34
  92705.420    17.943     2.39    2.14
  93085.845    19.865     5.05    3.71
  93466.193    22.364     6.57    4.90
  93846.465    24.584     5.84    4.26
  94226.661    26.563     5.20    3.26
  94606.781    28.191     4.28    3.45
  94986.824    29.310     2.95    3.91
  95366.792    32.000     7.08    3.77
  95746.683    33.859     4.89    3.38
  96126.499    35.868     5.29    4.44
  96506.238    38.202     6.15    4.59
  96885.902    40.444     5.90    4.77
  97265.490    43.250     7.39    4.37
  97645.002    45.909     7.01    5.52
  98024.438    48.976     8.08    5.66
  98403.799    50.034     2.79    4.74
  98783.084    50.812     2.05    4.31
  99162.293    49.955    -2.26    4.07
  99541.427    49.384    -1.51    3.24
  99920.485    49.534     0.40    2.98
 100299.467    48.988    -1.44    3.75
 100678.375    47.534    -3.84    4.88
 101057.207    46.115    -3.75    4.67
 101435.963    45.747    -0.97    4.11
 101814.644    44.872    -2.31    4.32
 102193.250    43.930    -2.49    5.24
 102571.781    43.580    -0.93    5.66
 102950.236    44.352     2.04    5.35
 103328.617    45.756     3.71    4.53
 103706.922    46.744     2.61    5.05
 104085.152    44.862    -4.98    7.73
 104463.307    43.713    -3.04    7.97
 104841.388    42.148    -4.14    6.42
 105219.393    42.341     0.51    4.70
 105597.323    43.978     4.33    3.97
 105975.179    46.023     5.41    4.48
 106352.960    45.091    -2.47    6.56
 106730.666    44.190    -2.38    7.33
 107108.298    44.663     1.25    7.13
 107485.855    47.179     6.66    7.40
 107863.337    53.023    15.48    7.76
 108240.744    59.393    16.88    8.61
 108618.078    67.341    21.06   10.98
 108995.336    76.573    24.47   10.80
 109372.521    84.956    22.22   11.03
 109749.630    92.768    20.72    8.60
 110126.666    99.000    16.53    5.90
 110503.627   103.560    12.09    3.99
 110880.514   106.500     7.80    4.22
 111257.327   109.671     8.41    4.76
 111634.066   112.742     8.15    5.47
 112010.730   114.434     4.49    5.67
 112387.320   116.626     5.82    5.27
 112763.837   118.651     5.38    4.99
 113140.279   120.483     4.87    5.25
 113516.648   122.756     6.04    4.52
 113892.942   123.933     3.13    3.72
 114269.163   123.810    -0.33    3.38
 114645.310   123.437    -0.99    3.50
 115021.383   123.576     0.37    3.64
 115397.382   124.900     3.52    4.36
 115773.308   127.128     5.93    5.07
 116149.160   129.750     6.98    5.41
 116524.938   132.071     6.18    5.38
 116900.643   133.750     4.47    4.93
 117276.274   134.119     0.98    4.40
 117651.832   133.443    -1.80    4.25
 118027.316   132.186    -3.35    3.94
 118402.727   132.273     0.23    3.71
 118778.065   133.271     2.66    3.89
 119153.329   135.067     4.79    3.41
 119528.521   135.523     1.21    3.79
 119903.638   135.386    -0.36    4.31
 120278.683   134.977    -1.09    4.80
 120653.655   134.432    -1.45    4.60
 121028.553   134.163    -0.72    4.94
 121403.379   132.742    -3.79    5.35
 121778.131   131.000    -4.65    6.86
 122152.810   128.736    -6.04    7.25
 122527.417   127.106    -4.35    6.21
 122901.951   126.489    -1.65    4.31
 123276.411   127.155     1.78    4.32
 123650.799   128.148     2.65    3.80
 124025.115   128.279     0.35    2.90
 124399.357   128.693     1.11    2.71
 124773.527   129.518     2.20    2.68
 125147.624   130.409     2.38    2.76
 125521.649   131.294     2.37    3.16
 125895.601   132.580     3.44    3.48
 126269.481   133.536     2.56    3.62
 126643.288   135.091     4.16    4.04
 127017.023   137.831     7.33    5.47
 127390.685   141.341     9.39    6.18
 127764.275   143.843     6.70    5.12
 128137.793   145.111     3.39    3.47
 128511.238   145.542     1.15    2.97
 128884.611   146.046     1.35    3.02
 129257.913   147.927     5.04    2.56
 129631.142   148.931     2.69    2.19
 130004.298   149.415     1.30    2.14
 130377.383   148.659    -2.02    2.63
 130750.396   148.024    -1.70    2.46
 131123.337   147.544    -1.29    2.74
 131496.206   146.927    -1.66    3.26
 131869.003   144.782    -5.75    4.96
 132241.728   143.451    -3.57    4.78
 132614.382   142.333    -3.00    3.79
 132986.964   142.537     0.55    3.97
 133359.474   143.539     2.69    3.92
 133731.912   142.398    -3.07    4.07
 134104.279   141.977    -1.13    3.98
 134476.574   142.512     1.44    4.80
 134848.797   143.398     2.38    5.02
 135220.949   145.333     5.20    5.30
 135593.030   146.943     4.33    5.54
 135965.039   148.453     4.06    5.66
 136336.977   149.602     3.09    4.51
 136708.843   150.702     2.96    4.43
 137080.638   151.886     3.18    5.04
 137452.362   153.713     4.91    5.21
 137824.015   155.953     6.03    5.52
 138195.596   158.302     6.32    5.23
 138567.107   159.663     3.66    3.71
 138938.546   159.872     0.56    2.62
 139309.914   158.955    -2.47    2.60
 139681.211   158.776    -0.48    2.62
 140052.437   158.170    -1.63    2.33
 140423.593   158.375     0.55    2.04
 140794.677   158.929     1.49    1.85
 141165.690   158.432    -1.34    2.15
 141536.633   158.299    -0.36    2.51
 141907.505   158.443     0.39    2.63
 142278.306   159.476     2.79    3.37
 142649.037   161.045     4.23    3.63
 143019.696   163.277     6.02    3.87
 143390.286   166.044     7.47    4.89
 143760.804   168.716     7.21    4.71
 144131.252   171.227     6.78    4.85
 144501.630   172.488     3.40    4.84
 144871.937   173.360     2.36    4.97
 145242.174   173.561     0.54    4.86
 145612.340   172.943    -1.67    4.48
 145982.436   172.458    -1.31    3.93
 146352.462   172.375    -0.22    3.39
 146722.417   172.565     0.51    3.14
 147092.302   173.239     1.82    2.65
 147462.118   174.000     2.06    2.32
 147831.863   174.453     1.23    2.44
 148201.537   175.184     1.98    2.61
 148571.142   175.170    -0.04    2.91
 148940.677   174.560    -1.65    3.29
 149310.142   172.716    -4.99    3.98
 149679.537   170.670    -5.54    3.81
 150048.862   169.241    -3.87    3.22
 150418.117   168.943    -0.81    2.22
 150787.302   169.635     1.87    2.43
 151156.418   170.500     2.34    3.38
 151525.463   170.667     0.45    4.13
 151894.439   170.425    -0.65    4.03
 152263.346   170.074    -0.95    3.80
 152632.183   170.057    -0.05    3.49
 153000.950   171.247     3.23    3.19
 153369.648   172.586     3.63    3.87
 153738.276   173.429     2.28    3.64
 154106.834   174.598     3.17    3.06
 154475.324   175.782     3.21    3.10
 154843.744   176.886     3.00    2.63
 155212.094   177.554     1.81    2.37
 155580.375   177.629     0.20    2.48
 155948.587   176.636    -2.70    3.40
 156316.730   174.578    -5.59    3.85
 156684.804   172.864    -4.66    3.31
 157052.808   171.379    -4.03    2.21
 157420.743   170.341    -2.82    2.43
 157788.610   168.024    -6.30    4.20
 158156.407   165.368    -7.22    4.07
 158524.135   163.213    -5.86    3.29
 158891.794   161.750    -3.98    4.15
 159259.384   160.346    -3.82    5.33
 159626.906   156.391   -10.76    7.18
 159994.359   152.048   -11.82    7.14
 160361.742   148.000   -11.02    5.41
 160729.057   146.425    -4.29    4.21
 161096.304   146.761     0.92    3.92
 161463.481   149.157     6.52    5.42
 161830.590   153.977    13.13    7.84
 162197.630   159.239    14.33    9.00
 162564.602   165.518    17.11    7.79
 162931.506   169.614    11.16    8.21
 163298.340   172.131     6.86    8.03
 163665.107   174.000     5.10    6.80
 164031.804   176.407     6.56    5.76
 164398.434   180.795    11.97    6.92
 164764.995   185.716    13.42    7.94
 165131.488   191.471    15.70    6.87
 165497.912   195.381    10.67    4.07
 165864.269   194.818    -1.54    4.61
 166230.557   191.860    -8.07    6.48
 166604.752   188.070   -10.13    6.04
 166985.174   185.929    -5.63    3.43
 167365.522   185.686    -0.64    2.36
 167745.795   185.988     0.79    2.29
 168125.994   184.011    -5.20    4.57
 168506.119   180.012   -10.52    6.16
 168886.170   174.942   -13.34    7.33
 169266.147   169.439   -14.48    5.46
 169646.049   165.724    -9.78    4.13
 170025.877   163.427    -6.05    2.28
 170405.632   161.862    -4.12    2.45
 170785.312   159.893    -5.19    3.61
 171164.919   158.138    -4.62    3.90
 171544.451   156.058    -5.48    2.69
 171923.910   154.739    -3.48    2.43
 172303.295   152.855    -4.96    3.32
 172682.606   151.011    -4.86    3.54
 173061.843   148.770    -5.91    2.79
 173441.007   147.229    -4.06    2.40
 173820.097   145.483    -4.61    3.34
 174199.114   143.907    -4.16    3.82
 174578.057   141.885    -5.33    3.03
 174956.926   140.395    -3.93    2.15
 175335.722   138.779    -4.27    2.88
 175714.445   136.607    -5.73    4.81
 176093.094   130.756   -15.45    9.43
 176471.670   126.259   -11.88    9.67
 176850.172   125.814    -1.18    9.27
 177228.602   125.976     0.43    8.18
 177606.958   128.659     7.09    6.11
 177985.241   128.494    -0.44    6.33
 178363.450   126.207    -6.05    6.36
 178741.587   122.634    -9.45    6.21
 179119.651   118.172   -11.80    7.71
 179497.641   109.000   -24.26   13.99
 179875.559    95.874   -34.73   19.31
 180253.404    80.890   -39.65   18.04
 180631.176    68.494   -32.81   12.93
 181008.875    59.824   -22.95    8.90
 181386.501    55.565   -11.28    6.75
 181764.055    53.291    -6.02    7.01
 182141.535    52.919    -0.99    7.93
 182518.944    53.313     1.05    8.82
 182896.279    53.727     1.10    8.21
 183273.542    53.282    -1.18    6.73
 183650.732    51.398    -5.00    5.72
 184027.850    47.375   -10.67    7.70
 184404.896    42.453   -13.05    8.72
 184781.869    36.200   -16.59    7.81
 185158.770    31.698   -11.94    5.32
 185535.598    28.663    -8.05    3.96
 185912.354    27.427    -3.28    2.82
 186289.038    27.565     0.37    2.44
 186665.649    28.265     1.86    2.51
 187042.189    27.322    -2.50    4.05
 187418.656    24.786    -6.74    5.72
 187795.051    20.744   -10.74    5.70
 188171.374    17.610    -8.33    3.06
 188547.625    17.430    -0.48    2.58
 188923.805    20.099     7.09    5.63
 189299.912    23.221     8.30    7.02
 189675.947    25.778     6.80    7.32
 190051.911    25.773    -0.01    7.04
 190427.803    23.927    -4.91    5.96
 190803.623    22.625    -3.46    4.84
 191179.371    22.463    -0.43    3.99
 191555.047    23.635     3.12    4.23
 191930.652    24.329     1.85    4.83
 192306.186    25.747     3.78    5.46
 192681.648    26.753     2.68    5.59
 193057.038    27.614     2.29    6.27
 193432.357    30.630     8.03    7.47
 193807.604    36.360    15.27    9.60
 194182.780    42.185    15.52    8.18
 194557.885    45.291     8.28    5.22
 194932.918    47.378     5.56    3.55
 195307.880    48.407     2.74    3.34
 195682.771    49.373     2.58    3.36
 196057.591    50.667     3.45    3.64
 196432.339    52.778     5.63    4.90
 196807.017    54.329     4.14    5.66
 197181.623    55.819     3.98    5.04
 197556.158    57.080     3.37    3.74
 197930.623    56.952    -0.34    2.98
 198305.016    57.586     1.69    3.40
 198679.338    57.988     1.07    3.28
 199053.590    57.942    -0.12    3.81
 199427.771    58.902     2.57    5.20
 199801.881    61.517     6.99    7.80
 200175.920    66.429    13.13    8.84
 200549.888    71.391    13.27    6.44
 200923.786    73.369     5.29    5.51
 201297.614    72.417    -2.55    6.72
 201671.370    70.108    -6.17    7.31
 202045.056    67.678    -6.50    6.30
 202418.672    66.928    -2.01    4.47
 202792.217    67.756     2.22    3.08
 203165.692    68.361     1.62    2.70
 203539.096    68.360    -0.00    3.47
 203912.430    65.976    -6.39    5.79
 204285.694    62.161   -10.22    5.63
 204658.887    58.805    -8.99    3.58
 205032.010    57.895    -2.44    2.01
 205405.063    58.795     2.41    2.36
 205778.046    60.105     3.51    2.25
 206150.959    62.458     6.31    3.52
 206523.801    65.872     9.16    5.19
 206896.574    69.321     9.25    4.99
 207269.277    72.118     7.50    4.26
 207641.909    73.900     4.78    3.18
 208014.472    74.151     0.67    2.26
 208386.965    74.123    -0.07    1.69
 208759.388    74.414     0.78    1.54
 209131.741    75.162     2.01    1.87
 209504.025    76.895     4.65    2.79
 209876.238    78.704     4.86    3.04
 210248.382    80.988     6.14    3.72
 210620.457    82.963     5.31    3.56
 210992.462    84.593     4.38    3.62
 211364.397    86.588     5.36    3.67
 211736.263    87.920     3.58    4.21
 212108.059    89.346     3.83    4.24
 212479.786    90.360     2.73    4.09
 212851.443    91.325     2.59    4.56
 213223.031    93.506     5.87    6.22
 213594.550    96.444     7.91    7.02
 213965.999    98.884     6.57    6.55
 214337.379    99.679     2.14    5.65
 214708.690    99.802     0.33    4.87
 215079.932    99.354    -1.21    4.33
 215451.105    99.429     0.20    4.03
 215822.208    99.916     1.31    3.85
 216193.243    99.770    -0.39    3.28
 216564.208    98.600    -3.15    3.32
 216935.105    96.741    -5.01    3.87
 217305.932    94.723    -5.44    4.35
 217676.691    92.576    -5.79    5.12
 218047.380    90.628    -5.26    5.11
 218418.001    90.798     0.46    5.12
 218788.553    92.595     4.85    5.48
 219159.037    96.500    10.54    5.23
 219529.451   100.119     9.77    4.08
 219899.797   103.024     7.84    4.01
 220270.075   103.837     2.20    4.38
 220640.283   103.000    -2.26    5.61
 221010.424   100.161    -7.67    7.18
 221380.495    96.381   -10.21    7.81
 221750.498    93.012    -9.10    7.30
 222120.433    90.427    -6.99    5.38
 222490.299    90.035    -1.06    4.44
 222860.097    92.157     5.74    5.75
 223229.827    93.360     3.26    5.97
 223599.488    94.237     2.37    5.61
 223969.081    94.405     0.45    4.47
 224338.606    92.875    -4.14    2.23
 224708.063    92.753    -0.33    2.28
 225077.451    94.259     4.08    2.97
 225446.772    95.244     2.67    3.14
 225816.024    95.247     0.01    3.51
 226185.208    94.442    -2.18    4.00
 226554.324    93.241    -3.25    3.79
 226923.373    93.453     0.58    3.89
 227292.353    95.741     6.20    4.72
 227661.266    98.506     7.49    4.14
 228030.110    99.866     3.69    2.20
 228398.887    99.250    -1.67    2.25
 228767.596    98.500    -2.03    2.60
 229136.238    98.612     0.30    2.77
 229504.811    99.952     3.64    3.23
 229873.317   101.310     3.68    2.90
 230241.756   102.235     2.51    2.71
 230610.126   103.519     3.48    3.73
 230978.430   106.047     6.86    5.55
 231346.665   110.226    11.35    6.19
 231714.833   114.518    11.65    5.24
 232082.934   117.519     8.15    3.39
 232450.968   117.907     1.05    3.64
 232818.934   116.667    -3.37    5.05
 233186.832   114.035    -7.15    5.38
 233554.664   111.684    -6.39    4.34
 233922.428   110.869    -2.21    3.30
 234290.125   110.457    -1.12    2.93
 234657.755   109.767    -1.87    3.44
 235025.317   109.651    -0.32    3.42
 235392.813   109.576    -0.20    3.50
 235760.241   110.277     1.91    4.51
 236127.603   110.405     0.35    6.16
 236494.897   109.884    -1.42    6.78
 236862.125   108.289    -4.34    6.45
 237229.285   107.600    -1.88    5.82
 237596.379   108.233     1.72    5.84
 237963.406   109.907     4.56    6.79
 238330.366   111.100     3.25    6.51
 238697.259   110.762    -0.92    5.67
 239064.086   108.329    -6.63    5.76
 239430.845   105.341    -8.15    5.38
 239797.539   102.835    -6.83    3.22
 240164.165   102.357    -1.30    2.46
 240530.725   103.037     1.85    2.21
 240897.218   104.977     5.29    3.06
 241267.671   107.988     8.13    5.16
 241647.943   113.565    14.66    7.86
 242028.142   119.875    16.59    9.85
 242408.269   126.384    17.12   10.58
 242788.324   132.700    16.62    9.58
 243168.306   135.188     6.55    8.90
 243548.216   134.342    -2.23    9.98
 243928.054   130.354   -10.50   10.37
 244307.820   127.049    -8.70    7.82
 244687.514   128.209     3.06    8.00
 245067.135   133.094    12.87   11.51
 245446.685   139.729    17.48   12.95
 245826.163   144.904    13.63   11.76
 246205.569   146.229     3.49   10.80
 246584.902   144.506    -4.54   11.56
 246964.164   141.309    -8.43   11.93
 247343.354   137.459   -10.15   11.19
 247722.473   135.738    -4.54    9.66
 248101.519   135.762     0.06    6.95
 248480.494   136.630     2.29    4.83
 248859.398   136.894     0.70    3.40
 249238.229   135.525    -3.61    2.70
 249616.989   131.721   -10.04    5.81
 249995.678   125.600   -16.16    8.85
 250374.295   116.738   -23.40   10.53
 250752.841   108.138   -22.72    8.87
 251131.315   101.023   -18.79    7.44
 251509.717    94.659   -16.82    6.56
 251888.049    89.415   -13.86    7.84
 252266.309    83.524   -15.57    7.99
 252644.498    78.635   -12.93    8.20
 253022.616    73.235   -14.28    8.08
 253400.662    67.976   -13.91    7.49
 253778.638    63.518   -11.79    5.73
 254156.542    61.169    -6.22    4.73
 254534.375    60.259    -2.41    4.38
 254912.137    59.793    -1.23    3.21
 255289.828    59.306    -1.29    1.99
 255667.449    58.262    -2.76    2.24
 256044.998    56.107    -5.71    4.01
 256422.477    53.346    -7.31    5.73
 256799.884    49.282   -10.76    5.86
 257177.221    46.280    -7.95    3.64
 257554.488    45.847    -1.15    2.61
 257931.683    47.962     5.60    4.00
 258308.808    51.186     8.55    4.55
 258685.862    53.654     6.54    3.53
 259062.846    54.247     1.57    3.25
 259439.759    53.062    -3.14    4.89
 259816.602    49.735    -8.83    5.50
 260193.374    47.012    -7.22    4.05
 260570.076    46.885    -0.34    3.83
 260946.707    48.902     5.36    4.04
 261323.268    51.329     6.44    3.31
 261699.759    52.074     1.98    3.13
 262076.179    51.447    -1.67    3.29
 262452.529    50.765    -1.81    2.78
 262828.809    50.488    -0.73    2.34
 263205.019    50.687     0.53    2.72
 263581.159    50.506    -0.48    3.18
 263957.229    50.869     0.97    4.56
 264333.229    51.313     1.18    5.09
 264709.158    51.169    -0.38    5.16
 265085.018    50.048    -2.98    5.51
 265460.808    48.847    -3.20    4.96
 265836.528    47.085    -4.69    4.10
 266212.178    46.247    -2.23    3.78
 266587.758    47.024     2.07    3.47
 266963.269    47.750     1.93    3.12
 267338.710    48.247     1.32    3.10
 267714.081    47.500    -1.99    3.97
 268089.382    45.988    -4.03    3.91
 268464.614    44.318    -4.45    3.57
 268839.777    42.840    -3.94    3.62
 269214.870    41.313    -4.07    3.35
 269589.893    39.926    -3.70    4.16
 269964.847    37.671    -6.01    4.78
 270339.731    36.388    -3.42    5.14
 270714.547    37.940     4.14    7.33
 271089.292    40.688     7.33    8.06
 271463.969    40.200    -1.30    8.88
 271838.576    37.253    -7.86   11.81
 272213.114    32.440   -12.85   11.32
 272587.583    28.418   -10.74    6.85
 272961.983    28.859     1.18    5.49
 273336.313    30.679     4.86    4.62
 273710.575    30.821     0.38    3.90
 274084.768    29.063    -4.70    5.23
 274458.891    24.706   -11.64    7.61
 274832.946    20.090   -12.34    7.12
 275206.931    16.120   -10.61    4.98
 275580.848    13.974    -5.74    3.18
 275954.696    13.612    -0.97    3.12
 276328.475    14.312     1.87    4.28
 276702.186    15.976     4.45    5.03
 277075.827    16.449     1.26    4.90
 277449.400    14.857    -4.26    5.87
 277822.905    12.671    -5.85    5.75
 278196.341     9.918    -7.37    4.53
 278569.708     8.577    -3.59    3.40
 278943.006     9.963     3.71    4.57
 279316.237    13.295     8.92    5.74
 279689.398    17.612    11.57    5.75
 280062.492    20.873     8.74    4.47
 280435.516    22.798     5.16    3.44
 280808.473    23.291     1.32    3.49
 281181.361    23.247    -0.12    3.62
 281554.181    23.316     0.19    4.71
 281926.933    24.821     4.04    5.44
 282299.616    26.557     4.66    5.62
 282672.232    29.188     7.06    5.95
 283044.779    29.329     0.38    5.97
 283417.258    26.095    -8.68    7.91
 283789.669    22.266   -10.28    7.85
 284162.013    19.682    -6.94    4.10
 284534.288    18.705    -2.62    3.32
 284906.495    18.702    -0.01    3.77
 285278.634    20.215     4.06    5.31
 285650.706    22.012     4.83    5.35
 286022.709    24.615     7.00    4.69
 286394.645    25.482     2.33    3.35
 286766.513    25.436    -0.12    3.03
 287138.314    26.694     3.38    4.40
 287510.047    27.756     2.86    6.20
 287881.712    29.795     5.48    6.81
 288253.309    31.205     3.79    6.84
 288624.839    31.012    -0.52    7.28
 288996.302    32.179     3.14    7.88
 289367.696    33.663     3.99    8.20
 289739.024    37.769    11.06    8.98
 290110.284    41.341     9.62    6.60
 290481.477    41.337    -0.01    4.27
 290852.602    41.345     0.02    2.95
 291223.660    42.734     3.74    4.35
 291594.651    46.500    10.15    6.59
 291965.574    51.284    12.89    7.36
 292336.431    55.095    10.27    6.48
 292707.220    59.025    10.60    5.20
 293077.942    64.530    14.85    6.99
 293448.597    70.390    15.81    8.44
 293819.185    75.405    13.53    7.24
 294189.705    79.838    11.96    4.76
 294560.159    82.446     7.04    4.66
 294930.546    83.952     4.07    5.34
 295300.866    84.429     1.29    5.17
 295671.120    84.741     0.84    5.43
 296041.306    85.500     2.05    5.42
 296411.426    87.108     4.34    4.86
 296781.478    90.598     9.43    5.88
 297151.464    94.659    10.97    6.68
 297521.384    99.036    11.83    6.69
 297891.237   102.325     8.89    5.38
 298261.023   104.902     6.97    3.95
 298630.742   106.244     3.63    3.48
 299000.395   108.892     7.16    5.00
 299369.982   111.452     6.93    5.90
 299739.502   113.111     4.49    5.51
 300108.955   111.682    -3.87    7.17
 300478.342   108.639    -8.24    7.46
 300847.663   106.390    -6.09    6.38
 301216.918   107.179     2.14    8.80
 301586.106   107.547     0.99    9.36
