# NaN NaN NaN ;Mean Elev.(m), Avg Gradient(m/km), RMS Gradient(m/km) - SRTM1     
#   16.312  -0.162   3.511 ;Mean Elev.(m), Avg Gradient(m/km), RMS Gradient(m/km) - ASTER GDEM
#   23.648  -0.279   3.094 ;Mean Elev.(m), Avg Gradient(m/km), RMS Gradient(m/km) - GMTED2010 
  7    28.019 52444.26654049 51.55  69.882653  61.252518 48.782
  7    28.011 52444.26654113 51.66  69.880293  61.249358 48.782
  7    28.009 52444.26654178 51.25  69.877943  61.246198 48.782
  8    27.579 52479.26653445 26.24  69.883779  61.249326 24.588
  8    27.953 52479.26653509 26.01  69.881429  61.246166 24.588
  8    28.224 52479.26653574 31.37  69.879086  61.243007 29.932
  9    21.886 52514.26648056 38.23  69.886811  61.248402 35.667
  9    21.798 52514.26648120 38.45  69.884461  61.245242 35.667
  9    21.933 52514.26648185 38.06  69.882111  61.242082 35.667
 11    22.580 52584.26651349 47.30  69.893751  61.248144 27.405
 11    22.670 52584.26651414 47.11  69.891402  61.244986 23.308
 11    22.559 52584.26651478 50.01  69.889052  61.241826 23.308
 11    22.686 52584.26651543 49.85  69.886702  61.238676 23.308
 12    22.702 52619.26649096 18.28  69.878233  61.251054  3.855
 12    22.647 52619.26649160 19.65  69.875883  61.247894  3.855
 13    22.015 52654.26647510 13.35  69.896801  61.242523  3.501
 13    21.787 52654.26647575 15.34  69.894451  61.239363  3.501
 13    22.169 52654.26647639 13.81  69.892101  61.236203  3.501
 14    22.957 52689.26647035  9.77  69.879602  61.249603  2.721
 14    24.479 52689.26647100  8.72  69.877252  61.246443  2.721
 15    23.786 52724.26651506  9.02  69.890794  61.248137  3.025
 15    25.281 52724.26651570  7.11  69.888444  61.244987  3.025
 15    26.270 52724.26651635  8.46  69.886094  61.241827  3.025
 16    24.561 52759.26653418 15.24  69.873133  61.254029  5.258
 16    24.406 52759.26653482 14.92  69.870783  61.250879  5.258
 16    25.993 52759.26653547 14.20  69.868433  61.247719  5.258
 17    26.797 52794.26649039 28.39  69.897687  61.240585 36.003
 17    26.613 52794.26649104 24.99  69.895337  61.237435 36.003
 18    26.560 52829.26655795 30.69  69.897803  61.238883 32.046
 18    26.633 52829.26655860 28.43  69.895453  61.235733 32.046
 19    24.215 52864.26660207 17.67  69.897131  61.241609 21.152
 19    21.720 52864.26660271 18.49  69.894771  61.238449 21.152
 19    25.533 52864.26660336 18.48  69.892421  61.235299 21.152
 20    20.391 52899.26663019 32.26  69.883968  61.249708 25.906
 20    20.306 52899.26663083 29.05  69.881618  61.246548 25.906
 20    20.331 52899.26663148 26.02  69.879268  61.243388 25.906
 21    19.781 52934.26657370 20.71  69.878698  61.253373 25.223
 21    19.767 52934.26657435 21.50  69.876342  61.250212 18.034
 21    24.599 52934.26657499 19.20  69.873992  61.247062 18.034
 22    20.299 52969.26658871 23.36  69.893923  61.245934  6.058
 22    20.333 52969.26658936 24.07  69.891573  61.242774  6.058
 22    20.333 52969.26659000 22.71  69.889223  61.239624  6.058
 23    20.396 53004.26660760 18.22  69.882747  61.250669  3.931
 23    20.396 53004.26660825 19.27  69.880397  61.247509  3.931
 23    20.471 53004.26660889 17.97  69.878037  61.244349  3.931
 25    19.898 53074.26658680 17.78  69.885570  61.251162  8.414
 25    20.001 53074.26658745 22.02  69.883220  61.248012  8.414
 25    20.113 53074.26658809 28.70  69.880870  61.244852  8.414
 27    24.848 53144.26659765 27.24  69.891666  61.248248 26.429
 27    24.591 53144.26659830 26.14  69.889316  61.245088 26.429
 27    24.533 53144.26659894 24.50  69.886966  61.241928 26.429
 27    25.912 53144.26659959 21.89  69.884616  61.238778 26.429
 28    25.897 53179.26661419 27.95  69.889901  61.245637 41.901
 28    26.020 53179.26661483 24.40  69.887551  61.242477 41.901
 28    26.469 53179.26661548 24.03  69.885201  61.239317 41.901
 30    21.186 53249.26660466 34.03  69.882323  61.250919 20.313
 30    20.932 53249.26660530 34.01  69.879973  61.247759 20.313
 30    24.529 53249.26660595 20.08  69.877623  61.244599 20.313
 31    21.198 53284.26660007 38.20  69.892635  61.246212 20.900
 31    20.949 53284.26660071 29.25  69.890285  61.243052 20.900
 31    20.669 53284.26660136 17.58  69.887935  61.239902 20.900
 33    22.505 53354.26655771 20.77  69.885750  61.247542  5.145
 33    22.511 53354.26655836 21.19  69.883400  61.244382  5.145
 33    22.393 53354.26655900 20.30  69.881050  61.241222  5.145
 34    21.072 53389.26656051 19.94  69.895378  61.243954  5.323
 34    21.052 53389.26656115 19.68  69.893028  61.240794  5.323
 34    21.117 53389.26656180 19.67  69.890678  61.237634  5.323
 35    20.461 53424.26655873 16.95  69.892075  61.248079  3.379
 35    20.515 53424.26655937 17.89  69.889725  61.244919  3.379
 35    20.455 53424.26656002 17.87  69.887375  61.241759  3.379
 35    20.503 53424.26656066 17.00  69.885025  61.238609  3.379
 36    25.120 53459.26656495 12.42  69.898731  61.240509  2.378
 36    25.559 53459.26656560 12.44  69.896381  61.237349  2.378
 36    24.811 53459.26656624 12.48  69.894031  61.234199  2.378
 37    24.095 53494.26664863 25.06  69.886221  61.250696 22.369
 37    24.000 53494.26664927 22.01  69.883871  61.247536 22.369
 37    24.558 53494.26664992 20.70  69.881521  61.244376 22.369
 38    26.462 53529.26662492 28.56  69.892480  61.246953 44.470
 38    26.386 53529.26662556 27.07  69.890130  61.243793 44.470
 38    26.126 53529.26662620 26.94  69.887780  61.240633 44.470
 39    25.489 53564.26665532 21.92  69.879231  61.250158 30.016
 39    25.823 53564.26665596 18.80  69.876881  61.246998 30.016
 40    21.684 53599.26659674 27.01  69.885891  61.249669 16.155
 40    21.608 53599.26659738 23.18  69.883541  61.246509 16.155
 40    24.655 53599.26659802 18.29  69.881191  61.243349 16.155
 41    20.720 53634.26659359 44.37  69.892902  61.245211 13.261
 41    20.700 53634.26659423 33.15  69.890552  61.242051 13.261
 41    20.817 53634.26659488 28.05  69.888202  61.238901 13.261
 42    20.802 53669.26661483 19.88  69.885952  61.249202 13.940
 42    20.622 53669.26661547 22.49  69.883602  61.246042 13.940
 42    24.605 53669.26661612 18.04  69.881252  61.242882 13.940
 43    20.112 53704.26655435 40.15  69.888336  61.246758 17.446
 43    20.143 53704.26655500 34.00  69.885986  61.243598 17.446
 43    20.153 53704.26655564 29.77  69.883636  61.240448 17.446
 44    21.192 53739.26646277 13.51  69.880268  61.252481  2.930
 44    21.346 53739.26646341 13.16  69.877918  61.249321  2.930
 44    21.322 53739.26646406 13.19  69.875568  61.246161  2.930
 45    23.982 53774.26648295  8.23  69.893661  61.241523  2.306
 45    23.551 53774.26648359  7.69  69.891311  61.238363  2.306
 46    25.846 53809.26646597  7.33  69.882270  61.250287  1.905
 46    25.730 53809.26646661  7.71  69.879920  61.247127  1.905
 46    26.450 53809.26646726  7.27  69.877570  61.243967  1.905
 48    25.410 53879.26653704 37.84  69.894742  61.244627 31.107
 48    25.344 53879.26653768 39.36  69.892392  61.241467 31.107
 48    25.269 53879.26653833 31.22  69.890032  61.238317 31.107
 49    26.324 53914.26659136 39.31  69.885411  61.251097 38.686
 49    26.120 53914.26659200 32.07  69.883061  61.247937 38.686
 49    26.374 53914.26659265 33.76  69.880711  61.244777 38.686
 50    25.219 53949.26660262 25.50  69.879953  61.251961 29.272
 50    24.785 53949.26660327 20.58  69.877593  61.248811 29.272
 50    23.545 53949.26660391 23.58  69.875243  61.245651 29.272
 51    21.465 53984.26654207 26.13  69.881613  61.250075 22.796
 51    21.454 53984.26654272 28.94  69.879263  61.246915 22.796
 51    21.532 53984.26654336 34.24  69.876913  61.243755 22.796
 52    24.697 54019.26657696 15.18  69.894474  61.242050 17.194
 52    25.431 54019.26657760 14.93  69.892124  61.238890 17.194
 53    21.708 54054.26656802 43.53  69.895114  61.241122 20.261
 53    21.686 54054.26656866 52.05  69.892764  61.237962 20.261
 54    21.954 54089.26655778 12.96  69.885329  61.249509  2.423
 54    21.992 54089.26655842 12.74  69.882979  61.246349  2.423
 54    22.122 54089.26655907 12.60  69.880629  61.243189  2.423
 55    25.610 54124.26648251 12.28  69.896709  61.240786  2.249
 55    26.091 54124.26648315 11.92  69.894359  61.237636  2.249
 56    26.014 54159.26652361 11.29  69.887043  61.246778  1.944
 56    26.216 54159.26652425 10.99  69.884693  61.243618  1.944
 56    26.649 54159.26652489 11.19  69.882333  61.240458  1.944
 57    25.855 54194.26648484 12.72  69.896262  61.243312  2.743
 57    26.325 54194.26648548 12.52  69.893912  61.240152  2.743
 57    26.528 54194.26648613 12.70  69.891552  61.236992  2.743
 58    26.353 54229.26653553 45.03  69.890284  61.247260 40.009
 58    26.334 54229.26653617 48.96  69.887934  61.244100 40.009
 58    26.380 54229.26653682 49.99  69.885584  61.240940 40.009
 59    26.724 54264.26655351 26.70  69.891591  61.248002 27.554
 59    27.060 54264.26655415 26.48  69.889241  61.244852 27.554
 59    27.386 54264.26655480 26.02  69.886891  61.241692 27.554
 60    27.688 54299.26655766 34.79  69.889550  61.245939 35.695
 60    27.714 54299.26655831 32.13  69.887200  61.242779 35.695
 60    28.038 54299.26655895 30.80  69.884850  61.239619 35.695
 61    25.704 54334.26654765 25.74  69.885722  61.248901 35.704
 61    26.041 54334.26654829 20.38  69.883362  61.245741 35.704
 61    26.204 54334.26654894 21.96  69.881022  61.242581 35.704
 63    25.628 54404.26649124 20.25  69.888158  61.250319 19.639
 63    24.936 54404.26649189 18.89  69.885808  61.247159 19.639
 63    25.017 54404.26649253 19.61  69.883458  61.244009 19.639
 64    21.713 54439.26645003 25.13  69.897423  61.240162  5.821
 64    21.860 54439.26645067 25.28  69.895063  61.237002  5.821
 65    21.650 54474.26647847 16.65  69.892349  61.245296  3.728
 65    23.518 54474.26647911 16.62  69.889999  61.242146  3.728
 65    24.169 54474.26647976 16.96  69.887639  61.238986  3.728
 66    22.082 54509.26646223 15.29  69.896412  61.242468  3.162
 66    20.836 54509.26646287 15.80  69.894062  61.239308  3.162
 66    20.740 54509.26646352 15.81  69.891712  61.236148  3.162
 67    25.744 54544.26649256 12.21  69.888208  61.247455  2.341
 67    25.767 54544.26649320 12.65  69.885858  61.244305  2.341
 67    26.125 54544.26649385 12.46  69.883508  61.241145  2.341
 68    21.079 54579.26646083 27.43  69.892216  61.246681 15.506
 68    21.164 54579.26646147 22.87  69.889861  61.243522 16.053
 68    25.871 54579.26646212 20.34  69.887511  61.240372 16.053
 69    26.480 54614.26648245 31.99  69.888975  61.247181 39.557
 69    26.335 54614.26648309 29.45  69.886625  61.244021 39.557
 69    26.453 54614.26648374 30.99  69.884275  61.240871 39.557
 70    26.884 54649.26649222 25.89  69.889500  61.246368 36.414
 70    26.478 54649.26649286 24.68  69.887150  61.243208 36.414
 70    26.827 54649.26649350 25.19  69.884800  61.240048 36.414
 71    23.502 54684.26648869 21.56  69.885512  61.249816 23.703
 71    22.260 54684.26648934 21.47  69.883160  61.246655 23.057
 71    24.963 54684.26648998 21.44  69.880810  61.243505 23.057
 72    20.833 54719.26643732 22.42  69.896291  61.240247 26.744
 72    20.950 54719.26643796 22.47  69.893941  61.237087 26.744
 73    21.355 54754.26646295 34.14  69.889577  61.246349 16.105
 73    21.262 54754.26646359 24.16  69.887227  61.243199 16.105
 73    24.924 54754.26646424 19.75  69.884877  61.240039 16.105
 74    20.775 54789.26643110 46.79  69.894140  61.240916 18.980
 74    20.544 54789.26643175 49.95  69.891790  61.237766 18.980
 75    22.633 54824.26645811 17.90  69.893199  61.246470  4.048
 75    22.734 54824.26645876 18.44  69.890849  61.243320  4.048
 75    22.737 54824.26645940 18.62  69.888489  61.240160  4.048
 76    21.850 54859.26642396 14.64  69.896532  61.240267  3.086
 76    21.839 54859.26642460 14.25  69.894182  61.237107  3.086
 77    20.918 54894.26645998 11.48  69.884799  61.248262  2.650
 77    20.988 54894.26646063 11.63  69.882449  61.245112  2.650
 77    20.932 54894.26646127 12.04  69.880099  61.241952  2.650
 78    20.746 54929.26642333 23.40  69.892870  61.242553  9.864
 78    20.819 54929.26642398 24.82  69.890520  61.239393  9.864
 79    25.911 54964.26645951 50.85  69.889275  61.247723 48.019
 79    25.903 54964.26646015 51.98  69.886925  61.244573 48.019
 79    25.902 54964.26646080 52.80  69.884575  61.241413 48.019
 80    26.096 54999.26647985 52.26  69.887089  61.249499 45.235
 80    26.102 54999.26648050 52.82  69.884739  61.246349 45.235
 80    26.108 54999.26648114 53.12  69.882389  61.243189 45.235
 81    25.162 55034.26646721 26.19  69.891647  61.247077 29.052
 81    24.693 55034.26646785 21.78  69.889297  61.243927 29.052
 81    24.952 55034.26646850 20.74  69.886947  61.240767 29.052
 82    22.337 55069.26645634 48.67  69.883457  61.248769 34.249
 82    22.268 55069.26645699 49.32  69.881102  61.245607 18.427
 83    23.201 55104.26639753 17.00  69.893790  61.242300 23.033
 83    25.161 55104.26639818 17.17  69.891440  61.239140 23.033
 84    20.891 55139.26640430 39.78  69.888279  61.246740 18.510
 84    20.717 55139.26640495 48.20  69.885929  61.243590 18.510
 84    20.848 55139.26640559 44.87  69.883579  61.240430 18.510
 85    22.099 55174.26636556 22.28  69.895773  61.239850  5.926
 85    22.032 55174.26636620 22.74  69.893423  61.236690  5.926
 86    21.188 55209.26639889 12.09  69.891923  61.248078  3.056
 86    21.243 55209.26639953 12.39  69.889573  61.244928  3.056
 86    21.284 55209.26640018 12.77  69.887223  61.241768  3.056
 86    21.220 55209.26640082 12.92  69.884873  61.238608  3.056
 87    21.389 55244.26637130 10.81  69.892849  61.242351  2.723
 87    22.485 55244.26637194 10.98  69.890499  61.239191  2.723
 88    21.966 55279.26639240  9.11  69.886359  61.250406  2.336
 88    24.111 55279.26639304  8.65  69.884009  61.247256  2.336
 88    22.058 55279.26639369  8.99  69.881659  61.244096  2.336
 89    21.447 55314.26635659 34.80  69.891392  61.248436 26.892
 89    21.508 55314.26635723 35.09  69.889042  61.245276 26.892
 89    21.399 55314.26635788 29.94  69.886692  61.242126 26.892
 89    21.525 55314.26635852 32.95  69.884342  61.238966 26.892
 90    26.338 55349.26636332 38.65  69.887636  61.249993 42.316
 90    25.945 55349.26636397 23.76  69.885286  61.246833 42.316
 90    25.677 55349.26636461 22.62  69.882936  61.243683 42.316
 91    26.108 55384.26635678 25.35  69.893143  61.243334 36.383
 91    26.373 55384.26635742 24.97  69.890793  61.240174 36.383
 91    26.523 55384.26635807 25.04  69.888443  61.237014 36.383
 92    25.286 55419.26638274 21.98  69.890261  61.245438 26.298
 92    25.174 55419.26638339 21.92  69.887911  61.242288 26.298
 92    25.598 55419.26638403 20.67  69.885561  61.239128 26.298
 93    24.680 55454.26636048 19.91  69.884359  61.251179 27.260
 93    24.503 55454.26636112 17.97  69.882009  61.248019 27.260
 93    25.115 55454.26636177 15.93  69.879660  61.244858 18.826
 94    21.444 55489.26628049 25.35  69.879089  61.251857 25.020
 94    21.469 55489.26628113 22.32  69.876739  61.248707 25.020
 94    25.104 55489.26628178 17.93  69.874389  61.245547 25.020
