# NaN NaN NaN ;Mean Elev.(m), Avg Gradient(m/km), RMS Gradient(m/km) - SRTM1     
#   36.047  -0.536   5.894 ;Mean Elev.(m), Avg Gradient(m/km), RMS Gradient(m/km) - ASTER GDEM
#   42.385  -0.051   1.779 ;Mean Elev.(m), Avg Gradient(m/km), RMS Gradient(m/km) - GMTED2010 
  7    51.921 52445.65261366 31.99  80.514830  59.274052 16.689
  7    51.780 52445.65261430 32.68  80.512720  59.277232 16.689
  7    51.788 52445.65261495 32.77  80.510610  59.280412 16.689
  7    51.922 52445.65261559 32.02  80.508500  59.283582 16.689
  7    52.027 52445.65261624 31.97  80.506380  59.286762 16.689
  7    51.769 52445.65261688 32.65  80.504270  59.289932 16.689
  7    51.772 52445.65261753 33.68  80.502160  59.293112 16.689
  7    51.771 52445.65261817 34.97  80.500040  59.296292 16.689
  7    51.796 52445.65261882 34.93  80.497930  59.299462 16.689
  8    48.874 52480.65260826 44.14  80.514118  59.289119 17.184
  8    48.833 52480.65260890 37.48  80.512008  59.292289 17.184
  8    48.882 52480.65260955 34.68  80.509898  59.295469 17.184
  8    48.906 52480.65261019 33.04  80.507778  59.298649 17.184
  8    48.768 52480.65261084 30.83  80.505668  59.301819 17.184
  8    48.675 52480.65261148 31.44  80.503558  59.304999 17.184
  8    48.799 52480.65261213 32.34  80.501438  59.308179 17.184
  8    48.861 52480.65261277 33.66  80.499328  59.311349 17.184
  8    48.907 52480.65261342 35.84  80.497208  59.314529 17.184
  9    49.141 52515.65256278 22.36  80.514397  59.313448 31.012
  9    45.343 52515.65256342 23.43  80.512287  59.316618 31.012
  9    45.272 52515.65256407 23.33  80.510169  59.319802 19.736
  9    45.407 52515.65256471 21.67  80.508049  59.322972 19.736
  9    45.367 52515.65256536 22.51  80.505939  59.326152 19.736
  9    47.742 52515.65256600 22.18  80.503819  59.329332 19.736
  9    48.623 52515.65256664 21.41  80.501709  59.332502 19.736
  9    50.279 52515.65256729 23.58  80.499589  59.335682 19.736
 10    46.409 52550.65260287 24.97  80.510897  59.276685 22.966
 10    47.170 52550.65260352 20.80  80.508782  59.279869 23.411
 10    46.950 52550.65260416 22.32  80.506672  59.283039 23.411
 10    47.288 52550.65260481 22.67  80.504552  59.286219 23.411
 10    47.371 52550.65260545 21.43  80.502442  59.289399 23.411
 10    47.236 52550.65260610 21.46  80.500322  59.292569 23.411
 10    48.940 52550.65260674 27.45  80.498212  59.295749 23.411
 11    44.959 52585.65258213 44.38  80.513371  59.310068 13.730
 11    45.003 52585.65258277 50.25  80.511251  59.313248 13.730
 11    45.113 52585.65258342 50.36  80.509141  59.316418 13.730
 11    44.989 52585.65258406 50.77  80.507026  59.319599 21.550
 11    45.071 52585.65258471 51.72  80.504906  59.322779 21.550
 11    45.100 52585.65258535 49.35  80.502796  59.325949 21.550
 11    45.013 52585.65258600 49.87  80.500676  59.329129 21.550
 11    44.886 52585.65258664 50.56  80.498556  59.332299 21.550
 11    44.937 52585.65258729 52.42  80.496436  59.335479 21.550
 11    44.770 52585.65258793 47.67  80.494326  59.338659 21.550
 12    45.975 52620.65256451 18.52  80.508939  59.311416  3.806
 12    45.976 52620.65256515 19.51  80.506829  59.314586  3.806
 12    46.402 52620.65256580 19.10  80.504715  59.317770  3.560
 12    46.760 52620.65256644 19.97  80.502595  59.320940  3.560
 12    47.126 52620.65256709 19.61  80.500485  59.324120  3.560
 12    47.127 52620.65256773 18.94  80.498365  59.327300  3.560
 12    47.322 52620.65256838 18.56  80.496255  59.330470  3.560
 12    47.399 52620.65256902 18.84  80.494135  59.333650  3.560
 12    47.323 52620.65256967 18.39  80.492015  59.336820  3.560
 12    46.917 52620.65257031 19.48  80.489895  59.340000  3.560
 16    46.361 52760.65260614 43.28  80.513770  59.290830 26.885
 16    46.357 52760.65260679 38.89  80.511660  59.294010 26.885
 16    46.308 52760.65260743 35.19  80.509550  59.297180 26.885
 16    46.332 52760.65260808 33.61  80.507430  59.300360 26.885
 16    46.265 52760.65260872 32.43  80.505320  59.303540 26.885
 16    46.223 52760.65260937 29.94  80.503210  59.306710 26.885
 16    46.258 52760.65261001 27.80  80.501090  59.309890 26.885
 16    46.351 52760.65261066 30.64  80.498980  59.313060 26.885
 16    46.298 52760.65261130 27.74  80.496870  59.316244 19.842
 17    51.109 52795.65256290 30.86  80.514903  59.286743 23.888
 17    50.801 52795.65256354 27.11  80.512793  59.289923 23.888
 17    50.905 52795.65256419 28.52  80.510673  59.293103 23.888
 17    50.821 52795.65256483 30.48  80.508563  59.296273 23.888
 17    50.664 52795.65256548 30.91  80.506443  59.299453 23.888
 17    50.543 52795.65256612 30.99  80.504333  59.302633 23.888
 17    50.477 52795.65256677 30.28  80.502213  59.305803 23.888
 17    50.629 52795.65256741 30.05  80.500103  59.308983 23.888
 17    50.582 52795.65256806 29.48  80.497983  59.312153 23.888
 17    50.646 52795.65256870 34.10  80.495870  59.315332 42.087
 18    47.197 52830.65263010 25.27  80.513731  59.290057 15.948
 18    47.904 52830.65263074 22.01  80.511621  59.293237 15.948
 18    47.021 52830.65263138 23.96  80.509511  59.296407 15.948
 18    46.955 52830.65263203 25.02  80.507391  59.299587 15.948
 18    46.985 52830.65263267 25.63  80.505281  59.302757 15.948
 18    47.107 52830.65263332 22.26  80.503161  59.305937 15.948
 18    47.893 52830.65263396 20.43  80.501051  59.309117 15.948
 18    49.346 52830.65263461 18.86  80.498931  59.312287 15.948
 18    49.221 52830.65263525 26.92  80.496816  59.315466 19.883
 19    44.865 52865.65267786 40.44  80.508003  59.310302 26.854
 19    44.672 52865.65267851 39.75  80.505883  59.313472 26.854
 19    44.676 52865.65267915 38.41  80.503770  59.316653 19.201
 19    44.796 52865.65267980 39.58  80.501650  59.319823 19.201
 19    44.720 52865.65268044 40.05  80.499540  59.323003 19.201
 19    44.746 52865.65268109 40.16  80.497420  59.326183 19.201
 19    44.853 52865.65268173 41.81  80.495300  59.329353 19.201
 19    44.856 52865.65268238 41.86  80.493180  59.332533 19.201
 19    44.635 52865.65268302 38.01  80.491070  59.335703 19.201
 19    44.463 52865.65268367 36.16  80.488950  59.338883 19.201
 20    44.105 52900.65270688 33.00  80.504969  59.311269 27.128
 20    44.204 52900.65270752 34.58  80.502849  59.314439 27.128
 20    44.051 52900.65270817 34.38  80.500734  59.317623 27.808
 20    44.043 52900.65270881 28.74  80.498624  59.320793 27.808
 20    44.227 52900.65270946 27.47  80.496504  59.323973 27.808
 20    44.257 52900.65271010 32.41  80.494384  59.327153 27.808
 20    44.135 52900.65271075 33.02  80.492274  59.330323 27.808
 20    43.967 52900.65271139 40.60  80.490154  59.333503 27.808
 20    43.862 52900.65271204 41.44  80.488034  59.336673 27.808
 20    43.666 52900.65271268 30.39  80.485924  59.339853 27.808
 21    45.131 52935.65264860 27.56  80.510932  59.311313 32.348
 21    45.199 52935.65264924 20.36  80.508822  59.314493 32.348
 21    43.395 52935.65264988 21.64  80.506713  59.317668 20.217
 21    43.293 52935.65265053 25.66  80.504593  59.320838 20.217
 21    43.582 52935.65265117 27.10  80.502473  59.324018 20.217
 21    43.687 52935.65265182 29.92  80.500363  59.327198 20.217
 21    43.650 52935.65265246 33.32  80.498243  59.330368 20.217
 21    43.674 52935.65265311 31.59  80.496133  59.333548 20.217
 21    43.528 52935.65265375 29.66  80.494013  59.336718 20.217
 21    49.774 52935.65265440 27.86  80.491893  59.339898 20.217
 22    46.848 52970.65266448 19.97  80.515501  59.283044  5.853
 22    46.665 52970.65266513 21.20  80.513391  59.286214  5.853
 22    46.543 52970.65266577 20.95  80.511281  59.289394  5.853
 22    46.361 52970.65266642 20.44  80.509161  59.292574  5.853
 22    46.453 52970.65266706 19.29  80.507051  59.295744  5.853
 22    46.603 52970.65266771 18.99  80.504941  59.298924  5.853
 22    46.516 52970.65266835 20.53  80.502821  59.302104  5.853
 22    46.543 52970.65266900 20.85  80.500711  59.305274  5.853
 22    46.305 52970.65266964 21.07  80.498591  59.308454  5.853
 22    46.622 52970.65267029 20.69  80.496481  59.311624  5.853
 23    46.813 53005.65267983 15.10  80.515922  59.283393  5.689
 23    46.616 53005.65268047 16.50  80.513812  59.286563  5.689
 23    46.393 53005.65268112 17.25  80.511702  59.289743  5.689
 23    46.397 53005.65268176 17.02  80.509592  59.292923  5.689
 23    45.719 53005.65268241 19.55  80.507472  59.296093  5.689
 23    43.839 53005.65268305 24.07  80.505362  59.299273  5.689
 23    43.949 53005.65268369 25.27  80.503252  59.302453  5.689
 23    43.965 53005.65268434 26.03  80.501132  59.305623  5.689
 23    44.020 53005.65268498 21.12  80.499022  59.308803  5.689
 23    47.105 53005.65268563 17.67  80.496902  59.311973  5.689
 24    46.180 53040.65262968 14.30  80.509991  59.277838  3.250
 24    45.786 53040.65263033 14.32  80.507881  59.281018  3.250
 24    46.877 53040.65263097 14.93  80.505761  59.284198  3.250
 24    46.511 53040.65263161 14.84  80.503651  59.287368  3.250
 24    46.214 53040.65263226 16.20  80.501541  59.290548  3.250
 24    47.220 53040.65263290 13.93  80.499421  59.293728  3.250
 25    47.384 53075.65266512 12.98  80.513424  59.294493  2.782
 25    47.712 53075.65266577 12.79  80.511304  59.297663  2.782
 25    47.873 53075.65266641 12.67  80.509194  59.300843  2.782
 25    47.854 53075.65266706 11.98  80.507084  59.304023  2.782
 25    47.666 53075.65266770 12.46  80.504964  59.307193  2.782
 25    47.325 53075.65266835 13.48  80.502854  59.310373  2.782
 25    47.003 53075.65266899 13.75  80.500734  59.313543  2.782
 25    47.169 53075.65266964 13.80  80.498620  59.316725  2.731
 25    47.077 53075.65267028 14.33  80.496510  59.319895  2.731
 25    45.779 53075.65267093 15.48  80.494390  59.323075  2.731
 25    45.292 53075.65267157 15.35  80.492270  59.326255  2.731
 25    47.605 53075.65267351 12.42  80.485920  59.335775  2.731
 25    48.292 53075.65267415 12.23  80.483800  59.338955  2.731
 26    44.968 53110.65263238 13.43  80.508003  59.278185  7.922
 26    44.941 53110.65263302 16.13  80.505893  59.281355  7.922
 26    45.079 53110.65263367 14.06  80.503783  59.284535  7.922
 26    45.030 53110.65263431 15.84  80.501663  59.287705  7.922
 26    45.023 53110.65263496 15.42  80.499553  59.290886  5.546
 26    45.004 53110.65263560 17.55  80.497443  59.294066  5.546
 27    50.440 53145.65267548 43.00  80.515139  59.283293 37.749
 27    50.415 53145.65267612 40.56  80.513029  59.286463 37.749
 27    50.422 53145.65267677 45.29  80.510919  59.289643 37.749
 27    50.399 53145.65267741 43.44  80.508799  59.292823 37.749
 27    50.360 53145.65267806 39.65  80.506689  59.295993 37.749
 27    50.268 53145.65267870 39.68  80.504579  59.299173 37.749
 27    50.313 53145.65267934 37.75  80.502459  59.302353 37.749
 27    50.166 53145.65267999 38.14  80.500349  59.305523 37.749
 27    50.193 53145.65268063 37.94  80.498229  59.308703 37.749
 27    50.412 53145.65268128 42.83  80.496119  59.311873 37.749
 28    49.960 53180.65269052 24.98  80.506978  59.310364 36.038
 28    49.976 53180.65269117 25.41  80.504868  59.313534 36.038
 28    50.255 53180.65269181 28.43  80.502755  59.316717 26.360
 28    50.180 53180.65269246 31.13  80.500635  59.319887 26.360
 28    50.250 53180.65269310 29.45  80.498515  59.323067 26.360
 28    50.132 53180.65269375 28.16  80.496405  59.326247 26.360
 28    50.095 53180.65269439 28.48  80.494285  59.329417 26.360
 28    50.283 53180.65269504 28.82  80.492165  59.332597 26.360
 28    50.413 53180.65269568 28.95  80.490045  59.335767 26.360
 28    50.391 53180.65269633 29.89  80.487935  59.338947 26.360
 29    46.334 53215.65270972 50.64  80.512460  59.293882 35.651
 29    46.468 53215.65271036 49.90  80.510340  59.297052 35.651
 29    46.362 53215.65271100 52.13  80.508230  59.300232 35.651
 29    46.327 53215.65271165 53.62  80.506110  59.303412 35.651
 29    46.445 53215.65271229 50.27  80.504000  59.306582 35.651
 29    46.422 53215.65271294 50.61  80.501890  59.309762 35.651
 29    46.365 53215.65271358 47.97  80.499770  59.312932 35.651
 29    46.323 53215.65271423 49.92  80.497659  59.316114 33.269
 29    46.238 53215.65271874 42.49  80.482839  59.338344 33.269
 30    44.479 53250.65268907 52.39  80.507667  59.313665 39.615
 30    44.553 53250.65268971 51.99  80.505547  59.316845 39.615
 30    44.613 53250.65269036 49.92  80.503437  59.320015 39.615
 30    44.488 53250.65269100 51.41  80.501317  59.323195 39.615
 30    44.568 53250.65269165 50.75  80.499207  59.326365 39.615
 30    44.530 53250.65269229 51.21  80.497087  59.329545 39.615
 30    44.412 53250.65269294 50.32  80.494967  59.332725 39.615
 30    44.334 53250.65269358 50.19  80.492857  59.335895 39.615
 30    44.439 53250.65269423 48.21  80.490737  59.339075 39.615
 31    45.236 53285.65267631 30.88  80.510396  59.276883 24.439
 31    44.797 53285.65267695 26.17  80.508286  59.280053 24.439
 31    46.204 53285.65267760 23.20  80.506166  59.283233 24.439
 31    44.472 53285.65267824 26.40  80.504056  59.286403 24.439
 31    44.619 53285.65267889 25.90  80.501946  59.289583 24.439
 31    44.767 53285.65267953 23.73  80.499826  59.292763 24.439
 32    44.828 53320.65266263 32.27  80.507456  59.312812  9.908
 32    44.757 53320.65266328 30.39  80.505346  59.315992  9.908
 32    44.817 53320.65266392 29.56  80.503226  59.319162  9.908
 32    44.729 53320.65266457 31.17  80.501105  59.322341 12.707
 32    44.742 53320.65266521 37.85  80.498995  59.325521 12.707
 32    44.716 53320.65266585 35.37  80.496875  59.328691 12.707
 32    44.646 53320.65266650 31.49  80.494755  59.331871 12.707
 32    44.689 53320.65266714 32.07  80.492645  59.335041 12.707
 32    44.836 53320.65266779 35.88  80.490525  59.338221 12.707
 33    45.233 53355.65263116 23.23  80.516543  59.311931  5.580
 33    45.248 53355.65263180 24.18  80.514433  59.315111  5.580
 33    45.154 53355.65263245 25.35  80.512316  59.318285  4.677
 33    45.379 53355.65263309 24.81  80.510196  59.321455  4.677
 33    45.279 53355.65263374 24.78  80.508086  59.324635  4.677
 33    46.266 53355.65263438 22.64  80.505966  59.327815  4.677
 33    45.925 53355.65263503 21.92  80.503856  59.330985  4.677
 33    46.194 53355.65263567 20.90  80.501736  59.334165  4.677
 33    46.388 53355.65263632 20.22  80.499616  59.337335  4.677
 34    44.706 53390.65263431 22.40  80.516805  59.273554  6.330
 34    44.638 53390.65263495 23.88  80.514695  59.276734  6.330
 34    44.527 53390.65263560 24.23  80.512585  59.279904  6.330
 34    44.498 53390.65263624 23.04  80.510465  59.283084  6.330
 34    45.660 53390.65263689 22.85  80.508355  59.286254  6.330
 34    45.658 53390.65263753 21.79  80.506245  59.289434  6.330
 34    46.053 53390.65263818 19.94  80.504125  59.292614  6.330
 34    46.330 53390.65263882 18.09  80.502015  59.295784  6.330
 34    46.715 53390.65263947 18.47  80.499895  59.298964  6.330
 35    46.786 53425.65263848 16.71  80.511601  59.311135  2.912
 35    46.598 53425.65263913 17.09  80.509481  59.314305  2.912
 35    46.851 53425.65263977 17.59  80.507367  59.317488  3.193
 35    45.879 53425.65264041 18.30  80.505257  59.320658  3.193
 35    47.143 53425.65264106 18.03  80.503137  59.323838  3.193
 35    47.662 53425.65264170 17.46  80.501017  59.327018  3.193
 35    47.430 53425.65264235 17.29  80.498907  59.330188  3.193
 35    47.398 53425.65264299 17.23  80.496787  59.333368  3.193
 35    47.215 53425.65264364 16.88  80.494667  59.336538  3.193
 35    47.788 53425.65264428 15.50  80.492557  59.339718  3.193
 36    48.748 53460.65264218 10.16  80.514846  59.287658  2.580
 36    49.738 53460.65264282  8.49  80.512736  59.290828  2.580
 36    49.869 53460.65264346  8.10  80.510616  59.294008  2.580
 36    49.568 53460.65264411  8.21  80.508506  59.297178  2.580
 36    49.183 53460.65264475  8.42  80.506389  59.300358  2.735
 36    49.501 53460.65264540  7.90  80.504269  59.303538  2.735
 36    48.924 53460.65264604  8.34  80.502159  59.306708  2.735
 36    48.983 53460.65264669  7.82  80.500039  59.309888  2.735
 36    48.480 53460.65264733  8.54  80.497929  59.313058  2.735
 36    48.841 53460.65264798  8.16  80.495809  59.316238  2.735
 37    49.859 53495.65272170 35.01  80.517457  59.273488 32.547
 37    49.830 53495.65272235 38.05  80.515347  59.276668 32.547
 37    49.957 53495.65272299 40.39  80.513237  59.279838 32.547
 37    50.016 53495.65272364 46.15  80.511117  59.283018 32.547
 37    50.033 53495.65272428 47.54  80.509007  59.286188 32.547
 37    50.025 53495.65272492 48.82  80.506897  59.289368 32.547
 37    50.000 53495.65272557 48.90  80.504777  59.292548 32.547
 37    49.971 53495.65272621 46.65  80.502667  59.295718 32.547
 37    49.947 53495.65272686 43.68  80.500557  59.298898 32.547
 37    49.945 53495.65272750 44.82  80.498437  59.302078 32.547
 38    48.567 53530.65270595 25.04  80.508462  59.313874 34.410
 38    48.307 53530.65270660 22.96  80.506343  59.317058  8.669
 38    48.303 53530.65270724 23.21  80.504233  59.320228  8.669
 38    48.337 53530.65270788 23.58  80.502113  59.323408  8.669
 38    48.270 53530.65270853 22.84  80.500003  59.326588  8.669
 38    48.450 53530.65270917 23.45  80.497883  59.329758  8.669
 38    48.745 53530.65270982 24.20  80.495763  59.332938  8.669
 38    49.957 53530.65271046 25.50  80.493643  59.336108  8.669
 38    50.104 53530.65271111 27.05  80.491533  59.339288  8.669
 39    46.754 53565.65272971 31.11  80.512360  59.293645 24.029
 39    46.682 53565.65273035 27.86  80.510240  59.296815 24.029
 39    46.814 53565.65273100 28.38  80.508130  59.299995 24.029
 39    46.824 53565.65273164 28.92  80.506020  59.303175 24.029
 39    46.779 53565.65273229 25.45  80.503900  59.306345 24.029
 39    46.853 53565.65273293 21.84  80.501790  59.309525 24.029
 39    47.087 53565.65273358 19.18  80.499670  59.312695 24.029
 39    46.887 53565.65273422 23.66  80.497559  59.315879 21.123
 39    49.367 53565.65273873 22.60  80.482749  59.338109 21.123
 40    45.163 53600.65267591 34.30  80.512160  59.311233 32.353
 40    45.160 53600.65267655 38.31  80.510050  59.314403 32.353
 40    45.034 53600.65267720 36.26  80.507933  59.317587 24.499
 40    45.078 53600.65267784 37.82  80.505813  59.320757 24.499
 40    45.095 53600.65267849 37.05  80.503703  59.323937 24.499
 40    44.976 53600.65267913 38.56  80.501583  59.327117 24.499
 40    44.940 53600.65267978 38.73  80.499473  59.330287 24.499
 40    44.804 53600.65268042 30.17  80.497353  59.333467 24.499
 40    44.407 53600.65268107 26.75  80.495233  59.336637 24.499
 41    48.645 53635.65266574 22.07  80.515782  59.273022 17.151
 41    48.721 53635.65266639 19.44  80.513672  59.276202 17.151
 41    44.679 53635.65266703 22.87  80.511562  59.279372 17.151
 41    45.979 53635.65266768 21.67  80.509442  59.282552 17.151
 41    44.800 53635.65266832 24.35  80.507332  59.285722 17.151
 41    44.673 53635.65266897 26.28  80.505222  59.288902 17.151
 41    44.788 53635.65266961 26.69  80.503102  59.292082 17.151
 41    45.196 53635.65267025 24.36  80.500992  59.295252 17.151
 41    48.510 53635.65267090 25.53  80.498872  59.298432 17.151
 42    49.377 53670.65268687 22.15  80.520604  59.273705 21.237
 42    48.936 53670.65268751 28.78  80.518494  59.276885 21.237
 42    48.957 53670.65268816 20.86  80.516384  59.280055 21.237
 42    46.772 53670.65268880 20.40  80.514264  59.283235 21.237
 42    46.603 53670.65268945 23.56  80.512154  59.286405 21.237
 42    44.654 53670.65269009 30.48  80.510044  59.289585 21.237
 42    44.472 53670.65269074 33.88  80.507924  59.292765 21.237
 42    44.685 53670.65269138 31.96  80.505814  59.295935 21.237
 42    44.548 53670.65269203 27.75  80.503704  59.299115 21.237
 42    44.527 53670.65269267 28.78  80.501584  59.302295 21.237
 42    44.588 53670.65269331 40.69  80.499474  59.305465 21.237
 42    44.584 53670.65269396 47.31  80.497354  59.308645 21.237
 43    44.672 53705.65262775 28.21  80.515207  59.311933 12.352
 43    44.727 53705.65262840 30.79  80.513097  59.315103 12.352
 43    44.976 53705.65262904 32.69  80.510977  59.318285 18.930
 43    44.970 53705.65262969 34.42  80.508857  59.321465 18.930
 43    44.968 53705.65263033 41.12  80.506747  59.324635 18.930
 43    44.988 53705.65263098 33.55  80.504627  59.327815 18.930
 43    44.643 53705.65263162 32.32  80.502517  59.330985 18.930
 43    44.719 53705.65263226 33.85  80.500397  59.334165 18.930
 43    44.762 53705.65263291 31.71  80.498277  59.337345 18.930
 44    44.096 53740.65254035 22.12  80.522127  59.313545  5.044
 44    44.170 53740.65254100 22.59  80.520007  59.316725  5.044
 44    44.337 53740.65254164 22.00  80.517898  59.319902  3.850
 44    44.613 53740.65254229 21.49  80.515788  59.323072  3.850
 44    44.948 53740.65254293 20.58  80.513668  59.326252  3.850
 44    44.833 53740.65254358 20.77  80.511558  59.329422  3.850
 44    46.692 53740.65254422 19.71  80.509438  59.332602  3.850
 45    45.023 53775.65256180 19.43  80.505971  59.310203  5.563
 45    44.069 53775.65256245 20.08  80.503861  59.313373  5.563
 45    43.998 53775.65256309 19.76  80.501742  59.316553  3.500
 45    44.256 53775.65256374 18.95  80.499622  59.319733  3.500
 45    46.477 53775.65256438 18.68  80.497512  59.322903  3.500
 45    43.822 53775.65256503 19.14  80.495392  59.326083  3.500
 45    43.746 53775.65256567 17.95  80.493272  59.329253  3.500
 45    46.594 53775.65256632 16.80  80.491152  59.332433  3.500
 45    46.367 53775.65256696 15.88  80.489042  59.335613  3.500
 45    46.223 53775.65256761 15.07  80.486922  59.338783  3.500
 45    45.911 53775.65256825 14.64  80.484802  59.341963  3.500
 46    44.356 53810.65254293 15.38  80.517018  59.312214  3.663
 46    44.359 53810.65254358 15.42  80.514908  59.315394  3.663
 46    45.037 53810.65254422 15.07  80.512791  59.318569  2.788
 46    45.794 53810.65254487 14.48  80.510681  59.321739  2.788
 46    46.302 53810.65254551 14.29  80.508561  59.324919  2.788
 46    46.638 53810.65254616 13.93  80.506451  59.328099  2.788
 46    46.932 53810.65254680 13.37  80.504331  59.331269  2.788
 46    46.308 53810.65254745 14.23  80.502221  59.334449  2.788
 46    46.951 53810.65254809 13.47  80.500101  59.337619  2.788
 47    46.123 53845.65258167  7.49  80.518474  59.273108  8.921
 47    44.740 53845.65258231  9.36  80.516364  59.276288  8.921
 47    44.636 53845.65258296  9.58  80.514254  59.279458  8.921
 47    44.446 53845.65258360 11.02  80.512134  59.282638  8.921
 47    44.390 53845.65258425 12.76  80.510024  59.285808  8.921
 47    44.302 53845.65258489 13.24  80.507914  59.288988  8.921
 47    44.372 53845.65258554 14.47  80.505794  59.292168  8.921
 47    44.411 53845.65258618 12.05  80.503684  59.295338  8.921
 47    44.434 53845.65258683 11.86  80.501564  59.298518  8.921
 47    44.429 53845.65258747 11.47  80.499454  59.301698  8.921
 48    50.038 53880.65261213 38.21  80.512283  59.296968 27.508
 48    49.948 53880.65261342 35.46  80.508053  59.303328 27.508
 48    49.790 53880.65261406 32.51  80.505933  59.306498 27.508
 48    49.779 53880.65261471 33.13  80.503823  59.309678 27.508
 48    49.883 53880.65261535 34.27  80.501703  59.312848 27.508
 48    49.909 53880.65261600 35.23  80.499591  59.316028 22.228
 48    49.898 53880.65261664 34.42  80.497471  59.319208 22.228
 48    49.892 53880.65261728 35.03  80.495361  59.322378 22.228
 48    49.929 53880.65261793 36.50  80.493241  59.325558 22.228
 48    49.926 53880.65261857 39.46  80.491121  59.328728 22.228
 48    49.708 53880.65261986 37.09  80.486891  59.335088 22.228
 48    49.595 53880.65262051 34.14  80.484771  59.338258 22.228
 48    49.575 53880.65262115 30.71  80.482651  59.341438 22.228
 49    50.421 53915.65266598 27.75  80.519745  59.273976 12.243
 49    50.725 53915.65266662 36.10  80.517635  59.277156 12.243
 49    50.706 53915.65266727 35.52  80.515525  59.280326 12.243
 49    50.505 53915.65266791 30.36  80.513405  59.283506 12.243
 49    50.268 53915.65266856 29.14  80.511295  59.286676 12.243
 49    50.312 53915.65266920 28.69  80.509185  59.289856 12.243
 49    50.237 53915.65266985 27.35  80.507075  59.293036 12.243
 49    50.262 53915.65267049 28.68  80.504955  59.296206 12.243
 49    50.322 53915.65267114 29.81  80.502845  59.299386 12.243
 49    50.393 53915.65267178 30.05  80.500725  59.302566 12.243
 49    50.471 53915.65267243 29.81  80.498615  59.305736 12.243
 49    50.435 53915.65267307 29.95  80.496495  59.308916 12.243
 50    49.661 53950.65267415 26.46  80.520619  59.274259 28.482
 50    49.055 53950.65267479 27.48  80.518509  59.277439 28.482
 50    45.847 53950.65267608 28.44  80.514279  59.283789 28.482
 50    46.050 53950.65267673 31.80  80.512169  59.286959 28.482
 50    45.903 53950.65267737 35.65  80.510059  59.290139 28.482
 50    45.946 53950.65267802 36.83  80.507949  59.293319 28.482
 50    45.874 53950.65267866 39.14  80.505829  59.296489 28.482
 50    45.947 53950.65267931 37.32  80.503719  59.299669 28.482
 50    45.953 53950.65267995 38.35  80.501609  59.302849 28.482
 50    45.877 53950.65268060 38.36  80.499489  59.306019 28.482
 50    45.889 53950.65268124 36.20  80.497379  59.309199 28.482
 51    45.310 53985.65261734 32.44  80.511417  59.311654 34.467
 51    45.425 53985.65261799 35.05  80.509307  59.314824 34.467
 51    45.292 53985.65261863 38.56  80.507192  59.318008 21.626
 51    45.429 53985.65261928 40.52  80.505072  59.321178 21.626
 51    45.413 53985.65261992 43.58  80.502962  59.324358 21.626
 51    45.366 53985.65262057 38.40  80.500842  59.327538 21.626
 51    45.232 53985.65262121 34.73  80.498732  59.330708 21.626
 51    45.071 53985.65262186 31.69  80.496612  59.333888 21.626
 51    44.934 53985.65262250 28.69  80.494492  59.337058 21.626
 52    49.325 54020.65264958 26.19  80.521146  59.274329 14.563
 52    47.717 54020.65265152 24.12  80.514806  59.283859 14.563
 52    47.382 54020.65265216 25.06  80.512696  59.287029 14.563
 52    47.039 54020.65265280 25.13  80.510586  59.290209 14.563
 52    46.695 54020.65265345 26.12  80.508466  59.293389 14.563
 52    46.321 54020.65265409 28.74  80.506356  59.296559 14.563
 52    46.691 54020.65265474 28.12  80.504236  59.299739 14.563
 52    47.078 54020.65265538 27.29  80.502126  59.302919 14.563
 52    44.533 54020.65265603 38.59  80.500006  59.306089 14.563
 52    44.394 54020.65265667 48.72  80.497896  59.309269 14.563
 53    45.864 54055.65264848 32.22  80.507774  59.314025 18.433
 53    45.572 54055.65264912 29.57  80.505657  59.317205  6.084
 53    45.213 54055.65264977 31.09  80.503537  59.320385  6.084
 53    45.234 54055.65265041 26.78  80.501417  59.323555  6.084
 53    45.750 54055.65265106 25.16  80.499307  59.326735  6.084
 53    47.232 54055.65265170 24.98  80.497187  59.329905  6.084
 53    47.628 54055.65265234 23.71  80.495067  59.333085  6.084
 53    47.806 54055.65265299 22.79  80.492957  59.336255  6.084
 53    47.823 54055.65265363 23.51  80.490837  59.339435  6.084
 54    44.796 54090.65263450 19.25  80.511668  59.310910  3.530
 54    44.996 54090.65263515 18.73  80.509558  59.314080  3.530
 54    46.302 54090.65263579 17.73  80.507443  59.317263  5.163
 54    45.985 54090.65263644 18.26  80.505323  59.320443  5.163
 54    46.145 54090.65263708 17.80  80.503213  59.323613  5.163
 54    45.660 54090.65263773 19.17  80.501093  59.326793  5.163
 54    46.185 54090.65263837 19.41  80.498983  59.329963  5.163
 54    44.700 54090.65263902 25.93  80.496863  59.333143  5.163
 54    44.736 54090.65263966 30.10  80.494743  59.336323  5.163
 54    44.740 54090.65264030 23.27  80.492623  59.339493  5.163
 55    46.867 54125.65255656 14.25  80.518618  59.273690  8.161
 55    44.714 54125.65255721 18.04  80.516508  59.276870  8.161
 55    44.613 54125.65255785 29.23  80.514398  59.280040  8.161
 55    44.648 54125.65255850 39.69  80.512278  59.283220  8.161
 55    44.188 54125.65255914 30.11  80.510168  59.286390  8.161
 55    44.647 54125.65255979 16.93  80.508058  59.289570  8.161
 55    45.520 54125.65256043 15.97  80.505938  59.292750  8.161
 55    46.261 54125.65256108 13.34  80.503828  59.295920  8.161
 55    46.304 54125.65256172 13.92  80.501708  59.299100  8.161
 55    46.948 54125.65256237 13.57  80.499598  59.302270  8.161
 55    47.279 54125.65256301 13.84  80.497478  59.305450  8.161
 56    46.884 54160.65259944 12.38  80.512492  59.297102  2.601
 56    46.429 54160.65260138 14.33  80.506152  59.306632  2.601
 56    46.624 54160.65260202 13.59  80.504042  59.309812  2.601
 56    46.644 54160.65260267 14.00  80.501922  59.312982  2.601
 56    46.633 54160.65260331 14.24  80.499803  59.316163  3.149
 56    46.547 54160.65260395 14.43  80.497693  59.319343  3.149
 56    47.998 54160.65260460 14.67  80.495573  59.322513  3.149
 56    47.924 54160.65260524 15.28  80.493463  59.325693  3.149
 56    48.017 54160.65260589 23.60  80.491343  59.328863  3.149
 56    46.940 54160.65260718 13.90  80.487103  59.335223  3.149
 56    46.735 54160.65260782 13.75  80.484993  59.338393  3.149
 56    47.102 54160.65260847 12.97  80.482873  59.341573  3.149
 57    50.187 54195.65255860  5.74  80.518858  59.275780  4.774
 57    50.005 54195.65255925  5.30  80.516748  59.278950  4.774
 57    45.674 54195.65255989  7.90  80.514628  59.282130  4.774
 57    46.151 54195.65256054  7.24  80.512518  59.285300  4.774
 57    45.452 54195.65256118  7.75  80.510408  59.288480  4.774
 57    44.958 54195.65256183  8.24  80.508288  59.291660  4.774
 57    45.942 54195.65256247  7.40  80.506178  59.294830  4.774
 57    45.872 54195.65256312  8.14  80.504058  59.298010  4.774
 57    46.311 54195.65256376  8.08  80.501948  59.301180  4.774
 57    47.172 54195.65256440  6.39  80.499828  59.304360  4.774
 57    47.722 54195.65256505  5.79  80.497718  59.307540  4.774
 58    50.907 54230.65261165 35.83  80.512952  59.293609 35.241
 58    50.849 54230.65261229 34.62  80.510842  59.296779 35.241
 58    50.892 54230.65261294 33.84  80.508732  59.299959 35.241
 58    50.871 54230.65261358 34.98  80.506612  59.303139 35.241
 58    50.709 54230.65261423 31.10  80.504502  59.306309 35.241
 58    50.620 54230.65261487 27.77  80.502382  59.309489 35.241
 58    50.386 54230.65261552 29.23  80.500272  59.312659 35.241
 58    50.585 54230.65261616 30.59  80.498157  59.315840 28.149
 58    50.620 54230.65261681 36.38  80.496037  59.319020 28.149
 58    50.564 54230.65262067 34.17  80.483337  59.338070 28.149
 59    52.200 54265.65262928 29.66  80.513822  59.294403 12.648
 59    52.138 54265.65262993 31.06  80.511712  59.297573 12.648
 59    51.909 54265.65263122 32.38  80.507482  59.303933 12.648
 59    51.797 54265.65263186 30.13  80.505372  59.307103 12.648
 59    51.605 54265.65263250 30.11  80.503252  59.310283 12.648
 59    51.684 54265.65263315 29.56  80.501142  59.313453 12.648
 59    51.897 54265.65263379 33.86  80.499025  59.316636 21.547
 59    51.946 54265.65263444 32.52  80.496905  59.319806 21.547
 59    51.937 54265.65263508 33.47  80.494785  59.322986 21.547
 59    51.778 54265.65263573 33.37  80.492675  59.326166 21.547
 59    51.777 54265.65263766 31.09  80.486325  59.335686 21.547
 59    51.669 54265.65263831 28.30  80.484205  59.338866 21.547
 59    51.424 54265.65263895 31.68  80.482085  59.342046 21.547
 60    50.382 54300.65263709 49.82  80.504701  59.311163 47.312
 60    50.365 54300.65263773 48.84  80.502591  59.314333 47.312
 60    50.338 54300.65263838 49.28  80.500477  59.317515 35.482
 60    50.335 54300.65263902 48.19  80.498357  59.320695 35.482
 60    50.329 54300.65263967 47.01  80.496237  59.323865 35.482
 60    50.316 54300.65264031 48.07  80.494127  59.327045 35.482
 60    50.302 54300.65264096 46.04  80.492007  59.330215 35.482
 60    50.267 54300.65264160 40.89  80.489887  59.333395 35.482
 60    50.236 54300.65264225 31.98  80.487767  59.336565 35.482
 60    50.126 54300.65264289 30.48  80.485657  59.339745 35.482
 61    45.817 54335.65262553 43.24  80.508651  59.310780 32.232
 61    45.845 54335.65262617 44.30  80.506531  59.313950 32.232
 61    45.821 54335.65262682 48.18  80.504419  59.317133 27.014
 61    45.804 54335.65262746 45.65  80.502309  59.320303 27.014
 61    45.810 54335.65262811 51.51  80.500189  59.323483 27.014
 61    45.864 54335.65262875 49.92  80.498069  59.326663 27.014
 61    45.826 54335.65262940 46.72  80.495959  59.329833 27.014
 61    45.642 54335.65263004 39.19  80.493839  59.333013 27.014
 61    45.290 54335.65263069 31.62  80.491719  59.336193 27.014
 61    49.861 54335.65263133 26.86  80.489609  59.339363 27.014
 63    44.749 54405.65256984 29.40  80.506173  59.310024 24.354
 63    44.605 54405.65257048 27.27  80.504053  59.313194 24.354
 63    44.287 54405.65257113 28.15  80.501938  59.316376 24.615
 63    44.480 54405.65257177 29.21  80.499828  59.319556 24.615
 63    44.673 54405.65257242 32.56  80.497708  59.322726 24.615
 63    44.620 54405.65257306 40.06  80.495588  59.325906 24.615
 63    44.480 54405.65257371 49.22  80.493478  59.329076 24.615
 63    44.491 54405.65257435 45.47  80.491358  59.332256 24.615
 63    44.308 54405.65257500 30.27  80.489238  59.335426 24.615
 63    44.069 54405.65257564 26.26  80.487128  59.338606 24.615
 63    49.885 54405.65257629 22.37  80.485008  59.341786 24.615
 64    47.947 54440.65252037 19.96  80.516755  59.272949  6.699
 64    46.834 54440.65252102 21.30  80.514645  59.276129  6.699
 64    46.677 54440.65252166 22.45  80.512535  59.279299  6.699
 64    46.333 54440.65252231 23.97  80.510415  59.282479  6.699
 64    46.108 54440.65252295 21.80  80.508305  59.285649  6.699
 64    45.867 54440.65252360 22.72  80.506185  59.288829  6.699
 64    46.738 54440.65252424 21.55  80.504075  59.292009  6.699
 64    45.058 54440.65252489 26.06  80.501965  59.295179  6.699
 64    47.205 54440.65252553 22.44  80.499845  59.298359  6.699
 65    46.535 54475.65255462 15.36  80.512705  59.297169  4.605
 65    46.382 54475.65255655 16.01  80.506365  59.306699  4.605
 65    46.722 54475.65255719 16.46  80.504245  59.309879  4.605
 65    47.225 54475.65255784 16.65  80.502135  59.313049  4.605
 65    45.985 54475.65255848 17.35  80.500020  59.316230  3.808
 65    48.650 54475.65255913 16.45  80.497900  59.319410  3.808
 65    49.049 54475.65255977 16.79  80.495780  59.322580  3.808
 65    49.104 54475.65256042 21.85  80.493670  59.325760  3.808
 65    48.875 54475.65256106 17.93  80.491550  59.328930  3.808
 65    47.775 54475.65256235 13.90  80.487310  59.335280  3.808
 65    48.389 54475.65256300 13.27  80.485200  59.338460  3.808
 65    48.879 54475.65256364 12.60  80.483080  59.341640  3.808
 66    48.782 54510.65253532 11.74  80.519807  59.272941  4.122
 66    48.667 54510.65253596 12.85  80.517687  59.276121  4.122
 66    46.995 54510.65253661 13.24  80.515577  59.279291  4.122
 66    48.069 54510.65253725 13.03  80.513467  59.282471  4.122
 66    46.235 54510.65253790 13.99  80.511357  59.285651  4.122
 66    45.637 54510.65253854 16.25  80.509237  59.288821  4.122
 66    46.358 54510.65253918 14.84  80.507127  59.292001  4.122
 66    46.573 54510.65253983 13.92  80.505007  59.295181  4.122
 66    46.818 54510.65254047 13.88  80.502897  59.298351  4.122
 66    46.892 54510.65254112 15.32  80.500777  59.301531  4.122
 66    47.133 54510.65254176 13.88  80.498667  59.304701  4.122
 67    46.414 54545.65257142 13.06  80.507088  59.309642  3.212
 67    46.384 54545.65257207 12.81  80.504968  59.312812  3.212
 67    46.524 54545.65257271 13.50  80.502858  59.315992  3.212
 67    46.932 54545.65257336 12.97  80.500738  59.319172  3.212
 67    47.380 54545.65257400 12.80  80.498618  59.322342  3.212
 67    45.401 54545.65257465 12.88  80.496508  59.325522  3.212
 67    48.759 54545.65257529 12.25  80.494388  59.328702  3.212
 67    48.156 54545.65257594 11.17  80.492268  59.331872  3.212
 67    48.000 54545.65257658 10.13  80.490158  59.335052  3.212
 67    48.145 54545.65257723  9.53  80.488038  59.338222  3.212
 67    48.189 54545.65257787  9.34  80.485918  59.341402  3.212
 68    47.573 54580.65253575 51.44  80.512243  59.297094 34.813
 68    47.470 54580.65253704 50.62  80.508013  59.303444 34.813
 68    47.446 54580.65253768 44.43  80.505893  59.306614 34.813
 68    47.341 54580.65253833 34.60  80.503780  59.309797 26.177
 68    47.382 54580.65253897 30.43  80.501670  59.312967 26.177
 68    47.433 54580.65253962 30.45  80.499550  59.316147 26.177
 68    47.343 54580.65254026 28.90  80.497430  59.319327 26.177
 68    47.501 54580.65254091 28.84  80.495320  59.322497 26.177
 68    47.478 54580.65254155 40.50  80.493200  59.325677 26.177
 68    47.490 54580.65254220 48.18  80.491080  59.328847 26.177
 68    47.221 54580.65254349 38.04  80.486850  59.335207 26.177
 68    47.453 54580.65254413 36.95  80.484730  59.338377 26.177
 68    47.348 54580.65254477 33.63  80.482610  59.341557 26.177
 69    50.391 54615.65256090 39.30  80.505517  59.310230 23.627
 69    50.343 54615.65256154 32.10  80.503397  59.313400 23.627
 69    50.336 54615.65256219 32.62  80.501287  59.316580 23.627
 69    50.137 54615.65256283 30.55  80.499167  59.319760 23.627
 69    50.132 54615.65256348 26.95  80.497057  59.322930 23.627
 69    50.160 54615.65256412 26.74  80.494937  59.326110 23.627
 69    50.158 54615.65256477 29.50  80.492817  59.329280 23.627
 69    50.131 54615.65256541 31.01  80.490707  59.332460 23.627
 69    50.151 54615.65256605 31.02  80.488587  59.335640 23.627
 69    50.091 54615.65256670 29.35  80.486467  59.338810 23.627
 69    50.233 54615.65256734 30.56  80.484347  59.341990 23.627
 70    48.265 54650.65256931 46.89  80.514044  59.289978 22.238
 70    48.212 54650.65256995 40.10  80.511924  59.293148 22.238
 70    48.179 54650.65257059 37.72  80.509814  59.296328 22.238
 70    48.179 54650.65257124 37.33  80.507704  59.299508 22.238
 70    48.118 54650.65257188 34.03  80.505584  59.302678 22.238
 70    48.096 54650.65257253 32.65  80.503474  59.305858 22.238
 70    48.023 54650.65257317 32.62  80.501354  59.309028 22.238
 70    47.908 54650.65257382 34.57  80.499237  59.312210 23.291
 70    47.868 54650.65257446 35.25  80.497127  59.315390 23.291
 71    45.179 54685.65256678 39.21  80.508022  59.310900 28.683
 71    45.027 54685.65256742 43.92  80.505907  59.314074 34.631
 71    45.144 54685.65256807 48.66  80.503787  59.317244 34.631
 71    45.013 54685.65256871 53.26  80.501677  59.320424 34.631
 71    45.159 54685.65256936 50.05  80.499557  59.323604 34.631
 71    45.098 54685.65257000 49.85  80.497447  59.326774 34.631
 71    44.995 54685.65257064 51.80  80.495327  59.329954 34.631
 71    44.902 54685.65257129 53.50  80.493207  59.333124 34.631
 71    44.945 54685.65257193 52.27  80.491087  59.336304 34.631
 71    45.036 54685.65257258 49.73  80.488977  59.339484 34.631
 72    49.443 54720.65251075 17.53  80.519236  59.273124 16.210
 72    48.898 54720.65251139 22.44  80.517116  59.276304 16.210
 72    45.303 54720.65251204 20.56  80.515006  59.279474 16.210
 72    46.502 54720.65251268 19.27  80.512896  59.282654 16.210
 72    44.523 54720.65251333 26.48  80.510776  59.285834 16.210
 72    44.780 54720.65251397 29.30  80.508666  59.289004 16.210
 72    44.951 54720.65251462 30.54  80.506556  59.292184 16.210
 72    45.393 54720.65251526 24.74  80.504436  59.295364 16.210
 72    44.504 54720.65251591 27.80  80.502326  59.298534 16.210
 72    44.291 54720.65251655 31.01  80.500206  59.301714 16.210
 72    44.417 54720.65251720 40.04  80.498096  59.304884 16.210
 73    45.094 54755.65253828 45.23  80.512448  59.296601 28.463
 73    44.923 54755.65253957 33.61  80.508218  59.302951 28.463
 73    44.984 54755.65254022 27.61  80.506108  59.306121 28.463
 73    44.859 54755.65254086 26.33  80.503991  59.309303 22.273
 73    44.933 54755.65254151 22.24  80.501871  59.312483 22.273
 73    45.554 54755.65254215 19.18  80.499761  59.315653 22.273
 73    47.100 54755.65254280 19.97  80.497641  59.318833 22.273
 73    48.110 54755.65254344 21.54  80.495531  59.322003 22.273
 73    45.251 54755.65254409 25.54  80.493411  59.325183 22.273
 73    45.048 54755.65254473 29.12  80.491291  59.328353 22.273
 73    44.621 54755.65254602 31.76  80.487061  59.334713 22.273
 73    46.563 54755.65254667 24.04  80.484941  59.337883 22.273
 73    49.962 54755.65254731 21.13  80.482821  59.341063 22.273
 74    46.345 54790.65250385 32.85  80.518056  59.272024 32.116
 74    46.370 54790.65250450 32.09  80.515936  59.275204 32.116
 74    46.371 54790.65250514 32.74  80.513826  59.278374 32.116
 74    46.403 54790.65250579 33.06  80.511716  59.281554 32.116
 74    46.443 54790.65250643 34.03  80.509596  59.284734 32.116
 74    46.441 54790.65250708 36.94  80.507486  59.287904 32.116
 74    46.481 54790.65250772 34.62  80.505376  59.291084 32.116
 74    46.447 54790.65250836 34.84  80.503256  59.294254 32.116
 74    46.480 54790.65250901 36.30  80.501146  59.297434 32.116
 74    46.428 54790.65250965 32.54  80.499026  59.300614 32.116
 75    46.506 54825.65253426 20.97  80.512161  59.293503  4.614
 75    45.956 54825.65253491 21.69  80.510051  59.296683  4.614
 75    45.850 54825.65253555 21.64  80.507931  59.299853  4.614
 75    45.647 54825.65253619 23.90  80.505821  59.303033  4.614
 75    46.197 54825.65253684 23.03  80.503701  59.306203  4.614
 75    46.460 54825.65253748 21.72  80.501586  59.309384  5.617
 75    46.478 54825.65253813 21.04  80.499476  59.312564  5.617
 75    46.516 54825.65253877 21.67  80.497356  59.315734  5.617
 76    46.524 54860.65249769 16.27  80.519977  59.274099  3.376
 76    46.299 54860.65249834 15.91  80.517867  59.277279  3.376
 76    46.534 54860.65249898 15.46  80.515757  59.280459  3.376
 76    46.580 54860.65249963 15.93  80.513637  59.283629  3.376
 76    46.532 54860.65250027 16.41  80.511527  59.286809  3.376
 76    46.519 54860.65250092 16.38  80.509417  59.289989  3.376
 76    45.971 54860.65250156 17.27  80.507297  59.293159  3.376
 76    46.078 54860.65250221 17.36  80.505187  59.296339  3.376
 76    46.577 54860.65250285 16.62  80.503067  59.299509  3.376
 76    46.721 54860.65250350 16.78  80.500953  59.302690  2.912
 76    47.041 54860.65250414 16.22  80.498843  59.305870  2.912
 76    47.173 54860.65250479 16.21  80.496723  59.309040  2.912
 77    46.438 54895.65253876 15.74  80.504295  59.312250  2.912
 77    46.869 54895.65253941 15.82  80.502175  59.315430  2.912
 77    46.435 54895.65254005 16.80  80.500065  59.318610  2.912
 77    47.337 54895.65254069 16.16  80.497945  59.321780  2.912
 77    47.368 54895.65254134 16.61  80.495835  59.324960  2.912
 77    46.490 54895.65254198 16.87  80.493715  59.328130  2.912
 77    47.178 54895.65254263 15.98  80.491595  59.331310  2.912
 77    46.973 54895.65254327 16.57  80.489485  59.334490  2.912
 77    48.020 54895.65254392 14.80  80.487365  59.337660  2.912
 77    48.227 54895.65254456 14.57  80.485245  59.340840  2.912
 78    49.661 54930.65249543 20.02  80.520314  59.272475  7.057
 78    49.305 54930.65249607 21.04  80.518194  59.275655  7.057
 78    49.078 54930.65249672 19.65  80.516084  59.278825  7.057
 78    48.514 54930.65249736 18.44  80.513974  59.282005  7.057
 78    47.998 54930.65249801 17.92  80.511864  59.285185  7.057
 78    47.409 54930.65249865 19.15  80.509744  59.288355  7.057
 78    46.962 54930.65249930 20.82  80.507634  59.291535  7.057
 78    46.789 54930.65249994 19.91  80.505524  59.294705  7.057
 78    46.399 54930.65250059 21.26  80.503404  59.297885  7.057
 78    46.597 54930.65250123 20.61  80.501294  59.301065  7.057
 78    46.981 54930.65250188 19.69  80.499174  59.304235  7.057
 78    47.190 54930.65250252 19.21  80.497054  59.307415  6.477
 79    50.102 54965.65253586 49.46  80.513895  59.293981 44.547
 79    50.066 54965.65253650 51.40  80.511785  59.297161 44.547
 79    49.945 54965.65253779 52.56  80.507555  59.303511 44.547
 79    49.950 54965.65253844 52.47  80.505445  59.306681 44.547
 79    49.979 54965.65253908 53.03  80.503326  59.309866 45.150
 79    49.988 54965.65253973 51.00  80.501206  59.313036 45.150
 79    49.998 54965.65254037 50.88  80.499096  59.316216 45.150
 79    49.989 54965.65254102 50.63  80.496976  59.319386 45.150
 79    49.929 54965.65254166 53.05  80.494866  59.322566 45.150
 79    49.906 54965.65254231 51.85  80.492746  59.325746 45.150
 79    49.883 54965.65254295 53.38  80.490626  59.328916 45.150
 79    49.725 54965.65254424 53.43  80.486396  59.335276 45.150
 79    49.756 54965.65254488 54.06  80.484276  59.338446 45.150
 79    49.785 54965.65254553 49.97  80.482156  59.341626 45.150
 80    50.296 55000.65255577 53.03  80.512182  59.293414 40.634
 80    50.242 55000.65255641 50.96  80.510072  59.296594 40.634
 80    50.224 55000.65255706 51.30  80.507962  59.299764 40.634
 80    50.218 55000.65255770 49.27  80.505842  59.302944 40.634
 80    50.184 55000.65255835 46.37  80.503732  59.306114 40.634
 80    50.016 55000.65255899 37.53  80.501616  59.309297 29.013
 80    49.899 55000.65255964 34.25  80.499496  59.312467 29.013
 80    49.841 55000.65256028 31.24  80.497386  59.315647 29.013
 82    45.848 55070.65253413 31.72  80.509438  59.310997 14.591
 82    45.672 55070.65253477 25.05  80.507328  59.314167 14.591
 82    45.559 55070.65253542 20.96  80.505208  59.317347 14.591
 82    45.604 55070.65253606 20.46  80.503098  59.320527 14.591
 82    45.943 55070.65253671 19.65  80.500978  59.323697 14.591
 82    45.905 55070.65253735 24.10  80.498868  59.326877 14.591
 82    46.129 55070.65253800 22.54  80.496748  59.330047 14.591
 82    48.041 55070.65253864 21.84  80.494628  59.333227 14.591
 82    50.073 55070.65253928 19.02  80.492518  59.336407 14.591
 82    49.790 55070.65253993 22.16  80.490398  59.339577 14.591
 83    44.929 55105.65246938 45.69  80.518215  59.273301 40.549
 83    44.955 55105.65247002 47.16  80.516095  59.276481 40.549
 83    45.019 55105.65247066 46.86  80.513985  59.279651 40.549
 83    45.066 55105.65247131 48.17  80.511875  59.282831 40.549
 83    44.999 55105.65247195 46.94  80.509755  59.286011 40.549
 83    44.829 55105.65247260 45.76  80.507645  59.289181 40.549
 83    44.847 55105.65247324 50.48  80.505535  59.292361 40.549
 83    44.867 55105.65247389 50.15  80.503415  59.295541 40.549
 83    44.918 55105.65247453 48.70  80.501305  59.298711 40.549
 83    44.972 55105.65247518 43.66  80.499185  59.301891 40.549
 84    46.425 55140.65248041 35.89  80.512722  59.298385 20.325
 84    46.599 55140.65248299 43.16  80.504267  59.311098 32.749
 84    46.601 55140.65248363 43.92  80.502147  59.314268 32.749
 84    46.610 55140.65248428 46.71  80.500027  59.317448 32.749
 84    46.610 55140.65248492 49.77  80.497917  59.320628 32.749
 84    46.585 55140.65248557 47.29  80.495797  59.323798 32.749
 84    46.561 55140.65248621 49.29  80.493687  59.326978 32.749
 84    46.546 55140.65248686 49.10  80.491567  59.330148 32.749
 84    46.461 55140.65248750 47.87  80.489447  59.333328 32.749
 84    46.469 55140.65248815 49.11  80.487327  59.336498 32.749
 84    46.422 55140.65248879 47.57  80.485217  59.339678 32.749
 84    46.394 55140.65248943 43.39  80.483097  59.342858 32.749
 85    45.430 55175.65243704 26.27  80.519643  59.272033  8.061
 85    45.455 55175.65243768 26.25  80.517523  59.275213  8.061
 85    45.397 55175.65243832 27.51  80.515413  59.278383  8.061
 85    45.398 55175.65243897 28.18  80.513303  59.281563  8.061
 85    45.457 55175.65243961 27.35  80.511183  59.284743  8.061
 85    45.414 55175.65244026 26.92  80.509073  59.287913  8.061
 85    45.409 55175.65244090 25.75  80.506963  59.291093  8.061
 85    45.582 55175.65244155 25.63  80.504843  59.294263  8.061
 85    45.634 55175.65244219 24.25  80.502733  59.297443  8.061
 85    45.674 55175.65244284 25.03  80.500613  59.300623  8.061
 85    45.729 55175.65244348 24.60  80.498503  59.303793  8.061
 86    46.714 55210.65247452 13.02  80.513562  59.293594  2.680
 86    46.641 55210.65247516 13.11  80.511452  59.296774  2.680
 86    46.806 55210.65247581 13.20  80.509332  59.299944  2.680
 86    46.336 55210.65247645 13.30  80.507222  59.303124  2.680
 86    46.609 55210.65247710 13.22  80.505102  59.306294  2.680
 86    46.721 55210.65247774 13.64  80.502992  59.309477  2.822
 86    46.717 55210.65247839 14.00  80.500872  59.312647  2.822
 86    47.156 55210.65247903 13.91  80.498762  59.315827  2.822
 86    46.657 55210.65247968 14.57  80.496642  59.319007  2.822
 86    44.841 55210.65248032 16.14  80.494532  59.322177  2.822
 86    44.631 55210.65248097 16.11  80.492412  59.325357  2.822
 86    46.970 55210.65248290 13.66  80.486062  59.334887  2.822
 86    47.045 55210.65248354 12.84  80.483942  59.338057  2.822
 87    47.636 55245.65244314 11.84  80.519793  59.275914  2.500
 87    46.574 55245.65244442 12.42  80.515573  59.282264  2.500
 87    46.334 55245.65244507 12.92  80.513463  59.285444  2.500
 87    46.451 55245.65244571 12.73  80.511343  59.288614  2.500
 87    47.083 55245.65244636 12.24  80.509233  59.291794  2.500
 87    46.973 55245.65244700 12.37  80.507113  59.294964  2.500
 87    46.479 55245.65244765 13.12  80.505003  59.298144  2.500
 87    46.690 55245.65244829 12.69  80.502893  59.301324  2.500
 87    47.004 55245.65244894 12.54  80.500773  59.304494  2.500
 87    47.105 55245.65244958 12.78  80.498655  59.307673  2.444
 87    47.104 55245.65245023 13.10  80.496545  59.310853  2.444
 88    48.778 55280.65247203  6.41  80.505064  59.312683  2.139
 88    48.261 55280.65247267  6.69  80.502944  59.315863  2.139
 88    48.026 55280.65247332  7.06  80.500834  59.319043  2.139
 88    48.158 55280.65247396  7.43  80.498714  59.322213  2.139
 88    48.494 55280.65247461  7.82  80.496604  59.325393  2.139
 88    48.521 55280.65247525  7.38  80.494484  59.328563  2.139
 88    48.738 55280.65247590  7.28  80.492364  59.331743  2.139
 88    49.400 55280.65247654  6.91  80.490254  59.334923  2.139
 88    49.865 55280.65247719  6.25  80.488134  59.338093  2.139
 88    50.258 55280.65247783  6.25  80.486014  59.341273  2.139
 89    45.947 55315.65243484 36.63  80.512897  59.293890 24.722
 89    45.843 55315.65243549 36.47  80.510787  59.297070 24.722
 89    45.943 55315.65243613 35.97  80.508667  59.300240 24.722
 89    45.953 55315.65243678 34.74  80.506557  59.303420 24.722
 89    45.770 55315.65243742 32.46  80.504437  59.306590 24.722
 89    45.807 55315.65243807 29.52  80.502326  59.309774 22.852
 89    45.852 55315.65243871 30.32  80.500206  59.312944 22.852
 89    45.896 55315.65243935 31.16  80.498096  59.316124 22.852
 89    45.842 55315.65244000 30.49  80.495976  59.319304 22.852
 89    45.609 55315.65244387 34.87  80.483276  59.338354 22.852
 90    50.819 55350.65244336 30.39  80.506710  59.311336 20.585
 90    50.687 55350.65244400 29.43  80.504590  59.314506 20.585
 90    51.013 55350.65244464 28.27  80.502480  59.317686 20.585
 90    50.941 55350.65244529 28.24  80.500360  59.320866 20.585
 90    50.901 55350.65244593 28.24  80.498240  59.324036 20.585
 90    50.860 55350.65244658 28.67  80.496130  59.327216 20.585
 90    50.904 55350.65244722 29.46  80.494010  59.330386 20.585
 90    50.926 55350.65244787 29.48  80.491890  59.333566 20.585
 90    51.032 55350.65244851 31.00  80.489780  59.336746 20.585
 90    51.095 55350.65244916 31.19  80.487660  59.339916 20.585
 91    51.067 55385.65242988 32.21  80.519550  59.272770 18.407
 91    51.121 55385.65243052 34.14  80.517430  59.275950 18.407
 91    51.147 55385.65243117 34.40  80.515320  59.279120 18.407
 91    51.142 55385.65243181 32.95  80.513210  59.282300 18.407
 91    51.095 55385.65243246 34.68  80.511100  59.285480 18.407
 91    51.155 55385.65243310 38.97  80.508980  59.288650 18.407
 91    51.115 55385.65243375 37.17  80.506870  59.291830 18.407
 91    51.055 55385.65243439 34.95  80.504750  59.295010 18.407
 91    50.962 55385.65243504 34.04  80.502640  59.298180 18.407
 91    50.808 55385.65243568 33.54  80.500520  59.301360 18.407
 91    50.948 55385.65243633 35.14  80.498410  59.304530 18.407
 92    47.157 55420.65245910 24.92  80.512588  59.297516 24.931
 92    46.989 55420.65246103 28.21  80.506238  59.307036 24.931
 92    47.032 55420.65246168 24.70  80.504128  59.310219 19.907
 92    46.856 55420.65246232 23.67  80.502008  59.313389 19.907
 92    49.717 55420.65246296 22.75  80.499898  59.316569 19.907
 92    49.681 55420.65246361 26.38  80.497778  59.319749 19.907
 92    49.987 55420.65246425 24.39  80.495668  59.322919 19.907
 92    49.306 55420.65246490 21.74  80.493548  59.326099 19.907
 92    47.068 55420.65246554 29.07  80.491428  59.329269 19.907
 92    48.347 55420.65246683 22.47  80.487198  59.335629 19.907
 92    49.692 55420.65246748 19.54  80.485078  59.338799 19.907
 92    50.339 55420.65246812 21.03  80.482958  59.341979 19.907
 93    45.227 55455.65243807 24.85  80.509697  59.312277 13.698
 93    45.266 55455.65243872 20.79  80.507587  59.315447 13.698
 93    46.927 55455.65243936 19.31  80.505467  59.318627 13.698
 93    48.098 55455.65244001 18.37  80.503357  59.321797 13.698
 93    45.680 55455.65244065 22.14  80.501237  59.324977 13.698
 93    47.556 55455.65244130 23.14  80.499127  59.328157 13.698
 93    48.049 55455.65244194 22.82  80.497007  59.331327 13.698
 93    48.495 55455.65244258 21.79  80.494887  59.334507 13.698
 93    50.431 55455.65244323 20.69  80.492777  59.337677 13.698
 94    49.371 55490.65235577 21.35  80.517198  59.313282 17.844
 94    49.133 55490.65235641 20.34  80.515078  59.316462 17.844
 94    48.817 55490.65235706 20.11  80.512968  59.319642 17.844
 94    48.694 55490.65235770 19.91  80.510858  59.322812 17.844
 94    48.487 55490.65235835 18.73  80.508738  59.325992 17.844
 94    47.682 55490.65235899 20.71  80.506628  59.329162 17.844
 94    48.577 55490.65235964 17.80  80.504508  59.332342 17.844
 94    50.181 55490.65236028 21.56  80.502388  59.335522 17.844
