# NaN NaN NaN ;Mean Elev.(m), Avg Gradient(m/km), RMS Gradient(m/km) - SRTM1     
#   -9.902   2.330  18.874 ;Mean Elev.(m), Avg Gradient(m/km), RMS Gradient(m/km) - ASTER GDEM
#    0.045   1.187  16.990 ;Mean Elev.(m), Avg Gradient(m/km), RMS Gradient(m/km) - GMTED2010 
  7    59.991 52460.67403828  4.62  67.197516  66.566518  6.425
  7    57.891 52460.67403893  6.46  67.194183  66.569590  6.398
  9     4.695 52530.67401874 14.79  67.187500  66.555134 12.173
  9     4.554 52530.67401939 16.08  67.184170  66.558204 12.173
  9     4.326 52530.67402003 17.77  67.180832  66.561280 15.735
  9     3.541 52530.67402068 19.21  67.177502  66.564360 15.735
  9     3.265 52530.67402132 20.48  67.174172  66.567440 15.735
  9     3.088 52530.67402197 22.28  67.170832  66.570510 15.735
  9     4.678 52530.67402261 20.23  67.167502  66.573590 15.735
 10     2.254 52565.67403898 15.01  67.199245  66.560983  4.301
 10     2.364 52565.67403963 16.01  67.195915  66.564063  4.301
 10     2.408 52565.67404027 16.39  67.192585  66.567143  4.301
 10     1.850 52565.67404092 19.80  67.189245  66.570213  4.301
 10     2.398 52565.67404156 19.80  67.185915  66.573293  4.301
 11     2.555 52600.67405929 30.32  67.201696  66.560620  4.500
 11     3.044 52600.67405994 31.72  67.198366  66.563700  4.500
 11     2.859 52600.67406058 28.50  67.195041  66.566774  4.685
 11     2.608 52600.67406122 28.98  67.191711  66.569854  4.685
 11     2.572 52600.67406187 28.45  67.188381  66.572924  4.685
 12     2.194 52635.67401881 15.87  67.192400  66.556055  2.696
 12     2.235 52635.67401945 16.47  67.189070  66.559125  2.696
 12     2.278 52635.67402010 16.61  67.185738  66.562204  3.354
 12     2.141 52635.67402074 17.17  67.182408  66.565284  3.354
 12     2.263 52635.67402139 16.48  67.179078  66.568364  3.354
 12     2.176 52635.67402203 16.52  67.175748  66.571434  3.354
 12     2.182 52635.67402268 16.11  67.172418  66.574514  3.354
 16    76.487 52775.67400089 10.48  67.213672  66.566598  6.746
 16    79.261 52775.67400154  7.18  67.210342  66.569668  6.746
 16    95.833 52775.67400218  5.12  67.207012  66.572748  6.746
 16    93.360 52775.67400282  3.92  67.203682  66.575828  6.746
 18     5.139 52845.67413086 30.10  67.192547  66.556146  3.518
 18     5.118 52845.67413150 25.71  67.189217  66.559216  3.518
 18     4.417 52845.67413215 23.32  67.185889  66.562296 32.113
 18     4.234 52845.67413279 23.93  67.182559  66.565376 32.113
 18     4.272 52845.67413343 23.59  67.179219  66.568446 32.113
 18     4.501 52845.67413408 24.07  67.175889  66.571526 32.113
 18     4.624 52845.67413472 26.45  67.172559  66.574606 32.113
 19     3.940 52880.67416890 21.19  67.196208  66.560582  7.617
 19     3.216 52880.67416955 19.89  67.192882  66.563655 21.568
 19     3.086 52880.67417019 20.46  67.189552  66.566735 21.568
 19     3.394 52880.67417084 20.49  67.186222  66.569805 21.568
 19     3.627 52880.67417148 18.49  67.182882  66.572885 21.568
 21     0.911 52950.67408545 34.44  67.193836  66.555388  5.679
 21     1.159 52950.67408610 36.79  67.190496  66.558458  5.679
 21     1.118 52950.67408674 37.37  67.187168  66.561534  8.191
 21     0.954 52950.67408739 36.39  67.183838  66.564614  8.191
 21     1.099 52950.67408803 37.43  67.180508  66.567694  8.191
 21     0.919 52950.67408867 36.30  67.177168  66.570764  8.191
 21     0.975 52950.67408932 32.24  67.173838  66.573844  8.191
 22     0.934 52985.67410812 17.52  67.202973  66.561726  2.274
 22     0.872 52985.67410876 18.00  67.199640  66.564807  3.202
 22     1.111 52985.67410941 18.21  67.196310  66.567887  3.202
 22     1.050 52985.67411005 18.79  67.192980  66.570957  3.202
 22     1.029 52985.67411070 18.36  67.189650  66.574037  3.202
 26     3.080 53125.67409446 10.01  67.193513  66.559848  4.567
 26     3.493 53125.67409511 10.19  67.190188  66.562927  2.982
 26     3.616 53125.67409575 10.42  67.186858  66.566007  2.982
 26     3.964 53125.67409639 11.04  67.183518  66.569087  2.982
 27   107.154 53160.67415521  0.89  67.195458  66.556944  7.288
 27   104.827 53160.67415586  0.82  67.192128  66.560024  7.288
 27   102.287 53160.67415650  1.04  67.188801  66.563098  3.733
 27    77.401 53160.67415715  0.93  67.185471  66.566178  3.733
 29     4.557 53230.67413901 19.30  67.205820  66.564241  6.884
 29     4.137 53230.67413965 18.59  67.202491  66.567315 22.518
 29     4.433 53230.67414030 19.85  67.199161  66.570395 22.518
 29     3.783 53230.67414094 18.82  67.195831  66.573465 22.518
 31     1.869 53300.67415674 27.24  67.188714  66.555056  9.450
 31     1.777 53300.67415738 27.41  67.185384  66.558126  9.450
 31     1.748 53300.67415802 27.36  67.182054  66.561206  9.450
 31     1.294 53300.67415867 29.61  67.178724  66.564286  9.450
 31     1.057 53300.67415931 25.86  67.175384  66.567356  9.450
 31     1.100 53300.67415996 26.28  67.172056  66.570433 11.725
 31     2.014 53300.67416060 23.15  67.168726  66.573513 11.725
 32     1.601 53335.67412865 22.28  67.199869  66.562821  3.221
 32     1.478 53335.67412930 23.91  67.196544  66.565894  4.323
 32     1.553 53335.67412994 24.07  67.193214  66.568974  4.323
 32     1.420 53335.67413059 24.42  67.189874  66.572044  4.323
 32     1.596 53335.67413123 23.41  67.186544  66.575124  4.323
 33     1.960 53370.67406727 15.67  67.211892  66.567343  3.096
 33     1.924 53370.67406791 16.22  67.208562  66.570423  3.096
 33     1.834 53370.67406856 16.91  67.205232  66.573493  3.096
 33     1.876 53370.67406920 16.98  67.201902  66.576573  3.096
 34     1.553 53405.67410092 13.80  67.195379  66.560864  2.238
 34     1.442 53405.67410157 13.97  67.192049  66.563944  2.597
 34     1.507 53405.67410221 14.36  67.188719  66.567024  2.597
 34     1.685 53405.67410286 14.35  67.185389  66.570104  2.597
 34     1.801 53405.67410350 13.80  67.182059  66.573174  2.597
 37   103.397 53510.67416787  6.41  67.199787  66.560133  6.745
 37   103.242 53510.67416852  5.16  67.196467  66.563213  6.745
 37    79.366 53510.67416916  4.98  67.193130  66.566287  3.964
 37    98.658 53510.67416981  3.87  67.189800  66.569367  3.964
 37    77.577 53510.67417045  2.47  67.186470  66.572437  3.964
 43     0.838 53720.67406197 19.34  67.211019  66.566706  3.343
 43     0.853 53720.67406262 20.08  67.207689  66.569776  3.343
 43     0.935 53720.67406326 19.64  67.204359  66.572856  3.343
 43     0.852 53720.67406391 19.80  67.201029  66.575936  3.343
 48   102.681 53895.67408587  3.41  67.197089  66.561165  8.941
 48   102.276 53895.67408651  2.59  67.193752  66.564247  4.584
 48    78.290 53895.67408715  0.80  67.190422  66.567327  4.584
 49     5.577 53930.67413780 13.34  67.194471  66.558223  6.120
 49     5.741 53930.67413844 13.79  67.191141  66.561303  6.120
 49     3.849 53930.67413909 16.86  67.187808  66.564379  6.661
 49     3.787 53930.67413973 17.40  67.184478  66.567459  6.661
 49     5.315 53930.67414038 17.47  67.181148  66.570529  6.661
 50     3.974 53965.67411613 15.16  67.196168  66.564605 19.224
 50     3.604 53965.67411677 19.55  67.192838  66.567685 19.224
 50     2.975 53965.67411742 21.37  67.189508  66.570755 19.224
 50     3.292 53965.67411806 20.12  67.186178  66.573835 19.224
 52     1.890 54035.67411633 29.35  67.197515  66.561305  5.996
 52     1.707 54035.67411698 31.07  67.194187  66.564386  5.366
 52     1.669 54035.67411762 30.99  67.190857  66.567466  5.366
 52     1.825 54035.67411827 30.72  67.187527  66.570536  5.366
 52     1.594 54035.67411891 29.90  67.184197  66.573616  5.366
 53     1.533 54070.67411036  9.32  67.202895  66.561546  2.061
 53     1.677 54070.67411101  9.80  67.199566  66.564619  2.718
 53     1.774 54070.67411165  9.96  67.196236  66.567699  2.718
 53     1.829 54070.67411230  9.90  67.192906  66.570769  2.718
 53     2.124 54070.67411294  9.85  67.189576  66.573849  2.718
 54     2.714 54105.67406438  7.20  67.209801  66.566727  4.238
 54     3.712 54105.67406503  7.67  67.206471  66.569797  4.238
 54     4.357 54105.67406567  7.07  67.203141  66.572877  4.238
 54     4.549 54105.67406632  8.07  67.199811  66.575957  4.238
 55     1.780 54140.67404243 10.71  67.196517  66.557498  2.537
 55     1.943 54140.67404307 11.42  67.193187  66.560568  2.537
 55     1.818 54140.67404372 11.39  67.189856  66.563649  2.720
 55     1.755 54140.67404436 12.31  67.186526  66.566729  2.720
 55     1.672 54140.67404501 11.88  67.183196  66.569799  2.720
 55     1.758 54140.67404565 10.99  67.179866  66.572879  2.720
 57    10.622 54210.67404954 28.32  67.194320  66.559443 16.809
 57     9.347 54210.67405019 26.84  67.190988  66.562524 18.962
 57     8.896 54210.67405083 21.36  67.187658  66.565604 18.962
 57     6.875 54210.67405148 19.32  67.184328  66.568684 18.962
 57     8.892 54210.67405212 16.69  67.180998  66.571754 18.962
 57     8.260 54210.67405277 15.05  67.177658  66.574834 18.962
 58    96.202 54245.67408015  2.80  67.197537  66.561590  6.494
 58    70.520 54245.67408079  2.41  67.194205  66.564664  5.334
 58    69.606 54245.67408144  1.76  67.190875  66.567744  5.334
 58    70.292 54245.67408208  0.47  67.187545  66.570814  5.334
 59     6.022 54280.67409101 13.59  67.198981  66.561689  5.831
 59     7.138 54280.67409165 14.17  67.195652  66.564763  6.802
 59     7.684 54280.67409230 16.00  67.192322  66.567843  6.802
 59     8.367 54280.67409294 17.23  67.188992  66.570913  6.802
 60    55.033 54315.67409050  2.78  67.201421  66.564773  4.515
 60    55.494 54315.67409179  0.64  67.194759  66.570927 10.362
 61    76.829 54350.67405804  4.73  67.209041  66.563156  7.019
 61    77.885 54350.67405869  3.03  67.205718  66.566234  8.106
 61    79.172 54350.67405933  1.22  67.202388  66.569314  8.106
 63     1.824 54420.67400753 31.25  67.207302  66.562190  4.005
 63     2.022 54420.67400818 33.35  67.203979  66.565266  7.665
 63     2.075 54420.67400882 35.08  67.200649  66.568346  7.665
 63     1.631 54420.67400947 34.49  67.197319  66.571416  7.665
 63     1.620 54420.67401011 31.66  67.193989  66.574496  7.665
 64     1.510 54455.67400034 14.69  67.192643  66.556834  2.204
 64     1.489 54455.67400098 15.56  67.189313  66.559904  2.204
 64     1.386 54455.67400163 15.60  67.185979  66.562982  2.629
 64     1.246 54455.67400227 16.51  67.182649  66.566062  2.629
 64     1.415 54455.67400292 16.06  67.179319  66.569142  2.629
 64     1.332 54455.67400356 16.71  67.175979  66.572212  2.629
 65     1.280 54490.67400837 12.25  67.205863  66.562239  2.051
 65     1.270 54490.67400902 12.44  67.202532  66.565314  2.503
 65     1.396 54490.67400966 12.94  67.199202  66.568394  2.503
 65     1.438 54490.67401031 13.07  67.195872  66.571464  2.503
 65     1.468 54490.67401095 12.84  67.192542  66.574544  2.503
 69   104.603 54630.67402361  5.90  67.199681  66.561087  2.568
 69   101.359 54630.67402426  5.94  67.196351  66.564157  2.568
 69   100.580 54630.67402490  3.17  67.193021  66.567237  2.568
 69    77.646 54630.67402555  3.55  67.189691  66.570317  2.568
 69    76.436 54630.67402619  2.48  67.186361  66.573387  2.568
 70     4.895 54665.67403010 16.58  67.198219  66.561013 14.512
 70     4.177 54665.67403075 17.41  67.194889  66.564083 14.512
 70     4.809 54665.67403139 15.99  67.191559  66.567163 14.512
 70     4.785 54665.67403204 17.15  67.188229  66.570243 14.512
 70     6.207 54665.67403268 16.06  67.184899  66.573313 14.512
 71     4.431 54700.67400042 18.08  67.207349  66.566550 20.837
 71     4.287 54700.67400106 17.01  67.204019  66.569630 20.837
 71     4.226 54700.67400171 17.45  67.200689  66.572710 20.837
 71     5.244 54700.67400235 17.22  67.197359  66.575780 20.837
 73     1.382 54770.67398038 24.11  67.202921  66.564117  9.660
 73     1.338 54770.67398102 24.17  67.199591  66.567197  9.660
 73     1.521 54770.67398167 24.93  67.196261  66.570277  9.660
 73     2.129 54770.67398231 25.00  67.192931  66.573347  9.660
 74     1.581 54805.67398293 21.20  67.191985  66.559048  3.951
 74     1.487 54805.67398357 22.11  67.188655  66.562128  3.951
 74     1.267 54805.67398422 23.50  67.185325  66.565198  3.951
 74     1.151 54805.67398486 23.71  67.181995  66.568278  3.951
 74     1.563 54805.67398551 23.43  67.178655  66.571358  3.951
 74     1.755 54805.67398615 22.26  67.175325  66.574428  3.951
 75     1.488 54840.67397532 12.75  67.201929  66.561452  2.852
 75     1.548 54840.67397596 13.85  67.198599  66.564532  2.852
 75     1.574 54840.67397661 14.51  67.195269  66.567612  2.852
 75     1.584 54840.67397725 14.47  67.191939  66.570692  2.852
 75     1.910 54840.67397790 14.14  67.188609  66.573762  2.852
 79   101.560 54980.67400322  2.85  67.199412  66.561632  6.444
 79    72.617 54980.67400386  3.51  67.196082  66.564702  6.444
 79    71.782 54980.67400451  1.14  67.192752  66.567782  6.444
 79    94.365 54980.67400515  0.07  67.189422  66.570862  6.444
 82     3.841 55085.67396627 15.15  67.208017  66.566661 16.634
 82     3.198 55085.67396691 15.92  67.204687  66.569741 16.634
 82     3.254 55085.67396756 15.79  67.201367  66.572821 16.634
 82     4.112 55085.67396820 17.11  67.198027  66.575891 16.634
 83     1.627 55120.67393256 16.83  67.195370  66.559499 22.112
 83     1.912 55120.67393320 17.17  67.192040  66.562569 22.112
 83     1.503 55120.67393385 19.25  67.188710  66.565649 22.112
 83     1.754 55120.67393449 19.09  67.185380  66.568729 22.112
 83     2.362 55120.67393514 18.53  67.182040  66.571799 22.112
 83     2.923 55120.67393578 20.22  67.178710  66.574879 22.112
 84     1.312 55155.67392536 25.92  67.204492  66.562382  5.194
 84     1.370 55155.67392600 25.61  67.201162  66.565462  5.194
 84     1.363 55155.67392665 26.44  67.197832  66.568542  5.194
 84     1.481 55155.67392729 26.25  67.194502  66.571622  5.194
 84     1.315 55155.67392794 26.31  67.191172  66.574692  5.194
 85     1.414 55190.67392157 14.81  67.194848  66.556615  3.489
 85     1.371 55190.67392221 15.76  67.191518  66.559695  3.489
 85     1.445 55190.67392286 16.75  67.188188  66.562765  3.489
 85     1.536 55190.67392350 16.39  67.184858  66.565845  3.489
 85     1.495 55190.67392415 16.35  67.181528  66.568925  3.489
 85     1.408 55190.67392479 16.53  67.178198  66.572005  3.489
 85     1.335 55190.67392544 16.76  67.174858  66.575075  3.489
 86     1.824 55225.67392545 10.40  67.204635  66.561577  4.522
 86     2.117 55225.67392609 10.80  67.201305  66.564647  4.522
 86     2.059 55225.67392674 11.54  67.197975  66.567727  4.522
 86     2.062 55225.67392738 11.29  67.194645  66.570807  4.522
 86     2.280 55225.67392803 11.70  67.191315  66.573877  4.522
 89    76.763 55330.67389887  6.45  67.200514  66.559832  6.562
 89    72.543 55330.67389951  5.71  67.197184  66.562902  6.562
 89    76.213 55330.67390015  3.33  67.193864  66.565982  6.562
 89    75.395 55330.67390080  2.52  67.190534  66.569062  6.562
 89    70.430 55330.67390144  0.97  67.187194  66.572142  6.562
 90    80.330 55365.67389247  5.46  67.205545  66.562223  6.025
 90    79.676 55365.67389312  3.11  67.202215  66.565293  6.025
 90    78.545 55365.67389376  1.54  67.198885  66.568373  6.025
 90    77.417 55365.67389441  0.73  67.195555  66.571453  6.025
 91     3.887 55400.67390412 11.90  67.195312  66.557231 19.717
 91     3.732 55400.67390477 12.20  67.191982  66.560311 19.717
 91     3.887 55400.67390541 13.02  67.188652  66.563381 19.717
 91     3.566 55400.67390606 12.94  67.185322  66.566461 19.717
 91     3.552 55400.67390670 14.75  67.181992  66.569541 19.717
 91     3.370 55400.67390735 16.00  67.178662  66.572611 19.717
 92     1.405 55435.67390975 21.11  67.203319  66.563099 25.323
 92     2.215 55435.67391039 21.38  67.199989  66.566179 25.323
 92     2.594 55435.67391104 22.12  67.196659  66.569259 25.323
 92     2.861 55435.67391168 22.63  67.193329  66.572339 25.323
 92     3.340 55435.67391233 22.50  67.189999  66.575409 25.323
 93     2.598 55470.67386288 15.83  67.210160  66.566819 20.989
 93     2.807 55470.67386353 15.91  67.206830  66.569899 20.989
 93     3.347 55470.67386417 16.24  67.203500  66.572979 20.989
 93     5.542 55470.67386482 15.72  67.200170  66.576049 20.989
