# NaN NaN NaN ;Mean Elev.(m), Avg Gradient(m/km), RMS Gradient(m/km) - SRTM1     
#  -21.211  -0.578   8.373 ;Mean Elev.(m), Avg Gradient(m/km), RMS Gradient(m/km) - ASTER GDEM
#    2.000   0.136   8.028 ;Mean Elev.(m), Avg Gradient(m/km), RMS Gradient(m/km) - GMTED2010 
  8     7.972 52478.28760957 19.28  65.661050  65.529067 23.086
  8     8.042 52478.28761021 20.23  65.657970  65.525967 23.086
  8     8.206 52478.28761085 19.83  65.654880  65.522867 23.086
  8     8.218 52478.28761150 19.79  65.651790  65.519777 23.086
  8     8.369 52478.28761214 19.70  65.648710  65.516677 23.086
  8     8.410 52478.28761279 19.93  65.645620  65.513577 23.086
  8     8.461 52478.28761343 20.88  65.642540  65.510487 23.086
  8     8.533 52478.28761408 22.15  65.639450  65.507387 23.086
  8     8.663 52478.28761472 24.24  65.636370  65.504287 23.086
  8     8.789 52478.28761537 37.22  65.633290  65.501187 23.086
  9     6.778 52513.28755310 17.81  65.661628  65.526234  4.949
  9     7.414 52513.28755374 17.61  65.658548  65.523134  4.949
  9     7.545 52513.28755439 18.20  65.655458  65.520034  4.949
  9     7.946 52513.28755503 17.91  65.652378  65.516944  4.949
  9     8.111 52513.28755567 18.58  65.649288  65.513844  4.949
  9     8.211 52513.28755632 19.22  65.646212  65.510745 39.321
  9     8.343 52513.28755696 20.03  65.643122  65.507645 39.321
  9     8.533 52513.28755761 21.60  65.640042  65.504545 39.321
  9     8.717 52513.28755825 25.17  65.636962  65.501455 39.321
  9     8.709 52513.28755890 38.79  65.633882  65.498355 39.321
 10    31.573 52548.28759709  6.78  65.664783  65.517149 12.990
 10    28.568 52548.28759773  7.19  65.661693  65.514049 12.990
 10    26.529 52548.28759838  8.75  65.658613  65.510959 12.990
 10     7.928 52548.28760031 23.98  65.649353  65.501669 12.990
 10     8.129 52548.28760096 20.37  65.646273  65.498569 12.990
 10     8.314 52548.28760160 23.23  65.643193  65.495469 12.990
 10     8.533 52548.28760224 24.17  65.640103  65.492379 12.990
 10     8.821 52548.28760289 22.65  65.637023  65.489279 12.990
 10     8.897 52548.28760353 27.69  65.633943  65.486179 12.990
 10     9.197 52548.28760418 24.76  65.630863  65.483079 12.990
 11     5.145 52583.28759541 50.32  65.664475  65.522617 32.004
 11     4.970 52583.28759605 43.03  65.661385  65.519527 32.004
 11     4.848 52583.28759669 40.22  65.658295  65.516427 32.004
 11     4.809 52583.28759734 37.47  65.655215  65.513327 32.004
 11     4.755 52583.28759798 37.62  65.652125  65.510237 32.004
 11     4.847 52583.28759863 42.90  65.649045  65.507137 32.004
 11     4.934 52583.28759927 45.88  65.645955  65.504037 32.004
 11     4.774 52583.28759992 39.37  65.642875  65.500937 32.004
 11     4.793 52583.28760056 33.31  65.639795  65.497837 32.004
 11     4.821 52583.28760121 37.46  65.636715  65.494747 32.004
 11     4.831 52583.28760185 44.05  65.633635  65.491647 32.004
 14     2.771 52688.28754243 13.79  65.665871  65.538800  3.447
 14     3.122 52688.28754372 14.03  65.659691  65.532610  3.447
 14     3.077 52688.28754437 14.70  65.656601  65.529510  3.447
 14     3.425 52688.28754501 15.20  65.653521  65.526410  3.447
 14     4.134 52688.28754565 14.49  65.650431  65.523320  3.447
 14     4.963 52688.28754630 14.47  65.647351  65.520220  3.447
 14     5.591 52688.28754694 14.66  65.644261  65.517120  3.447
 14     6.180 52688.28754759 14.97  65.641181  65.514020  3.447
 14     6.806 52688.28754823 14.62  65.638091  65.510930  3.447
 14     7.325 52688.28754888 14.58  65.635011  65.507830  3.447
 14     7.678 52688.28754952 13.94  65.631931  65.504730  3.447
 15     2.740 52723.28759147 13.74  65.662255  65.523012  2.367
 15     2.988 52723.28759211 13.19  65.659165  65.519912  2.367
 15     3.098 52723.28759276 13.93  65.656085  65.516822  2.367
 15     3.003 52723.28759340 13.66  65.652995  65.513722  2.367
 15     3.220 52723.28759405 13.76  65.649915  65.510622  2.367
 15     3.210 52723.28759469 13.59  65.646825  65.507532  2.367
 15     3.449 52723.28759533 13.30  65.643745  65.504432  2.367
 15     3.343 52723.28759598 13.75  65.640658  65.501336  2.741
 15     3.652 52723.28759662 13.94  65.637578  65.498236  2.741
 15     4.185 52723.28759727 13.91  65.634498  65.495136  2.741
 16     3.506 52758.28759287  8.84  65.736917  65.620966  3.323
 16     3.316 52758.28759351  9.09  65.733807  65.617876  3.323
 16     3.155 52758.28759416  8.54  65.730697  65.614776  3.323
 16     2.023 52758.28759673  9.44  65.718287  65.602396  3.323
 16     1.992 52758.28759738  9.62  65.715177  65.599296  3.323
 16     1.934 52758.28759802  9.63  65.712077  65.596206  3.323
 16     2.044 52758.28759867  8.99  65.708977  65.593106  3.323
 16     2.329 52758.28759931  8.69  65.705877  65.590016  3.323
 16     1.751 52758.28759996  8.89  65.702777  65.586916  3.323
 16     2.200 52758.28760060  8.27  65.699677  65.583816  3.323
 16     2.024 52758.28760125  8.24  65.696577  65.580726  3.323
 16     2.531 52758.28760834  9.27  65.662534  65.546665  3.535
 16     2.536 52758.28760898 10.03  65.659444  65.543565  3.535
 16     2.159 52758.28760963 10.11  65.656354  65.540465  3.535
 16     2.755 52758.28761027  9.47  65.653264  65.537375  3.535
 16     2.906 52758.28761092  9.99  65.650174  65.534275  3.535
 16     2.433 52758.28761156 10.14  65.647094  65.531175  3.535
 16     2.881 52758.28761221 10.33  65.644004  65.528075  3.535
 16     3.085 52758.28761285 10.59  65.640914  65.524985  3.535
 16     3.250 52758.28761350  9.08  65.637834  65.521885  3.535
 16     5.583 52758.28761414  8.62  65.634744  65.518785  3.535
 16     6.115 52758.28761478  8.61  65.631664  65.515685  3.535
 16     2.906 52758.28761543  8.98  65.628574  65.512595  3.535
 17     8.193 52793.28756715 17.94  65.666388  65.512316 10.735
 17     8.073 52793.28756779 18.83  65.663308  65.509216 10.735
 17     8.166 52793.28756843 17.74  65.660218  65.506126 10.735
 17     8.086 52793.28756908 18.08  65.657138  65.503026 10.735
 17     8.105 52793.28756972 18.89  65.654052  65.499932 18.485
 17     8.184 52793.28757037 19.20  65.650962  65.496832 18.485
 17     8.839 52793.28757101 19.57  65.647882  65.493732 18.485
 17     9.099 52793.28757166 20.04  65.644802  65.490632 18.485
 17     8.634 52793.28757230 27.96  65.641722  65.487542 18.485
 17     9.242 52793.28757295 25.07  65.638642  65.484442 18.485
 17     9.215 52793.28757359 29.50  65.635562  65.481342 18.485
 17     9.065 52793.28757424 31.78  65.632482  65.478242 18.485
 17     8.860 52793.28757488 34.80  65.629402  65.475152 18.485
 17     9.177 52793.28757553 31.07  65.626322  65.472052 18.485
 17     9.125 52793.28757617 31.70  65.623242  65.468952 18.485
 18     7.903 52828.28763471 16.02  65.667558  65.513222  4.759
 18     7.899 52828.28763536 14.96  65.664478  65.510122  4.759
 18     3.994 52828.28763600 18.93  65.661388  65.507022  4.759
 18     7.248 52828.28763665 17.60  65.658308  65.503932  4.759
 18     7.357 52828.28763729 21.69  65.655218  65.500832  4.759
 18     7.713 52828.28763794 20.34  65.652136  65.497737 27.652
 18     8.184 52828.28763858 18.75  65.649056  65.494637 27.652
 18     8.498 52828.28763923 20.12  65.645976  65.491537 27.652
 18     8.551 52828.28763987 22.90  65.642886  65.488437 27.652
 18     8.676 52828.28764052 25.70  65.639806  65.485347 27.652
 18     8.388 52828.28764116 29.79  65.636726  65.482247 27.652
 18     8.678 52828.28764181 31.05  65.633646  65.479147 27.652
 18     8.657 52828.28764245 31.46  65.630576  65.476047 27.652
 18     8.685 52828.28764309 30.61  65.627496  65.472957 27.652
 18     8.677 52828.28764374 33.49  65.624416  65.469857 27.652
 18     8.591 52828.28764438 34.55  65.621336  65.466757 27.652
 19     5.884 52863.28767933 16.67  65.667417  65.515287  3.327
 19     5.975 52863.28767997 17.06  65.664337  65.512197  3.327
 19     5.781 52863.28768062 17.29  65.661247  65.509097  3.327
 19     5.296 52863.28768126 18.35  65.658167  65.505997  3.327
 19     6.923 52863.28768191 19.57  65.655077  65.502907  3.327
 19     7.512 52863.28768255 20.05  65.651997  65.499807  3.327
 19     7.806 52863.28768320 19.01  65.648911  65.496711 29.389
 19     8.144 52863.28768384 20.96  65.645831  65.493611 29.389
 19     8.328 52863.28768449 20.53  65.642751  65.490511 29.389
 19     8.337 52863.28768513 25.65  65.639671  65.487411 29.389
 19     8.290 52863.28768577 29.37  65.636591  65.484321 29.389
 19     8.364 52863.28768642 29.09  65.633511  65.481221 29.389
 19     8.412 52863.28768706 31.82  65.630431  65.478121 29.389
 19     8.467 52863.28768771 30.27  65.627351  65.475021 29.389
 19     8.451 52863.28768835 34.32  65.624281  65.471931 29.389
 20     5.062 52898.28770606 13.30  65.662310  65.531580  4.292
 20     4.982 52898.28770670 13.85  65.659220  65.528490  4.292
 20     3.031 52898.28770735 17.18  65.656130  65.525390  4.292
 20     3.248 52898.28770799 17.38  65.653040  65.522290  4.292
 20     6.675 52898.28770864 16.45  65.649960  65.519190  4.292
 20     3.654 52898.28770928 17.84  65.646870  65.516100  4.292
 20     3.915 52898.28770993 18.27  65.643790  65.513000  4.292
 20     4.122 52898.28771057 22.93  65.640700  65.509900  4.292
 20     7.342 52898.28771122 22.24  65.637620  65.506800  4.292
 20     8.281 52898.28771186 28.70  65.634540  65.503710  4.292
 21     3.915 52933.28764906 15.38  65.664969  65.544486  6.710
 21     4.835 52933.28764970 16.29  65.661889  65.541396  6.710
 21     5.459 52933.28765035 17.30  65.658799  65.538296  6.710
 21     5.935 52933.28765099 17.94  65.655709  65.535196  6.710
 21     6.344 52933.28765164 18.25  65.652619  65.532106  6.710
 21     6.533 52933.28765228 17.92  65.649529  65.529006  6.710
 21     6.732 52933.28765293 19.00  65.646449  65.525906  6.710
 21     7.065 52933.28765357 18.60  65.643359  65.522806  6.710
 21     7.552 52933.28765422 20.03  65.640279  65.519716  6.710
 21     8.031 52933.28765486 19.83  65.637189  65.516616  6.710
 21     7.673 52933.28765551 19.49  65.634109  65.513516  6.710
 21     7.961 52933.28765615 20.65  65.631029  65.510416  6.710
 22     1.891 52968.28766284 24.44  65.664842  65.516914  4.905
 22     1.907 52968.28766349 24.27  65.661752  65.513814  4.905
 22     1.848 52968.28766413 24.01  65.658662  65.510714 10.117
 22     2.098 52968.28766478 27.18  65.655582  65.507624 10.117
 22     2.106 52968.28766542 26.03  65.652492  65.504524 10.117
 22     2.036 52968.28766607 34.67  65.649412  65.501424 10.117
 22     2.089 52968.28766671 45.04  65.646332  65.498334 10.117
 22     2.013 52968.28766736 26.41  65.643242  65.495234 10.117
 22     1.996 52968.28766800 22.81  65.640162  65.492134 10.117
 22     5.586 52968.28766864 22.64  65.637082  65.489034 10.117
 22     1.967 52968.28766929 22.45  65.634002  65.485944 10.117
 22     6.558 52968.28766993 22.39  65.630922  65.482844 10.117
 23     1.545 53003.28768130 15.92  65.668463  65.539601  3.832
 23     2.157 53003.28768259 15.17  65.662293  65.533411  3.832
 23     2.106 53003.28768323 16.00  65.659203  65.530311  3.832
 23     2.473 53003.28768388 15.23  65.656113  65.527221  3.832
 23     2.784 53003.28768452 15.58  65.653023  65.524121  3.832
 23     2.377 53003.28768517 16.07  65.649933  65.521021  3.832
 23     4.502 53003.28768581 16.59  65.646853  65.517931  3.832
 23     6.361 53003.28768646 15.53  65.643763  65.514831  3.832
 23     6.585 53003.28768710 15.44  65.640683  65.511731  3.832
 23     6.942 53003.28768775 15.59  65.637593  65.508641  3.832
 23     7.575 53003.28768839 15.41  65.634513  65.505541  3.832
 24     3.398 53038.28762927  9.44  65.666255  65.545993  2.934
 24     4.145 53038.28762992  9.45  65.663165  65.542893  2.934
 24     4.985 53038.28763056  9.74  65.660075  65.539803  2.934
 24     5.479 53038.28763121  9.32  65.656985  65.536703  2.934
 24     5.759 53038.28763185  9.74  65.653905  65.533603  2.934
 24     6.142 53038.28763250 11.33  65.650815  65.530513  2.934
 24     6.413 53038.28763314 10.50  65.647725  65.527413  2.934
 24     6.620 53038.28763378 10.14  65.644645  65.524313  2.934
 24     6.961 53038.28763443  9.76  65.641555  65.521213  2.934
 24     7.266 53038.28763507  9.74  65.638475  65.518123  2.934
 24     7.361 53038.28763572  9.71  65.635385  65.515023  2.934
 24     7.570 53038.28763636 10.24  65.632305  65.511923  2.934
 25     4.917 53073.28765998 11.60  65.662366  65.529144  2.997
 25     5.607 53073.28766063 11.55  65.659276  65.526044  2.997
 25     5.216 53073.28766127 12.16  65.656186  65.522944  2.997
 25     5.261 53073.28766192 12.04  65.653106  65.519844  2.997
 25     5.829 53073.28766256 12.42  65.650016  65.516754  2.997
 25     5.952 53073.28766321 11.85  65.646926  65.513654  2.997
 25     6.567 53073.28766385 11.74  65.643849  65.510560  2.327
 25     6.748 53073.28766450 12.15  65.640759  65.507460  2.327
 25     7.360 53073.28766514 12.14  65.637679  65.504360  2.327
 25     7.849 53073.28766578 11.65  65.634599  65.501260  2.327
 26     2.438 53108.28761490 10.63  65.734445  65.617426  3.580
 26     2.585 53108.28761877  9.73  65.715825  65.598856  3.580
 26     2.675 53108.28761941 10.73  65.712725  65.595756  3.580
 26     2.412 53108.28762005 10.25  65.709625  65.592666  3.580
 26     3.522 53108.28762972  8.61  65.663200  65.546214  2.800
 26     2.591 53108.28763037  9.71  65.660110  65.543114  2.800
 26     4.770 53108.28763101  9.40  65.657020  65.540024  2.800
 26     5.507 53108.28763166  9.41  65.653930  65.536924  2.800
 26     5.381 53108.28763230  9.90  65.650850  65.533824  2.800
 26     6.349 53108.28763295 10.01  65.647760  65.530724  2.800
 26     6.394 53108.28763359  9.58  65.644670  65.527634  2.800
 26     6.656 53108.28763424  9.29  65.641590  65.524534  2.800
 26     6.976 53108.28763488  9.39  65.638500  65.521434  2.800
 26     7.131 53108.28763553  8.83  65.635420  65.518334  2.800
 26     7.176 53108.28763617  9.26  65.632340  65.515244  2.800
 26     7.534 53108.28763682  9.50  65.629250  65.512144  2.800
 27    37.834 53143.28767107  5.96  65.662807  65.519981  4.027
 27    37.883 53143.28767172  5.14  65.659717  65.516891  4.027
 27    35.917 53143.28767236  5.03  65.656627  65.513791  4.027
 27    35.498 53143.28767301  4.44  65.653544  65.510698 10.649
 27    34.093 53143.28767365  4.36  65.650464  65.507598 10.649
 27    32.498 53143.28767430  4.04  65.647374  65.504498 10.649
 27    30.710 53143.28767494  4.26  65.644294  65.501398 10.649
 27    28.690 53143.28767559  5.17  65.641204  65.498308 10.649
 28     7.414 53178.28769095 14.10  65.662640  65.522506 10.432
 28     7.627 53178.28769159 13.93  65.659550  65.519406 10.432
 28     7.574 53178.28769224 14.00  65.656460  65.516306 10.432
 28     7.655 53178.28769288 13.46  65.653380  65.513216 10.432
 28     7.700 53178.28769353 13.82  65.650290  65.510116 10.432
 28     7.825 53178.28769417 14.65  65.647210  65.507016 10.432
 28     8.648 53178.28769482 15.88  65.644130  65.503916 10.432
 28     9.051 53178.28769546 19.18  65.641040  65.500826 10.432
 28     8.572 53178.28769611 25.00  65.637960  65.497726 10.432
 28     9.163 53178.28769675 25.66  65.634880  65.494626 10.432
 29     7.249 53213.28771058 11.38  65.663702  65.529078  7.397
 29    26.383 53213.28771122 12.13  65.660612  65.525988  7.397
 29     6.658 53213.28771186 13.10  65.657522  65.522888  7.397
 29     6.701 53213.28771251 13.30  65.654432  65.519788  7.397
 29     6.874 53213.28771315 12.93  65.651352  65.516688  7.397
 29     7.272 53213.28771380 12.26  65.648262  65.513598  7.397
 29     7.601 53213.28771444 13.11  65.645182  65.510498  7.397
 29     8.405 53213.28771509 13.39  65.642092  65.507398  7.397
 29     9.051 53213.28771573 19.43  65.639012  65.504298  7.397
 29     9.017 53213.28771638 28.47  65.635932  65.501208  7.397
 29     8.433 53213.28771702 35.40  65.632844  65.498109 26.428
 30     2.793 53248.28767939 16.74  65.660239  65.531663  4.773
 30     5.003 53248.28768004 16.42  65.657149  65.528573  4.773
 30     2.945 53248.28768068 16.95  65.654059  65.525473  4.773
 30     3.157 53248.28768133 17.48  65.650979  65.522373  4.773
 30     6.962 53248.28768197 17.17  65.647889  65.519283  4.773
 30     3.765 53248.28768261 18.35  65.644809  65.516183  4.773
 30     4.107 53248.28768326 17.94  65.641719  65.513083  4.773
 30     4.124 53248.28768390 21.71  65.638639  65.509983  4.773
 30     3.409 53248.28768455 28.67  65.635559  65.506893  4.773
 30     8.208 53248.28768519 31.34  65.632471  65.503791 26.510
 31    35.649 53283.28767301  6.40  65.666182  65.520363  7.902
 31    34.081 53283.28767365  5.63  65.663092  65.517263  7.902
 31    27.671 53283.28767430  7.68  65.660002  65.514173  7.902
 31    25.281 53283.28767494  9.63  65.656922  65.511073  7.902
 31     7.489 53283.28767623 14.19  65.650742  65.504883  7.902
 31     7.498 53283.28767688 21.72  65.647662  65.501783  7.902
 31     8.007 53283.28767752 21.17  65.644576  65.498689 24.024
 31     8.214 53283.28767817 22.83  65.641496  65.495589 24.024
 31     8.635 53283.28767881 25.36  65.638416  65.492489 24.024
 31     8.709 53283.28767946 30.20  65.635336  65.489389 24.024
 32     3.306 53318.28767080 30.00  65.665586  65.519896 12.562
 32     3.329 53318.28767144 32.19  65.662496  65.516796 12.562
 32     3.374 53318.28767209 32.40  65.659416  65.513696 12.562
 32     3.256 53318.28767273 33.39  65.656326  65.510596 12.562
 32     3.275 53318.28767338 34.39  65.653246  65.507506 12.562
 32     3.404 53318.28767402 33.94  65.650156  65.504406 12.562
 32     3.259 53318.28767466 31.91  65.647076  65.501306 12.562
 32     3.305 53318.28767531 32.62  65.643996  65.498216 12.562
 32     3.385 53318.28767595 31.97  65.640916  65.495116 12.562
 32     3.399 53318.28767660 30.30  65.637832  65.492017  8.031
 32     3.327 53318.28767724 29.03  65.634752  65.488917  8.031
 33     3.288 53353.28763565 19.19  65.661991  65.528378  4.897
 33     3.367 53353.28763629 19.49  65.658901  65.525278  4.897
 33     3.450 53353.28763694 20.21  65.655811  65.522188  4.897
 33     3.499 53353.28763758 19.76  65.652731  65.519088  4.897
 33     3.466 53353.28763823 20.37  65.649641  65.515988  4.897
 33     3.418 53353.28763887 20.57  65.646561  65.512888  4.897
 33     3.555 53353.28763952 21.35  65.643481  65.509798  4.897
 33     3.640 53353.28764016 24.10  65.640391  65.506698  4.897
 33     3.455 53353.28764081 20.81  65.637311  65.503598  4.897
 33     7.147 53353.28764145 20.22  65.634231  65.500498  4.897
 34     3.488 53388.28763469 16.19  65.665655  65.515960  3.362
 34     4.014 53388.28763534 18.11  65.662565  65.512870  3.362
 34     5.014 53388.28763598 16.73  65.659485  65.509770  3.362
 34     5.776 53388.28763663 17.47  65.656395  65.506670  3.362
 34     3.115 53388.28763727 17.71  65.653315  65.503580  3.362
 34     6.425 53388.28763791 17.23  65.650225  65.500480  3.362
 34     3.424 53388.28763856 17.51  65.647143  65.497386  3.711
 34     4.709 53388.28763920 17.17  65.644063  65.494286  3.711
 34     5.377 53388.28763985 17.14  65.640983  65.491186  3.711
 34     5.779 53388.28764049 17.31  65.637893  65.488086  3.711
 34     5.977 53388.28764114 17.12  65.634813  65.484996  3.711
 34     6.213 53388.28764178 17.44  65.631733  65.481896  3.711
 34     6.731 53388.28764243 17.07  65.628653  65.478796  3.711
 35     2.458 53423.28763367 14.97  65.664719  65.522895  3.410
 35     2.474 53423.28763432 15.51  65.661629  65.519795  3.410
 35     2.552 53423.28763496 16.03  65.658549  65.516695  3.410
 35     2.756 53423.28763561 16.49  65.655459  65.513605  3.410
 35     2.564 53423.28763625 16.64  65.652379  65.510505  3.410
 35     2.570 53423.28763690 16.82  65.649299  65.507405  3.410
 35     2.508 53423.28763754 17.07  65.646209  65.504305  3.410
 35     2.750 53423.28763819 16.77  65.643129  65.501215  3.410
 35     3.484 53423.28763883 17.27  65.640046  65.498115  3.648
 35     2.702 53423.28763947 16.42  65.636966  65.495015  3.648
 35     6.279 53423.28764012 16.65  65.633886  65.491915  3.648
 36     2.468 53458.28764069 13.12  65.667710  65.512124  2.942
 36     2.392 53458.28764134 13.60  65.664630  65.509024  2.942
 36     2.449 53458.28764198 13.58  65.661540  65.505924  2.942
 36     2.420 53458.28764263 14.07  65.658460  65.502834  2.942
 36     2.400 53458.28764327 14.20  65.655370  65.499734  2.942
 36     2.435 53458.28764392 14.30  65.652291  65.496641  3.478
 36     2.417 53458.28764456 14.74  65.649211  65.493541  3.478
 36     2.274 53458.28764521 14.44  65.646121  65.490441  3.478
 36     4.919 53458.28764585 14.22  65.643041  65.487341  3.478
 36     5.982 53458.28764649 13.69  65.639961  65.484251  3.478
 36     2.687 53458.28764714 14.75  65.636881  65.481151  3.478
 36     6.142 53458.28764778 13.80  65.633801  65.478051  3.478
 36     5.922 53458.28764843 13.19  65.630721  65.474951  3.478
 36     5.990 53458.28764907 13.22  65.627651  65.471861  3.478
 36     5.889 53458.28764972 13.65  65.624571  65.468761  3.478
 36     6.462 53458.28765036 12.91  65.621491  65.465661  3.478
 37     3.307 53493.28772305 15.41  65.662341  65.528775  6.940
 37     3.536 53493.28772369 14.37  65.659251  65.525675  6.940
 37     3.377 53493.28772434 14.15  65.656161  65.522575  6.940
 37     3.769 53493.28772498 10.44  65.653071  65.519475  6.940
 37     3.614 53493.28772563 11.29  65.649991  65.516385  6.940
 37     3.579 53493.28772627 11.87  65.646901  65.513285  6.940
 37     3.706 53493.28772692 11.08  65.643811  65.510185  6.940
 37     3.969 53493.28772756 11.53  65.640731  65.507095  6.940
 37     4.050 53493.28772821 10.59  65.637651  65.503995  6.940
 37     4.017 53493.28772885 12.13  65.634569  65.500897  5.776
 38    34.918 53528.28770201 11.17  65.664638  65.522705 10.533
 38    25.548 53528.28770265 13.15  65.661548  65.519605 10.533
 38    24.843 53528.28770330 12.57  65.658468  65.516505 10.533
 38     7.720 53528.28770459 13.62  65.652298  65.510315 10.533
 38     7.901 53528.28770523 14.39  65.649218  65.507215 10.533
 38     8.076 53528.28770588 16.30  65.646128  65.504115 10.533
 38     8.424 53528.28770652 17.21  65.643048  65.501025 10.533
 38     8.552 53528.28770717 23.89  65.639961  65.497924 28.484
 38     8.833 53528.28770781 25.05  65.636881  65.494824 28.484
 38     9.300 53528.28770846 29.36  65.633801  65.491724 28.484
 39     7.308 53563.28772892 18.68  65.664697  65.539362 10.115
 39     7.540 53563.28772957 13.91  65.661607  65.536272 10.115
 39     7.266 53563.28773021 13.08  65.658517  65.533172 10.115
 39     7.179 53563.28773086 12.88  65.655437  65.530072 10.115
 39     6.987 53563.28773150 13.21  65.652347  65.526982 10.115
 39     6.954 53563.28773215 13.28  65.649257  65.523882 10.115
 39     7.262 53563.28773279 13.64  65.646167  65.520782 10.115
 39     7.666 53563.28773344 14.24  65.643087  65.517682 10.115
 39     7.587 53563.28773408 13.76  65.639997  65.514592 10.115
 39     7.891 53563.28773473 15.24  65.636917  65.511492 10.115
 39     8.186 53563.28773537 18.17  65.633837  65.508392 10.115
 40     4.472 53598.28767101 34.11  65.663332  65.531009 15.363
 40     4.492 53598.28767165 37.08  65.660242  65.527909 15.363
 40     4.368 53598.28767230 37.22  65.657152  65.524819 15.363
 40     4.313 53598.28767294 41.13  65.654072  65.521719 15.363
 40     4.255 53598.28767359 42.03  65.650982  65.518619 15.363
 40     4.277 53598.28767423 42.50  65.647902  65.515529 15.363
 40     4.330 53598.28767487 42.10  65.644812  65.512429 15.363
 40     4.543 53598.28767552 46.14  65.641732  65.509329 15.363
 40     4.530 53598.28767616 43.05  65.638652  65.506229 15.363
 40     4.535 53598.28767681 39.26  65.635562  65.503139 15.363
 41    36.044 53633.28766865  3.96  65.666749  65.519645  7.484
 41    35.974 53633.28766930  4.18  65.663659  65.516545  7.484
 41    33.234 53633.28766994  3.66  65.660569  65.513455  7.484
 41    26.068 53633.28767058  6.22  65.657479  65.510355  7.484
 41     7.410 53633.28767187 15.79  65.651309  65.504165  7.484
 41     7.578 53633.28767252 18.61  65.648229  65.501065  7.484
 41     8.012 53633.28767316 22.05  65.645142  65.497972 24.999
 41     8.029 53633.28767381 23.57  65.642062  65.494872 24.999
 41     8.294 53633.28767445 20.91  65.638982  65.491772 24.999
 41     8.199 53633.28767510 30.83  65.635902  65.488672 24.999
 41     8.364 53633.28767574 31.08  65.632812  65.485582 24.999
 42     4.806 53668.28768954 15.71  65.661548  65.527303  3.775
 42     5.211 53668.28769018 16.17  65.658458  65.524203  3.775
 42     5.859 53668.28769082 17.02  65.655368  65.521103  3.775
 42     6.139 53668.28769147 18.10  65.652288  65.518003  3.775
 42     5.998 53668.28769211 20.06  65.649198  65.514913  3.775
 42     6.655 53668.28769276 21.36  65.646108  65.511813  3.775
 42     7.016 53668.28769340 23.31  65.643028  65.508713  3.775
 42     7.702 53668.28769405 23.37  65.639948  65.505623  3.775
 42     7.913 53668.28769469 25.81  65.636858  65.502523  3.775
 42     7.738 53668.28769534 31.09  65.633779  65.499426 21.502
 43     2.565 53703.28763285 21.85  65.661609  65.524912  6.180
 43     2.673 53703.28763350 20.25  65.658519  65.521822  6.180
 43     2.505 53703.28763414 19.92  65.655439  65.518722  6.180
 43     2.535 53703.28763479 20.28  65.652349  65.515622  6.180
 43     2.483 53703.28763543 20.55  65.649269  65.512522  6.180
 43     2.613 53703.28763608 20.33  65.646189  65.509432  6.180
 43     2.697 53703.28763672 21.54  65.643099  65.506332  6.180
 43     2.852 53703.28763737 24.59  65.640019  65.503232  6.180
 43     2.888 53703.28763801 27.78  65.636939  65.500142  6.180
 43     2.938 53703.28763866 28.43  65.633851  65.497040  6.315
 44     2.452 53738.28753894 17.62  65.665282  65.543005  4.064
 44     2.626 53738.28753959 17.63  65.662188  65.539912  3.661
 44     2.752 53738.28754023 17.53  65.659108  65.536812  3.661
 44     2.898 53738.28754088 17.01  65.656018  65.533712  3.661
 44     2.980 53738.28754152 16.41  65.652928  65.530612  3.661
 44     3.190 53738.28754217 16.54  65.649848  65.527522  3.661
 44     3.321 53738.28754281 17.29  65.646758  65.524422  3.661
 44     4.785 53738.28754346 16.51  65.643678  65.521322  3.661
 44     5.317 53738.28754410 16.47  65.640598  65.518222  3.661
 44     5.959 53738.28754474 16.34  65.637508  65.515132  3.661
 44     5.390 53738.28754539 16.88  65.634428  65.512032  3.661
 44     5.603 53738.28754603 17.04  65.631348  65.508932  3.661
 45     2.987 53773.28755767 13.68  65.665280  65.516877  2.751
 45     2.854 53773.28755832 13.81  65.662200  65.513777  2.751
 45     2.829 53773.28755896 14.00  65.659110  65.510687  2.751
 45     4.877 53773.28755960 13.82  65.656030  65.507587  2.751
 45     5.617 53773.28756025 14.92  65.652940  65.504487  2.751
 45     3.050 53773.28756089 15.61  65.649860  65.501397  2.751
 45     5.619 53773.28756154 14.67  65.646780  65.498297  2.751
 45     5.983 53773.28756218 14.33  65.643700  65.495200  3.181
 45     5.520 53773.28756283 15.34  65.640610  65.492100  3.181
 45     5.888 53773.28756347 15.36  65.637530  65.489000  3.181
 45     6.075 53773.28756412 15.72  65.634450  65.485910  3.181
 45     6.266 53773.28756476 15.67  65.631370  65.482810  3.181
 46     2.045 53808.28754000 11.77  65.668090  65.540049  2.813
 46     2.600 53808.28754129 11.46  65.661910  65.533859  2.813
 46     2.810 53808.28754194 11.42  65.658820  65.530759  2.813
 46     3.218 53808.28754258 11.46  65.655740  65.527659  2.813
 46     3.750 53808.28754323 11.49  65.652650  65.524559  2.813
 46     4.380 53808.28754387 11.38  65.649570  65.521469  2.813
 46     4.845 53808.28754451 11.33  65.646480  65.518369  2.813
 46     5.480 53808.28754516 11.42  65.643400  65.515269  2.813
 46     6.324 53808.28754580 11.67  65.640310  65.512179  2.813
 46     6.629 53808.28754645 11.79  65.637230  65.509079  2.813
 46     6.980 53808.28754709 11.58  65.634150  65.505979  2.813
 48     6.767 53878.28761707 40.63  65.647763  65.501086 16.858
 48     6.569 53878.28761771 42.62  65.644678  65.497989 27.621
 48     7.078 53878.28761836 30.38  65.641598  65.494889 27.621
 48     6.939 53878.28761900 38.60  65.638518  65.491789 27.621
 48     8.933 53878.28761965 32.37  65.635438  65.488689 27.621
 48     9.315 53878.28762029 31.19  65.632358  65.485599 27.621
 49     7.966 53913.28766454 21.12  65.663667  65.530355  8.170
 49     7.882 53913.28766519 15.18  65.660577  65.527265  8.170
 49     7.822 53913.28766583 15.20  65.657487  65.524165  8.170
 49     7.703 53913.28766648 15.86  65.654397  65.521065  8.170
 49     7.646 53913.28766712 16.49  65.651307  65.517965  8.170
 49     7.646 53913.28766777 15.82  65.648227  65.514875  8.170
 49     7.884 53913.28766841 15.22  65.645137  65.511775  8.170
 49     8.311 53913.28766906 15.77  65.642057  65.508675  8.170
 49     8.572 53913.28766970 17.52  65.638967  65.505585  8.170
 49     9.005 53913.28767035 30.77  65.635887  65.502485  8.170
 49     8.674 53913.28767099 36.14  65.632804  65.499386 35.263
 51    39.131 53983.28761711 11.72  65.667681  65.540743  9.715
 51    38.711 53983.28761840  6.92  65.661501  65.534553  9.715
 51    38.496 53983.28761904  5.32  65.658411  65.531453  9.715
 51    36.229 53983.28761969  6.12  65.655331  65.528353  9.715
 51    36.033 53983.28762033  4.29  65.652241  65.525253  9.715
 51    27.059 53983.28762098  7.50  65.649151  65.522163  9.715
 51     4.387 53983.28762355 23.74  65.636821  65.509773  9.715
 51     8.137 53983.28762420 21.27  65.633741  65.506673  9.715
 52     4.768 54018.28765201 16.56  65.664788  65.514016  3.663
 52     5.675 54018.28765266 16.83  65.661708  65.510926  3.663
 52     6.308 54018.28765330 17.41  65.658618  65.507826  3.663
 52     6.993 54018.28765395 18.93  65.655538  65.504726  3.663
 52     7.504 54018.28765459 20.05  65.652448  65.501636  3.663
 52     7.855 54018.28765524 22.77  65.649368  65.498536  3.663
 52     8.028 54018.28765588 20.51  65.646279  65.495441 21.068
 52     8.070 54018.28765653 22.24  65.643199  65.492341 21.068
 52     8.186 54018.28765717 23.34  65.640119  65.489241 21.068
 52     8.511 54018.28765782 24.35  65.637039  65.486141 21.068
 52     8.279 54018.28765846 24.09  65.633959  65.483051 21.068
 52     8.418 54018.28765911 24.72  65.630879  65.479951 21.068
 52     8.295 54018.28765975 25.00  65.627799  65.476851 21.068
 53     3.766 54053.28764449 20.52  65.667197  65.518347  5.270
 53     3.797 54053.28764513 20.69  65.664117  65.515247  5.270
 53     3.709 54053.28764578 21.23  65.661027  65.512147  5.270
 53     3.696 54053.28764642 21.73  65.657947  65.509057  5.270
 53     3.791 54053.28764707 20.39  65.654857  65.505957  5.270
 53     3.664 54053.28764771 21.93  65.651777  65.502857  5.270
 53     3.675 54053.28764836 20.82  65.648697  65.499767  5.270
 53     3.661 54053.28764900 21.21  65.645617  65.496667  5.270
 53     7.854 54053.28764965 20.97  65.642532  65.493569  6.178
 53     8.076 54053.28765029 20.08  65.639452  65.490469  6.178
 53     8.177 54053.28765094 19.24  65.636372  65.487369  6.178
 53     6.694 54053.28765158 19.50  65.633292  65.484269  6.178
 53     6.784 54053.28765223 20.22  65.630212  65.481179  6.178
 54     3.921 54088.28763423 14.63  65.662545  65.530109  3.821
 54     4.060 54088.28763488 16.28  65.659465  65.527009  3.821
 54     4.196 54088.28763552 15.84  65.656375  65.523909  3.821
 54     4.086 54088.28763617 17.24  65.653285  65.520819  3.821
 54     4.075 54088.28763681 16.96  65.650205  65.517719  3.821
 54     4.047 54088.28763746 17.27  65.647115  65.514619  3.821
 54     4.076 54088.28763810 17.45  65.644035  65.511529  3.821
 54     4.146 54088.28763875 16.59  65.640955  65.508429  3.821
 54     4.216 54088.28763939 16.64  65.637865  65.505329  3.821
 54     4.773 54088.28764003 16.25  65.634785  65.502229  3.821
 56    36.724 54158.28759814  4.86  65.664057  65.526926  2.996
 56    35.813 54158.28759879  4.49  65.660967  65.523836  2.996
 56    35.059 54158.28759943  4.63  65.657887  65.520736  2.996
 56    32.896 54158.28760008  4.47  65.654803  65.517645  3.671
 56    27.652 54158.28760072  7.26  65.651713  65.514545  3.671
 56    21.120 54158.28760136  9.61  65.648623  65.511445  3.671
 56     6.764 54158.28760201 12.05  65.645543  65.508345  3.671
 56     4.478 54158.28760265 14.51  65.642463  65.505255  3.671
 56     6.945 54158.28760330 13.78  65.639373  65.502155  3.671
 56     7.113 54158.28760394 13.55  65.636293  65.499055  3.671
 56     7.242 54158.28760459 13.17  65.633213  65.495955  3.671
 57    36.526 54193.28756032  2.59  65.664860  65.513122  3.739
 57    34.701 54193.28756097  2.74  65.661770  65.510022  3.739
 57     5.682 54193.28756290 10.60  65.652520  65.500732  3.739
 57     5.195 54193.28756355 11.68  65.649440  65.497632  3.739
 57     5.758 54193.28756419 12.16  65.646350  65.494542  3.739
 57     5.395 54193.28756484 11.87  65.643270  65.491442  3.739
 57     6.480 54193.28756548 11.72  65.640190  65.488342  3.739
 57     7.272 54193.28756613 10.86  65.637110  65.485242  3.739
 57     6.978 54193.28756677 10.71  65.634030  65.482152  3.739
 57     7.154 54193.28756742 10.95  65.630950  65.479052  3.739
 57     7.579 54193.28756806 10.43  65.627870  65.475952  3.739
 57     7.836 54193.28756871 10.41  65.624790  65.472852  3.739
 58     6.970 54228.28761032 21.48  65.664897  65.525063 11.822
 58     7.198 54228.28761097 18.49  65.661807  65.521963 11.822
 58     7.140 54228.28761161 21.50  65.658719  65.518871 19.017
 58     7.078 54228.28761226 21.36  65.655639  65.515771 19.017
 58     7.004 54228.28761290 22.55  65.652549  65.512671 19.017
 58     7.123 54228.28761355 21.18  65.649459  65.509571 19.017
 58     7.255 54228.28761419 20.29  65.646379  65.506481 19.017
 58     7.244 54228.28761484 22.79  65.643299  65.503381 19.017
 58     7.523 54228.28761548 23.45  65.640209  65.500281 19.017
 58     7.382 54228.28761613 28.70  65.637129  65.497181 19.017
 58     7.179 54228.28761677 31.81  65.634049  65.494091 19.017
 59    33.907 54263.28762918 15.46  65.664606  65.523859 10.543
 59    27.480 54263.28762983 16.33  65.661516  65.520759 10.543
 59    25.713 54263.28763047 17.33  65.658434  65.517667 17.850
 59     7.871 54263.28763111 17.36  65.655344  65.514567 17.850
 59     7.966 54263.28763176 16.98  65.652264  65.511467 17.850
 59     8.031 54263.28763240 17.19  65.649174  65.508367 17.850
 59     8.215 54263.28763305 17.60  65.646094  65.505277 17.850
 59     8.792 54263.28763369 19.80  65.643014  65.502177 17.850
 59     8.909 54263.28763434 25.68  65.639924  65.499077 17.850
 59     9.339 54263.28763498 23.19  65.636844  65.495977 17.850
 59     9.374 54263.28763563 28.27  65.633764  65.492887 17.850
 60     8.596 54298.28763409 17.93  65.664699  65.524655  3.421
 60     8.497 54298.28763473 18.23  65.661609  65.521555  3.421
 60     8.594 54298.28763538 18.42  65.658527  65.518454 23.873
 60     8.661 54298.28763602 19.15  65.655437  65.515364 23.873
 60     8.640 54298.28763667 19.31  65.652357  65.512264 23.873
 60     8.657 54298.28763731 19.32  65.649267  65.509164 23.873
 60     8.532 54298.28763796 20.27  65.646187  65.506074 23.873
 60     8.522 54298.28763860 21.20  65.643107  65.502974 23.873
 60     8.734 54298.28763925 24.81  65.640017  65.499874 23.873
 60     8.892 54298.28763989 27.10  65.636937  65.496774 23.873
 60     8.904 54298.28764054 33.93  65.633857  65.493684 23.873
 61     6.347 54333.28762292 16.96  65.662440  65.529751  4.885
 61     6.794 54333.28762356 17.77  65.659360  65.526661  4.885
 61     7.163 54333.28762421 17.58  65.656270  65.523561  4.885
 61     7.284 54333.28762485 18.85  65.653181  65.520466 30.987
 61     7.791 54333.28762550 17.54  65.650101  65.517366 30.987
 61     7.981 54333.28762614 17.13  65.647011  65.514266 30.987
 61     8.094 54333.28762679 17.57  65.643931  65.511166 30.987
 61     8.223 54333.28762743 18.28  65.640851  65.508076 30.987
 61     8.514 54333.28762808 18.20  65.637761  65.504976 30.987
 61     8.733 54333.28762872 33.48  65.634681  65.501876 30.987
 63     4.563 54403.28756679 18.70  65.662581  65.527215  4.040
 63     4.897 54403.28756743 18.75  65.659497  65.524114  7.379
 63     5.254 54403.28756807 19.28  65.656407  65.521024  7.379
 63     3.829 54403.28756872 20.67  65.653317  65.517924  7.379
 63     4.155 54403.28756936 20.66  65.650237  65.514824  7.379
 63     6.609 54403.28757001 20.92  65.647147  65.511734  7.379
 63     7.226 54403.28757065 21.06  65.644067  65.508634  7.379
 63     7.567 54403.28757130 22.74  65.640987  65.505534  7.379
 63     8.057 54403.28757194 25.18  65.637897  65.502434  7.379
 63     8.269 54403.28757259 26.09  65.634817  65.499344  7.379
 65     2.788 54473.28755369 23.90  65.665656  65.520334  7.356
 65     2.911 54473.28755434 25.35  65.662566  65.517244  7.356
 65     2.787 54473.28755498 25.40  65.659486  65.514144  7.356
 65     2.772 54473.28755563 23.51  65.656396  65.511044  7.356
 65     2.578 54473.28755627 22.45  65.653316  65.507954  7.356
 65     2.671 54473.28755692 20.47  65.650226  65.504854  7.356
 65     2.779 54473.28755756 18.84  65.647146  65.501759  4.797
 65     6.806 54473.28755821 17.93  65.644066  65.498659  4.797
 65     6.812 54473.28755885 17.58  65.640976  65.495559  4.797
 65     7.144 54473.28755950 16.69  65.637896  65.492459  4.797
 65     6.841 54473.28756014 16.63  65.634816  65.489369  4.797
 66     2.466 54508.28753689 14.37  65.665547  65.513643  2.991
 66     2.618 54508.28753754 14.78  65.662467  65.510543  2.991
 66     2.440 54508.28753818 15.92  65.659377  65.507443  2.991
 66     2.562 54508.28753882 16.17  65.656287  65.504353  2.991
 66     5.308 54508.28753947 16.21  65.653207  65.501253  2.991
 66     6.034 54508.28754011 15.70  65.650121  65.498161  3.665
 66     5.799 54508.28754076 15.96  65.647041  65.495061  3.665
 66     5.249 54508.28754140 15.96  65.643961  65.491961  3.665
 66     5.791 54508.28754205 15.62  65.640881  65.488861  3.665
 66     5.982 54508.28754269 15.29  65.637791  65.485771  3.665
 66     5.940 54508.28754334 15.59  65.634711  65.482671  3.665
 66     6.727 54508.28754398 14.84  65.631631  65.479571  3.665
 66     6.973 54508.28754463 14.93  65.628561  65.476471  3.665
 66     7.048 54508.28754527 15.28  65.625481  65.473381  3.665
 67     3.752 54543.28756727 12.32  65.663483  65.525605  2.709
 67     4.459 54543.28756792 12.61  65.660393  65.522505  2.709
 67     4.960 54543.28756856 12.92  65.657313  65.519405  2.709
 67     4.710 54543.28756921 13.13  65.654223  65.516315  2.709
 67     5.490 54543.28756985 13.58  65.651143  65.513215  2.709
 67     6.077 54543.28757050 13.66  65.648055  65.510119  3.090
 67     6.316 54543.28757114 13.85  65.644965  65.507019  3.090
 67     6.888 54543.28757179 13.20  65.641885  65.503919  3.090
 67     6.883 54543.28757243 13.53  65.638805  65.500819  3.090
 67     7.012 54543.28757308 13.33  65.635725  65.497729  3.090
 68     2.554 54578.28753742 17.55  65.665394  65.522558  8.107
 68     2.837 54578.28753807 14.70  65.662304  65.519468  8.107
 68     2.418 54578.28753871 13.41  65.659214  65.516368  8.107
 68     2.248 54578.28753936 13.24  65.656134  65.513268  8.107
 68     2.246 54578.28754000 12.42  65.653044  65.510178  8.107
 68     2.341 54578.28754065 10.58  65.649964  65.507078  8.107
 68     2.522 54578.28754129  9.91  65.646874  65.503981  5.375
 68     2.344 54578.28754194 10.28  65.643794  65.500881  5.375
 68     2.397 54578.28754258 10.53  65.640714  65.497781  5.375
 68     6.031 54578.28754323 10.68  65.637634  65.494691  5.375
 68     6.920 54578.28754387  9.61  65.634544  65.491591  5.375
 69     8.244 54613.28755763 28.88  65.663641  65.525901 12.123
 69     8.201 54613.28755827 20.47  65.660551  65.522811 12.123
 69     8.198 54613.28755892 19.82  65.657471  65.519711 12.123
 69     7.976 54613.28755956 19.86  65.654381  65.516611 12.123
 69     7.745 54613.28756021 19.24  65.651301  65.513521 12.123
 69     7.900 54613.28756085 19.72  65.648211  65.510421 12.123
 69     8.087 54613.28756149 21.37  65.645125  65.507325 28.020
 69     8.626 54613.28756214 21.54  65.642045  65.504225 28.020
 69     8.769 54613.28756278 24.54  65.638965  65.501125 28.020
 69     8.546 54613.28756343 28.49  65.635885  65.498025 28.020
 70     7.310 54648.28756502 13.90  65.665164  65.523919  5.196
 70     7.627 54648.28756567 12.76  65.662074  65.520819  5.196
 70     7.651 54648.28756631 13.31  65.658984  65.517719  5.196
 70     7.767 54648.28756696 12.93  65.655904  65.514629  5.196
 70     7.838 54648.28756760 13.40  65.652814  65.511529  5.196
 70     7.980 54648.28756825 13.05  65.649730  65.508435 23.978
 70     8.207 54648.28756889 13.28  65.646650  65.505335 23.978
 70     8.415 54648.28756953 17.11  65.643560  65.502235 23.978
 70     8.742 54648.28757018 23.50  65.640480  65.499135 23.978
 70     8.956 54648.28757082 26.08  65.637400  65.496045 23.978
 70     8.785 54648.28757147 32.31  65.634320  65.492945 23.978
 71    39.514 54683.28756447  9.88  65.660821  65.528393  8.250
 71    38.589 54683.28756512  9.16  65.657731  65.525293  8.250
 71    36.741 54683.28756576  8.59  65.654651  65.522203  8.250
 71    35.622 54683.28756640  7.97  65.651561  65.519103  8.250
 71    35.248 54683.28756705  9.59  65.648481  65.516003  8.250
 71    20.184 54683.28756769 13.01  65.645391  65.512913  8.250
 71     8.325 54683.28756898 15.18  65.639229  65.506714 19.097
 71     8.574 54683.28756963 21.90  65.636139  65.503614 19.097
 71     8.506 54683.28757027 30.76  65.633059  65.500514 19.097
 72     4.074 54718.28751371 27.52  65.667533  65.515010  3.655
 72     5.870 54718.28751435 21.96  65.664443  65.511910  3.655
 72     4.118 54718.28751500 19.68  65.661363  65.508810  3.655
 72     3.831 54718.28751564 19.93  65.658273  65.505720  3.655
 72     7.255 54718.28751629 20.20  65.655193  65.502620  3.655
 72     7.709 54718.28751693 20.69  65.652109  65.499526 18.752
 72     6.673 54718.28751758 21.71  65.649019  65.496426 18.752
 72     8.016 54718.28751822 24.00  65.645939  65.493326 18.752
 72     8.330 54718.28751887 22.73  65.642859  65.490226 18.752
 72     8.490 54718.28751951 23.60  65.639779  65.487136 18.752
 72     8.508 54718.28752016 27.73  65.636699  65.484036 18.752
 72     8.658 54718.28752080 27.50  65.633619  65.480936 18.752
 72     8.584 54718.28752145 34.50  65.630539  65.477836 18.752
 72     8.603 54718.28752209 30.71  65.627459  65.474746 18.752
 72     8.562 54718.28752273 34.09  65.624379  65.471646 18.752
 73     3.607 54753.28753808 50.01  65.665494  65.524264 15.016
 73     3.739 54753.28753872 51.58  65.662404  65.521164 15.016
 73     3.693 54753.28753937 47.94  65.659314  65.518074 15.016
 73     3.538 54753.28754001 50.84  65.656234  65.514974 15.016
 73     3.646 54753.28754066 49.47  65.653144  65.511874 15.016
 73     3.613 54753.28754130 48.86  65.650061  65.508782 21.656
 73     3.503 54753.28754195 48.28  65.646981  65.505682 21.656
 73     3.546 54753.28754259 49.98  65.643891  65.502582 21.656
 73     3.584 54753.28754324 49.41  65.640811  65.499482 21.656
 73     3.623 54753.28754388 49.83  65.637731  65.496392 21.656
 73     3.651 54753.28754452 50.70  65.634651  65.493292 21.656
 74     3.950 54788.28750492 36.25  65.666413  65.515399  9.588
 74     4.042 54788.28750557 35.63  65.663323  65.512299  9.588
 74     3.915 54788.28750621 35.16  65.660233  65.509199  9.588
 74     3.988 54788.28750686 35.72  65.657153  65.506100 17.695
 74     3.997 54788.28750750 34.81  65.654063  65.503010 17.695
 74     3.907 54788.28750815 34.95  65.650983  65.499910 17.695
 74     3.989 54788.28750879 34.05  65.647903  65.496810 17.695
 74     4.030 54788.28750943 36.81  65.644813  65.493720 17.695
 74     4.029 54788.28751008 37.78  65.641733  65.490620 17.695
 74     4.040 54788.28751072 38.61  65.638653  65.487520 17.695
 74     4.031 54788.28751137 36.43  65.635573  65.484420 17.695
 74     4.118 54788.28751201 41.54  65.632493  65.481330 17.695
 74     4.206 54788.28751266 41.72  65.629413  65.478230 17.695
 74     3.929 54788.28751330 32.68  65.626333  65.475130 17.695
 75     3.786 54823.28753370 13.86  65.663842  65.519326  2.848
 75     3.631 54823.28753434 14.51  65.660752  65.516236  2.848
 75     3.614 54823.28753499 15.67  65.657672  65.513136  2.848
 75     3.677 54823.28753563 15.60  65.654585  65.510043  3.768
 75     3.684 54823.28753628 16.38  65.651495  65.506943  3.768
 75     6.488 54823.28753692 15.82  65.648415  65.503843  3.768
 75     6.654 54823.28753756 15.86  65.645335  65.500743  3.768
 75     7.136 54823.28753821 15.55  65.642245  65.497653  3.768
 75     7.313 54823.28753885 15.22  65.639165  65.494553  3.768
 75     7.194 54823.28753950 15.10  65.636085  65.491453  3.768
 76     3.399 54858.28750052 13.26  65.668055  65.513821  2.639
 76     4.035 54858.28750117 13.38  65.664965  65.510721  2.639
 76     4.748 54858.28750181 13.98  65.661885  65.507631  2.639
 76     5.214 54858.28750246 13.69  65.658795  65.504531  2.639
 76     3.334 54858.28750310 14.43  65.655709  65.501440  3.289
 76     3.550 54858.28750374 13.46  65.652629  65.498340  3.289
 76     3.500 54858.28750439 13.75  65.649549  65.495240  3.289
 76     4.482 54858.28750503 14.03  65.646459  65.492140  3.289
 76     5.498 54858.28750568 13.60  65.643379  65.489050  3.289
 76     5.777 54858.28750632 13.60  65.640299  65.485950  3.289
 76     5.909 54858.28750697 13.73  65.637219  65.482850  3.289
 76     6.323 54858.28750761 13.53  65.634139  65.479750  3.289
 76     3.936 54858.28750826 13.94  65.631059  65.476660  3.289
 76     6.300 54858.28750890 13.44  65.627979  65.473560  3.289
 76     6.544 54858.28750955 12.73  65.624899  65.470460  3.289
 76     6.795 54858.28751019 13.09  65.621819  65.467360  3.289
 77     2.917 54893.28753432 11.28  65.662610  65.529941  2.524
 77     2.988 54893.28753497 11.87  65.659520  65.526851  2.524
 77     3.997 54893.28753561 11.38  65.656430  65.523751  2.524
 77     3.734 54893.28753625 12.92  65.653350  65.520651  2.524
 77     4.384 54893.28753690 13.36  65.650260  65.517561  2.524
 77     4.954 54893.28753754 13.17  65.647180  65.514461  2.524
 77     5.838 54893.28753819 13.12  65.644095  65.511366  3.009
 77     5.967 54893.28753883 13.48  65.641005  65.508266  3.009
 77     7.361 54893.28753948 14.03  65.637925  65.505166  3.009
 77     6.810 54893.28754012 13.14  65.634845  65.502076  3.009
 78    35.977 54928.28749811  4.79  65.665152  65.516760  3.396
 78    32.859 54928.28749876  5.40  65.662062  65.513660  3.396
 78    28.065 54928.28749940  6.39  65.658972  65.510570  3.396
 78    25.199 54928.28750005  8.42  65.655892  65.507470  3.396
 78     3.350 54928.28750198 16.49  65.646641  65.498177  4.014
 78     5.673 54928.28750263 15.80  65.643551  65.495077  4.014
 78     5.905 54928.28750327 15.47  65.640471  65.491987  4.014
 78     5.973 54928.28750392 15.15  65.637391  65.488887  4.014
 78     6.221 54928.28750456 15.19  65.634311  65.485787  4.014
 78     5.813 54928.28750521 14.78  65.631231  65.482687  4.014
 80     8.216 54998.28755463 22.18  65.662711  65.528412  3.315
 80     8.163 54998.28755527 22.79  65.659621  65.525322  3.315
 80     8.047 54998.28755592 23.18  65.656531  65.522222  3.315
 80     8.101 54998.28755656 24.09  65.653451  65.519122  3.315
 80     8.239 54998.28755721 23.80  65.650361  65.516032  3.315
 80     8.271 54998.28755785 23.09  65.647271  65.512932  3.315
 80     8.166 54998.28755850 23.72  65.644194  65.509837 28.002
 80     8.094 54998.28755914 24.31  65.641104  65.506737 28.002
 80     8.412 54998.28755979 24.81  65.638024  65.503637 28.002
 80     8.544 54998.28756043 31.90  65.634944  65.500537 28.002
 81     6.902 55033.28754473 10.94  65.664706  65.523016  4.626
 81     6.958 55033.28754537 11.72  65.661616  65.519916  4.626
 81     6.916 55033.28754601 11.94  65.658526  65.516816  4.626
 81     7.027 55033.28754666 11.86  65.655446  65.513726  4.626
 81     7.257 55033.28754730 12.47  65.652356  65.510626  4.626
 81     7.448 55033.28754795 12.86  65.649273  65.507531 26.356
 81     8.544 55033.28754859 13.58  65.646193  65.504431 26.356
 81     8.500 55033.28754924 21.34  65.643103  65.501331 26.356
 81     8.552 55033.28754988 19.91  65.640023  65.498231 26.356
 81     8.934 55033.28755053 29.01  65.636943  65.495141 26.356
 81     8.332 55033.28755117 33.97  65.633863  65.492041 26.356
 82     4.787 55068.28753163 13.32  65.660928  65.530281  4.717
 82     4.836 55068.28753228 14.54  65.657838  65.527181  4.717
 82     4.302 55068.28753292 15.88  65.654758  65.524081  4.717
 82     4.402 55068.28753357 17.63  65.651668  65.520981  4.717
 82     6.623 55068.28753421 17.71  65.648578  65.517891  4.717
 82     4.414 55068.28753486 22.23  65.645498  65.514791  4.717
 82     4.326 55068.28753550 24.15  65.642418  65.511691  4.717
 82     7.190 55068.28753614 20.66  65.639328  65.508591  4.717
 82     7.448 55068.28753679 24.00  65.636247  65.505499 26.046
 82     8.350 55068.28753743 33.31  65.633167  65.502399 26.046
 83     4.184 55103.28747250 16.48  65.665567  65.516618  5.654
 83     4.595 55103.28747314 18.47  65.662477  65.513518  5.654
 83     4.083 55103.28747379 17.92  65.659397  65.510418  5.654
 83     3.812 55103.28747443 18.67  65.656307  65.507328  5.654
 83     7.231 55103.28747508 17.82  65.653227  65.504228  5.654
 83     7.573 55103.28747572 18.63  65.650141  65.501136 22.511
 83     8.117 55103.28747637 21.64  65.647051  65.498036 22.511
 83     8.439 55103.28747701 21.75  65.643971  65.494936 22.511
 83     8.589 55103.28747766 25.75  65.640891  65.491836 22.511
 83     8.664 55103.28747830 28.93  65.637811  65.488746 22.511
 83     8.469 55103.28747895 29.86  65.634731  65.485646 22.511
 83     8.693 55103.28747959 26.66  65.631651  65.482546 22.511
 83     8.617 55103.28748024 31.12  65.628571  65.479446 22.511
 84     3.621 55138.28747965 47.84  65.664525  65.525121 16.995
 84     3.583 55138.28748029 55.30  65.661435  65.522021 16.995
 84     3.645 55138.28748094 51.96  65.658345  65.518921 16.995
 84     3.483 55138.28748158 50.57  65.655265  65.515831 16.995
 84     3.458 55138.28748222 51.26  65.652175  65.512731 16.995
 84     3.507 55138.28748287 51.59  65.649093  65.509638 19.675
 84     3.562 55138.28748351 49.28  65.646013  65.506538 19.675
 84     3.623 55138.28748416 50.17  65.642923  65.503438 19.675
 84     3.648 55138.28748480 50.29  65.639843  65.500338 19.675
 84     3.637 55138.28748545 51.89  65.636763  65.497248 19.675
 84     3.644 55138.28748609 49.77  65.633683  65.494148 19.675
 85     2.813 55173.28744192 21.12  65.667332  65.515105  4.478
 85     2.873 55173.28744256 21.30  65.664242  65.512005  4.478
 85     2.910 55173.28744321 22.53  65.661162  65.508915  4.478
 85     2.922 55173.28744385 22.78  65.658072  65.505815  4.478
 85     2.962 55173.28744450 21.72  65.654984  65.502723  4.834
 85     2.948 55173.28744514 22.07  65.651904  65.499623  4.834
 85     2.942 55173.28744579 20.78  65.648824  65.496523  4.834
 85     2.964 55173.28744643 19.71  65.645734  65.493423  4.834
 85     5.484 55173.28744707 19.74  65.642654  65.490333  4.834
 85     5.789 55173.28744772 19.53  65.639574  65.487233  4.834
 85     6.173 55173.28744836 19.72  65.636494  65.484133  4.834
 85     6.138 55173.28744901 19.69  65.633414  65.481033  4.834
 85     6.549 55173.28744965 18.80  65.630334  65.477943  4.834
 85     6.258 55173.28745030 18.73  65.627254  65.474843  4.834
 85     2.871 55173.28745094 19.84  65.624174  65.471743  4.834
 86     3.144 55208.28747480 14.39  65.663373  65.521372  2.993
 86     3.872 55208.28747544 14.39  65.660283  65.518272  2.993
 86     4.762 55208.28747609 14.84  65.657203  65.515182  2.993
 86     5.663 55208.28747673 14.46  65.654113  65.512082  2.993
 86     6.144 55208.28747738 15.34  65.651026  65.508989  3.411
 86     6.708 55208.28747802 15.39  65.647946  65.505889  3.411
 86     7.100 55208.28747866 14.78  65.644866  65.502789  3.411
 86     7.022 55208.28747931 14.64  65.641776  65.499689  3.411
 86     7.311 55208.28747995 13.99  65.638696  65.496599  3.411
 86     7.121 55208.28748060 14.26  65.635616  65.493499  3.411
 87     3.696 55243.28744642 13.41  65.664758  65.516010  2.927
 87     4.573 55243.28744707 13.19  65.661668  65.512910  2.927
 87     4.999 55243.28744771 14.15  65.658588  65.509820  2.927
 87     5.711 55243.28744836 13.88  65.655498  65.506720  2.927
 87     5.932 55243.28744900 14.69  65.652414  65.503620  3.226
 87     6.374 55243.28744965 13.85  65.649334  65.500530  3.226
 87     6.565 55243.28745029 13.42  65.646244  65.497430  3.226
 87     6.336 55243.28745094 13.81  65.643164  65.494330  3.226
 87     6.272 55243.28745158 13.65  65.640084  65.491240  3.226
 87     6.444 55243.28745223 13.50  65.637004  65.488140  3.226
 87     6.229 55243.28745287 13.55  65.633924  65.485040  3.226
 87     6.336 55243.28745351 13.34  65.630844  65.481940  3.226
 88     2.723 55278.28746735 12.23  65.661291  65.528928  2.982
 88     2.952 55278.28746799 12.53  65.658201  65.525838  2.982
 88     3.144 55278.28746864 12.29  65.655111  65.522738  2.982
 88     3.787 55278.28746928 12.63  65.652031  65.519638  2.982
 88     5.354 55278.28746993 12.94  65.648941  65.516548  2.982
 88     4.339 55278.28747057 12.38  65.645861  65.513448  2.982
 88     6.820 55278.28747122 12.04  65.642772  65.510350  2.731
 88     7.363 55278.28747186 12.28  65.639692  65.507250  2.731
 88     7.596 55278.28747251 12.05  65.636612  65.504150  2.731
 88     6.052 55278.28747315 12.14  65.633532  65.501060  2.731
 89     2.849 55313.28743101 22.85  65.663476  65.521895 13.058
 89     2.908 55313.28743166 23.05  65.660386  65.518805 13.058
 89     2.675 55313.28743230 23.55  65.657306  65.515705 13.058
 89     2.732 55313.28743294 23.35  65.654216  65.512605 13.058
 89     2.615 55313.28743359 23.90  65.651136  65.509515 13.058
 89     2.805 55313.28743423 24.55  65.648046  65.506415 13.058
 89     2.886 55313.28743488 26.73  65.644963  65.503317 12.570
 89     2.962 55313.28743552 25.76  65.641883  65.500217 12.570
 89     2.916 55313.28743617 26.41  65.638803  65.497117 12.570
 89     2.913 55313.28743681 28.00  65.635713  65.494027 12.570
 90     7.832 55348.28743783 50.50  65.662904  65.528197 20.005
 90     7.920 55348.28743847 40.15  65.659814  65.525107 20.005
 90     7.870 55348.28743912 40.88  65.656734  65.522007 20.005
 90     7.845 55348.28743976 41.39  65.653644  65.518907 20.005
 90     7.800 55348.28744041 42.36  65.650554  65.515817 20.005
 90     7.761 55348.28744105 46.14  65.647474  65.512717 20.005
 90     7.744 55348.28744170 46.31  65.644386  65.509620 26.892
 90     7.751 55348.28744234 39.84  65.641306  65.506520 26.892
 90     7.784 55348.28744299 37.57  65.638226  65.503420 26.892
 90     7.877 55348.28744363 44.46  65.635146  65.500330 26.892
 91     7.161 55383.28743037 12.65  65.664280  65.516833  6.788
 91     7.011 55383.28743101 12.50  65.661190  65.513733  6.788
 91     7.093 55383.28743165 12.73  65.658110  65.510633  6.788
 91     7.045 55383.28743230 12.33  65.655023  65.507532 23.966
 91     7.723 55383.28743294 12.81  65.651933  65.504442 23.966
 91     8.206 55383.28743359 17.62  65.648853  65.501342 23.966
 91     8.591 55383.28743423 19.46  65.645773  65.498242 23.966
 91     8.788 55383.28743488 21.00  65.642683  65.495152 23.966
 91     8.992 55383.28743552 20.89  65.639603  65.492052 23.966
 91     8.764 55383.28743617 25.68  65.636523  65.488952 23.966
 91     8.637 55383.28743681 32.06  65.633443  65.485852 23.966
 92     6.850 55418.28745797 19.46  65.663712  65.521064  8.061
 92     6.553 55418.28745862 17.21  65.660622  65.517964  8.061
 92     6.482 55418.28745926 16.89  65.657532  65.514874  8.061
 92     6.445 55418.28745990 17.15  65.654452  65.511774  8.061
 92     6.541 55418.28746055 17.18  65.651364  65.508680 29.550
 92     7.313 55418.28746119 16.87  65.648284  65.505580 29.550
 92     8.018 55418.28746184 21.53  65.645204  65.502480 29.550
 92     8.195 55418.28746248 21.39  65.642114  65.499380 29.550
 92     8.286 55418.28746313 26.14  65.639034  65.496290 29.550
 92     8.226 55418.28746377 33.84  65.635954  65.493190 29.550
 93     3.916 55453.28743492 23.24  65.668175  65.539077  4.083
 93     3.998 55453.28743621 24.26  65.661995  65.532877  4.083
 93     3.655 55453.28743685 24.87  65.658905  65.529787  4.083
 93     3.772 55453.28743750 25.74  65.655815  65.526687  4.083
 93     3.741 55453.28743814 26.68  65.652735  65.523587  4.083
 93     3.668 55453.28743879 27.48  65.649645  65.520487  4.083
 93     3.791 55453.28743943 28.36  65.646565  65.517397  4.083
 93     3.797 55453.28744008 29.78  65.643475  65.514297  4.083
 93     3.872 55453.28744072 29.61  65.640395  65.511197  4.083
 93     3.944 55453.28744137 30.29  65.637315  65.508107  4.083
 93     4.233 55453.28744201 36.32  65.634233  65.505006 11.009
 94     3.959 55488.28735557 14.93  65.664948  65.543087  7.383
 94     4.998 55488.28735621 15.02  65.661858  65.539987  7.383
 94     5.491 55488.28735686 16.32  65.658768  65.536897  7.383
 94     5.834 55488.28735750 17.62  65.655678  65.533797  7.383
 94     6.121 55488.28735815 16.75  65.652598  65.530697  7.383
 94     6.233 55488.28735879 17.46  65.649508  65.527607  7.383
 94     6.650 55488.28735944 17.20  65.646428  65.524507  7.383
 94     7.096 55488.28736008 17.53  65.643338  65.521407  7.383
 94     7.555 55488.28736073 18.85  65.640258  65.518307  7.383
 94     4.734 55488.28736137 23.24  65.637168  65.515207  7.383
 94     4.676 55488.28736202 25.19  65.634088  65.512117  7.383
 94     4.721 55488.28736266 28.23  65.631008  65.509017  7.383
