# NaN NaN NaN ;Mean Elev.(m), Avg Gradient(m/km), RMS Gradient(m/km) - SRTM1     
#   43.469  -2.105   4.478 ;Mean Elev.(m), Avg Gradient(m/km), RMS Gradient(m/km) - ASTER GDEM
#   47.282  -1.686   3.706 ;Mean Elev.(m), Avg Gradient(m/km), RMS Gradient(m/km) - GMTED2010 
  8    52.442 52496.65047620 20.10  81.592108  58.757340 32.763
  8    52.813 52496.65047684 25.82  81.590048  58.760520 32.763
  9    54.572 52531.65046291 16.36  81.570616  58.756394 34.091
  9    55.326 52531.65046355 19.68  81.568556  58.759574 34.091
 10    53.017 52566.65048444 18.79  81.585676  58.755697  9.477
 10    52.129 52566.65048509 23.84  81.583616  58.758887  9.477
 10    52.358 52566.65048573 24.90  81.581566  58.762067  9.477
 11    51.686 52601.65049506 25.16  81.585220  58.757281  8.084
 11    51.454 52601.65049570 32.58  81.583160  58.760461  8.084
 12    52.025 52636.65046048 16.68  81.575166  58.756156  4.296
 12    51.585 52636.65046112 17.14  81.573106  58.759336  4.296
 13    51.934 52671.65046505 15.37  81.585945  58.757050  3.661
 13    52.819 52671.65046570 13.41  81.583885  58.760230  3.661
 14    52.599 52706.65046410 12.87  81.580263  58.757059  3.719
 14    52.083 52706.65046475 13.68  81.578213  58.760239  3.719
 15    54.753 52741.65049601  9.37  81.585984  58.755216  4.430
 15    54.646 52741.65049666  8.72  81.583924  58.758406  4.430
 15    54.608 52741.65049730  8.53  81.581874  58.761586  4.430
 16    55.354 52776.65043887 43.29  81.600876  58.755552 39.610
 16    55.380 52776.65043951 49.54  81.598816  58.758732 39.610
 16    55.360 52776.65044016 49.51  81.596766  58.761922 39.610
 17    53.831 52811.65051719 38.39  81.574735  58.754150 22.971
 17    53.754 52811.65051783 34.73  81.572685  58.757330 22.971
 17    53.674 52811.65051848 41.58  81.570625  58.760520 22.971
 20    48.524 52916.65056581 31.81  81.595090  58.755570 28.863
 20    48.879 52916.65056646 41.68  81.593030  58.758750 28.863
 20    49.048 52916.65056710 39.21  81.590980  58.761930 28.863
 21    50.941 52951.65052726 49.74  81.579034  58.756158 24.359
 21    50.831 52951.65052790 46.93  81.576984  58.759338 24.359
 22    51.253 52986.65054438 14.77  81.590800  58.756860  3.414
 22    51.146 52986.65054502 14.86  81.588740  58.760050  3.414
 23    53.105 53021.65053331 11.52  81.595037  58.755182  2.697
 23    52.364 53021.65053395 11.73  81.592987  58.758362  2.697
 23    52.118 53021.65053460 12.10  81.590927  58.761552  2.697
 24    53.307 53056.65052385 11.13  81.587700  58.755084  2.429
 24    52.911 53056.65052449 10.99  81.585650  58.758264  2.429
 24    52.891 53056.65052514 11.07  81.583590  58.761454  2.429
 25    54.869 53091.65056196 11.03  81.585738  58.756705  2.205
 25    54.982 53091.65056260 10.38  81.583688  58.759895  2.205
 26    54.127 53126.65053274 30.84  81.581473  58.756033 13.541
 26    53.928 53126.65053339 28.87  81.579423  58.759213 13.541
 27    55.795 53161.65059550 33.55  81.578562  58.755470 41.365
 27    55.382 53161.65059615 31.02  81.576502  58.758660 41.365
 28    52.426 53196.65059403 51.18  81.586503  58.756992 36.061
 28    52.353 53196.65059467 53.26  81.584443  58.760172 36.061
 29    52.876 53231.65057480 22.28  81.595224  58.755261 30.858
 29    51.896 53231.65057545 18.62  81.593174  58.758441 30.858
 29    52.342 53231.65057609 19.82  81.591114  58.761631 30.858
 30    51.387 53266.65054418 31.96  81.597801  58.755218 33.495
 30    49.394 53266.65054482 37.89  81.595741  58.758398 33.495
 30    49.265 53266.65054547 46.96  81.593691  58.761578 33.495
 31    51.869 53301.65059671 29.39  81.571418  58.754285 16.861
 31    51.439 53301.65059736 24.30  81.569358  58.757465 16.861
 31    51.556 53301.65059800 23.44  81.567298  58.760655 16.861
 32    50.972 53336.65056664 31.70  81.588212  58.754466 15.097
 32    50.918 53336.65056728 32.55  81.586162  58.757646 15.097
 32    50.844 53336.65056793 30.28  81.584102  58.760826 15.097
 33    50.364 53371.65050293 23.73  81.599300  58.756034  5.477
 33    50.186 53371.65050358 23.14  81.597240  58.759214  5.477
 33    49.980 53371.65050422 23.12  81.595190  58.762394  5.477
 34    49.617 53406.65053984 23.59  81.582747  58.756565  7.279
 34    49.683 53406.65054048 22.44  81.580687  58.759745  7.279
 35    51.531 53441.65052516 11.99  81.597163  58.755356  3.359
 35    51.269 53441.65052580 13.30  81.595103  58.758536  3.359
 35    51.476 53441.65052645 13.04  81.593053  58.761716  3.359
 36    50.340 53476.65059433 26.66  81.576329  58.755021 10.455
 36    50.209 53476.65059497 27.62  81.574269  58.758201 10.455
 36    50.241 53476.65059562 25.27  81.572209  58.761381 10.455
 37    54.577 53511.65060784 30.28  81.583831  58.756984 36.838
 37    54.587 53511.65060849 31.82  81.581781  58.760164 36.838
 38    52.471 53546.65062514 29.31  81.583402  58.757263 21.316
 38    52.853 53546.65062578 31.88  81.581342  58.760443 21.316
 39    50.594 53581.65059616 26.12  81.591095  58.754462 23.704
 39    50.850 53581.65059680 26.68  81.589045  58.757642 23.704
 39    51.462 53581.65059744 30.70  81.586985  58.760832 23.704
 40    49.588 53616.65055164 27.12  81.593571  58.755975 30.599
 40    49.688 53616.65055229 33.99  81.591511  58.759155 30.599
 40    49.891 53616.65055293 44.17  81.589461  58.762345 30.599
 41    49.907 53651.65056752 31.03  81.582090  58.756171 35.220
 41    50.021 53651.65056817 43.31  81.580030  58.759351 35.220
 42    49.608 53686.65057280 49.09  81.582154  58.756534 25.683
 42    49.526 53686.65057345 46.20  81.580094  58.759714 25.683
 43    50.823 53721.65049826 24.09  81.598027  58.757381  5.881
 43    50.798 53721.65049890 24.31  81.595977  58.760561  5.881
 44    51.077 53756.65042913 16.74  81.584571  58.757299  3.631
 44    51.128 53756.65042978 17.19  81.582521  58.760479  3.631
 45    51.744 53791.65045440 12.66  81.593543  58.754670  3.136
 45    51.425 53791.65045505 12.54  81.591493  58.757850  3.136
 45    50.854 53791.65045569 13.57  81.589433  58.761040  3.136
 46    54.844 53826.65041773  6.94  81.579415  58.755876  1.989
 46    54.961 53826.65041838  7.02  81.577365  58.759056  1.989
 47    53.749 53861.65050693 34.30  81.577648  58.755816 29.299
 47    53.728 53861.65050758 31.81  81.575588  58.758996 29.299
 48    55.621 53896.65052756 49.47  81.583278  58.756611 42.711
 48    55.621 53896.65052821 51.52  81.581218  58.759791 42.711
 49    52.221 53931.65057772 26.18  81.576947  58.755799 24.418
 49    52.270 53931.65057837 28.85  81.574887  58.758989 24.418
 50    50.197 53966.65055321 52.23  81.582794  58.757138 35.836
 50    50.359 53966.65055386 52.03  81.580734  58.760328 35.836
 51    49.946 54001.65051567 52.72  81.575238  58.755403 32.127
 51    49.935 54001.65051631 50.26  81.573188  58.758583 32.127
 52    51.606 54036.65055541 22.31  81.584108  58.757353 14.960
 52    51.844 54036.65055605 22.97  81.582048  58.760533 14.960
 53    50.903 54071.65054946 41.51  81.587689  58.757112 15.582
 53    50.822 54071.65055011 39.38  81.585639  58.760292 15.582
 54    50.488 54106.65050012 19.93  81.597130  58.755609  4.847
 54    50.442 54106.65050076 20.42  81.595070  58.758789  4.847
 54    50.297 54106.65050141 19.30  81.593020  58.761969  4.847
 55    51.589 54141.65048349 14.29  81.580216  58.756260  3.269
 55    51.031 54141.65048414 14.97  81.578156  58.759440  3.269
 56    51.190 54176.65048215 13.51  81.590921  58.757385  3.339
 56    50.462 54176.65048279 13.85  81.588861  58.760565  3.339
 57    53.446 54211.65049031 36.89  81.580776  58.755433 30.410
 57    53.325 54211.65049095 29.62  81.578716  58.758623 30.410
 57    53.354 54211.65049160 38.22  81.576656  58.761803 30.410
 58    56.190 54246.65052033 32.61  81.582804  58.757330 40.441
 58    56.400 54246.65052098 33.38  81.580744  58.760520 40.441
 60    51.100 54316.65052820 25.20  81.590581  58.755061 27.383
 60    52.313 54316.65052885 29.36  81.588531  58.758241 27.383
 60    51.245 54316.65052949 38.25  81.586471  58.761431 27.383
 61    50.236 54351.65049493 42.25  81.594274  58.754945 37.780
 61    50.039 54351.65049558 31.92  81.592214  58.758125 37.780
 61    52.459 54351.65049622 20.72  81.590164  58.761315 37.780
 62    49.298 54386.65046791 27.52  81.584190  58.756717 32.670
 62    49.304 54386.65046856 37.69  81.582130  58.759897 32.670
 63    49.162 54421.65044461 41.77  81.591950  58.754842 20.286
 63    49.118 54421.65044525 40.55  81.589890  58.758022 20.286
 63    49.086 54421.65044590 35.27  81.587840  58.761202 20.286
 64    52.045 54456.65044117 18.09  81.577706  58.756649  6.044
 64    51.525 54456.65044182 17.90  81.575656  58.759829  6.044
 65    52.335 54491.65044633 14.05  81.592405  58.754345  3.512
 65    52.096 54491.65044698 14.37  81.590355  58.757525  3.512
 65    52.469 54491.65044762 14.17  81.588295  58.760705  3.512
 66    55.577 54526.65045369  6.76  81.583686  58.756264  2.726
 66    55.594 54526.65045433  6.78  81.581626  58.759444  2.726
 67    50.567 54561.65045476 15.80  81.593351  58.754655  5.973
 67    50.935 54561.65045541 16.00  81.591291  58.757835  5.973
 67    49.869 54561.65045605 16.12  81.589241  58.761015  5.973
 69    53.343 54631.65046317 24.48  81.584360  58.756513 31.847
 69    53.594 54631.65046382 27.08  81.582300  58.759693 31.847
 70    52.144 54666.65046924 21.81  81.584143  58.756617 24.658
 70    52.335 54666.65046988 30.56  81.582083  58.759797 24.658
 71    49.525 54701.65043660 45.40  81.595693  58.755110 30.900
 71    49.577 54701.65043725 47.22  81.593633  58.758290 30.900
 71    49.469 54701.65043789 47.09  81.591583  58.761470 30.900
 72    50.306 54736.65042937 35.89  81.579279  58.755941 28.043
 72    50.259 54736.65043001 29.71  81.577219  58.759121 28.043
 73    52.355 54771.65041758 16.49  81.590247  58.757074 29.028
 73    49.859 54771.65041823 29.78  81.588197  58.760254 29.028
 74    51.387 54806.65042279 42.79  81.578745  58.754834 12.948
 74    51.440 54806.65042343 31.23  81.576685  58.758024 12.948
 74    51.258 54806.65042407 23.50  81.574625  58.761204 12.948
 75    51.302 54841.65041394 19.41  81.587348  58.757099  4.770
 75    51.748 54841.65041459 19.52  81.585288  58.760279  4.770
 76    52.101 54876.65042435 13.74  81.582294  58.755747  3.702
 76    51.638 54876.65042500 14.62  81.580234  58.758927  3.702
 77    51.578 54911.65041879 13.46  81.591428  58.757085  3.600
 77    50.794 54911.65041943 15.24  81.589378  58.760265  3.600
 78    55.365 54946.65041735 38.52  81.580011  58.756031 38.231
 78    55.361 54946.65041799 37.71  81.577951  58.759211 38.231
 79    54.835 54981.65044330 29.53  81.584268  58.756912 38.993
 79    54.928 54981.65044395 30.47  81.582208  58.760092 38.993
 80    54.033 55016.65044343 29.82  81.586156  58.756208 25.775
 80    54.112 55016.65044407 30.73  81.584096  58.759388 25.775
 81    53.475 55051.65043795 20.16  81.589461  58.754237 20.453
 81    52.689 55051.65043860 20.43  81.587401  58.757427 20.453
 81    52.491 55051.65043924 21.14  81.585351  58.760607 20.453
 82    50.823 55086.65040243 49.91  81.595288  58.755195 34.052
 82    50.928 55086.65040307 49.72  81.593228  58.758375 34.052
 82    50.789 55086.65040372 51.37  81.591178  58.761555 34.052
 83    52.074 55121.65037268 16.07  81.582211  58.755972 26.578
 83    52.107 55121.65037333 17.06  81.580151  58.759152 26.578
 84    52.566 55156.65036306 37.74  81.588998  58.757156 15.217
 84    52.500 55156.65036370 35.75  81.586948  58.760336 15.217
 85    51.919 55191.65036227 16.79  81.578965  58.755030  3.696
 85    51.555 55191.65036292 16.11  81.576905  58.758220  3.696
 85    51.855 55191.65036356 15.47  81.574855  58.761400  3.696
 86    51.834 55226.65036382 11.79  81.589108  58.757099  2.940
 86    51.930 55226.65036446 11.99  81.587058  58.760279  2.940
 87    52.180 55261.65035767 11.01  81.585817  58.755811  2.745
 87    52.002 55261.65035831 10.89  81.583757  58.758991  2.745
 88    54.365 55296.65034823  7.58  81.594229  58.754415  2.036
 88    54.808 55296.65034888  7.69  81.592169  58.757595  2.036
 88    55.183 55296.65034952  7.76  81.590119  58.760775  2.036
 89    55.389 55331.65033837 33.36  81.584584  58.756938 37.894
 89    55.458 55331.65033902 34.11  81.582524  58.760118 37.894
 90    56.399 55366.65033086 44.37  81.589343  58.757213 36.465
 90    56.395 55366.65033150 44.76  81.587293  58.760393 36.465
 91    53.969 55401.65034443 30.20  81.580069  58.755712 26.953
 91    54.032 55401.65034507 29.49  81.578009  58.758892 26.953
 92    51.266 55436.65034782 24.90  81.591467  58.754542 29.463
 92    52.190 55436.65034847 22.91  81.589417  58.757732 29.463
 92    52.094 55436.65034911 33.34  81.587357  58.760912 29.463
 93    51.818 55471.65029862 32.18  81.597258  58.755158 33.982
 93    49.554 55471.65029927 30.02  81.595198  58.758338 33.982
 93    49.642 55471.65029991 40.75  81.593148  58.761518 33.982
