# NaN NaN NaN ;Mean Elev.(m), Avg Gradient(m/km), RMS Gradient(m/km) - SRTM1     
#   35.496  -2.824  10.441 ;Mean Elev.(m), Avg Gradient(m/km), RMS Gradient(m/km) - ASTER GDEM
#   41.149  -2.601  11.108 ;Mean Elev.(m), Avg Gradient(m/km), RMS Gradient(m/km) - GMTED2010 
  7    48.746 52464.65460952 30.91  79.723264  59.402821 28.307
  7    48.872 52464.65461017 26.01  79.721144  59.406001 28.307
 13    46.901 52674.65458181 12.87  79.726358  59.405155  2.644
 13    46.991 52674.65458246 13.55  79.724228  59.408325  2.644
 14    46.592 52709.65459799 10.56  79.717903  59.400061  2.381
 14    47.191 52709.65459864 11.15  79.715783  59.403241  2.381
 22    42.167 52989.65466439 18.08  79.728927  59.404007  3.621
 22    43.070 52989.65466504 17.16  79.726797  59.407177  3.621
 22    42.678 52989.65466568 18.16  79.724677  59.410357  3.621
 23    43.248 53024.65464458 12.38  79.734113  59.406183  2.822
 23    46.402 53024.65464523 12.20  79.731983  59.409353  2.822
 23    47.068 53024.65464587 12.63  79.729863  59.412533  2.822
 24    47.025 53059.65464311 11.94  79.727870  59.404600  2.440
 24    47.117 53059.65464375 12.32  79.725750  59.407780  2.440
 25    48.101 53094.65468006  9.58  79.724140  59.403370  2.225
 25    47.916 53094.65468071 10.06  79.722010  59.406540  2.225
 31    43.755 53304.65471786 21.63  79.713879  59.396047 13.447
 31    44.719 53304.65471850 20.83  79.711749  59.399217 13.447
 32    44.674 53339.65468774 19.19  79.725264  59.404616  3.839
 32    45.006 53339.65468839 19.99  79.723134  59.407786  3.839
 33    45.530 53374.65461907 15.86  79.734982  59.406179  2.856
 33    45.335 53374.65461971 16.08  79.732862  59.409349  2.856
 33    47.073 53374.65462036 16.12  79.730732  59.412529  2.856
 34    46.046 53409.65466113 13.00  79.724390  59.400972  2.840
 34    46.392 53409.65466178 13.52  79.722270  59.404152  2.840
 34    46.991 53409.65466242 13.60  79.720140  59.407322  2.840
 35    46.252 53444.65464500 10.16  79.733801  59.405973  2.359
 35    47.003 53444.65464564 10.18  79.731681  59.409143  2.359
 35    47.373 53444.65464629 10.72  79.729551  59.412323  2.359
 37    47.771 53514.65473171 24.30  79.722575  59.403953 22.153
 37    47.835 53514.65473236 26.07  79.720445  59.407123 22.153
 38    45.283 53549.65474998 40.18  79.722396  59.400300 16.305
 38    45.400 53549.65475062 37.76  79.720276  59.403480 16.305
 38    45.405 53549.65475127 37.38  79.718146  59.406650 16.305
 41    43.080 53654.65469533 19.72  79.719315  59.399821 14.581
 41    46.968 53654.65469597 15.66  79.717195  59.403001 14.581
 43    44.499 53724.65461568 17.64  79.733651  59.409127  3.179
 43    43.576 53724.65461632 18.00  79.731521  59.412307  3.179
 44    45.408 53759.65455738 12.64  79.723731  59.400305  2.524
 44    45.349 53759.65455802 13.42  79.721611  59.403485  2.524
 44    46.825 53759.65455867 13.62  79.719481  59.406655  2.524
 45    45.019 53794.65457673 11.50  79.730788  59.405099  2.353
 45    45.944 53794.65457737 11.79  79.728658  59.408269  2.353
 45    46.429 53794.65457802 12.29  79.726538  59.411449  2.353
 46    46.844 53829.65455256  6.19  79.718103  59.399346  2.394
 46    47.091 53829.65455320  6.10  79.715973  59.402526  2.394
 49    45.493 53934.65470083 49.09  79.715479  59.399664 18.852
 49    45.148 53934.65470147 48.14  79.713359  59.402844 18.852
 51    46.605 54004.65464512 13.49  79.716164  59.399422 14.958
 51    47.390 54004.65464576 15.61  79.714034  59.402602 14.958
 52    45.825 54039.65467693 18.31  79.723286  59.400759  7.499
 52    47.120 54039.65467758 17.85  79.721166  59.403939  7.499
 52    47.758 54039.65467822 17.91  79.719036  59.407109  7.499
 54    46.283 54109.65461735 13.61  79.731832  59.408523  2.475
 54    46.957 54109.65461799 14.02  79.729702  59.411703  2.475
 55    46.263 54144.65460963 10.44  79.719586  59.399854  2.726
 55    46.300 54144.65461027 11.14  79.717466  59.403034  2.726
 56    47.268 54179.65460163  8.66  79.730765  59.404875  2.132
 56    47.586 54179.65460227  8.57  79.728645  59.408045  2.132
 56    47.510 54179.65460292  9.09  79.726515  59.411225  2.132
 58    49.564 54249.65464519 32.71  79.721907  59.400280 19.465
 58    49.567 54249.65464583 31.81  79.719787  59.403460 19.465
 58    50.240 54249.65464648 32.56  79.717657  59.406630 19.465
 64    46.355 54459.65456590 14.13  79.719377  59.400651  2.907
 64    46.890 54459.65456654 14.53  79.717257  59.403831  2.907
 65    47.054 54494.65456823 11.49  79.728457  59.404539  2.317
 65    47.814 54494.65456887 11.89  79.726327  59.407709  2.317
 66    47.462 54529.65457905  8.89  79.721535  59.402852  2.431
 66    48.412 54529.65457970  8.89  79.719405  59.406022  2.431
 67    47.215 54564.65457565 10.02  79.729415  59.407918  4.025
 67    47.629 54564.65457630 10.32  79.727285  59.411088  4.025
 70    43.800 54669.65459184 25.98  79.723796  59.403586 16.764
 70    48.027 54669.65459249 26.17  79.721676  59.406756 16.764
 72    45.804 54739.65455395 14.55  79.720861  59.399850 10.255
 72    47.858 54739.65455459 14.76  79.718741  59.403030 10.255
 74    44.028 54809.65454728 19.58  79.717916  59.398822  3.941
 74    44.565 54809.65454793 19.05  79.715796  59.402002  3.941
 75    46.433 54844.65453517 14.75  79.725862  59.406250  2.565
 75    46.880 54844.65453581 14.65  79.723742  59.409420  2.565
 76    46.023 54879.65455099 11.52  79.720014  59.401982  2.665
 76    46.648 54879.65455164 12.01  79.717884  59.405152  2.665
 77    46.321 54914.65453899 11.63  79.727365  59.406974  2.379
 77    47.273 54914.65453963 11.65  79.725235  59.410154  2.379
 82    46.803 55089.65452083 12.91  79.729622  59.405125  9.752
 82    47.692 55089.65452148 13.11  79.727502  59.408305  9.752
 85    43.487 55194.65448763 17.57  79.718515  59.399028  3.397
 85    43.540 55194.65448827 15.14  79.716395  59.402208  3.397
 86    45.804 55229.65448393 10.26  79.729129  59.404207  2.277
 86    46.267 55229.65448457 10.49  79.727009  59.407387  2.277
 86    46.513 55229.65448522 10.85  79.724879  59.410557  2.277
 87    46.074 55264.65448334  8.44  79.722542  59.403224  2.196
 87    46.469 55264.65448398  9.30  79.720412  59.406394  2.196
 88    47.996 55299.65446698  4.92  79.730479  59.405404  2.528
 88    48.102 55299.65446763  5.01  79.728359  59.408584  2.528
 90    49.431 55369.65445163 31.63  79.725614  59.404159 19.679
 90    49.527 55369.65445228 31.87  79.723494  59.407339 19.679
