-180749.268    11.614     0.00    2.56
-180376.904    11.746     0.35    2.30
-180004.613    12.131     1.03    2.02
-179632.395    12.564     1.16    1.56
-179260.250    12.963     1.07    1.42
-178888.179    13.365     1.08    1.57
-178516.181    13.636     0.73    1.67
-178144.256    14.261     1.68    1.97
-177772.404    14.996     1.98    1.88
-177400.625    15.222     0.61    1.73
-177028.919    15.322     0.27    1.46
-176657.286    16.115     2.13    1.96
-176285.726    17.378     3.40    2.34
-175914.239    19.101     4.64    2.64
-175542.825    21.007     5.13    2.86
-175171.483    22.837     4.93    2.73
-174800.214    24.552     4.62    2.15
-174429.018    25.306     2.03    1.59
-174057.894    24.592    -1.93    2.03
-173686.843    23.212    -3.72    2.55
-173315.865    21.303    -5.15    2.53
-172944.959    20.296    -2.71    2.12
-172574.126    19.629    -1.80    1.71
-172203.365    18.240    -3.75    2.71
-171832.677    16.789    -3.92    3.13
-171462.060    14.985    -4.87    3.10
-171091.517    12.938    -5.53    1.72
-170721.045    12.389    -1.48    1.61
-170350.646    12.567     0.48    1.98
-169980.319    13.603     2.80    2.83
-169610.064    14.924     3.57    2.98
-169239.881    16.496     4.25    2.79
-168869.770    17.984     4.02    2.73
-168499.731    20.073     5.65    2.90
-168129.764    21.787     4.63    2.65
-167759.869    23.429     4.44    2.33
-167390.046    24.559     3.06    2.08
-167020.295    24.563     0.01    3.40
-166650.616    22.617    -5.26    5.86
-166281.008    20.548    -5.60    6.75
-165911.472    19.418    -3.06    7.07
-165542.008    20.485     2.89    7.15
-165172.616    21.648     3.15    6.77
-164803.295    23.732     5.64    4.77
-164434.045    23.746     0.04    3.17
-164064.868    20.278    -9.39    4.44
-163695.761    17.221    -8.28    4.97
-163326.726    14.466    -7.47    4.20
-162957.763    12.746    -4.66    3.14
-162588.871    11.925    -2.23    2.33
-162220.050    12.458     1.45    3.17
-161851.300    13.822     3.70    4.44
-161482.622    16.153     6.33    5.01
-161114.015    18.801     7.18    4.55
-160745.479    20.929     5.77    2.88
-160377.014    21.180     0.68    1.78
-160008.620    21.405     0.61    1.90
-159640.297    21.752     0.94    2.17
-159272.045    22.382     1.71    2.73
-158903.865    24.644     6.14    3.58
-158535.755    27.203     6.95    4.62
-158167.716    29.053     5.03    4.68
-157799.747    29.853     2.18    4.68
-157431.850    27.580    -6.18    5.88
-157064.023    23.996    -9.75    5.27
-156696.267    21.299    -7.33    3.99
-156328.582    20.749    -1.50    2.95
-155960.967    23.423     7.27    4.56
-155593.423    25.752     6.34    4.35
-155225.949    27.457     4.64    3.02
-154858.546    28.076     1.68    2.18
-154491.213    27.985    -0.25    2.32
-154123.951    28.513     1.44    2.48
-153756.759    28.176    -0.92    3.02
-153389.638    27.726    -1.22    4.95
-153022.586    25.961    -4.81    6.28
-152655.605    23.306    -7.23    6.85
-152288.695    21.777    -4.17    7.33
-151921.854    21.367    -1.12    7.50
-151555.084    20.743    -1.70    7.46
-151188.383    19.223    -4.14    5.74
-150821.753    18.180    -2.85    3.24
-150455.193    17.311    -2.37    2.52
-150088.702    17.352     0.11    2.90
-149722.282    17.644     0.80    3.60
-149355.932    17.086    -1.52    3.99
-148989.651    17.088     0.01    4.72
-148623.440    17.153     0.18    5.12
-148257.299    15.937    -3.32    5.00
-147877.477    14.842    -2.88    4.22
-147496.852    14.473    -0.97    3.47
-147116.304    15.783     3.44    4.24
-146735.832    18.651     7.54    3.98
-146355.436    20.030     3.62    2.99
-145975.117    19.847    -0.48    2.86
-145594.873    19.144    -1.85    2.91
-145214.706    18.166    -2.57    2.38
-144834.614    17.837    -0.87    2.49
-144454.599    16.973    -2.27    3.01
-144074.659    16.019    -2.51    3.09
-143694.796    15.277    -1.95    3.12
-143315.008    14.194    -2.85    1.77
-142935.296    14.985     2.08    2.19
-142555.660    16.194     3.18    2.45
-142176.099    17.652     3.84    2.40
-141796.614    18.817     3.07    2.34
-141417.205    19.962     3.02    2.39
-141037.872    21.117     3.05    2.10
-140658.613    21.553     1.15    1.89
-140279.431    21.789     0.62    1.88
-139900.324    22.428     1.69    1.76
-139521.292    22.960     1.40    1.91
-139142.335    24.496     4.05    3.06
-138763.454    26.937     6.44    4.55
-138384.648    30.463     9.31    5.41
-138005.918    34.938    11.82    5.06
-137627.262    38.326     8.95    4.87
-137248.682    40.938     6.90    3.57
-136870.177    41.246     0.81    3.10
-136491.746    40.548    -1.85    3.21
-136113.391    39.973    -1.52    2.98
-135735.111    39.950    -0.06    2.92
-135356.905    41.052     2.91    2.54
-134978.775    41.723     1.77    1.98
-134600.719    41.860     0.36    1.72
-134222.738    41.872     0.03    1.70
-133844.832    41.847    -0.07    1.68
-133467.001    41.086    -2.01    2.08
-133089.244    40.189    -2.37    2.18
-132711.562    38.651    -4.07    2.59
-132333.954    36.822    -4.85    3.04
-131956.421    35.303    -4.02    4.15
-131578.962    34.019    -3.40    4.93
-131201.578    32.860    -3.07    5.48
-130824.268    32.420    -1.17    5.50
-130447.032    32.894     1.26    5.31
-130069.871    33.368     1.26    5.36
-129692.784    33.794     1.13    5.59
-129315.771    35.960     5.75    5.38
-128938.832    37.257     3.44    4.56
-128561.968    37.948     1.83    3.56
-128185.178    35.689    -6.00    7.07
-127808.461    33.067    -6.96    7.82
-127431.819    32.074    -2.64    7.72
-127055.250    30.984    -2.89    7.56
-126678.756    32.940     5.20    8.90
-126302.335    33.959     2.71    8.54
-125925.988    31.766    -5.83    9.17
-125549.715    30.691    -2.86    8.95
-125173.516    29.962    -1.94    6.76
-124797.390    30.837     2.33    4.03
-124421.338    31.407     1.51    3.28
-124045.359    29.801    -4.27    4.14
-123669.454    27.552    -5.98    5.74
-123293.623    23.740   -10.14    6.09
-122917.865    20.598    -8.36    6.54
-122542.181    17.898    -7.19    6.73
-122166.570    16.122    -4.73    6.44
-121791.032    14.337    -4.75    5.98
-121415.567    11.928    -6.42    4.38
-121040.176    10.374    -4.14    2.47
-120664.858     9.774    -1.60    1.45
-120289.614     9.743    -0.08    1.43
-119914.442     9.893     0.40    1.41
-119539.343    10.155     0.70    1.15
-119164.318    10.042    -0.30    1.19
-118789.365     9.764    -0.74    1.14
-118414.486     9.473    -0.78    1.06
-118039.679     9.533     0.16    1.16
-117664.946     9.485    -0.13    1.08
-117290.285     9.466    -0.05    1.16
-116915.697     9.291    -0.47    1.28
-116541.181     9.169    -0.33    1.23
-116166.739     9.410     0.64    1.33
-115792.369     9.472     0.17    1.23
-115418.071     9.735     0.70    1.29
-115043.847     9.728    -0.02    1.22
-114669.694     9.774     0.12    1.25
-114295.615     9.900     0.34    1.27
-113921.607     9.735    -0.44    1.30
-113547.673     9.557    -0.48    1.23
-113173.810     9.310    -0.66    1.05
-112800.020     9.094    -0.58    0.99
-112426.302     9.235     0.38    0.98
-112052.657     9.130    -0.28    1.02
-111679.083     8.829    -0.81    1.70
-111305.582     7.418    -3.78    4.08
-110932.153     6.249    -3.13    4.68
-110558.796     5.618    -1.69    4.90
-110185.511     5.610    -0.02    5.17
-109812.298     6.094     1.30    5.15
-109439.157     6.098     0.01    5.35
-109066.088     6.309     0.57    5.09
-108693.091     7.280     2.60    5.13
-108320.165     8.478     3.21    5.58
-107947.312    10.621     5.75    4.52
-107574.530    12.377     4.71    5.02
-107201.820    13.519     3.06    5.33
-106829.181    14.752     3.31    5.44
-106456.615    16.201     3.89    5.45
-106084.119    16.460     0.70    4.75
-105711.696    16.644     0.49    3.98
-105339.344    16.364    -0.75    3.31
-104967.063    13.847    -6.76    5.68
-104594.854    12.287    -4.19    7.14
-104222.716    11.763    -1.41    7.42
-103850.649    12.226     1.24    7.11
-103478.654    14.178     5.25    6.26
-103106.730    16.349     5.84    3.32
-102734.877    12.326   -10.82    8.86
-102363.096     7.940   -11.80   10.13
-101991.385     6.791    -3.09   10.08
-101619.746     9.053     6.09   10.63
-101248.178    14.709    15.22    8.73
-100876.680    18.870    11.20    2.39
-100505.254    18.450    -1.13    2.08
-100133.899    17.314    -3.06    2.27
 -99762.614    16.603    -1.92    2.09
 -99391.401    17.099     1.34    2.35
 -99020.258    18.544     3.89    2.15
 -98649.186    19.893     3.64    1.80
 -98278.185    21.021     3.04    1.65
 -97907.254    21.203     0.49    2.06
 -97536.394    20.703    -1.35    2.50
 -97165.605    19.769    -2.52    2.32
 -96794.886    18.252    -4.09    3.38
 -96424.238    17.735    -1.40    3.71
 -96053.660    16.959    -2.09    5.62
 -95683.153    15.439    -4.10    7.22
 -95312.716    13.651    -4.83    8.74
 -94942.350    10.791    -7.72   10.03
 -94572.053     8.525    -6.12    9.93
 -94201.828     6.144    -6.43    9.74
 -93831.672     5.675    -1.27    9.41
 -93461.587     5.939     0.71    9.41
 -93091.571     6.845     2.45    9.88
 -92721.626     5.702    -3.09    9.95
 -92351.751     3.360    -6.33    9.26
 -91981.946     1.712    -4.46    8.25
 -91612.212     0.690    -2.76    7.16
 -91242.547     2.356     4.51    8.68
 -90872.952     3.612     3.40    9.15
 -90503.427     3.960     0.94    9.33
 -90133.971     3.554    -1.10    9.01
 -89764.586     3.413    -0.38    7.96
 -89395.270     6.387     8.05    8.63
 -89026.024    10.391    10.85    7.47
 -88656.848    11.961     4.25    5.97
 -88287.742    11.935    -0.07    5.94
 -87918.705    12.303     1.00    4.40
 -87549.737    13.598     3.51    2.33
 -87180.840    14.263     1.80    2.12
 -86812.011    14.596     0.90    1.81
 -86443.252    14.801     0.55    2.13
 -86074.563    14.450    -0.95    4.76
 -85705.943    13.915    -1.45    5.32
 -85337.392    13.722    -0.52    5.42
 -84968.911    12.632    -2.96    5.06
 -84600.499    11.820    -2.21    2.95
 -84232.156    12.260     1.20    2.35
 -83863.882    13.295     2.81    2.15
 -83495.678    14.198     2.45    2.05
 -83127.542    14.837     1.73    1.48
 -82759.476    14.448    -1.06    1.39
 -82391.479    14.089    -0.98    1.39
 -82023.551    14.130     0.11    1.44
 -81655.691    14.814     1.86    1.53
 -81287.901    15.764     2.58    1.30
 -80920.179    16.375     1.66    1.83
 -80552.527    16.960     1.59    2.03
 -80184.943    16.962     0.00    3.56
 -79817.428    15.682    -3.48    6.55
 -79449.981    15.054    -1.71    7.15
 -79082.604    15.201     0.40    6.85
 -78715.294    15.456     0.69    6.91
 -78348.054    16.973     4.13    4.75
 -77980.882    17.864     2.43    2.84
 -77613.779    17.134    -1.99    4.98
 -77246.744    16.550    -1.59    6.75
 -76879.778    13.496    -8.32    9.42
 -76512.880    12.169    -3.62    9.88
 -76146.050    12.826     1.79    9.41
 -75779.289    13.409     1.59    8.38
 -75412.596    15.693     6.23    5.92
 -75045.971    17.080     3.79    2.25
 -74679.415    17.191     0.30    1.91
 -74312.927    16.973    -0.60    1.71
 -73946.506    16.460    -1.40    1.66
 -73580.155    16.208    -0.69    1.30
 -73203.963    15.860    -0.93    0.89
 -72823.492    15.851    -0.02    0.86
 -72443.095    15.484    -0.96    1.45
 -72062.773    14.984    -1.31    1.58
 -71682.525    14.456    -1.39    1.40
 -71302.351    13.710    -1.96    1.52
 -70922.251    13.298    -1.08    1.55
 -70542.225    12.379    -2.42    1.64
 -70162.273    11.632    -1.96    1.37
 -69782.395    11.862     0.60    1.68
 -69402.591    12.502     1.69    1.80
 -69022.861    13.416     2.41    1.63
 -68643.204    13.973     1.47    1.07
 -68263.622    13.984     0.03    0.99
 -67884.113    13.670    -0.83    1.07
 -67504.678    13.717     0.12    1.31
 -67125.317    13.605    -0.29    1.62
 -66746.029    10.833    -7.31    6.08
 -66366.815     9.306    -4.03    7.06
 -65987.674     8.104    -3.17    7.59
 -65608.607     7.410    -1.83    8.18
 -65229.613     7.019    -1.03    8.16
 -64850.693     7.707     1.82    7.83
 -64471.846     8.111     1.07    6.81
 -64093.073     9.089     2.58    5.89
 -63714.373    11.054     5.19    3.92
 -63335.746     9.460    -4.21    6.38
 -62957.192     8.298    -3.07    7.45
 -62578.711     7.472    -2.18    7.85
 -62200.304     8.444     2.57    7.86
 -61821.970     9.069     1.65    7.57
 -61443.708     8.408    -1.75    6.80
 -61065.520     5.564    -7.52    6.68
 -60687.404     2.882    -7.09    5.37
 -60309.362     0.934    -5.15    2.80
 -59931.392    -0.004    -2.48    0.38
 -59553.496    -0.004     0.00    0.00
 -59175.672    -0.004     0.00    0.00
 -58797.920    -0.004     0.00    0.00
 -58420.242    -0.004     0.00    0.00
 -58042.636    -0.004     0.00    0.00
 -57665.103    -0.004     0.00    0.00
 -57287.642    -0.004     0.00    0.00
 -56910.254    -0.004     0.00    0.00
 -56532.938    -0.004     0.00    0.00
 -56155.695    -0.004     0.00    0.00
 -55778.524    -0.004     0.00    0.00
 -55401.426    -0.004     0.00    0.00
 -55024.400    -0.004     0.00    0.00
 -54647.446    -0.004     0.00    0.00
 -54270.564    -0.004     0.00    0.00
 -53893.755    -0.004     0.00    0.00
 -53517.018    -0.004     0.00    0.00
 -53140.353    -0.271    -0.71    0.69
 -52763.760    -0.423    -0.40    0.87
 -52387.239    -0.577    -0.41    1.03
 -52010.790    -0.748    -0.45    1.17
 -51634.413    -0.933    -0.49    1.32
 -51258.108    -1.222    -0.77    1.43
 -50881.875    -1.552    -0.88    1.45
 -50505.714    -1.830    -0.74    1.40
 -50129.624    -2.028    -0.53    1.32
 -49753.606    -2.202    -0.46    1.22
 -49377.660    -2.269    -0.18    1.15
 -49001.786    -2.178     0.24    1.11
 -48625.983    -1.905     0.73    1.17
 -48250.252    -1.682     0.59    1.09
 -47874.592    -1.129     1.47    1.18
 -47499.004    -0.682     1.19    1.31
 -47123.487    -0.129     1.47    1.32
 -46748.042     0.298     1.14    1.18
 -46372.668     0.659     0.96    0.81
 -45997.366     0.937     0.74    0.28
 -45622.135     0.996     0.16    0.00
 -45246.975     0.996     0.00    0.00
 -44871.886     0.996     0.00    0.00
 -44496.869     0.996     0.00    0.00
 -44121.922     0.996     0.00    0.00
 -43747.047     0.996     0.00    0.00
 -43372.243     0.996     0.00    0.00
 -42997.510     0.996     0.00    0.00
 -42622.847     0.996     0.00    0.00
 -42248.256     0.996     0.00    0.00
 -41873.736     0.996     0.00    0.00
 -41499.286     0.996     0.00    0.00
 -41124.908     0.996     0.00    0.00
 -40750.600     0.996     0.00    0.00
 -40376.363     0.996     0.00    0.00
 -40002.196     0.996     0.00    0.00
 -39628.101     0.996     0.00    0.00
 -39254.075     0.996     0.00    0.00
 -38880.121     0.996     0.00    0.00
 -38506.237     0.996     0.00    0.00
 -38132.423     0.996     0.00    0.00
 -37758.680     0.996     0.00    0.00
 -37385.008     0.996     0.00    0.00
 -37011.406     0.996     0.00    0.00
 -36637.874     0.996     0.00    0.00
 -36264.412     0.996     0.00    0.00
 -35891.021     0.996     0.00    0.00
 -35517.700     0.996     0.00    0.00
 -35144.449     0.996     0.00    0.00
 -34771.268     0.996     0.00    0.00
 -34398.158     0.996     0.00    0.00
 -34025.117     0.996     0.00    0.00
 -33652.146     0.996     0.00    0.00
 -33279.246     0.996     0.00    0.00
 -32906.415     0.996     0.00    0.00
 -32533.655     0.996     0.00    0.00
 -32160.964     0.996     0.00    0.00
 -31788.343     0.996     0.00    0.00
 -31415.792     0.996     0.00    0.00
 -31043.310     0.996     0.00    0.00
 -30670.899     0.996     0.00    0.00
 -30298.557     0.996     0.00    0.00
 -29926.284     0.996     0.00    0.00
 -29554.081     0.996     0.00    0.00
 -29181.948     0.996     0.00    0.00
 -28809.885     0.996     0.00    0.00
 -28437.890     0.996     0.00    0.00
 -28065.966     0.996     0.00    0.00
 -27694.110     0.996     0.00    0.00
 -27322.324     0.996     0.00    0.00
 -26950.608     0.996     0.00    0.00
 -26578.960     0.996     0.00    0.00
 -26207.382     0.996     0.00    0.00
 -25835.873     0.996     0.00    0.00
 -25464.433     0.996     0.00    0.00
 -25093.063     0.996     0.00    0.00
 -24721.761     0.996     0.00    0.00
 -24350.529     0.996     0.00    0.00
 -23979.365     0.996     0.00    0.00
 -23608.271     0.996     0.00    0.00
 -23237.245     0.996     0.00    0.00
 -22866.289     0.996     0.00    0.00
 -22495.401     0.996     0.00    0.00
 -22124.582     0.996     0.00    0.00
 -21753.832     0.996     0.00    0.00
 -21383.151     0.996     0.00    0.00
 -21012.538     0.996     0.00    0.00
 -20641.994     0.996     0.00    0.00
 -20271.519     0.996     0.00    0.00
 -19901.112     0.996     0.00    0.00
 -19530.774     0.996     0.00    0.00
 -19160.504     0.996     0.00    0.00
 -18790.303     0.996     0.00    0.00
 -18420.170     0.996     0.00    0.00
 -18050.106     0.996     0.00    0.00
 -17680.110     0.996     0.00    0.00
 -17310.182     0.996     0.00    0.00
 -16940.323     0.996     0.00    0.00
 -16570.532     0.996     0.00    0.00
 -16200.809     0.996     0.00    0.00
 -15831.155     0.996     0.00    0.00
 -15461.568     0.996     0.00    0.00
 -15092.050     0.996     0.00    0.00
 -14722.599     0.996     0.00    0.00
 -14353.217     0.996     0.00    0.00
 -13983.903     0.996     0.00    0.00
 -13614.656     0.996     0.00    0.00
 -13245.478     0.996     0.00    0.00
 -12876.368     0.996     0.00    0.00
 -12507.325     0.996     0.00    0.00
 -12138.350     0.996     0.00    0.00
 -11769.443     0.996     0.00    0.00
 -11400.603     0.996     0.00    0.00
 -11031.832     0.996     0.00    0.00
 -10663.128     0.996     0.00    0.00
 -10294.491     0.996     0.00    0.00
  -9925.923     0.996     0.00    0.00
  -9557.421     0.996     0.00    0.00
  -9188.987     0.996     0.00    0.00
  -8820.621     0.996     0.00    0.00
  -8452.322     0.996     0.00    0.00
  -8084.091     0.996     0.00    0.00
  -7715.927     0.996     0.00    0.00
  -7347.830     0.996     0.00    0.00
  -6979.800     0.996     0.00    0.00
  -6611.838     0.996     0.00    0.00
  -6243.943     0.996     0.00    0.00
  -5876.115     0.996     0.00    0.00
  -5508.355     0.996     0.00    0.00
  -5140.661     0.996     0.00    0.00
  -4773.035     0.996     0.00    0.00
  -4405.475     0.996     0.00    0.00
  -4037.983     0.996     0.00    0.00
  -3670.557     0.996     0.00    0.00
  -3303.198     0.996     0.00    0.00
  -2935.907     0.996     0.00    0.00
  -2568.682     0.996     0.00    0.00
  -2201.524     0.996     0.00    0.00
  -1834.432     0.996     0.00    0.00
  -1467.408     0.984    -0.03    0.11
  -1100.450     0.938    -0.12    0.28
   -733.559     0.778    -0.44    0.57
   -366.734     0.455    -0.88    0.85
      0.024     0.107    -0.95    0.94
    366.715    -0.039    -0.40    0.93
    733.340     0.008     0.13    0.96
   1099.899     0.365     0.97    0.90
   1472.755     0.791     1.14    0.58
   1853.073     0.996     0.54    0.00
   2233.318     0.996     0.00    0.00
   2613.490     0.996     0.00    0.00
   2993.591     0.996     0.00    0.00
   3373.619     0.996     0.00    0.00
   3753.576     0.996     0.00    0.00
   4133.460     0.996     0.00    0.00
   4513.272     0.996     0.00    0.00
   4893.012     0.996     0.00    0.00
   5272.680     0.996     0.00    0.00
   5652.277     0.996     0.00    0.00
   6031.801     0.996     0.00    0.00
   6411.253     0.996     0.00    0.00
   6790.634     0.996     0.00    0.00
   7169.943     0.996     0.00    0.00
   7549.180     0.996     0.00    0.00
   7928.345     0.996     0.00    0.00
   8307.439     0.996     0.00    0.00
   8686.461     0.996     0.00    0.00
   9065.412     0.996     0.00    0.00
   9444.291     0.996     0.00    0.00
   9823.099     0.914    -0.22    0.28
  10201.835     0.540    -0.99    0.73
  10580.499     0.139    -1.06    0.89
  10959.093    -0.241    -1.00    0.88
  11337.615    -0.457    -0.57    0.82
  11716.066    -0.309     0.39    0.91
  12094.445    -0.221     0.23    0.94
  12472.753     0.157     1.00    0.95
  12850.991     0.496     0.90    0.84
  13229.157     0.820     0.86    0.54
  13607.252     0.996     0.47    0.00
  13985.275     0.996     0.00    0.00
  14363.228     0.996     0.00    0.00
  14741.110     0.996     0.00    0.00
  15118.921     0.996     0.00    0.00
  15496.661     0.996     0.00    0.00
  15874.330     0.996     0.00    0.00
  16251.929     0.996     0.00    0.00
  16629.456     0.996     0.00    0.00
  17006.913     0.996     0.00    0.00
  17384.300     0.971    -0.07    0.16
  17761.615     0.787    -0.49    0.56
  18138.860     0.566    -0.59    0.73
  18516.035     0.520    -0.12    0.74
  18893.138     0.553     0.09    0.69
  19270.172     0.596     0.11    0.66
  19647.135     0.667     0.19    0.61
  20024.027     0.853     0.49    0.38
  20400.849     0.958     0.28    0.19
  20777.601     0.996     0.10    0.00
  21154.283     0.996     0.00    0.00
  21530.894     0.996     0.00    0.00
  21907.435     0.996     0.00    0.00
  22283.906     0.996     0.00    0.00
  22660.307     0.984    -0.03    0.11
  23036.637     0.925    -0.16    0.34
  23412.898     0.731    -0.51    0.66
  23789.088     0.544    -0.50    0.81
  24165.209     0.325    -0.58    0.92
  24541.259     0.080    -0.65    0.97
  24917.240    -0.272    -0.94    0.93
  25293.151    -0.492    -0.59    0.82
  25668.992    -0.667    -0.46    0.67
  26044.763    -0.618     0.13    0.73
  26420.465    -0.293     0.87    0.88
  26796.096     0.055     0.93    0.96
  27171.659     0.258     0.54    1.01
  27547.151     0.386     0.34    1.05
  27922.574     0.341    -0.12    1.32
  28297.927     0.255    -0.23    1.54
  28673.211    -0.133    -1.03    1.85
  29048.425    -1.090    -2.55    2.24
  29423.570    -1.992    -2.40    2.17
  29798.646    -2.809    -2.18    1.83
  30173.652    -1.957     2.27    4.01
  30548.588     0.521     6.61    6.68
  30923.456     3.716     8.52    8.83
  31298.254     7.292     9.54    9.96
  31672.983    11.508    11.25    9.36
  32047.643    13.634     5.67    7.72
  32422.234    16.249     6.98    5.92
  32796.755    16.637     1.04    5.38
  33171.208    15.589    -2.80    5.52
  33545.591    14.522    -2.85    5.36
  33919.906    11.996    -6.75    4.74
  34294.152     9.868    -5.69    3.62
  34668.328    11.438     4.20    4.77
  35042.436    14.211     7.41    4.51
  35416.475    16.389     5.82    3.60
  35790.445    16.906     1.38    3.13
  36164.347    13.791    -8.33    6.32
  36538.180     9.521   -11.42    8.37
  36911.944     5.189   -11.59    7.40
  37285.639     1.522    -9.81    4.31
  37659.266     0.189    -3.57    1.82
  38032.824     0.817     1.68    0.70
  38406.314     0.996     0.48    0.00
  38779.735     0.996     0.00    0.00
  39153.088     0.996     0.00    0.00
  39526.373     0.996     0.00    0.00
  39899.589     0.996     0.00    0.00
  40272.736     0.996     0.00    0.00
  40645.816     0.996     0.00    0.00
  41018.827     1.009     0.03    0.11
  41391.770     0.961    -0.13    0.36
  41764.644     0.553    -1.09    1.34
  42137.451    -0.135    -1.85    2.02
  42510.189    -0.725    -1.58    2.30
  42882.860    -1.416    -1.85    2.44
  43255.462    -2.017    -1.61    2.37
  43627.996    -2.456    -1.18    2.24
  44000.463    -2.941    -1.30    1.98
  44372.861    -3.216    -0.74    1.73
  44745.192    -3.542    -0.88    1.36
  45117.454    -3.742    -0.54    0.96
  45489.649    -3.766    -0.07    0.89
  45861.776    -3.851    -0.23    0.79
  46233.836    -3.901    -0.14    0.44
  46605.827    -3.575     0.88    1.20
  46977.751    -3.067     1.37    1.73
  47349.608    -2.557     1.37    2.07
  47721.396    -2.145     1.11    2.29
  48093.117    -1.233     2.45    2.40
  48464.771    -0.248     2.65    2.07
  48836.357     0.520     2.07    1.36
  49207.876     0.983     1.25    0.11
  49579.327     0.898    -0.23    0.34
  49950.711     0.714    -0.50    0.58
  50322.028     0.643    -0.19    0.61
  50693.277     0.591    -0.14    0.67
  51064.459     0.514    -0.21    0.70
  51435.574     0.509    -0.01    0.72
  51806.622     0.502    -0.02    0.72
  52177.602     0.534     0.09    0.69
  52548.516     0.598     0.17    0.64
  52919.362     0.680     0.22    0.61
  53290.141     0.635    -0.12    0.67
  53660.853     0.598    -0.10    0.73
  54031.498     0.586    -0.03    0.75
  54402.077     0.559    -0.08    0.76
  54772.588     0.817     0.70    1.48
  55143.033     1.567     2.02    3.22
  55513.410     2.139     1.54    3.89
  55883.721     1.864    -0.74    3.17
  56253.966     1.270    -1.60    2.14
  56624.143     0.663    -1.64    1.17
  56994.254     0.261    -1.09    0.65
  57364.298     0.189    -0.20    0.57
  57734.275     0.447     0.70    0.86
  58104.186     1.473     2.77    2.29
  58474.031     2.130     1.78    2.40
  58843.809     2.526     1.07    2.57
  59213.520     2.564     0.10    2.91
  59583.165     4.337     4.80    8.00
  59952.744    10.972    17.95   14.75
  60322.256    19.114    22.03   18.00
  60691.702    29.058    26.91   16.82
  61061.081    36.898    21.23   10.30
  61430.395    40.206     8.96    3.73
  61799.642    38.272    -5.24    4.39
  62168.823    36.059    -6.00    4.40
  62537.938    35.886    -0.47    4.47
  62906.987    37.844     5.30    5.83
  63275.969    39.714     5.07    5.53
  63644.886    41.137     3.86    5.34
  64013.736    38.710    -6.58    7.13
  64382.521    36.287    -6.57    6.68
  64751.240    35.502    -2.13    5.82
  65119.893    34.553    -2.57    3.93
  65488.480    33.313    -3.36    4.83
  65857.001    31.659    -4.49    6.09
  66225.456    29.855    -4.89    5.64
  66593.846    28.465    -3.77    3.91
  66962.169    29.691     3.33    4.17
  67330.428    31.118     3.87    3.75
  67698.620    31.020    -0.27    4.30
  68066.747    29.679    -3.64    4.82
  68434.808    26.651    -8.23    5.07
  68802.804    25.153    -4.07    5.08
  69170.735    25.581     1.17    7.54
  69538.599    27.270     4.59    9.13
  69906.399    29.623     6.40    8.80
  70274.133    32.610     8.12    7.39
  70641.801    37.134    12.30    6.23
  71009.405    42.770    15.33    7.90
  71376.943    49.009    16.97    9.85
  71744.415    54.216    14.17    9.54
  72111.823    55.817     4.36    8.10
  72479.165    54.365    -3.95    8.40
  72846.442    49.663   -12.80   11.22
  73213.654    43.545   -16.66   13.84
  73580.801    34.958   -23.39   13.29
  73947.883    27.702   -19.76    8.88
  74314.900    24.094    -9.83    4.45
  74681.852    23.082    -2.76    2.72
  75048.738    23.107     0.07    2.47
  75415.560    22.960    -0.40    2.06
  75782.317    22.959    -0.00    1.67
  76152.113    23.249     0.78    1.76
  76532.282    23.663     1.09    1.84
  76912.381    23.770     0.28    1.53
  77292.409    23.292    -1.26    1.76
  77672.367    21.679    -4.25    2.81
  78052.255    19.842    -4.83    2.63
  78432.072    18.196    -4.33    2.10
  78811.819    16.697    -3.95    1.78
  79191.496    15.703    -2.62    2.21
  79571.103    15.675    -0.07    2.84
  79950.640    15.670    -0.01    4.38
  80330.107    15.700     0.08    5.39
  80709.504    15.305    -1.04    6.01
  81088.831    15.289    -0.04    6.58
  81468.088    18.142     7.52    8.55
  81847.275    22.667    11.93    9.27
  82226.392    26.374     9.78    7.17
  82605.440    29.910     9.33    3.67
  82984.418    30.646     1.94    3.46
  83363.326    31.101     1.20    3.62
  83742.164    32.921     4.80    3.89
  84120.933    35.203     6.03    3.92
  84499.632    37.393     5.78    3.58
  84878.261    40.149     7.28    3.77
  85256.821    41.752     4.24    3.55
  85635.311    43.502     4.62    3.56
  86013.732    44.309     2.13    3.48
  86392.084    43.902    -1.07    3.53
  86770.366    42.909    -2.63    3.86
  87148.579    41.206    -4.50    3.64
  87526.723    39.972    -3.26    2.83
  87904.797    39.325    -1.71    2.29
  88282.802    38.435    -2.35    2.83
  88660.738    37.922    -1.36    2.87
  89038.605    37.342    -1.54    2.53
  89416.402    37.465     0.33    2.55
  89794.131    37.591     0.33    2.38
  90171.790    37.922     0.88    2.27
  90549.381    37.655    -0.71    2.37
  90926.902    36.659    -2.64    2.49
  91304.355    36.175    -1.28    2.53
  91681.739    35.321    -2.26    3.10
  92059.054    33.779    -4.09    4.47
  92436.300    32.201    -4.18    4.22
  92813.477    30.258    -5.15    3.45
  93190.585    28.658    -4.24    3.65
  93567.625    27.594    -2.82    3.32
  93944.597    27.249    -0.91    3.86
  94321.499    27.635     1.02    4.38
  94698.333    28.110     1.26    4.39
  95075.099    27.639    -1.25    4.21
  95451.796    26.767    -2.31    3.25
  95828.424    26.333    -1.15    3.09
  96204.984    27.313     2.60    3.79
  96581.476    27.862     1.46    3.64
  96957.899    28.472     1.62    2.78
  97334.254    28.613     0.38    2.31
  97710.541    27.935    -1.80    2.15
  98086.759    27.396    -1.43    2.23
  98462.909    27.898     1.34    2.84
  98838.991    27.609    -0.77    2.89
  99215.005    27.581    -0.07    3.85
  99590.951    27.123    -1.22    4.61
  99966.828    25.591    -4.07    4.86
 100342.638    24.287    -3.47    5.17
 100718.380    22.325    -5.22    5.24
 101094.054    20.697    -4.33    5.41
 101469.659    18.698    -5.32    4.90
 101845.197    17.817    -2.35    3.27
 102220.667    17.442    -1.00    2.47
 102596.070    18.139     1.86    2.44
 102971.404    19.078     2.50    2.03
 103346.671    19.931     2.27    2.33
 103721.870    20.752     2.19    3.08
 104097.002    22.667     5.10    4.35
 104472.065    25.175     6.69    4.23
 104847.062    25.971     2.12    3.72
 105221.990    26.206     0.63    3.58
 105596.852    25.906    -0.80    3.41
 105971.645    25.655    -0.67    2.97
 106346.371    26.123     1.25    3.03
 106721.030    25.925    -0.53    2.78
 107095.622    26.589     1.77    2.96
 107470.146    26.897     0.82    3.02
 107844.603    27.539     1.71    2.57
 108218.992    28.033     1.32    2.72
 108593.315    28.070     0.10    2.76
 108967.570    27.884    -0.50    2.50
 109341.758    28.045     0.43    2.86
 109715.879    27.142    -2.41    3.79
 110089.933    25.630    -4.04    3.93
 110463.920    23.886    -4.66    3.49
 110837.839    22.289    -4.27    2.22
 111211.692    21.935    -0.95    1.97
 111585.478    21.777    -0.42    2.21
 111959.197    21.342    -1.16    2.33
 112332.849    21.834     1.32    2.75
 112706.435    22.478     1.72    2.70
 113079.953    22.996     1.39    2.40
 113453.405    22.700    -0.79    2.61
 113826.790    22.021    -1.82    2.75
 114200.108    21.309    -1.91    2.65
 114573.360    20.746    -1.51    2.46
 114946.545    20.376    -0.99    2.23
 115319.664    19.448    -2.49    2.14
 115692.716    18.329    -3.00    1.93
 116065.701    18.342     0.03    2.06
 116438.620    19.034     1.85    2.28
 116811.473    19.996     2.58    1.96
 117184.259    20.576     1.56    1.52
 117556.979    19.821    -2.03    2.18
 117929.633    19.996     0.47    2.31
 118302.220    19.377    -1.66    2.71
 118674.741    18.135    -3.33    2.97
 119047.196    18.144     0.02    2.99
 119419.584    18.794     1.74    2.86
 119791.907    20.106     3.52    2.58
 120164.163    20.692     1.58    2.23
 120536.353    21.478     2.11    2.21
 120908.477    22.616     3.06    2.89
 121280.536    23.885     3.41    3.29
 121652.528    25.366     3.98    2.83
 122024.454    26.090     1.95    2.54
 122396.314    25.947    -0.39    2.56
 122768.109    25.759    -0.51    2.77
 123139.838    24.796    -2.59    3.58
 123511.501    23.562    -3.32    4.75
 123883.098    22.781    -2.10    4.89
 124254.629    22.317    -1.25    4.51
 124626.095    22.146    -0.46    4.26
 124997.495    21.403    -2.00    4.04
 125368.829    19.971    -3.86    4.14
 125740.098    17.815    -5.80    3.43
 126111.302    16.834    -2.64    3.53
 126482.439    17.221     1.04    4.92
 126853.512    18.209     2.66    5.77
 127224.519    20.767     6.90    6.94
 127595.460    23.134     6.38    6.63
 127966.336    26.144     8.12    6.16
 128337.147    28.321     5.87    4.77
 128707.892    29.647     3.58    2.91
 129078.572    29.920     0.74    2.27
 129449.187    29.803    -0.32    2.45
 129819.737    28.384    -3.83    3.92
 130190.222    26.403    -5.34    4.33
 130560.641    25.132    -3.43    3.69
 130930.995    23.984    -3.10    2.90
 131301.285    24.533     1.48    2.53
 131671.509    24.746     0.58    1.89
 132041.668    25.292     1.48    2.12
 132411.762    26.898     4.34    2.58
 132781.792    27.465     1.53    3.05
 133151.756    28.416     2.57    3.68
 133521.656    29.009     1.60    3.79
 133891.490    29.246     0.64    3.70
 134261.260    28.264    -2.65    3.33
 134630.965    28.280     0.04    2.86
 135000.606    28.900     1.68    3.56
 135370.182    30.009     3.00    3.92
 135739.693    30.428     1.13    3.42
 136109.139    29.895    -1.44    3.61
 136478.521    29.731    -0.44    3.38
 136847.839    29.446    -0.77    3.06
 137217.092    29.096    -0.95    3.15
 137586.280    28.409    -1.86    2.78
 137955.404    27.442    -2.62    2.03
 138324.463    26.983    -1.24    1.78
 138693.458    27.386     1.09    2.58
 139062.389    28.299     2.47    3.42
 139431.256    29.118     2.22    3.33
 139800.058    29.554     1.18    3.08
 140168.796    30.472     2.49    3.40
 140537.470    31.786     3.56    3.71
 140906.079    32.618     2.26    4.03
 141274.624    32.930     0.85    3.89
 141643.106    32.155    -2.10    3.47
 142011.523    32.074    -0.22    3.11
 142379.876    33.081     2.73    2.94
 142748.165    34.214     3.07    3.61
 143116.390    35.045     2.26    3.90
 143484.552    37.237     5.95    4.95
 143852.649    39.924     7.30    5.81
 144220.682    42.465     6.90    5.92
 144588.652    45.484     8.20    5.21
 144956.558    47.921     6.62    5.19
 145324.400    49.618     4.61    4.69
 145692.178    51.194     4.28    4.04
 146059.893    52.823     4.43    3.87
 146427.543    53.388     1.54    3.55
 146795.131    52.184    -3.28    4.77
 147162.654    50.289    -5.16    6.15
 147530.114    51.046     2.06    8.08
 147897.511    53.423     6.47    8.96
 148264.844    58.161    12.90    7.19
 148632.113    61.638     9.47    4.20
 148999.319    62.721     2.95    3.59
 149366.462    63.435     1.94    3.62
 149733.541    64.074     1.74    3.85
 150100.557    66.737     7.25    6.26
 150467.510    70.167     9.35    8.85
 150834.512    74.082    10.67   11.01
 151214.534    77.676     9.45   12.15
 151594.487    80.716     8.00   12.45
 151974.372    85.061    11.44   11.70
 152354.188    88.409     8.81   11.64
 152733.936    88.934     1.38   13.05
 153113.616    88.231    -1.85   14.63
 153493.227    86.813    -3.73   16.17
 153872.770    84.159    -6.99   17.23
 154252.244    82.984    -3.10   17.84
 154631.651    80.909    -5.47   17.71
 155010.989    79.418    -3.93   16.97
 155390.259    77.047    -6.25   17.88
 155769.461    68.569   -22.35   19.77
 156148.595    60.720   -20.70   19.46
 156527.661    52.606   -21.40   18.05
 156906.659    43.560   -23.86   15.55
 157285.589    39.623   -10.39   13.59
 157664.451    36.224    -8.97   11.96
 158043.245    32.784    -9.08   10.12
 158421.972    30.819    -5.19    9.07
 158800.630    28.386    -6.42    7.17
 159179.221    26.194    -5.79    5.36
 159557.744    25.379    -2.15    4.19
 159936.199    25.796     1.10    3.27
 160314.587    25.540    -0.68    3.20
 160692.906    25.799     0.68    3.43
 161071.159    25.723    -0.20    3.52
 161449.344    25.194    -1.40    3.21
 161827.461    26.050     2.26    2.63
 162205.511    25.935    -0.30    2.98
 162583.493    25.753    -0.48    2.74
 162961.408    26.009     0.68    2.94
 163339.256    26.578     1.51    2.84
 163717.036    27.527     2.51    2.11
 164094.749    29.199     4.43    3.26
 164472.394    30.571     3.63    3.97
 164849.973    32.618     5.42    3.69
 165227.484    34.292     4.43    3.34
 165604.928    35.206     2.42    3.68
 165982.305    38.363     8.37    5.16
 166359.615    43.634    13.97    9.35
 166736.858    49.199    14.75   11.75
 167114.033    54.948    15.24   11.52
 167491.142    60.528    14.79   11.27
 167868.184    69.057    22.62   10.40
 168245.159    79.707    28.25   13.21
 168622.067    90.520    28.69   14.74
 168998.908    99.838    24.72   12.87
 169375.683   105.683    15.51   10.00
 169752.390   109.917    11.24   10.26
 170129.031   114.109    11.13    9.91
 170505.606   118.438    11.49    8.56
 170882.113   118.737     0.79    8.51
 171258.554   112.768   -15.85   11.69
 171634.928   107.240   -14.69   11.77
 172011.236   105.509    -4.60   11.10
 172387.478   110.084    12.16   15.25
 172763.652   119.047    23.83   15.40
 173139.761   127.317    21.98   12.15
 173515.803   133.070    15.30   10.87
 173891.778   137.123    10.78    9.03
 174267.687   141.009    10.34    6.96
 174643.530   142.586     4.20    4.98
 175019.307   143.095     1.35    5.40
 175395.017   143.844     1.99    6.53
 175770.662   143.936     0.24    6.55
 176146.240   144.282     0.92    5.84
 176521.752   143.021    -3.36    5.50
 176897.197   139.343    -9.80    5.42
 177272.577   137.613    -4.61    4.40
 177647.891   137.009    -1.61    4.11
 178023.139   137.539     1.41    3.32
 178398.320   137.645     0.28    2.68
 178773.436   134.709    -7.83    5.30
 179148.486   130.347   -11.63    6.84
 179523.470   123.873   -17.26    7.46
 179898.389   116.252   -20.32    7.82
 180273.241   112.144   -10.96    6.60
 180648.028   110.996    -3.06    6.09
 181022.749   110.784    -0.57    7.43
 181397.404   112.553     4.72    8.52
 181771.994   113.885     3.56    9.36
 182146.518   113.196    -1.84    9.46
 182520.977   112.515    -1.82    9.46
 182895.370   109.855    -7.10    9.09
 183269.697   107.176    -7.16    7.70
 183643.959   104.144    -8.10    6.03
 184018.156   101.354    -7.46    5.87
 184392.287    98.761    -6.93    5.23
 184766.353    95.743    -8.07    5.20
 185140.354    93.659    -5.57    5.01
 185514.289    92.882    -2.08    5.09
 185888.159    94.243     3.64    5.99
 186261.963    96.844     6.96    6.08
 186635.703    98.897     5.49    5.48
 187009.377   100.184     3.44    4.72
 187382.987   101.121     2.51    4.31
 187756.531   101.291     0.45    3.13
 188130.010   100.996    -0.79    2.56
 188503.424   100.566    -1.15    2.63
 188876.773   101.296     1.96    3.62
 189250.057   102.334     2.78    3.90
 189623.276   103.296     2.58    3.56
 189996.431   104.299     2.69    3.12
 190369.520   103.446    -2.28    4.26
 190742.545   101.658    -4.79    4.71
 191115.505   100.386    -3.41    3.80
 191488.400    98.943    -3.87    3.28
 191861.230    97.646    -3.48    3.23
 192233.996    94.915    -7.33    7.24
 192606.697    88.724   -16.61   12.10
 192979.333    80.509   -22.04   13.92
 193351.905    74.601   -15.86   11.45
 193724.413    73.645    -2.57    9.50
 194096.855    73.984     0.91    8.17
 194469.234    75.428     3.88    6.93
 194841.548    73.959    -3.95    6.22
 195213.797    70.693    -8.77    3.33
 195585.982    70.613    -0.22    3.16
 195958.103    70.223    -1.05    3.54
 196330.159    68.922    -3.50    4.27
 196702.152    68.118    -2.16    3.84
 197074.079    68.346     0.61    3.85
 197445.943    69.308     2.59    3.32
 197817.743    70.971     4.47    3.17
 198189.478    70.996     0.07    3.55
 198561.149    68.484    -6.76    5.73
 198932.757    66.726    -4.73    6.87
 199304.300    67.634     2.44    7.82
 199675.779    69.654     5.44    7.68
 200047.194    73.761    11.06    6.67
 200418.545    77.383     9.75    5.71
 200789.832    78.246     2.32    5.09
 201161.056    78.199    -0.13    4.89
 201532.215    77.596    -1.62    4.94
 201903.311    77.878     0.76    4.93
 202274.343    79.354     3.98    5.09
 202645.311    78.901    -1.22    5.67
 203016.216    75.834    -8.27    8.19
 203387.057    73.199    -7.10    8.44
 203757.834    72.971    -0.61    8.14
 204128.548    75.378     6.49    7.61
 204499.198    79.292    10.56    5.01
 204869.784    81.969     7.22    3.66
 205240.307    83.846     5.07    4.10
 205610.766    86.145     6.20    3.92
 205981.162    88.786     7.13    4.25
 206351.495    91.654     7.74    3.58
 206721.764    91.811     0.42    3.76
 207091.970    91.401    -1.11    5.39
 207462.113    91.663     0.71    5.02
 207832.192    92.131     1.27    5.45
 208202.208    89.712    -6.54    8.52
 208572.161    86.443    -8.83   10.54
 208942.050    83.218    -8.72   11.20
 209311.877    79.888    -9.00    9.55
 209681.640    79.354    -1.44    8.17
 210051.340    79.780     1.15    6.25
 210420.977    82.206     6.56    6.53
 210790.552    84.786     6.98    7.69
 211160.063    88.515    10.09    7.65
 211529.511    92.807    11.61    7.78
 211898.896    96.184     9.14    8.15
 212268.219    97.903     4.65    7.57
 212637.478    98.021     0.32    7.71
 213006.675    97.074    -2.56    8.69
 213375.809    99.471     6.49   10.06
 213744.880   104.308    13.10    9.32
 214113.888   109.209    13.28    6.37
 214482.834   111.286     5.63    4.30
 214851.717   112.309     2.77    4.82
 215220.537   113.483     3.18    5.35
 215589.295   114.539     2.86    5.40
 215957.990   116.629     5.67    5.32
 216326.623   117.958     3.60    4.75
 216695.193   118.775     2.22    4.48
 217063.701   119.871     2.97    4.30
 217432.146   119.547    -0.88    4.46
 217800.529   117.121    -6.59    6.77
 218168.849   114.761    -6.41    7.09
 218537.108   116.521     4.78   10.04
 218905.303   123.135    17.96   14.44
 219273.437   136.154    35.36   15.89
 219641.508   145.714    25.97   12.13
 220009.517   152.857    19.41    6.68
 220377.464   156.626    10.24    4.71
 220745.349   159.426     7.61    5.02
 221113.171   161.325     5.16    4.87
 221480.932   160.855    -1.28    5.46
 221848.630   157.321    -9.61    7.99
 222216.267   152.351   -13.52    7.99
 222583.841   147.287   -13.77    7.95
 222951.353   143.148   -11.26    6.78
 223318.804   141.552    -4.34    6.58
 223686.192   139.223    -6.34    4.98
 224053.519   137.584    -4.46    4.30
 224420.784   135.807    -4.84    4.63
 224787.987   133.996    -4.93    5.41
 225155.128   132.970    -2.79    4.54
 225522.208   134.161     3.24    4.08
 225899.445   135.266     2.93    3.10
 226279.257   134.959    -0.81    3.64
 226659.002   133.641    -3.47    4.19
 227038.680   131.621    -5.32    4.20
 227418.292   129.406    -5.83    4.55
 227797.837   127.453    -5.15    4.84
 228177.316   124.459    -7.89    4.17
 228556.728   121.919    -6.69    4.76
 228936.073   120.559    -3.59    4.85
 229315.353   119.684    -2.30    5.11
 229694.566   118.634    -2.77    4.78
 230073.712   116.369    -5.97    5.80
 230452.793   112.321   -10.68    6.27
 230831.807   110.428    -4.99    6.07
 231210.754   110.663     0.62    7.11
 231589.636   112.417     4.63    7.81
 231968.451   114.746     6.15    6.93
 232347.201   115.970     3.23    6.65
 232725.884   114.959    -2.67    6.69
 233104.501   112.848    -5.57    7.07
 233483.052   111.284    -4.13    6.97
 233861.537   110.186    -2.90    5.19
 234239.956   109.906    -0.74    4.07
 234618.309   111.971     5.46    4.66
 234996.597   113.916     5.14    5.84
 235374.818   115.730     4.80    6.20
 235752.974   117.116     3.66    5.81
 236131.064   115.403    -4.53    6.35
 236509.088   111.983    -9.05    7.80
 236887.046   108.696    -8.69    7.29
 237264.939   107.983    -1.89    6.42
 237642.766   109.452     3.89    6.63
 238020.527   112.009     6.77    4.68
 238398.223   110.409    -4.24    5.29
 238775.853   105.996   -11.68    6.12
 239153.418   102.073   -10.39    4.76
 239530.918    98.359    -9.84    4.13
 239908.352    95.541    -7.46    4.68
 240285.720    95.148    -1.04    5.25
 240663.023    98.540     8.99    9.16
 241040.261   106.201    20.30   11.02
 241417.433   114.064    20.84    6.56
 241794.541   117.071     7.97    3.78
 242171.583   117.239     0.45    3.97
 242548.559   115.700    -4.08    4.33
 242925.471   114.143    -4.13    2.59
 243302.317   113.275    -2.30    2.74
 243679.099   112.325    -2.52    3.78
 244055.815   111.072    -3.33    4.18
 244432.466   109.154    -5.09    3.78
 244809.053   109.350     0.52    3.49
 245185.574   109.707     0.95    3.08
 245562.030   110.176     1.25    2.94
 245938.422   110.846     1.78    4.03
 246314.748   111.317     1.25    5.11
 246691.010   111.727     1.09    5.73
 247067.207   111.851     0.33    5.35
 247443.339   110.621    -3.27    5.70
 247819.407   108.588    -5.40    5.19
 248195.410   106.146    -6.49    3.09
 248571.348   104.915    -3.27    2.38
 248947.221   106.321     3.74    3.67
 249323.030   108.588     6.03    5.44
 249698.775   113.484    13.03    6.92
 250074.454   117.293    10.14    6.45
 250450.070   118.746     3.87    5.62
 250825.621   119.114     0.98    5.06
 251201.107   116.199    -7.76    5.19
 251576.529   113.573    -6.99    4.33
 251951.887   112.123    -3.86    3.15
 252327.180   111.240    -2.35    2.11
 252702.409   111.214    -0.07    2.20
 253077.574   109.680    -4.09    4.49
 253452.675   105.381   -11.46    7.62
 253827.711    99.188   -16.51    9.70
 254202.683    92.809   -17.01    9.36
 254577.592    88.540   -11.38    6.72
 254952.436    86.768    -4.73    5.62
 255327.216    88.490     4.59    7.91
 255701.932    91.154     7.11    8.80
 256076.584    93.709     6.82    7.86
 256451.172    94.575     2.31    6.23
 256825.696    92.059    -6.72    5.81
 257200.156    89.632    -6.48    4.37
 257574.552    88.022    -4.30    3.23
 257948.885    87.280    -1.98    3.01
 258323.153    87.384     0.28    3.65
 258697.358    88.407     2.73    3.90
 259071.499    90.684     6.08    3.90
 259445.577    92.320     4.37    3.77
 259819.591    93.502     3.16    4.28
 260193.541    93.788     0.76    4.70
 260567.427    94.452     1.77    4.06
 260941.250    96.823     6.34    4.06
 261315.010    98.746     5.14    3.89
 261688.706   100.312     4.19    3.17
 262062.338   100.857     1.46    2.37
 262435.908   101.593     1.97    2.18
 262809.413   101.945     0.94    1.95
 263182.856   100.553    -3.73    3.14
 263556.235    97.829    -7.29    4.96
 263929.550    95.074    -7.38    4.70
 264302.803    95.240     0.44    4.56
 264675.992    97.299     5.52    5.20
 265049.118   100.163     7.67    3.92
 265422.180   101.996     4.91    1.75
 265795.180   101.971    -0.07    2.09
 266168.117   101.784    -0.50    2.24
 266540.990   102.355     1.53    2.18
 266913.800   102.727     1.00    2.15
 267286.548   103.204     1.28    2.27
 267659.232   103.388     0.50    2.98
 268031.854   102.759    -1.69    3.14
 268404.412   101.996    -2.05    3.22
 268776.908   101.150    -2.27    3.07
 269149.341    99.814    -3.59    2.11
 269521.711    98.516    -3.49    2.31
 269894.018    96.882    -4.39    2.62
 270266.262    95.049    -4.92    2.75
 270638.444    93.771    -3.43    2.16
 271010.563    93.143    -1.69    1.83
 271382.619    92.560    -1.57    1.85
 271754.613    92.619     0.16    1.81
 272126.544    91.881    -1.99    2.04
 272498.413    91.577    -0.82    2.23
 272870.219    93.134     4.19    3.25
 273241.962    94.347     3.26    3.34
 273613.643    96.221     5.04    2.93
 273985.262    97.645     3.83    2.13
 274356.818    97.642    -0.01    2.06
 274728.312    96.361    -3.45    2.45
 275099.744    95.373    -2.66    2.62
 275471.113    93.834    -4.14    2.48
 275842.420    91.621    -5.96    2.71
 276213.664    89.667    -5.26    2.94
 276584.847    87.396    -6.12    2.86
 276955.967    85.253    -5.77    2.63
 277327.025    84.496    -2.04    2.35
 277698.021    83.654    -2.27    2.82
 278068.955    82.970    -1.84    3.46
 278439.827    82.807    -0.44    3.69
 278810.637    81.384    -3.84    3.82
 279181.384    80.374    -2.72    3.59
 279552.070    79.896    -1.29    2.61
 279922.694    80.050     0.42    2.36
 280293.256    80.571     1.41    2.80
 280663.756    82.131     4.21    3.47
 281034.195    84.191     5.56    4.41
 281404.571    85.645     3.92    3.91
 281774.886    85.459    -0.50    3.81
 282145.139    84.510    -2.56    4.09
 282515.330    81.559    -7.97    5.38
 282885.460    78.565    -8.08    6.38
 283255.528    76.484    -5.62    6.98
 283625.534    74.347    -5.77    5.49
 283995.479    74.178    -0.46    3.83
 284365.362    73.843    -0.90    3.84
 284735.184    73.022    -2.22    3.71
 285104.944    71.631    -3.76    3.90
 285474.642    71.284    -0.94    3.93
 285844.280    71.538     0.69    5.02
 286213.856    72.534     2.69    5.30
 286583.370    72.212    -0.87    5.47
 286952.823    70.167    -5.53    4.81
 287322.215    67.064    -8.40    3.57
 287691.546    65.022    -5.53    2.63
 288060.815    63.847    -3.18    2.03
 288430.023    63.287    -1.52    1.80
 288799.170    63.517     0.62    2.06
 289168.256    62.921    -1.61    2.53
 289537.280    61.609    -3.55    3.78
 289906.244    60.573    -2.81    3.79
 290275.146    60.415    -0.43    4.17
 290643.988    62.022     4.36    5.01
 291012.768    63.983     5.32    5.01
 291381.488    66.355     6.43    3.75
 291750.146    68.076     4.67    1.89
 292118.744    68.196     0.33    2.48
 292487.281    69.009     2.21    3.13
 292855.756    70.325     3.57    4.74
 293224.172    73.036     7.36    7.15
 293592.526    76.087     8.28    7.82
 293960.819    78.176     5.67    8.60
 294329.052    79.490     3.57    7.59
 294697.224    80.588     2.98    6.33
 295065.336    80.414    -0.47    5.93
 295433.386    79.549    -2.35    5.70
 295801.377    78.899    -1.76    6.08
