-135474.437    92.717     0.00    2.72
-135104.979    91.898    -2.22    2.83
-134735.586    90.828    -2.89    3.20
-134366.260    89.432    -3.78    3.82
-133997.000    88.703    -1.97    3.86
-133627.806    89.105     1.09    3.88
-133258.678    90.060     2.59    4.16
-132889.617    92.083     5.48    4.23
-132520.621    94.487     6.52    3.33
-132151.692    96.231     4.73    2.07
-131782.829    96.565     0.91    1.98
-131414.031    96.206    -0.97    2.26
-131045.300    95.097    -3.01    2.29
-130676.634    93.765    -3.61    1.44
-130308.035    92.324    -3.91    2.43
-129939.501    90.698    -4.41    3.46
-129571.033    90.167    -1.44    3.53
-129202.631    90.038    -0.35    3.57
-128834.294    91.450     3.84    2.96
-128466.024    93.013     4.24    0.75
-128097.819    93.233     0.60    0.45
-127729.679    93.322     0.24    0.48
-127361.605    93.414     0.25    0.50
-126993.597    93.475     0.17    0.50
-126625.654    93.665     0.52    0.62
-126257.777    94.001     0.91    0.78
-125889.965    94.427     1.16    0.88
-125522.219    95.089     1.80    1.05
-125154.538    96.192     3.00    1.56
-124786.922    97.165     2.65    1.54
-124419.372    97.641     1.30    1.41
-124051.887    97.284    -0.97    1.97
-123684.467    95.878    -3.83    2.29
-123317.113    94.288    -4.33    2.06
-122949.824    92.548    -4.74    2.09
-122582.599    90.828    -4.68    2.41
-122215.440    89.536    -3.52    2.53
-121848.346    89.701     0.45    2.64
-121481.317    91.259     4.25    3.40
-121114.353    92.975     4.68    2.55
-120747.454    93.481     1.38    1.88
-120380.620    92.296    -3.23    3.09
-120013.851    87.703   -12.52    6.89
-119634.579    80.963   -17.77    8.91
-119254.392    75.148   -15.30    6.84
-118874.276    71.986    -8.32    3.07
-118494.230    71.075    -2.40    0.39
-118114.255    71.170     0.25    0.58
-117734.350    71.267     0.26    0.83
-117354.515    71.109    -0.42    0.47
-116974.750    70.975    -0.35    0.11
-116595.055    71.024     0.13    0.29
-116215.431    71.086     0.16    0.43
-115835.876    70.963    -0.33    0.65
-115456.392    70.586    -0.99    1.24
-115076.978    70.039    -1.44    2.02
-114697.633    69.320    -1.90    2.77
-114318.359    68.232    -2.87    3.78
-113939.155    67.398    -2.20    4.44
-113560.020    66.550    -2.24    5.13
-113180.955    65.950    -1.58    5.77
-112801.960    65.345    -1.60    6.77
-112423.035    65.582     0.62    7.06
-112044.179    66.530     2.50    6.56
-111665.394    65.902    -1.66    6.69
-111286.677    64.280    -4.29    7.89
-110908.031    62.524    -4.64    8.63
-110529.454    59.889    -6.96    8.58
-110150.946    59.060    -2.19    8.39
-109772.508    57.827    -3.26    8.09
-109394.139    55.753    -5.48    7.20
-109015.840    56.574     2.17    7.45
-108637.610    58.706     5.64    8.22
-108259.450    62.736    10.66    8.49
-107881.358    67.488    12.57    5.45
-107503.336    70.163     7.08    2.35
-107125.384    70.681     1.37    2.44
-106747.500    69.987    -1.83    3.24
-106369.686    67.950    -5.39    4.34
-105991.940    65.811    -5.66    4.22
-105614.264    63.700    -5.59    3.98
-105236.656    61.753    -5.16    3.55
-104859.118    59.740    -5.33    3.33
-104481.649    58.048    -4.48    3.38
-104104.248    56.036    -5.33    3.66
-103726.917    54.085    -5.17    3.60
-103349.654    51.629    -6.51    2.90
-102972.460    50.617    -2.68    2.25
-102595.335    51.059     1.17    3.44
-102218.278    52.728     4.43    4.52
-101841.291    55.222     6.62    4.58
-101464.371    57.325     5.58    3.92
-101087.521    58.845     4.03    2.88
-100710.739    60.219     3.65    1.37
-100334.025    61.072     2.27    1.01
 -99957.380    61.552     1.27    0.97
 -99580.804    61.541    -0.03    1.01
 -99204.296    61.309    -0.62    1.15
 -98827.856    60.902    -1.08    1.43
 -98451.485    60.699    -0.54    1.61
 -98075.182    60.389    -0.82    1.91
 -97698.947    60.287    -0.27    2.10
 -97322.781    60.213    -0.20    2.14
 -96946.682    60.038    -0.47    2.25
 -96570.652    60.000    -0.10    2.25
 -96194.690    59.913    -0.23    2.19
 -95818.796    59.770    -0.38    1.93
 -95442.970    59.609    -0.43    1.83
 -95067.212    60.000     1.04    1.95
 -94691.523    60.499     1.33    2.10
 -94315.901    60.716     0.58    1.90
 -93940.347    60.255    -1.23    1.91
 -93564.860    59.000    -3.34    3.08
 -93189.442    55.670    -8.87    4.99
 -92814.091    52.219    -9.20    5.04
 -92438.809    48.743    -9.26    3.70
 -92063.594    46.740    -5.34    2.09
 -91688.446    45.839    -2.40    2.02
 -91313.366    45.713    -0.34    2.41
 -90938.354    46.904     3.18    4.87
 -90563.410    50.950    10.79    8.17
 -90188.533    56.506    14.82    9.07
 -89813.723    61.400    13.06    8.69
 -89438.981    65.653    11.35    7.11
 -89064.306    69.330     9.81    4.75
 -88689.699    72.292     7.91    4.30
 -88315.159    75.173     7.69    3.67
 -87940.686    77.646     6.60    2.34
 -87566.281    79.411     4.72    1.93
 -87191.943    80.121     1.90    1.45
 -86817.672    79.963    -0.42    1.57
 -86443.469    78.365    -4.27    3.04
 -86069.332    74.898    -9.27    4.60
 -85695.262    70.336   -12.20    5.90
 -85321.260    65.270   -13.55    5.61
 -84947.325    60.240   -13.45    5.72
 -84573.456    55.397   -12.95    5.42
 -84199.655    51.351   -10.82    5.06
 -83825.920    47.729    -9.69    3.85
 -83452.253    44.024    -9.92    4.41
 -83078.652    41.411    -6.99    4.15
 -82705.118    39.689    -4.61    4.02
 -82331.651    38.847    -2.25    4.42
 -81958.250    39.487     1.71    6.12
 -81584.917    40.732     3.33    8.81
 -81211.650    42.036     3.49   10.50
 -80838.449    45.809    10.11   12.90
 -80465.315    49.153     8.96   13.60
 -80092.248    51.540     6.40   12.35
 -79719.247    53.889     6.30    9.31
 -79346.313    52.407    -3.97    7.70
 -78973.445    50.386    -5.42    7.62
 -78600.644    51.876     4.00    9.46
 -78227.909    56.926    13.55   13.09
 -77855.240    66.050    24.49   15.49
 -77482.638    74.236    21.97   14.73
 -77110.101    80.671    17.27   10.93
 -76737.632    79.210    -3.93   12.32
 -76365.228    70.963   -22.15   15.63
 -75992.890    64.210   -18.14   13.90
 -75620.619    62.406    -4.85   11.94
 -75248.414    63.035     1.69   11.78
 -74876.275    62.975    -0.16   11.26
 -74504.201    65.111     5.74   10.22
 -74132.194    68.160     8.20   10.57
 -73760.253    71.598     9.24   10.76
 -73388.378    73.419     4.90   12.03
 -73016.568    74.975     4.18   13.14
 -72644.825    77.538     6.89   14.18
 -72273.147    79.589     5.52   12.29
 -71901.535    81.216     4.38    8.90
 -71529.989    80.456    -2.04    8.44
 -71158.508    77.283    -8.54    7.73
 -70787.094    74.456    -7.61    5.63
 -70415.745    73.558    -2.42    4.35
 -70044.461    71.902    -4.46    3.43
 -69673.243    70.425    -3.98    3.25
 -69302.090    68.325    -5.66    4.25
 -68931.004    64.525   -10.24    4.89
 -68559.982    61.844    -7.23    4.80
 -68189.026    59.975    -5.04    4.97
 -67818.135    60.061     0.23    6.47
 -67447.310    59.347    -1.93    8.53
 -67076.550    57.182    -5.84    9.45
 -66705.855    53.664    -9.49   10.13
 -66335.226    52.048    -4.36    9.43
 -65964.662    51.607    -1.19    9.67
 -65594.163    51.987     1.02   10.94
 -65223.729    51.248    -1.99   12.18
 -64853.360    48.189    -8.26   11.48
 -64483.057    45.923    -6.12    9.86
 -64112.818    42.865    -8.26    6.98
 -63742.645    42.765    -0.27    7.58
 -63372.536    44.382     4.37    8.29
 -63002.492    44.065    -0.86    8.79
 -62632.514    43.012    -2.85    8.42
 -62262.600    40.213    -7.57    7.75
 -61892.751    38.048    -5.85    5.96
 -61522.967    36.313    -4.69    3.91
 -61153.247    36.155    -0.43    3.48
 -60783.593    38.283     5.76    6.33
 -60414.003    41.875     9.72    9.27
 -60044.477    48.104    16.86   13.48
 -59675.017    55.384    19.71   13.71
 -59305.621    57.241     5.03   11.31
 -58936.289    58.284     2.82    9.35
 -58567.022    58.138    -0.40   10.34
 -58197.820    60.530     6.48   11.04
 -57828.682    64.937    11.94    8.88
 -57459.609    65.902     2.61    6.53
 -57090.599    65.275    -1.70    4.60
 -56721.655    63.988    -3.49    4.20
 -56352.774    62.613    -3.73    4.28
 -55983.958    60.524    -5.66    5.42
 -55615.206    58.097    -6.58    5.02
 -55246.519    54.296   -10.31    7.16
 -54877.895    50.775    -9.55    7.30
 -54509.336    47.163    -9.80    7.17
 -54140.841    44.097    -8.32    7.97
 -53772.410    39.250   -13.16    8.79
 -53404.043    33.950   -14.39    8.16
 -53035.740    30.520    -9.32    6.16
 -52667.501    33.901     9.18   12.27
 -52299.327    42.975    24.65   17.35
 -51931.216    53.312    28.08   16.25
 -51563.168    65.206    32.32   13.13
 -51195.185    72.650    20.23   11.53
 -50827.266    77.287    12.60    8.41
 -50459.410    74.780    -6.82   11.24
 -50091.618    68.131   -18.08   13.73
 -49723.890    64.666    -9.42   12.93
 -49356.226    66.897     6.07   12.88
 -48988.625    68.243     3.66   11.17
 -48621.088    67.847    -1.08   10.58
 -48253.615    60.722   -19.39   14.62
 -47886.205    47.775   -35.24   13.91
 -47518.858    38.125   -26.27   12.18
 -47151.575    32.938   -14.12    8.21
 -46784.356    30.758    -5.94    4.59
 -46417.200    32.488     4.71    6.28
 -46050.107    36.037     9.67    7.90
 -45683.078    38.975     8.01    8.57
 -45316.112    42.234     8.88    6.94
 -44940.248    40.170    -5.49    7.97
 -44560.202    36.642    -9.28    8.98
 -44180.224    34.802    -4.84    7.88
 -43800.315    33.863    -2.47    5.26
 -43420.474    38.118    11.20    6.86
 -43040.702    41.777     9.63    9.43
 -42660.998    44.988     8.46   10.58
 -42281.362    50.382    14.21   12.11
 -41901.795    55.616    13.79   12.44
 -41522.296    63.688    21.27   12.57
 -41142.865    70.938    19.11    9.70
 -40763.503    71.185     0.65    8.96
 -40384.208    65.313   -15.48   14.68
 -40004.982    55.013   -27.16   16.97
 -39625.824    47.888   -18.79   12.10
 -39246.734    50.313     6.40   14.35
 -38867.712    57.328    18.51   16.29
 -38488.758    63.228    15.57   12.85
 -38109.872    63.493     0.70   13.88
 -37731.053    61.199    -6.06   14.49
 -37352.303    59.048    -5.68   13.13
 -36973.621    58.134    -2.41   13.14
 -36595.006    61.694     9.40   14.52
 -36216.459    65.313     9.56   15.19
 -35837.980    72.925    20.11   14.92
 -35459.568    79.040    16.16   13.81
 -35081.224    81.481     6.45   13.34
 -34702.948    85.605    10.90    9.90
 -34324.739    85.950     0.91    9.74
 -33946.598    84.722    -3.25   11.64
 -33568.525    80.783   -10.42   12.25
 -33190.519    78.160    -6.94   10.43
 -32812.580    81.735     9.46    9.74
 -32434.709    84.536     7.41    9.39
 -32056.905    86.578     5.41    8.96
 -31679.168    90.063     9.23    7.62
 -31301.499    91.341     3.39    6.61
 -30923.897    92.370     2.73    4.46
 -30546.362    91.196    -3.11    4.61
 -30168.895    89.000    -5.82    4.94
 -29791.494    89.296     0.79    4.65
 -29414.161    89.250    -0.12    4.91
 -29036.895    88.400    -2.25    5.50
 -28659.695    88.902     1.33    5.12
 -28282.563    90.026     2.98    4.31
 -27905.498    87.950    -5.51    6.07
 -27528.500    83.886   -10.78    9.92
 -27151.568    79.086   -12.73   11.86
 -26774.704    73.654   -14.41   13.44
 -26397.906    70.432    -8.55   14.53
 -26021.175    68.425    -5.33   15.68
 -25644.511    66.527    -5.04   16.26
 -25267.913    66.375    -0.40   16.57
 -24891.383    62.520   -10.24   16.76
 -24514.918    55.506   -18.63   18.18
 -24138.521    52.616    -7.68   18.80
 -23762.190    44.419   -21.78   16.57
 -23385.926    36.410   -21.29   13.84
 -23009.728    29.543   -18.25   10.46
 -22633.596    24.252   -14.07    8.02
 -22257.531    17.098   -19.02   10.07
 -21881.533    14.136    -7.88    9.12
 -21505.601    15.950     4.83   10.08
 -21129.735    21.352    14.37    9.18
 -20753.935    29.825    22.55   10.28
 -20378.202    40.342    27.99   13.62
 -20002.535    48.469    21.63   11.99
 -19626.934    55.418    18.50    9.42
 -19251.399    55.350    -0.18   12.00
 -18875.931    49.913   -14.48   15.14
 -18500.528    47.580    -6.21   15.57
 -18125.192    46.000    -4.21   15.23
 -17749.921    45.926    -0.20   15.25
 -17374.717    48.292     6.31   15.60
 -16999.578    47.924    -0.98   15.12
 -16624.506    49.308     3.69   15.01
 -16249.499    50.368     2.83   13.73
 -15874.558    55.572    13.88   11.83
 -15499.683    60.418    12.93    9.65
 -15124.874    65.213    12.79    5.76
 -14750.130    68.456     8.66    2.60
 -14375.452    69.629     3.13    1.64
 -14000.840    68.989    -1.71    3.60
 -13626.293    63.438   -14.82    9.28
 -13251.812    58.416   -13.41    8.84
 -12877.397    57.638    -2.08    8.68
 -12503.047    59.692     5.49    9.72
 -12128.762    65.061    14.34    8.37
 -11754.544    70.647    14.93    5.98
 -11380.390    74.827    11.17    6.82
 -11006.302    79.309    11.98    8.04
 -10632.279    84.197    13.07    6.83
 -10258.322    85.843     4.40    6.24
  -9884.429    85.363    -1.28    7.71
  -9510.603    78.833   -17.47   12.53
  -9136.841    68.222   -28.39   17.85
  -8763.144    62.716   -14.73   18.29
  -8389.513    62.150    -1.51   20.02
  -8015.947    66.570    11.83   22.15
  -7642.446    70.438    10.36   18.12
  -7269.009    69.418    -2.73   15.19
  -6895.638    64.100   -14.24   16.32
  -6522.332    51.424   -33.96   17.14
  -6149.091    42.525   -23.84   16.61
  -5775.915    38.863    -9.81   18.89
  -5402.803    34.753   -11.02   18.45
  -5029.757    31.406    -8.97   18.22
  -4656.775    29.355    -5.50   18.12
  -4283.858    24.001   -14.36   14.83
  -3911.006    23.155    -2.27   13.13
  -3538.218    25.098     5.21   14.87
  -3165.496    32.481    19.81   17.56
  -2792.837    38.613    16.45   15.13
  -2420.244    36.283    -6.25   17.94
  -2047.715    28.417   -21.12   19.00
  -1675.250    22.254   -16.55   17.98
  -1302.850    16.438   -15.62   18.37
   -930.515    15.629    -2.17   20.24
   -558.244    10.321   -14.26   18.10
   -186.037     2.604   -20.73    8.47
    186.105     0.001    -6.99    0.19
    558.183     0.163     0.44    0.46
    930.197     0.575     1.11    0.77
   1302.147     1.185     1.64    1.14
   1674.032     2.111     2.49    1.31
   2045.853     2.860     2.02    1.11
   2417.609     3.313     1.22    0.87
   2789.302     3.368     0.15    0.87
   3160.931     3.200    -0.45    0.96
   3532.495     2.975    -0.61    0.99
   3903.996     2.814    -0.43    0.98
   4275.432     2.873     0.16    0.96
   4646.805     3.238     0.98    0.91
   5018.113     3.532     0.79    0.76
   5389.358     3.925     1.06    0.37
   5760.539     4.123     0.53    0.51
   6131.656     4.321     0.53    0.71
   6502.709     4.463     0.38    0.80
   6873.698     4.688     0.61    0.90
   7244.624     4.697     0.02    0.92
   7615.486     4.713     0.04    0.95
   7986.284     4.629    -0.22    0.95
   8357.019     4.488    -0.38    0.89
   8727.690     4.309    -0.48    0.75
   9098.297     4.125    -0.50    0.54
   9468.841     4.001    -0.33    0.25
   9839.321     3.963    -0.10    0.00
  10209.738     3.938    -0.07    0.22
  10580.092     3.888    -0.14    0.38
  10950.382     3.861    -0.07    0.47
  11320.609     3.911     0.13    0.28
  11690.772     3.937     0.07    0.16
  12060.872     3.963     0.07    0.00
  12430.909     4.061     0.27    0.44
  12800.883     4.100     0.10    0.50
  13170.793     4.051    -0.13    0.40
  13540.640     4.027    -0.07    0.34
  13910.424     3.924    -0.28    0.19
  14280.145     3.709    -0.58    0.65
  14649.803     3.550    -0.43    0.88
  15019.398     3.413    -0.37    1.05
  15388.930     3.469     0.15    1.08
  15758.398     3.742     0.74    0.68
  16127.804     3.900     0.43    0.33
  16497.147     3.963     0.17    0.00
  16866.427     3.963     0.00    0.00
  17235.644     3.925    -0.10    0.25
  17604.799     3.750    -0.47    0.74
  17973.890     3.693    -0.15    0.80
  18342.919     3.788     0.26    0.61
  18711.885     3.897     0.30    0.34
  19080.789     3.963     0.18    0.00
  19449.630     3.963     0.00    0.00
  19818.408     3.525    -1.19    1.47
  20187.123     2.576    -2.57    2.39
  20555.776     1.763    -2.21    2.58
  20924.367     1.517    -0.67    2.71
  21292.895     2.345     2.25    2.75
  21661.360     3.449     3.00    2.57
  22029.763     3.245    -0.56    3.06
  22398.104     2.895    -0.95    3.15
  22766.382     2.413    -1.31    2.89
  23134.598     2.069    -0.93    2.61
  23502.752     1.370    -1.90    2.63
  23870.843     0.549    -2.23    2.59
  24238.872    -0.422    -2.64    2.33
  24606.839    -0.882    -1.25    2.16
  24974.744     1.363     6.10    5.23
  25342.587     4.607     8.82    6.42
  25710.367     9.325    12.83    6.31
  26078.085    13.742    12.01    4.87
  26445.742    17.413     9.98    4.36
  26813.336    20.520     8.45    3.59
  27180.868    23.216     7.34    2.69
  27548.339    24.963     4.75    1.88
  27915.747    26.375     3.84    1.08
  28283.094    26.783     1.11    0.98
  28650.379    26.775    -0.02    1.08
  29017.601    26.358    -1.14    1.34
  29384.762    25.575    -2.13    1.55
  29757.504    24.520    -2.83    1.97
  30137.411    23.257    -3.32    2.49
  30517.250    21.638    -4.26    3.16
  30897.024    18.937    -7.11    4.62
  31276.730    14.823   -10.83    6.38
  31656.370    10.142   -12.33    6.32
  32035.943     6.165   -10.48    4.63
  32415.450     3.900    -5.97    2.35
  32794.891     3.057    -2.22    0.47
  33174.264     2.963    -0.25    0.00
  33553.572     2.963     0.00    0.00
  33932.813     2.963     0.00    0.00
  34311.987     2.963     0.00    0.00
  34691.096     2.963     0.00    0.00
  35070.138     3.219     0.68    0.61
  35449.113     3.456     0.63    0.70
  35828.023     3.697     0.64    0.75
  36206.866     3.898     0.53    0.78
  36585.643     3.747    -0.40    0.83
  36964.354     3.469    -0.73    0.83
  37342.999     3.163    -0.81    0.58
  37721.578     2.963    -0.53    0.00
  38100.091     2.963     0.00    0.00
  38478.538     2.963     0.00    0.00
  38856.919     3.165     0.54    0.97
  39235.234     3.583     1.10    2.19
  39613.483     4.513     2.46    3.82
  39991.666     5.300     2.08    4.30
  40369.783     7.131     4.84    5.00
  40747.835    10.380     8.59    5.45
  41125.821    13.245     7.58    4.74
  41503.741    16.520     8.67    2.54
  41881.596    18.520     5.29    2.07
  42259.385    20.228     4.52    1.84
  42637.108    21.800     4.16    1.60
  43014.766    23.086     3.40    1.53
  43392.358    23.963     2.32    1.41
  43769.885    24.663     1.85    0.91
  44147.346    24.963     0.79    0.00
  44524.742    24.963     0.00    0.00
  44902.072    24.963     0.00    0.00
  45279.337    24.963     0.00    0.00
  45656.537    24.963     0.00    0.00
  46033.671    24.963     0.00    0.00
  46410.740    24.963     0.00    0.00
  46787.744    24.963     0.00    0.00
  47164.683    24.963     0.00    0.00
  47541.557    24.963     0.00    0.00
  47918.365    24.950    -0.03    0.11
  48295.109    24.870    -0.21    0.37
  48671.787    24.688    -0.49    0.64
  49048.400    24.490    -0.53    0.86
  49424.948    24.400    -0.24    1.04
  49801.432    24.530     0.35    1.18
  50177.850    24.671     0.38    1.19
  50554.204    24.841     0.45    1.34
  50930.492    24.875     0.09    1.44
  51306.716    24.752    -0.33    1.48
  51682.875    24.545    -0.55    1.43
  52058.969    24.196    -0.93    1.28
  52434.999    23.938    -0.69    1.30
  52810.964    23.570    -0.98    1.27
  53186.864    23.347    -0.59    1.28
  53562.700    23.015    -0.89    1.20
  53938.471    22.699    -0.84    1.01
  54314.177    22.411    -0.77    0.75
  54689.819    22.181    -0.61    0.53
  55065.397    21.796    -1.02    0.69
  55440.910    21.102    -1.85    1.09
  55816.358    19.925    -3.14    1.65
  56191.743    18.542    -3.68    1.69
  56567.063    17.800    -1.98    1.26
  56942.318    17.456    -0.92    1.04
  57317.509    17.938     1.28    1.28
  57692.636    18.814     2.34    1.11
  58067.699    19.534     1.92    1.23
  58442.698    20.219     1.83    1.23
  58817.632    20.925     1.88    1.33
  59192.503    21.625     1.87    1.27
  59567.309    22.225     1.60    1.36
  59942.051    22.778     1.48    1.45
  60316.729    23.514     1.96    1.62
  60691.344    23.898     1.03    1.60
  61065.894    24.168     0.72    2.04
  61440.380    24.616     1.20    2.47
  61814.803    25.507     2.38    2.25
  62189.161    26.660     3.08    1.25
  62563.456    27.065     1.08    1.23
  62937.687    27.604     1.44    1.25
  63311.854    28.113     1.36    1.31
  63685.958    28.713     1.60    1.47
  64059.998    29.213     1.34    1.56
  64433.974    29.586     1.00    1.50
  64807.886    29.729     0.38    1.26
  65181.735    29.575    -0.41    0.99
  65555.521    29.252    -0.86    0.85
  65929.242    28.616    -1.70    0.99
  66302.901    28.027    -1.58    1.11
  66676.496    27.578    -1.20    1.05
  67050.027    27.189    -1.04    1.25
  67423.495    26.438    -2.01    1.92
  67796.900    25.216    -3.27    2.72
  68170.241    23.125    -5.60    3.70
  68543.520    21.260    -5.00    3.54
  68916.734    19.823    -3.85    2.99
  69289.886    19.083    -1.99    2.38
  69662.974    18.833    -0.67    1.98
  70036.000    18.773    -0.16    1.59
  70408.962    18.525    -0.67    1.25
  70781.861    18.182    -0.92    0.84
  71154.697    18.125    -0.15    0.66
  71527.469    17.990    -0.36    1.16
  71900.179    18.089     0.27    1.42
  72272.826    18.222     0.36    1.46
  72645.410    18.001    -0.59    2.37
  73017.931    17.363    -1.71    3.09
  73390.389    16.575    -2.11    3.25
  73762.785    16.555    -0.05    3.36
  74135.117    17.688     3.04    2.92
  74507.387    18.805     3.00    2.15
  74879.594    19.633     2.23    1.68
  75251.738    20.532     2.41    1.06
  75623.820    21.418     2.38    1.55
  75995.839    22.423     2.70    1.78
  76367.795    22.925     1.35    1.70
  76739.689    22.988     0.17    1.61
  77111.520    23.102     0.31    2.01
  77483.289    23.357     0.69    2.15
  77854.995    23.066    -0.78    2.47
  78226.639    23.129     0.17    2.35
  78598.220    22.545    -1.57    1.77
  78969.739    22.616     0.19    1.31
  79341.195    22.937     0.86    1.24
  79712.589    23.607     1.80    1.90
  80083.921    24.532     2.49    1.96
  80455.191    26.157     4.38    1.97
  80826.398    27.052     2.41    1.19
  81197.543    27.388     0.90    1.04
  81568.626    27.325    -0.17    0.98
  81939.647    27.521     0.53    1.41
  82310.606    28.245     1.95    1.56
  82681.502    29.397     3.11    1.75
  83052.337    29.963     1.53    1.30
  83423.109    29.300    -1.79    1.71
  83793.820    28.334    -2.61    1.97
  84164.469    27.275    -2.86    1.50
  84535.055    27.075    -0.54    1.62
  84905.580    27.245     0.46    1.80
  85276.043    28.015     2.08    1.47
  85646.444    28.292     0.75    1.29
  86016.783    28.859     1.53    1.45
  86387.061    29.625     2.07    1.71
  86757.277    30.378     2.03    2.11
  87127.431    31.363     2.66    2.40
  87497.523    31.608     0.66    2.48
  87867.554    31.646     0.10    2.52
  88237.523    31.326    -0.86    2.16
  88607.431    31.226    -0.27    1.42
  88977.277    31.437     0.57    1.31
  89347.061    31.107    -0.89    1.34
  89716.784    30.326    -2.11    1.66
  90086.446    29.411    -2.47    1.57
  90456.046    28.595    -2.21    1.00
  90825.585    28.355    -0.65    0.56
  91195.062    28.794     1.19    1.32
  91564.478    29.739     2.56    2.47
  91933.833    30.773     2.80    3.04
  92303.127    31.534     2.06    2.68
  92672.359    31.431    -0.28    2.19
  93041.530    31.411    -0.05    1.73
  93410.640    31.450     0.10    1.66
  93779.688    32.002     1.50    1.77
  94148.676    32.807     2.18    1.78
  94517.602    33.713     2.46    1.74
  94886.468    34.558     2.29    1.52
  95255.272    35.252     1.88    1.43
  95624.016    36.263     2.74    1.83
  95992.698    37.309     2.84    2.24
  96361.320    37.886     1.56    2.12
  96729.880    37.729    -0.43    2.74
  97098.380    36.482    -3.38    3.67
  97466.819    33.883    -7.05    4.40
  97835.197    31.292    -7.03    4.40
  98203.515    28.787    -6.80    3.12
  98571.771    27.788    -2.71    1.50
  98939.967    27.511    -0.75    1.23
  99308.102    27.525     0.04    1.20
  99676.177    27.195    -0.90    1.25
 100044.191    26.118    -2.93    1.87
 100412.144    26.101    -0.05    2.80
 100780.037    26.555     1.23    3.92
 101147.869    26.503    -0.14    5.35
 101515.640    24.203    -6.25    6.43
 101883.352    20.518   -10.02    5.71
 102251.002    18.300    -6.03    3.36
 102618.593    19.256     2.60    4.84
 102986.123    25.703    17.54    9.95
 103353.592    32.456    18.38    9.89
 103721.002    38.690    16.97    6.87
 104088.351    41.792     8.44    2.49
 104458.229    42.168     1.02    1.75
 104837.999    41.109    -2.79    3.22
 105217.703    38.813    -6.05    4.91
 105597.342    36.017    -7.36    5.22
 105976.917    33.463    -6.73    3.82
 106356.426    31.723    -4.58    1.41
 106735.871    31.612    -0.29    0.77
 107115.251    32.347     1.94    1.18
 107494.566    33.091     1.96    1.38
 107873.816    34.170     2.85    1.84
 108253.002    35.489     3.48    2.90
 108632.123    37.400     5.04    3.58
 109011.180    39.243     4.86    2.87
 109390.172    40.583     3.54    2.87
 109769.099    42.113     4.04    4.25
 110147.962    44.634     6.65    5.53
 110526.761    48.127     9.22    5.91
 110905.495    50.833     7.14    4.13
 111284.164    50.199    -1.67    5.60
 111662.769    46.330   -10.22    7.07
 112041.310    40.831   -14.52    5.56
 112419.787    38.042    -7.37    3.26
 112798.199    38.534     1.30    3.69
 113176.547    41.274     7.24    5.17
 113554.831    45.677    11.64    5.73
 113933.050    49.521    10.16    5.00
 114311.206    53.495    10.51    3.89
 114689.297    56.182     7.11    3.25
 115067.324    57.913     4.58    2.78
 115445.287    59.935     5.35    3.26
 115823.186    63.163     8.54    4.55
 116201.021    66.136     7.87    4.09
 116578.793    68.155     5.34    3.12
 116956.500    70.092     5.13    3.75
 117334.143    72.079     5.26    5.50
 117711.723    75.735     9.68    6.98
 118089.238    79.760    10.66    7.13
 118466.690    83.222     9.17    5.89
 118844.079    85.528     6.11    6.29
 119221.403    85.380    -0.39    7.58
 119598.664    84.517    -2.29    7.52
 119975.861    83.800    -1.90    6.70
 120352.994    80.152    -9.67    6.22
 120730.064    76.634    -9.33    7.24
 121107.070    73.606    -8.03    5.69
 121484.013    74.131     1.39    4.82
 121860.892    77.456     8.82    4.37
 122237.708    78.924     3.90    3.00
 122614.461    78.857    -0.18    2.39
 122991.150    77.482    -3.65    2.19
 123367.775    75.923    -4.14    1.05
 123744.337    75.323    -1.59    0.58
 124120.836    74.924    -1.06    0.57
 124497.272    74.599    -0.86    0.69
 124873.644    74.081    -1.38    0.80
 125249.954    73.581    -1.33    0.89
 125626.200    72.910    -1.78    1.08
 126002.383    72.206    -1.87    1.10
 126378.502    71.437    -2.04    1.07
 126754.559    70.615    -2.18    1.02
 127130.553    69.963    -1.74    1.18
 127506.484    69.195    -2.04    1.18
 127882.351    68.313    -2.35    1.38
 128258.156    67.283    -2.74    1.41
 128633.898    66.296    -2.63    1.34
 129009.577    65.326    -2.58    1.17
 129385.193    64.542    -2.09    1.13
 129760.746    63.872    -1.78    1.14
 130136.237    63.443    -1.14    1.20
 130511.664    63.016    -1.14    1.29
 130887.029    62.620    -1.05    1.43
 131262.332    61.703    -2.44    1.92
 131637.571    60.252    -3.87    2.34
 132012.748    58.755    -3.99    2.18
 132387.863    57.417    -3.57    1.42
 132762.914    56.620    -2.12    0.72
 133137.904    56.349    -0.72    0.84
 133512.830    55.765    -1.56    0.88
 133887.695    55.127    -1.70    1.03
 134262.497    54.463    -1.77    1.14
 134637.236    53.671    -2.11    0.97
 135011.913    53.051    -1.65    0.96
 135386.528    52.483    -1.52    1.02
 135761.080    51.898    -1.56    0.99
 136135.571    51.449    -1.20    0.94
 136509.998    51.069    -1.01    0.83
 136884.364    50.620    -1.20    0.66
 137258.668    50.318    -0.81    0.48
 137632.909    50.043    -0.74    0.54
 138007.088    49.755    -0.77    0.55
 138381.205    49.376    -1.01    0.62
 138755.260    48.924    -1.21    0.82
 139129.253    48.243    -1.82    0.95
 139503.184    47.643    -1.60    0.97
 139877.053    47.002    -1.71    0.87
 140250.860    46.755    -0.66    0.94
 140624.605    46.397    -0.96    0.94
 140998.289    46.068    -0.88    0.97
 141371.910    45.778    -0.77    0.87
 141745.470    45.403    -1.01    0.72
 142118.968    45.027    -1.01    0.67
 142492.404    44.760    -0.71    0.64
 142865.778    44.450    -0.83    0.67
 143239.091    44.219    -0.62    0.72
 143612.342    43.950    -0.72    0.76
 143985.531    43.798    -0.41    0.78
 144358.659    43.765    -0.09    0.80
 144731.725    43.893     0.34    0.89
 145104.730    44.144     0.67    0.87
 145477.673    44.476     0.89    0.67
 145850.555    44.476    -0.00    0.68
 146223.375    44.300    -0.47    0.83
 146596.134    44.347     0.13    1.36
 146968.832    44.058    -0.77    1.54
 147341.468    43.850    -0.56    1.58
 147714.043    43.436    -1.11    1.28
 148086.556    43.040    -1.06    0.48
 148459.008    43.403     0.97    1.18
 148831.399    44.015     1.64    1.58
 149203.729    44.765     2.01    1.67
 149575.998    45.395     1.69    1.43
 149948.206    45.910     1.38    0.85
 150320.352    45.924     0.04    0.59
 150692.437    45.647    -0.74    0.66
 151064.462    45.206    -1.18    0.91
 151436.425    44.083    -3.02    1.81
 151808.327    43.002    -2.91    2.22
 152180.169    41.923    -2.90    2.18
 152551.949    41.170    -2.02    1.91
 152923.669    40.565    -1.63    1.47
 153295.327    40.755     0.51    1.56
 153666.925    41.885     3.04    2.13
 154038.462    42.911     2.76    2.04
 154409.938    43.976     2.87    1.24
 154781.354    44.292     0.85    0.79
 155152.709    44.170    -0.33    0.77
 155524.003    43.989    -0.49    1.01
 155895.236    43.975    -0.04    1.24
 156266.409    44.176     0.54    1.30
 156637.521    44.248     0.20    1.38
 157008.573    44.344     0.26    1.31
 157379.564    44.607     0.71    0.92
 157750.495    44.634     0.07    0.96
 158121.365    44.771     0.37    0.92
 158492.175    44.923     0.41    0.84
 158862.924    45.002     0.21    0.82
 159233.613    44.976    -0.07    0.89
 159604.242    44.963    -0.04    1.07
 159974.810    45.069     0.29    1.51
 160345.318    45.168     0.27    1.73
 160715.766    45.233     0.18    1.88
 161086.154    45.181    -0.14    1.88
 161456.481    44.883    -0.80    1.58
 161826.748    44.846    -0.10    1.33
 162196.955    44.883     0.10    1.16
 162567.102    44.895     0.03    0.87
 162937.189    44.829    -0.18    0.79
 163307.216    44.549    -0.76    0.77
 163677.182    44.389    -0.43    0.74
 164047.089    44.091    -0.81    0.73
 164416.936    43.814    -0.75    0.82
 164786.723    43.608    -0.56    0.79
 165156.450    43.382    -0.61    0.66
 165526.117    43.406     0.07    0.71
 165895.724    43.382    -0.07    0.66
 166265.271    43.144    -0.64    0.68
 166634.759    42.818    -0.88    0.63
 167004.187    42.523    -0.80    0.62
 167373.555    42.323    -0.54    0.67
 167742.863    42.149    -0.47    0.54
 168112.112    42.055    -0.26    0.70
 168481.301    41.820    -0.64    0.77
 168850.431    41.669    -0.41    0.77
 169219.501    41.360    -0.84    0.73
 169588.511    41.141    -0.59    0.65
 169957.462    41.077    -0.17    0.66
 170326.353    41.189     0.31    0.73
 170695.185    41.270     0.22    0.69
 171063.958    41.416     0.39    0.60
 171432.671    41.265    -0.41    0.69
 171801.324    41.226    -0.11    0.70
 172169.919    41.072    -0.42    0.61
 172538.454    41.002    -0.19    0.62
 172906.930    40.844    -0.43    0.71
 173275.346    40.555    -0.79    0.88
 173643.703    40.248    -0.83    0.92
 174012.001    40.016    -0.63    0.80
 174380.240    39.781    -0.64    0.72
 174748.420    39.773    -0.02    0.75
 175116.541    39.581    -0.52    0.91
 175484.602    39.256    -0.88    1.09
 175852.605    38.963    -0.80    1.12
 176220.548    38.794    -0.46    1.04
 176588.432    38.846     0.14    0.99
 176956.258    38.897     0.14    0.93
 177324.024    38.726    -0.47    0.85
 177691.732    38.482    -0.66    0.79
 178059.381    38.144    -0.92    0.51
 178426.971    38.287     0.39    0.85
 178794.502    39.029     2.02    1.48
 179161.974    40.173     3.11    1.96
 179541.403    41.229     2.78    1.88
 179920.973    41.341     0.29    1.63
 180300.481    40.783    -1.47    1.73
 180679.925    39.936    -2.23    1.42
 181059.307    38.963    -2.56    1.20
 181438.625    38.209    -1.99    1.29
 181817.880    37.542    -1.76    1.06
 182197.072    37.244    -0.78    1.07
 182576.201    37.760     1.36    1.70
 182955.267    37.496    -0.70    1.93
 183334.270    37.094    -1.06    1.94
 183713.211    36.660    -1.15    1.45
 184092.088    36.149    -1.35    0.91
 184470.903    36.129    -0.05    0.93
 184849.654    36.314     0.49    0.94
 185228.343    36.663     0.92    1.14
 185606.969    36.990     0.87    1.15
 185985.533    37.604     1.62    1.14
 186364.034    37.737     0.35    1.29
 186742.472    37.816     0.21    1.43
 187120.847    38.679     2.28    2.74
 187499.160    39.598     2.43    3.21
 187877.410    40.523     2.44    2.81
 188255.598    40.976     1.20    2.21
 188633.723    39.949    -2.71    2.40
 189011.786    38.669    -3.39    2.50
 189389.787    37.482    -3.14    2.40
 189767.725    37.003    -1.27    2.13
 190145.600    37.052     0.13    1.60
 190523.414    37.574     1.38    1.31
 190901.164    37.975     1.06    0.85
 191278.853    37.976     0.00    0.66
 191656.480    37.911    -0.17    0.66
 192034.044    38.429     1.37    1.24
 192411.546    39.079     1.72    1.37
 192788.986    40.216     3.01    1.67
 193166.363    41.183     2.56    1.64
 193543.679    41.643     1.22    1.42
 193920.933    41.803     0.42    1.25
 194298.124    41.216    -1.56    1.45
 194675.254    40.436    -2.07    1.18
 195052.321    39.607    -2.20    1.19
 195429.327    38.839    -2.04    0.94
 195806.271    38.352    -1.29    0.98
 196183.152    37.824    -1.40    0.94
 196559.972    37.050    -2.05    1.21
 196936.731    36.503    -1.45    1.08
 197313.427    35.886    -1.64    1.13
 197690.062    35.203    -1.81    1.18
 198066.635    34.568    -1.69    1.48
 198443.146    33.789    -2.07    1.21
 198819.595    33.292    -1.32    1.16
 199195.983    33.081    -0.56    0.85
 199572.310    33.163     0.22    0.93
 199948.574    33.428     0.71    0.99
 200324.778    33.716     0.76    0.89
 200700.919    34.096     1.01    0.72
 201077.000    34.209     0.30    0.62
 201453.018    34.416     0.55    0.62
 201828.976    34.643     0.60    0.78
 202204.872    34.279    -0.97    1.29
 202580.707    33.851    -1.14    1.55
 202956.480    33.633    -0.58    1.47
 203332.192    33.593    -0.11    1.25
 203707.843    33.732     0.37    1.37
 204083.432    33.656    -0.20    1.68
 204458.961    33.357    -0.79    1.78
 204834.428    33.186    -0.46    1.69
 205209.834    32.872    -0.84    1.75
 205585.179    32.189    -1.82    2.09
 205960.462    31.389    -2.13    2.14
 206335.685    30.949    -1.17    2.00
 206710.847    31.428     1.28    2.12
 207085.948    32.243     2.17    1.71
 207460.988    32.449     0.55    1.21
 207835.966    31.778    -1.79    1.31
 208210.884    30.685    -2.92    1.32
 208585.742    29.735    -2.53    1.55
 208960.538    28.657    -2.87    1.32
 209335.273    27.861    -2.12    1.18
 209709.948    27.574    -0.77    1.19
 210084.562    27.681     0.29    1.48
 210459.115    28.003     0.86    1.57
 210833.608    28.248     0.65    1.42
 211208.040    28.598     0.93    1.12
 211582.411    28.696     0.26    0.88
 211956.721    28.616    -0.21    0.80
 212330.971    28.643     0.07    0.79
 212705.161    28.549    -0.25    0.66
 213079.290    28.555     0.01    0.72
 213453.359    28.673     0.32    0.88
 213827.367    28.856     0.49    0.86
 214201.314    29.015     0.43    0.83
 214575.202    29.003    -0.03    0.80
 214949.029    28.898    -0.28    0.67
 215322.795    28.702    -0.52    0.67
 215696.501    28.456    -0.66    0.64
 216070.147    28.199    -0.69    0.86
 216443.733    27.629    -1.52    1.30
 216817.259    26.907    -1.93    1.68
 217190.724    25.515    -3.73    2.25
 217564.129    23.949    -4.19    2.39
 217937.474    22.607    -3.59    1.92
 218310.760    22.391    -0.58    1.96
 218683.984    22.336    -0.15    1.84
 219057.149    22.407     0.19    1.85
 219430.254    22.360    -0.13    1.57
 219803.299    22.517     0.42    1.93
 220176.284    23.757     3.33    2.50
 220549.209    25.179     3.81    2.07
 220922.074    26.015     2.24    1.36
 221294.880    27.416     3.76    2.85
 221667.625    28.515     2.95    3.65
 222040.311    29.243     1.95    3.52
 222412.937    29.803     1.50    3.24
 222785.503    29.530    -0.73    2.43
 223158.010    28.854    -1.81    1.05
 223530.456    28.683    -0.46    1.11
 223902.843    28.368    -0.84    1.37
 224275.171    28.042    -0.88    1.53
 224647.439    27.634    -1.10    1.58
 225019.647    27.118    -1.38    0.99
 225391.796    27.111    -0.02    0.81
 225763.885    26.989    -0.33    0.90
 226135.915    26.716    -0.73    0.94
 226507.886    26.436    -0.75    1.10
 226879.796    26.132    -0.82    1.06
 227251.648    25.949    -0.49    1.08
 227623.440    25.822    -0.34    1.02
 227995.173    25.699    -0.33    1.04
 228366.847    25.426    -0.73    1.17
 228738.461    25.252    -0.47    1.07
 229110.016    25.160    -0.25    1.02
 229481.512    25.199     0.11    1.02
 229852.948    25.282     0.22    0.82
 230224.326    25.002    -0.76    0.87
 230595.644    24.629    -1.00    0.84
 230966.903    24.279    -0.94    0.86
 231338.104    24.115    -0.44    0.78
 231709.245    23.739    -1.01    0.95
 232080.327    23.379    -0.97    1.04
 232451.350    22.923    -1.23    1.21
 232822.314    22.179    -2.00    1.46
 233193.219    21.603    -1.55    1.57
 233564.066    21.351    -0.68    1.98
 233934.853    21.395     0.12    2.00
 234305.582    22.127     1.97    2.90
 234676.251    22.949     2.22    2.95
 235046.862    23.511     1.52    3.40
 235417.415    23.031    -1.29    3.14
 235787.908    22.620    -1.11    3.06
 236158.343    22.787     0.45    3.37
 236528.719    22.368    -1.13    2.91
 236899.037    22.542     0.47    3.09
 237269.295    22.376    -0.45    2.80
 237639.496    22.239    -0.37    2.34
 238009.637    23.111     2.36    2.56
 238379.721    23.508     1.07    2.45
 238749.745    23.827     0.86    1.95
 239119.711    24.002     0.47    1.67
 239489.619    23.341    -1.79    1.06
 239859.469    23.502     0.44    2.04
 240229.259    24.098     1.61    3.01
 240598.992    24.803     1.91    3.34
 240968.666    25.219     1.13    3.38
 241338.282    25.081    -0.37    3.17
 241707.840    25.083     0.00    3.33
 242077.339    25.028    -0.15    3.52
 242446.781    24.549    -1.30    3.20
 242816.163    23.976    -1.55    3.06
 243185.488    23.309    -1.81    2.36
 243554.755    22.669    -1.73    0.83
 243923.964    22.389    -0.76    0.87
 244293.114    22.179    -0.57    1.01
 244662.207    22.096    -0.22    1.33
 245031.241    21.683    -1.12    1.55
 245400.217    21.327    -0.96    1.64
 245769.136    21.043    -0.77    1.72
 246137.996    20.719    -0.88    1.36
 246506.799    20.709    -0.03    0.95
 246875.544    20.611    -0.27    0.85
 247244.230    20.410    -0.55    0.77
 247612.859    20.300    -0.30    0.73
 247981.431    20.152    -0.40    0.73
 248349.944    20.219     0.18    1.38
 248718.400    20.243     0.06    1.48
 249086.798    20.003    -0.65    1.15
 249455.138    19.699    -0.82    0.81
 249823.421    19.584    -0.31    0.77
 250191.646    19.349    -0.64    0.75
 250559.813    19.125    -0.61    0.70
 250927.923    18.963    -0.44    0.80
 251295.975    18.854    -0.29    0.92
 251663.970    18.598    -0.70    0.97
 252031.907    18.387    -0.57    1.05
 252399.787    18.100    -0.78    1.11
 252767.609    18.976     2.38    3.57
 253135.374    21.127     5.85    5.95
 253503.081    22.949     4.95    6.31
 253870.731    22.785    -0.45    6.03
 254247.453    21.152    -4.33    4.49
 254626.893    19.629    -4.01    2.50
 255006.273    20.843     3.20    3.94
 255385.590    22.798     5.15    4.59
 255764.846    24.883     5.49    5.27
 256144.041    26.226     3.54    5.39
 256523.174    24.349    -4.95    5.76
 256902.246    22.850    -3.95    5.67
 257281.257    20.555    -6.05    4.29
 257660.206    18.606    -5.14    1.84
 258039.094    17.936    -1.77    1.02
 258417.921    17.773    -0.43    1.03
 258796.687    17.841     0.18    1.02
 259175.391    18.069     0.60    1.01
 259554.034    18.084     0.04    0.94
 259932.616    18.278     0.51    0.70
 260311.137    18.226    -0.14    0.73
 260689.597    18.069    -0.42    0.83
 261067.996    17.836    -0.62    0.96
 261446.334    17.643    -0.51    0.96
 261824.611    17.574    -0.18    0.81
 262202.826    17.496    -0.21    0.79
 262580.981    17.206    -0.77    1.04
 262959.076    17.030    -0.46    1.06
 263337.109    17.057     0.07    0.94
 263715.081    17.113     0.15    0.98
 264092.993    17.305     0.51    0.87
 264470.844    17.141    -0.43    0.90
 264848.634    17.003    -0.37    0.81
 265226.363    17.005     0.01    1.01
 265604.032    18.429     3.77    5.77
 265981.640    23.848    14.35   12.88
 266359.187    30.895    18.66   14.78
 266736.674    38.004    18.83   12.73
 267114.100    43.029    13.31    8.09
 267491.466    45.382     6.23    3.02
 267868.771    46.449     2.83    3.35
 268246.016    49.029     6.84    4.23
 268623.200    50.675     4.36    3.70
 269000.324    51.542     2.30    3.39
 269377.387    49.579    -5.20    5.36
 269754.391    46.699    -7.64    5.83
 270131.333    43.865    -7.52    5.88
 270508.216    43.563    -0.80    5.35
 270885.038    43.810     0.66    4.61
 271261.800    45.528     4.56    5.18
 271638.502    48.365     7.53    5.42
 272015.143    52.686    11.47    6.28
 272391.725    57.138    11.82    5.00
 272768.246    58.880     4.63    3.79
 273144.708    58.616    -0.70    3.86
 273521.109    57.332    -3.41    4.33
 273897.450    56.599    -1.95    3.56
 274273.731    56.894     0.78    3.58
 274649.952    58.016     2.98    3.69
 275026.113    59.301     3.42    2.88
 275402.215    58.976    -0.86    2.72
 275778.256    59.168     0.51    2.72
 276154.238    59.336     0.45    2.04
 276530.160    59.277    -0.16    2.20
 276906.021    58.182    -2.91    2.81
 277281.824    56.880    -3.46    2.99
 277657.566    55.648    -3.28    2.46
 278033.249    54.165    -3.94    2.21
 278408.872    53.683    -1.28    2.35
 278784.435    53.098    -1.56    2.85
 279159.939    53.032    -0.17    3.01
 279535.383    54.195     3.10    3.47
 279910.768    56.620     6.46    3.72
 280286.093    59.098     6.60    3.49
 280661.358    60.577     3.94    3.40
 281036.564    60.233    -0.92    4.30
 281411.711    59.080    -3.07    5.18
 281786.798    57.792    -3.43    4.60
 282161.826    56.021    -4.72    3.35
 282536.795    53.736    -6.09    4.33
 282911.704    50.685    -8.14    5.59
 283286.553    48.144    -6.78    5.21
 283661.344    45.685    -6.56    4.14
 284036.075    44.989    -1.86    3.12
 284410.747    45.382     1.05    3.01
 284785.360    46.544     3.10    3.65
 285159.914    47.598     2.81    4.10
 285534.408    48.382     2.09    4.36
 285908.844    48.384     0.01    3.99
 286283.220    47.963    -1.12    3.30
 286657.538    48.081     0.32    2.93
 287031.796    48.476     1.06    3.06
 287405.995    49.629     3.08    3.47
 287780.135    50.653     2.73    3.55
 288154.217    52.563     5.10    3.88
 288528.239    54.865     6.16    3.84
 288902.203    56.696     4.89    3.91
 289276.108    59.033     6.25    2.94
 289649.954    59.736     1.88    3.12
 290023.741    57.463    -6.08    4.82
 290397.469    54.723    -7.33    4.85
 290771.139    53.360    -3.65    4.44
 291144.750    53.216    -0.39    4.34
 291518.302    54.853     4.38    5.54
 291891.796    57.031     5.83    6.31
 292265.231    60.634     9.65    6.06
 292638.607    62.463     4.90    5.20
 293011.925    64.853     6.40    4.40
 293385.184    65.368     1.38    3.95
 293758.385    65.922     1.48    3.43
 294131.527    66.456     1.43    3.52
 294504.611    66.757     0.81    3.52
 294877.637    66.740    -0.04    3.72
 295250.604    65.743    -2.67    3.98
 295623.512    64.834    -2.44    4.14
 295996.363    63.043    -4.80    4.00
 296369.155    61.734    -3.51    3.49
 296741.888    61.149    -1.57    2.88
 297114.564    61.220     0.19    2.62
 297487.181    61.669     1.21    2.73
 297859.740    62.805     3.05    3.13
 298232.241    64.256     3.89    3.54
 298604.683    65.548     3.47    3.44
 298977.068    67.098     4.16    2.83
 299349.394    67.625     1.41    2.25
 299721.663    67.606    -0.05    2.28
 300093.873    67.497    -0.29    2.60
 300466.025    66.839    -1.77    2.89
 300838.120    66.154    -1.84    3.56
 301210.156    66.476     0.86    4.02
 301582.135    67.483     2.71    4.42
 301954.055    68.319     2.25    4.67
 302325.918    69.867     4.16    4.64
 302697.723    69.652    -0.58    4.85
 303069.470    68.557    -2.94    4.61
 303441.159    68.730     0.46    4.63
 303812.791    68.229    -1.35    3.66
 304184.365    68.935     1.90    3.66
 304555.881    70.443     4.06    3.70
 304927.339    70.415    -0.08    3.93
 305298.740    69.620    -2.14    4.09
 305670.083    68.657    -2.59    3.55
 306041.369    67.699    -2.58    3.00
 306412.597    67.976     0.75    2.70
 306783.767    69.243     3.41    3.42
 307154.880    70.100     2.31    3.28
 307525.935    70.287     0.50    2.99
 307896.933    69.657    -1.70    2.68
 308267.874    69.182    -1.28    1.95
 308638.757    68.554    -1.69    0.87
 309009.583    68.449    -0.28    0.92
 309380.351    68.115    -0.90    0.93
 309751.062    67.588    -1.42    0.97
 310121.716    67.143    -1.20    0.92
 310492.313    66.836    -0.83    0.98
 310862.852    66.282    -1.49    0.95
 311233.334    65.865    -1.12    0.94
 311603.759    65.546    -0.86    1.02
 311974.127    65.588     0.11    1.57
 312344.437    65.441    -0.39    1.70
 312714.691    64.773    -1.80    1.69
 313084.887    64.387    -1.04    1.76
 313455.027    64.176    -0.57    1.44
 313825.109    64.237     0.16    1.41
 314195.134    64.309     0.20    1.30
 314565.103    64.463     0.41    1.07
 314935.014    64.549     0.23    1.07
 315304.869    64.601     0.14    1.01
 315674.666    64.749     0.40    0.99
 316044.407    64.990     0.65    0.92
 316414.091    65.069     0.21    0.71
 316783.718    64.893    -0.48    0.78
 317153.289    64.883    -0.03    0.85
 317522.802    65.171     0.78    1.15
 317892.259    65.776     1.64    1.43
 318261.659    66.476     1.90    1.32
 318631.003    66.571     0.26    1.30
 319000.290    66.346    -0.61    1.17
 319369.520    65.990    -0.97    0.84
 319738.694    65.894    -0.26    0.79
 320107.811    65.827    -0.18    0.76
 320476.871    65.839     0.03    0.90
 320845.875    66.057     0.59    0.91
 321214.823    66.393     0.91    0.82
 321583.714    67.003     1.65    1.01
 321952.548    67.560     1.51    0.85
 322321.327    67.868     0.84    0.78
 322690.048    68.324     1.24    0.74
 323058.714    68.746     1.15    0.85
 323427.323    69.171     1.15    0.71
 323795.876    69.428     0.70    0.67
 324164.373    69.629     0.55    0.73
 324532.813    69.743     0.31    0.67
 324901.197    69.768     0.07    0.64
 325269.525    69.716    -0.14    0.68
 325637.797    69.435    -0.76    0.71
 326006.012    69.305    -0.35    0.63
 326374.172    69.213    -0.25    0.60
 326742.275    69.168    -0.12    0.60
 327110.323    69.046    -0.33    1.08
 327478.314    68.826    -0.60    1.52
 327846.249    68.310    -1.40    1.83
 328214.128    67.812    -1.35    1.85
 328581.952    67.518    -0.80    1.83
 328956.198    67.634     0.31    1.99
 329335.513    67.963     0.87    1.97
 329714.767    68.667     1.86    2.36
 330093.962    69.665     2.63    2.59
 330473.097    70.716     2.77    2.49
 330852.172    70.990     0.72    2.56
 331231.187    70.507    -1.27    2.67
 331610.142    70.841     0.88    3.09
 331989.038    71.463     1.64    2.99
 332367.874    71.702     0.63    2.88
 332746.651    70.796    -2.39    3.28
 333125.367    69.757    -2.74    3.03
 333504.024    70.045     0.76    3.17
 333882.622    70.254     0.55    3.56
 334261.160    71.571     3.48    3.75
 334639.638    72.227     1.73    4.02
 335018.057    72.149    -0.21    4.01
 335396.417    72.110    -0.10    3.56
 335774.717    72.476     0.97    2.84
 336152.958    72.060    -1.10    2.40
 336531.139    71.894    -0.44    2.08
 336909.261    71.574    -0.85    2.59
 337287.323    70.806    -2.03    3.60
 337665.327    69.985    -2.17    4.15
