# NaN NaN NaN ;Mean Elev.(m), Avg Gradient(m/km), RMS Gradient(m/km) - SRTM1     
#   -6.000  -1.870   6.965 ;Mean Elev.(m), Avg Gradient(m/km), RMS Gradient(m/km) - ASTER GDEM
#    2.653  -2.384   6.721 ;Mean Elev.(m), Avg Gradient(m/km), RMS Gradient(m/km) - GMTED2010 
  7    11.136 52459.28576483 29.70  65.573510  64.686150 15.287
  7    11.378 52459.28576548 28.21  65.570590  64.683040 15.287
  7    11.654 52459.28576612 27.44  65.567680  64.679930 15.287
  9     9.849 52529.28573433 25.75  65.585283  64.684145  5.842
  9     9.890 52529.28573498 23.40  65.582373  64.681035  5.842
  9    10.362 52529.28573562 23.02  65.579453  64.677925  5.842
  9    10.753 52529.28573627 25.39  65.576545  64.674816 37.329
 10     7.855 52564.28575909 17.14  65.585820  64.685606  4.307
 10     8.372 52564.28575973 18.39  65.582900  64.682496  4.307
 10     8.552 52564.28576038 22.74  65.579985  64.679384 11.275
 10     8.686 52564.28576102 22.38  65.577075  64.676274 11.275
 10     8.921 52564.28576167 21.49  65.574165  64.673164 11.275
 11     7.148 52599.28578510 33.75  65.563486  64.689608 12.860
 11     7.234 52599.28578575 31.81  65.560566  64.686498 12.860
 12     6.918 52634.28573809 18.07  65.578456  64.686093  4.271
 12     7.063 52634.28573873 18.71  65.575536  64.682983  4.271
 12     6.855 52634.28573938 19.62  65.572626  64.679873  4.271
 13     6.147 52669.28575040 15.44  65.569267  64.686629  2.834
 13     6.020 52669.28575104 15.36  65.566357  64.683519  2.834
 14     8.533 52704.28573421 11.30  65.585450  64.686461  2.693
 14     6.874 52704.28573486 12.13  65.582530  64.683351  2.693
 14     7.220 52704.28573550 12.02  65.579620  64.680241  2.693
 14     7.788 52704.28573615 12.50  65.576710  64.677131  2.693
 14     8.197 52704.28573679 11.98  65.573790  64.674021  2.693
 15    10.535 52739.28577162  7.96  65.567161  64.687813  2.475
 15    10.622 52739.28577227  7.50  65.564251  64.684703  2.475
 16    10.160 52774.28572127 33.21  65.565859  64.689006 24.996
 16     9.426 52774.28572191 31.30  65.562949  64.685886 24.996
 17    10.368 52809.28579419 23.76  65.577196  64.683427 11.062
 17    10.658 52809.28579483 23.87  65.574286  64.680317 11.062
 17    11.121 52809.28579548 22.93  65.571366  64.677207 11.062
 18    10.742 52844.28585034 27.62  65.581447  64.686459 16.393
 18    10.128 52844.28585098 24.27  65.578527  64.683349 16.393
 18    10.333 52844.28585162 22.53  65.575617  64.680239 16.393
 18    10.619 52844.28585227 26.94  65.572697  64.677129 16.393
 19     7.117 52879.28588843 20.63  65.573110  64.686979  9.774
 19     6.375 52879.28588907 21.96  65.570200  64.683869  9.774
 19     8.979 52879.28588972 22.19  65.567280  64.680759  9.774
 20     5.749 52914.28584605 21.65  65.569087  64.689106 10.215
 20     5.887 52914.28584670 19.92  65.566177  64.685996 10.215
 20     9.157 52914.28584734 21.29  65.563257  64.682886 10.215
 21     4.953 52949.28580511 43.90  65.591020  64.684442 17.968
 21     4.968 52949.28580704 49.71  65.582280  64.675112 17.968
 21     5.514 52949.28580769 32.41  65.579360  64.672002 17.968
 22     4.670 52984.28583380 18.32  65.578465  64.684220  5.481
 22     4.957 52984.28583444 19.26  65.575544  64.681108  3.752
 22     4.701 52984.28583509 18.85  65.572634  64.677998  3.752
 23     7.800 53019.28582531 10.03  65.566408  64.687248  2.540
 23     7.346 53019.28582596 10.19  65.563498  64.684138  2.540
 24     6.266 53054.28580977 12.42  65.583943  64.684859  2.258
 24     7.597 53054.28581042 12.60  65.581033  64.681739  2.258
 24     8.186 53054.28581106 12.78  65.578123  64.678629  2.258
 24     8.621 53054.28581171 12.61  65.575203  64.675519  2.258
 25     9.039 53089.28584678  9.12  65.557553  64.691024  2.194
 25     8.862 53089.28584742  9.19  65.554643  64.687914  2.194
 26     9.908 53124.28581752 10.03  65.578874  64.683998  2.789
 26     9.721 53124.28581816  9.91  65.575964  64.680888  2.789
 26     9.189 53124.28581881  9.85  65.573044  64.677778  2.789
 27    10.053 53159.28587653 24.13  65.569016  64.686617 17.045
 27    10.632 53159.28587717 22.31  65.566106  64.683507 17.045
 28     9.724 53194.28587163 19.25  65.574583  64.686609  7.302
 28    10.044 53194.28587227 18.97  65.571673  64.683499  7.302
 28    10.352 53194.28587292 19.22  65.568753  64.680389  7.302
 29     7.431 53229.28586368 20.72  65.572878  64.686106 20.363
 29     8.743 53229.28586432 20.48  65.569958  64.682996 20.363
 30     5.125 53264.28583462 21.40  65.560072  64.692211 17.448
 30     8.394 53264.28583526 19.63  65.557162  64.689101 17.448
 30     9.164 53264.28583591 18.34  65.554252  64.685991 17.448
 31     7.926 53299.28587984 20.71  65.568207  64.685635 14.309
 31     8.582 53299.28588049 22.28  65.565287  64.682525 14.309
 32     6.044 53334.28585017 28.65  65.571390  64.687147 11.946
 32     5.861 53334.28585082 29.32  65.568480  64.684027 11.946
 32     6.132 53334.28585146 28.72  65.565570  64.680917 11.946
 33     5.907 53369.28579116 19.69  65.561790  64.688393  4.857
 33     5.783 53369.28579180 20.79  65.558880  64.685283  4.857
 34     4.827 53404.28582278 15.57  65.577622  64.685879  3.392
 34     4.985 53404.28582342 15.84  65.574712  64.682759  3.392
 34     4.797 53404.28582407 16.60  65.571802  64.679649  3.392
 35     4.536 53439.28581048 12.91  65.563991  64.689238  3.173
 35     4.671 53439.28581113 12.97  65.561081  64.686118  3.173
 36     6.005 53474.28587102 10.35  65.572645  64.685602  3.143
 36     5.211 53474.28587167 10.88  65.569725  64.682492  3.143
 37    11.381 53509.28589100 50.47  65.570350  64.685187 24.191
 37    11.169 53509.28589165 51.05  65.567440  64.682077 24.191
 38     9.889 53544.28590488 18.22  65.565043  64.686656 17.858
 38    10.416 53544.28590553 18.44  65.562133  64.683546 17.858
 39     9.245 53579.28588447 44.45  65.565265  64.688432 23.521
 39     8.349 53579.28588512 39.39  65.562355  64.685322 23.521
 40     5.552 53614.28583799 53.93  65.559587  64.690528 30.879
 40     5.660 53614.28583864 48.64  65.556677  64.687408 30.879
 41     5.134 53649.28584555 24.54  65.578838  64.684012 19.729
 41     6.847 53649.28584620 21.03  65.575928  64.680902 19.729
 41     5.840 53649.28584684 30.17  65.573008  64.677792 19.729
 42     4.791 53684.28585880 44.60  65.565795  64.688479 29.738
 42     4.784 53684.28585944 45.59  65.562885  64.685369 29.738
 43     4.792 53719.28578552 24.26  65.565602  64.688530  7.094
 43     4.866 53719.28578617 24.17  65.562692  64.685420  7.094
 44     4.900 53754.28570815 13.25  65.588393  64.684882  3.103
 44     5.056 53754.28570879 13.50  65.585483  64.681772  3.103
 44     4.987 53754.28570943 13.23  65.582573  64.678662  3.103
 44     4.891 53754.28571008 13.49  65.579653  64.675552  3.103
 44     4.831 53754.28571072 13.39  65.576743  64.672442  3.103
 45     4.685 53789.28573810 13.46  65.573832  64.687649  2.944
 45     4.279 53789.28573874 14.57  65.570922  64.684539  2.944
 45     4.166 53789.28573939 14.20  65.568012  64.681429  2.944
 46     4.052 53824.28569322 11.79  65.593752  64.686706  4.122
 46     4.545 53824.28569387 12.00  65.590842  64.683596  4.122
 46     4.410 53824.28569451 12.06  65.587926  64.680488  2.372
 46     4.356 53824.28569516 12.37  65.585016  64.677378  2.372
 46     8.129 53824.28569580 12.11  65.582096  64.674258  2.372
 46     7.371 53824.28569645 12.28  65.579186  64.671148  2.372
 47     6.494 53859.28578708  8.09  65.573137  64.685999  4.186
 47     7.276 53859.28578772  8.73  65.570227  64.682889  4.186
 47     8.250 53859.28578837  8.33  65.567317  64.679779  4.186
 48     9.875 53894.28580360 20.08  65.578025  64.685617 13.828
 48    10.132 53894.28580424 20.67  65.575115  64.682507 13.828
 48    10.410 53894.28580488 21.24  65.572195  64.679397 13.828
 49    10.088 53929.28585902 49.21  65.563272  64.688444 30.631
 49    10.107 53929.28585966 44.56  65.560362  64.685334 30.631
 50     7.611 53964.28583875 34.11  65.562599  64.690510 20.489
 50     7.625 53964.28583939 34.68  65.559679  64.687400 20.489
 50     7.775 53964.28584004 35.25  65.556769  64.684290 20.489
 51     8.767 53999.28579189 19.01  65.592092  64.684051  7.885
 51     9.174 53999.28579253 19.64  65.589182  64.680931  7.885
 51     8.228 53999.28579318 18.03  65.586262  64.677821  7.885
 51     9.921 53999.28579382 20.27  65.583352  64.674711  7.885
 51     8.665 53999.28579447 23.78  65.580432  64.671601  7.885
 54     6.137 54104.28578795 17.18  65.561551  64.690541  3.726
 54     5.924 54104.28578859 18.00  65.558631  64.687421  3.726
 54     6.057 54104.28578924 18.21  65.555721  64.684311  3.726
 55     6.215 54139.28576279 13.51  65.577307  64.685587  3.563
 55     6.864 54139.28576343 13.92  65.574397  64.682467  3.563
 55     6.369 54139.28576408 14.70  65.571487  64.679357  3.563
 56     7.896 54174.28576708 13.50  65.565906  64.689318  2.865
 56     8.322 54174.28576772 13.46  65.562996  64.686208  2.865
 57     4.509 54209.28576909 16.68  65.576273  64.685737 17.010
 57     4.684 54209.28576973 15.77  65.573353  64.682617 17.010
 57     4.881 54209.28577038 15.60  65.570443  64.679507 17.010
 58    10.654 54244.28579998 25.72  65.572870  64.686501 19.626
 58    10.746 54244.28580062 22.88  65.569960  64.683391 19.626
 58    11.169 54244.28580127 22.41  65.567040  64.680271 19.626
 59    11.489 54279.28581216 25.84  65.573106  64.686814 17.552
 59    11.092 54279.28581281 25.31  65.570196  64.683694 17.552
 59    11.306 54279.28581345 25.48  65.567276  64.680584 17.552
 60    11.538 54314.28581180 26.64  65.572410  64.687988 22.316
 60    11.085 54314.28581244 26.57  65.569500  64.684878 22.316
 60    11.177 54314.28581309 25.16  65.566580  64.681758 22.316
 61    10.106 54349.28578166 20.54  65.564063  64.688588 23.276
 61    10.256 54349.28578230 19.59  65.561153  64.685478 23.276
 62     8.606 54384.28575049 21.33  65.576105  64.684329 12.798
 62     8.416 54384.28575114 23.84  65.573195  64.681209 12.798
 62     8.506 54384.28575178 32.94  65.570285  64.678099 12.798
 63     6.052 54419.28573167 40.21  65.564147  64.686879 15.214
 63     5.537 54419.28573231 43.40  65.561237  64.683759 15.214
 64     5.238 54454.28572132 21.54  65.582650  64.684542  4.332
 64     4.916 54454.28572196 21.05  65.579740  64.681432  4.332
 64     4.756 54454.28572261 22.96  65.576830  64.678322  4.332
 64     5.132 54454.28572325 21.46  65.573910  64.675212  4.332
 65     4.951 54489.28573051 15.71  65.571346  64.688512  3.653
 65     6.202 54489.28573115 15.67  65.568426  64.685392  3.653
 65     7.111 54489.28573180 15.96  65.565521  64.682287  2.803
 66     7.705 54524.28573452 15.03  65.576855  64.684598  3.138
 66     8.286 54524.28573517 15.17  65.573935  64.681488  3.138
 66     8.660 54524.28573581 14.43  65.571025  64.678378  3.138
 67     8.413 54559.28573974  7.29  65.566409  64.689203  3.560
 67     8.763 54559.28574038  6.36  65.563489  64.686093  3.560
 68     6.600 54594.28573038 22.69  65.570774  64.685262  7.988
 68     6.470 54594.28573103 23.67  65.567864  64.682152  7.988
 69    10.116 54629.28574492 21.47  65.569528  64.685969 14.985
 69    10.800 54629.28574556 19.41  65.566608  64.682859 14.985
 70    10.040 54664.28575137 18.34  65.572298  64.688248 11.168
 70    10.033 54664.28575201 18.71  65.569378  64.685138 11.168
 70    10.445 54664.28575266 20.05  65.566468  64.682028 11.168
 71     8.135 54699.28572335 21.39  65.565257  64.688527 16.637
 71     9.242 54699.28572399 21.13  65.562347  64.685417 16.637
 72     7.294 54734.28570976 24.16  65.579444  64.685417 10.619
 72     8.623 54734.28571040 20.90  65.576524  64.682307 10.619
 72     8.603 54734.28571105 26.08  65.573614  64.679197 10.619
 74     6.148 54804.28570398 23.67  65.576775  64.684435  5.833
 74     5.783 54804.28570463 24.29  65.573865  64.681325  5.833
 74     5.893 54804.28570527 23.84  65.570955  64.678215  5.833
 75     6.154 54839.28569787 14.71  65.571127  64.685638  2.731
 75     6.302 54839.28569851 14.78  65.568217  64.682528  2.731
 76     5.275 54874.28570360 13.43  65.576592  64.686870  3.428
 76     5.919 54874.28570424 12.96  65.573682  64.683760  3.428
 76     5.625 54874.28570488 13.62  65.570772  64.680650  3.428
 77     8.439 54909.28570377 12.84  65.563346  64.690494  2.843
 77     8.234 54909.28570441 13.42  65.560436  64.687384  2.843
 77     7.975 54909.28570506 13.47  65.557516  64.684274  2.843
 78     9.677 54944.28569658 12.20  65.575424  64.684663  3.117
 78     9.265 54944.28569723 12.25  65.572514  64.681553  3.117
 79    10.224 54979.28572333 24.11  65.569927  64.686623 14.583
 79    10.567 54979.28572398 25.85  65.567017  64.683513 14.583
 80     9.943 55014.28572795 19.55  65.569861  64.686137 11.634
 80    10.524 55014.28572859 18.61  65.566951  64.683027 11.634
 81     9.156 55049.28572124 17.57  65.572174  64.686210 12.846
 81     9.441 55049.28572189 19.88  65.569264  64.683100 12.846
 82     8.945 55084.28568936 16.78  65.561260  64.688997 16.573
 82     9.394 55084.28569000 17.45  65.558350  64.685887 16.573
 83     8.521 55119.28565326 19.20  65.579723  64.685349  8.616
 83     9.102 55119.28565391 17.83  65.576813  64.682239  8.616
 83     9.219 55119.28565455 20.18  65.573893  64.679129  8.616
 84     4.580 55154.28564845 31.73  65.568436  64.689291 14.873
 84     4.613 55154.28564909 31.42  65.565516  64.686181 14.873
 84     4.557 55154.28564974 31.03  65.562606  64.683071 14.873
 85     5.172 55189.28564279 18.29  65.576612  64.683694  5.236
 85     5.223 55189.28564344 17.23  65.573702  64.680584  5.236
 85     4.973 55189.28564408 17.90  65.570792  64.677474  5.236
 87     5.255 55259.28563843 13.17  65.574263  64.686226  3.692
 87     5.056 55259.28563907 13.56  65.571343  64.683116  3.692
 87     4.860 55259.28563971 13.88  65.568433  64.680006  3.692
 88     7.680 55294.28563454 12.96  65.564725  64.689465  2.768
 88     7.638 55294.28563518 12.91  65.561815  64.686355  2.768
 89    10.143 55329.28562054 47.68  65.570066  64.686571 28.600
 89    10.214 55329.28562118 51.00  65.567156  64.683461 28.600
 90    10.221 55364.28561529 49.03  65.566544  64.686793 37.166
 90    10.013 55364.28561593 49.95  65.563634  64.683683 37.166
 91     9.301 55399.28562536 17.06  65.578564  64.685601  9.389
 91     9.602 55399.28562601 16.45  65.575644  64.682491  9.389
 91     9.951 55399.28562665 18.65  65.572734  64.679381  9.389
 92     8.125 55434.28563155 25.94  65.570742  64.685374 11.567
 92     9.069 55434.28563220 22.86  65.567832  64.682264 11.567
 93     7.478 55469.28558659 21.06  65.561058  64.689381 12.065
 93     7.891 55469.28558723 21.31  65.558148  64.686271 12.065
