-163568.431    65.116     0.00    5.71
-163193.184    66.082     2.58    4.79
-162818.008    65.178    -2.41    4.45
-162442.904    64.742    -1.16    4.41
-162067.871    64.072    -1.79    4.25
-161692.909    63.452    -1.65    4.16
-161318.018    62.735    -1.91    5.03
-160943.198    61.278    -3.89    6.04
-160568.450    60.019    -3.36    6.75
-160193.772    59.339    -1.81    6.53
-159819.165    58.518    -2.19    5.97
-159444.630    57.871    -1.73    5.97
-159070.165    57.161    -1.89    6.01
-158695.771    57.238     0.20    5.37
-158321.448    56.027    -3.23    6.67
-157947.196    53.247    -7.43    8.04
-157573.015    50.553    -7.20    8.43
-157198.904    47.592    -7.92    8.94
-156824.864    44.288    -8.83    9.66
-156450.894    40.929    -8.98    9.65
-156076.996    38.348    -6.90    8.29
-155703.167    37.098    -3.34    7.59
-155329.410    37.161     0.17    8.61
-154955.722    38.312     3.08    9.82
-154582.106    39.035     1.93    9.57
-154208.559    37.836    -3.21    9.21
-153835.083    35.649    -5.85    9.49
-153461.677    31.454   -11.24   10.26
-153088.342    24.982   -17.34   10.68
-152715.077    18.971   -16.11    8.29
-152341.882    14.167   -12.87    4.11
-151968.757    12.452    -4.60    1.61
-151595.702    12.276    -0.47    1.41
-151222.717    11.408    -2.33    2.27
-150849.803     9.970    -3.86    2.91
-150476.958     8.498    -3.95    2.40
-150104.184     7.736    -2.04    1.56
-149731.479     8.359     1.67    1.57
-149358.844     9.069     1.90    1.14
-148986.279     8.789    -0.75    1.21
-148613.784     8.511    -0.75    1.09
-148241.359     8.385    -0.34    0.91
-147869.003     8.464     0.21    0.91
-147496.717     8.591     0.34    0.83
-147124.501     8.511    -0.21    0.90
-146752.354     8.745     0.63    1.23
-146380.277     8.886     0.38    1.39
-146008.269     8.580    -0.82    2.42
-145636.331     8.249    -0.89    3.27
-145264.462     9.068     2.20    4.15
-144892.663     9.386     0.86    4.85
-144520.933     9.944     1.50    4.77
-144149.273    10.511     1.53    4.68
-143777.682    10.523     0.03    4.47
-143406.160    10.709     0.50    4.15
-143034.707    10.568    -0.38    4.12
-142663.323    11.047     1.29    3.56
-142292.009    11.766     1.94    3.16
-141920.764    12.214     1.21    2.73
-141549.587    12.603     1.05    1.70
-141178.480    12.023    -1.56    1.81
-140807.442    11.685    -0.91    1.64
-140436.473    11.722     0.10    1.87
-140065.573    12.955     3.33    2.83
-139694.741    14.975     5.45    3.56
-139323.979    16.510     4.14    4.06
-138953.285    17.914     3.79    4.18
-138582.660    19.219     3.52    3.48
-138212.103    19.755     1.45    2.95
-137841.616    19.649    -0.29    3.19
-137471.197    17.391    -6.10    5.97
-137100.847    14.150    -8.75    7.83
-136730.565     9.861   -11.58    7.77
-136360.352     4.893   -13.42    3.78
-135990.207     4.161    -1.98    2.11
-135620.131     6.186     5.47    5.06
-135250.123     8.328     5.79    6.54
-134880.183     9.613     3.47    6.78
-134510.312    11.487     5.07    7.16
-134140.509    14.328     7.68    7.39
-133770.775    17.312     8.07    7.39
-133401.108    20.390     8.33    4.02
-133031.510    21.108     1.94    3.13
-132661.980    20.749    -0.97    2.27
-132292.519    19.566    -3.20    1.92
-131923.125    19.386    -0.49    2.28
-131553.799    19.801     1.12    2.92
-131184.541    20.613     2.20    3.21
-130815.352    21.838     3.32    3.14
-130446.230    21.600    -0.64    3.21
-130077.176    21.967     0.99    3.53
-129708.190    21.791    -0.48    3.61
-129339.272    21.757    -0.09    3.54
-128970.421    22.613     2.32    3.33
-128601.639    23.218     1.64    2.92
-128232.924    23.566     0.94    3.06
-127864.276    23.806     0.65    2.82
-127495.696    23.626    -0.49    3.02
-127127.184    24.625     2.71    4.47
-126758.740    26.202     4.28    5.67
-126390.363    27.697     4.06    6.23
-126022.053    28.720     2.78    6.44
-125653.811    29.024     0.82    6.48
-125285.637    29.367     0.93    6.55
-124917.529    30.011     1.75    7.10
-124549.489    29.214    -2.17    6.70
-124181.517    27.949    -3.44    5.11
-123813.611    27.328    -1.69    4.02
-123445.773    27.575     0.67    4.20
-123078.002    27.661     0.24    3.80
-122710.298    27.613    -0.13    2.40
-122342.662    27.566    -0.13    1.85
-121975.092    27.818     0.69    1.82
-121607.589    29.114     3.53    1.71
-121240.154    30.241     3.07    2.57
-120872.785    32.975     7.44    4.78
-120505.483    35.495     6.86    4.80
-120138.249    37.567     5.64    4.67
-119771.081    39.316     4.76    4.33
-119403.980    40.047     1.99    5.71
-119036.945    39.814    -0.63    7.41
-118669.978    37.086    -7.43    9.63
-118303.077    33.708    -9.21   10.06
-117936.243    31.749    -5.34   10.13
-117569.475    30.364    -3.78    9.28
-117202.774    30.155    -0.57    8.19
-116836.140    31.224     2.92    7.59
-116469.572    33.698     6.75    9.10
-116093.081    38.292    12.20    8.96
-115712.742    41.549     8.56    9.32
-115332.475    41.838     0.76    9.90
-114952.280    41.411    -1.12   10.22
-114572.158    40.730    -1.79   10.03
-114192.108    40.902     0.45    9.79
-113812.130    41.132     0.61    8.68
-113432.225    40.649    -1.27    7.11
-113052.391    41.208     1.47    7.64
-112672.630    42.056     2.23    8.13
-112292.940    44.495     6.42    8.40
-111913.323    47.417     7.70    8.82
-111533.778    51.372    10.42   10.22
-111154.304    56.209    12.75   10.88
-110774.902    58.120     5.04   10.19
-110395.572    58.379     0.68    8.41
-110016.314    58.625     0.65    7.95
-109637.128    59.747     2.96    8.76
-109258.013    60.430     1.80    8.49
-108878.971    62.185     4.63    9.21
-108499.999    64.436     5.94    9.84
-108121.100    66.185     4.61   10.35
-107742.271    64.892    -3.41    9.87
-107363.515    65.591     1.84    9.50
-106984.829    67.974     6.29    8.55
-106606.216    73.920    15.71    9.83
-106227.673    80.797    18.17    7.32
-105849.202    83.376     6.81    6.76
-105470.803    84.179     2.12    5.97
-105092.474    82.050    -5.63    6.19
-104714.217    78.137   -10.34    5.22
-104336.031    74.057   -10.79    4.42
-103957.916    71.456    -6.88    3.65
-103579.872    69.288    -5.74    2.37
-103201.899    69.591     0.80    2.21
-102823.997    70.097     1.34    2.63
-102446.167    70.238     0.37    2.86
-102068.407    70.661     1.12    2.66
-101690.718    69.795    -2.29    3.00
-101313.100    70.295     1.32    4.59
-100935.553    72.087     4.74    7.13
-100558.076    73.896     4.79    7.60
-100180.671    75.818     5.09    7.15
 -99803.336    76.155     0.89    6.86
 -99426.071    78.103     5.16    7.79
 -99048.878    82.636    12.02    8.58
 -98671.755    88.483    15.50    8.17
 -98294.702    92.610    10.95    7.85
 -97917.720    93.120     1.35    7.37
 -97540.808    90.039    -8.17   10.21
 -97163.967    81.238   -23.36   14.90
 -96787.196    74.785   -17.13   11.86
 -96410.496    74.304    -1.28   10.47
 -96033.866    77.344     8.07    9.48
 -95657.306    82.022    12.42    8.14
 -95280.817    83.600     4.19    8.74
 -94904.397    82.852    -1.99    9.93
 -94528.048    84.464     4.28   10.00
 -94151.769    87.553     8.21   10.55
 -93775.560    90.518     7.88   10.97
 -93399.421    96.544    16.02   11.24
 -93023.352   101.697    13.71    9.81
 -92647.353   103.137     3.83    8.50
 -92271.423   105.414     6.06    9.77
 -91895.564   103.758    -4.41   11.20
 -91519.775    96.035   -20.55   15.26
 -91144.055    87.942   -21.54   17.07
 -90768.405    77.914   -26.70   15.87
 -90392.825    72.210   -15.19   12.10
 -90017.315    66.861   -14.25   13.62
 -89641.874    60.324   -17.41   15.73
 -89266.503    52.947   -19.65   16.15
 -88891.201    45.488   -19.87   13.57
 -88515.969    40.301   -13.83    9.65
 -88140.807    38.283    -5.38    8.70
 -87765.714    36.495    -4.77    8.47
 -87390.690    35.261    -3.29    6.99
 -87015.736    33.897    -3.64    4.56
 -86640.851    32.503    -3.72    3.13
 -86266.035    32.026    -1.27    3.10
 -85891.288    33.788     4.70    6.44
 -85516.611    37.372     9.57   10.05
 -85142.003    43.123    15.35   13.79
 -84767.464    46.673     9.48   15.23
 -84392.995    49.374     7.21   15.25
 -84018.594    54.983    14.98   14.37
 -83644.262    60.251    14.07   14.15
 -83270.000    67.897    20.43   13.21
 -82895.806    74.761    18.35   11.85
 -82521.681    85.792    29.49   13.72
 -82147.625    94.952    24.49   13.42
 -81773.638    99.202    11.36   11.05
 -81399.720   104.866    15.15    9.16
 -81025.871   109.126    11.39    7.59
 -80652.090   110.661     4.11    6.97
 -80278.378   111.461     2.14    5.59
 -79904.735   109.982    -3.96    7.55
 -79531.160   106.577    -9.11   10.44
 -79157.654   101.003   -14.92   14.33
 -78784.216    99.626    -3.69   15.03
 -78410.847   100.456     2.22   15.88
 -78037.546   105.999    14.85   15.57
 -77664.314   109.584     9.61   11.66
 -77291.150   110.485     2.41   11.85
 -76918.055   110.599     0.31   11.67
 -76545.027   109.908    -1.85   11.67
 -76172.069   112.341     6.52   10.55
 -75799.178   109.999    -6.28   11.02
 -75426.355   105.180   -12.92   11.28
 -75053.601   101.544    -9.76    9.99
 -74680.915    99.495    -5.50   10.24
 -74308.297   100.064     1.53   10.93
 -73935.747   101.302     3.32   10.91
 -73563.265   101.998     1.87   10.27
 -73190.851    99.446    -6.85   13.06
 -72818.505    93.590   -15.73   16.83
 -72446.227    89.354   -11.38   18.09
 -72074.016    83.544   -15.61   17.38
 -71701.874    81.236    -6.20   13.23
 -71329.799    84.399     8.50   12.62
 -70957.792    90.738    17.04   14.16
 -70585.853    99.332    23.11   11.41
 -70213.981   103.449    11.07    7.96
 -69842.178   100.602    -7.66   10.76
 -69470.441    94.982   -15.12   11.44
 -69098.773    88.497   -17.45   10.25
 -68727.171    86.826    -4.50    9.17
 -68355.638    91.090    11.48    9.64
 -67984.172    94.421     8.97    9.90
 -67612.773    95.602     3.18    8.83
 -67241.441    95.130    -1.27    8.01
 -66870.177    90.722   -11.87    8.69
 -66498.981    88.788    -5.21    9.72
 -66127.851    93.173    11.82   11.73
 -65756.789    97.328    11.20   11.20
 -65385.794   104.905    20.43    7.97
 -65014.866   105.611     1.90    7.86
 -64644.005   105.615     0.01    5.79
 -64273.212   105.686     0.19    5.68
 -63902.485   103.056    -7.09    5.61
 -63531.826   101.130    -5.20    6.03
 -63161.233    97.673    -9.33    7.37
 -62790.708    94.276    -9.17    7.74
 -62420.249    91.649    -7.09    6.70
 -62049.857    92.464     2.20    8.18
 -61679.532    94.935     6.67    8.53
 -61309.274    97.276     6.32    7.92
 -60939.083    96.518    -2.05    8.73
 -60568.958    96.552     0.09    8.80
 -60198.900   100.039     9.43   10.66
 -59828.909   104.324    11.58   11.82
 -59458.984   107.782     9.35   11.13
 -59089.126   112.456    12.64    9.66
 -58719.335   118.612    16.65    9.80
 -58349.610   122.600    10.79   10.20
 -57979.951   125.771     8.58    8.17
 -57610.359   127.661     5.11    8.12
 -57240.833   130.921     8.82   10.67
 -56871.374   135.856    13.36   12.44
 -56501.981   144.076    22.25    9.99
 -56132.654   147.847    10.21    8.28
 -55763.394   146.161    -4.57   11.41
 -55394.200   142.954    -8.69   14.32
 -55025.072   139.851    -8.41   16.17
 -54656.010   135.497   -11.80   16.40
 -54287.014   133.136    -6.40   17.01
 -53918.085   131.197    -5.26   18.00
 -53549.221   130.200    -2.70   17.67
 -53180.424   128.097    -5.70   20.00
 -52811.692   126.789    -3.54   19.46
 -52443.027   120.734   -16.42   16.36
 -52074.427   115.958   -12.96   14.91
 -51705.893   113.150    -7.62   14.08
 -51337.425   112.513    -1.73   12.61
 -50969.023   106.019   -17.63   13.77
 -50600.686    99.259   -18.35   16.00
 -50232.416    91.975   -19.78   16.68
 -49864.211    86.173   -15.76   14.62
 -49496.071    83.252    -7.94   13.45
 -49127.998    86.119     7.79   16.64
 -48759.990    85.698    -1.14   21.14
 -48392.047    83.759    -5.27   22.82
 -48024.170    78.914   -13.17   21.84
 -47656.359    75.881    -8.25   20.21
 -47288.612    71.161   -12.83   15.96
 -46920.932    73.440     6.20   15.31
 -46553.317    80.143    18.23   15.75
 -46185.767    84.991    13.19   13.48
 -45818.282    87.969     8.11    9.31
 -45450.863    82.967   -13.61   11.66
 -45083.509    74.136   -24.04   13.49
 -44716.220    64.167   -27.14   13.42
 -44348.996    56.187   -21.73   10.83
 -43981.837    54.050    -5.82    8.34
 -43614.744    56.130     5.67    9.65
 -43247.715    63.550    20.22   11.86
 -42880.752    71.538    21.77   11.53
 -42513.854    79.396    21.42   11.18
 -42147.020    85.698    17.18   10.18
 -41780.252    92.360    18.16    9.01
 -41406.967    97.759    14.46    9.74
 -41026.775   101.529     9.92    9.33
 -40646.653   103.112     4.17    7.55
 -40266.602   102.112    -2.63    8.26
 -39886.621    96.036   -15.99   10.31
 -39506.710    90.132   -15.54   11.55
 -39126.869    84.264   -15.45   13.27
 -38747.099    77.602   -17.54   13.11
 -38367.399    70.161   -19.60   12.79
 -37987.769    63.850   -16.63   12.28
 -37608.209    58.180   -14.94   12.62
 -37228.719    53.019   -13.60   13.49
 -36849.300    46.991   -15.89   12.49
 -36469.950    42.088   -12.92   10.01
 -36090.671    38.893    -8.42    7.99
 -35711.461    43.161    11.26   11.31
 -35332.321    53.027    26.02   17.81
 -34953.251    61.093    21.28   17.45
 -34574.251    72.850    31.02   15.47
 -34195.321    79.649    17.94   15.70
 -33816.460    87.649    21.12   17.81
 -33437.669    92.610    13.10   18.92
 -33058.948    95.755     8.31   18.19
 -32680.296    97.225     3.88   17.86
 -32301.714   100.090     7.57   17.70
 -31923.201   103.763     9.70   14.06
 -31544.759   104.661     2.37   12.34
 -31166.385   104.698     0.10   13.59
 -30788.081   105.069     0.98   15.08
 -30409.846   109.978    12.98   13.14
 -30031.681   112.893     7.71   12.62
 -29653.585   110.612    -6.03   14.34
 -29275.558   102.991   -20.16   17.69
 -28897.601    97.432   -14.71   15.44
 -28519.712    96.167    -3.35   15.34
 -28141.893    99.003     7.50   15.69
 -27764.143   106.808    20.66   13.59
 -27386.462   111.439    12.26   15.70
 -27008.851   116.286    12.84   15.54
 -26631.308   124.245    21.08   11.93
 -26253.834   128.841    12.18    8.50
 -25876.429   128.119    -1.91   10.47
 -25499.093   125.315    -7.43   11.63
 -25121.826   121.814    -9.28   14.12
 -24744.628   122.350     1.42   15.26
 -24367.498   128.076    15.18   14.34
 -23990.437   129.749     4.44   12.02
 -23613.445   128.852    -2.38   11.65
 -23236.522   125.433    -9.07   14.57
 -22859.667   123.466    -5.22   17.86
 -22482.881   125.259     4.76   23.06
 -22106.164   130.292    13.36   25.18
 -21729.515   140.340    26.68   23.18
 -21352.934   148.539    21.77   17.12
 -20976.422   155.982    19.77   12.68
 -20599.978   160.881    13.01    9.24
 -20223.603   164.588     9.85    8.33
 -19847.296   166.893     6.13    7.77
 -19471.057   166.905     0.03    8.05
 -19094.887   166.242    -1.76    8.26
 -18718.785   164.745    -3.98    8.16
 -18342.751   164.547    -0.52    8.34
 -17966.785   167.019     6.58    7.60
 -17590.888   170.854    10.20    7.33
 -17215.058   174.503     9.71    6.40
 -16839.296   174.533     0.08    5.97
 -16463.603   174.203    -0.88    4.97
 -16087.977   173.533    -1.78    5.23
 -15712.420   173.905     0.99    6.07
 -15336.930   173.051    -2.28    6.83
 -14961.508   170.191    -7.62    9.01
 -14586.154   164.995   -13.84   13.00
 -14210.868   157.893   -18.92   12.79
 -13835.649   155.123    -7.38   12.36
 -13460.498   158.257     8.35   14.75
 -13085.415   164.324    16.18   12.97
 -12710.400   164.303    -0.05   12.02
 -12335.452   161.386    -7.78   11.15
 -11960.571   160.114    -3.39    8.70
 -11585.759   158.484    -4.35    6.55
 -11211.013   157.081    -3.74    6.86
 -10836.335   153.525    -9.49   11.02
 -10461.725   147.866   -15.11   12.81
 -10087.182   137.104   -28.73   17.34
  -9712.706   120.336   -44.78   27.05
  -9338.298   101.501   -50.31   31.42
  -8963.957    86.734   -39.45   25.82
  -8589.683    75.369   -30.37   13.97
  -8215.476    77.173     4.82   13.46
  -7841.337    79.369     5.87    9.08
  -7467.264    74.724   -12.42    8.39
  -7093.259    71.356    -9.00    7.42
  -6719.321    70.106    -3.34    7.09
  -6345.449    72.210     5.63    8.93
  -5971.645    76.760    12.17   11.83
  -5597.908    84.059    19.53   16.99
  -5224.238    97.759    36.66   21.90
  -4850.634   117.442    52.68   26.51
  -4477.097   131.624    37.97   23.83
  -4103.628   141.011    25.13   19.45
  -3730.225   135.204   -15.55   23.74
  -3356.888   121.149   -37.65   27.33
  -2983.619   105.748   -41.26   25.25
  -2610.416    84.896   -55.87   20.76
  -2237.279    72.069   -34.38   16.25
  -1864.209    61.661   -27.90   12.22
  -1491.206    48.433   -35.46   19.90
  -1118.269    31.360   -45.78   26.79
   -745.399    16.724   -39.25   24.52
   -372.595     2.525   -38.09   13.22
      0.142    -2.339   -13.05    0.00
    372.813    -2.339     0.00    0.00
    745.418    -2.339     0.00    0.00
   1117.956    -2.339     0.00    0.00
   1490.428    -2.339     0.00    0.00
   1862.834    -2.339     0.00    0.00
   2235.173    -2.339     0.00    0.00
   2607.447    -2.339     0.00    0.00
   2979.654    -2.339     0.00    0.00
   3351.795    -2.339     0.00    0.00
   3723.871    -2.339     0.00    0.00
   4095.880    -2.339     0.00    0.00
   4467.823    -2.339     0.00    0.00
   4839.700    -2.339     0.00    0.00
   5211.512    -2.339     0.00    0.00
   5583.257    -2.339     0.00    0.00
   5954.937    -2.339     0.00    0.00
   6326.550    -2.339     0.00    0.00
   6698.098    -2.339     0.00    0.00
   7069.581    -2.339     0.00    0.00
   7440.997    -2.339     0.00    0.00
   7812.348    -2.339     0.00    0.00
   8183.633    -2.339     0.00    0.00
   8554.853    -2.339     0.00    0.00
   8926.007    -2.339     0.00    0.00
   9297.096    -2.339     0.00    0.00
   9668.119    -2.339     0.00    0.00
  10039.076    -2.339     0.00    0.00
  10409.969    -2.339     0.00    0.00
  10780.795    -2.339     0.00    0.00
  11151.557    -2.339     0.00    0.00
  11522.253    -2.339     0.00    0.00
  11892.884    -2.339     0.00    0.00
  12263.449    -2.339     0.00    0.00
  12633.950    -2.339     0.00    0.00
  13004.385    -2.339     0.00    0.00
  13374.755    -2.339     0.00    0.00
  13745.060    -2.289     0.13    0.22
  14115.299    -1.217     2.90    3.70
  14485.474     4.247    14.76   12.72
  14855.584    12.303    21.77   17.62
  15225.629    23.174    29.38   17.93
  15595.609    33.488    27.88   13.74
  15965.523    40.044    17.72    6.70
  16335.374    42.978     7.93    4.05
  16705.159    44.924     5.26    2.58
  17074.879    46.286     3.69    2.55
  17444.535    47.871     4.29    2.16
  17814.126    48.673     2.17    1.36
  18183.652    49.180     1.37    0.93
  18553.113    49.488     0.83    1.12
  18922.510    49.777     0.78    1.12
  19291.843    50.032     0.69    1.07
  19661.110    50.471     1.19    1.22
  20030.313    50.722     0.68    1.33
  20399.452    51.233     1.38    1.26
  20768.526    51.349     0.31    1.45
  21137.536    51.740     1.06    1.53
  21506.482    52.102     0.98    2.00
  21875.363    52.490     1.05    2.56
  22244.179    52.856     0.99    3.14
  22612.932    53.030     0.47    3.32
  22981.620    53.563     1.45    3.04
  23350.244    53.507    -0.15    2.46
  23718.804    53.242    -0.72    1.97
  24087.299    52.727    -1.40    2.19
  24455.731    52.636    -0.25    2.57
  24824.098    52.902     0.72    2.68
  25192.401    52.399    -1.36    2.78
  25560.640    49.952    -6.64    5.47
  25928.816    45.834   -11.19    6.57
  26296.927    42.936    -7.87    5.18
  26664.974    41.210    -4.69    2.73
  27032.958    41.242     0.09    1.73
  27400.877    41.637     1.07    1.32
  27768.733    41.586    -0.14    1.08
  28136.525    41.774     0.51    1.01
  28504.254    42.069     0.80    1.17
  28871.918    42.353     0.77    1.09
  29239.519    42.930     1.57    1.29
  29607.056    43.637     1.92    1.44
  29974.530    44.036     1.09    1.43
  30341.940    44.760     1.97    0.73
  30709.286    44.902     0.39    0.89
  31076.569    45.446     1.48    1.35
  31443.788    46.723     3.48    2.03
  31810.944    48.017     3.52    2.10
  32178.037    49.344     3.62    1.88
  32545.066    50.947     4.37    1.90
  32912.032    51.834     2.42    2.42
  33282.386    52.323     1.32    2.79
  33662.433    51.173    -3.03    3.65
  34042.411    48.806    -6.23    4.36
  34422.321    46.613    -5.77    3.94
  34802.162    44.332    -6.00    3.32
  35181.935    42.871    -3.85    3.55
  35561.639    40.522    -6.19    3.96
  35941.275    38.279    -5.91    3.73
  36320.843    36.088    -5.77    3.01
  36700.342    35.074    -2.67    2.76
  37079.773    32.809    -5.97    3.40
  37459.136    31.817    -2.62    4.06
  37838.431    32.698     2.32    5.60
  38217.657    34.350     4.35    5.98
  38596.815    42.264    20.87   11.96
  38975.906    51.595    24.62   13.92
  39354.928    60.536    23.59   14.12
  39733.882    68.363    20.65    9.91
  40112.768    72.427    10.73    5.21
  40491.586    74.054     4.29    2.75
  40870.337    73.414    -1.69    2.68
  41249.019    73.218    -0.52    2.37
  41627.634    74.328     2.93    2.72
  42006.181    77.118     7.37    4.10
  42384.660    79.811     7.12    3.79
  42763.071    81.179     3.62    4.07
  43141.415    80.224    -2.53    8.59
  43519.691    78.749    -3.90   11.91
  43897.899    77.090    -4.39   12.97
  44276.040    78.674     4.19   12.08
  44654.113    79.648     2.58   11.18
  45032.119    81.279     4.31   10.31
  45410.057    84.319     8.04   10.81
  45787.928    90.336    15.92   12.06
  46165.732    95.028    12.42   13.04
  46543.468    98.649     9.59   13.65
  46921.137    97.286    -3.61   15.67
  47298.738    88.811   -22.44   19.90
  47676.273    77.674   -29.50   20.99
  48053.740    68.266   -24.92   18.40
  48431.139    64.155   -10.89   17.61
  48808.472    69.711    14.72   20.12
  49185.738    80.242    27.91   20.88
  49562.936    89.289    23.99   18.71
  49940.068    99.032    25.83   15.84
  50317.132   100.610     4.19   15.57
  50694.130    99.003    -4.26   16.71
  51071.061    96.201    -7.43   16.56
  51447.924    92.958    -8.61   13.89
  51824.721    93.635     1.80   12.97
  52201.451    99.328    15.11   13.65
  52578.115   104.148    12.80   12.92
  52954.711   104.100    -0.13   12.53
  53331.241   101.921    -5.79   13.59
  53707.704    94.624   -19.38   15.13
  54084.101    84.936   -25.74   16.54
  54460.430    74.240   -28.42   17.26
  54836.694    62.674   -30.74   17.12
  55212.890    54.155   -22.64   14.27
  55589.021    48.020   -16.31    8.76
  55965.085    46.927    -2.91    7.69
  56341.082    51.427    11.97   10.91
  56717.013    56.155    12.58   13.97
  57092.878    63.266    18.92   17.00
  57468.676    68.104    12.87   18.10
  57844.408    71.286     8.47   17.51
  58220.074    74.193     7.74   15.29
  58595.673    79.125    13.13   12.11
  58971.207    83.522    11.71   10.18
  59346.674    89.478    15.86    9.18
  59722.075    95.181    15.19    9.76
  60097.410    99.032    10.26   10.39
  60472.679   100.688     4.41   11.16
  60847.882   102.118     3.81   10.89
  61223.019   102.622     1.34   10.31
  61598.090   104.393     4.72    9.62
  61973.095   106.648     6.01    8.29
  62348.034   106.180    -1.25    7.63
  62722.908   103.418    -7.37    8.55
  63097.715    98.748   -12.46    9.13
  63472.457    96.168    -6.88    8.99
  63847.133    98.211     5.45   10.93
  64221.744   100.713     6.68   11.89
  64596.289   103.261     6.80   11.66
  64970.768   104.826     4.18   11.94
  65345.181   105.661     2.23   12.84
  65719.529   108.349     7.18   13.36
  66093.812   111.786     9.18   13.02
  66468.029   109.777    -5.37   13.81
  66842.181   105.291   -11.99   14.47
  67216.267   102.723    -6.86   12.13
  67590.287   101.056    -4.46   10.03
  67964.243   101.674     1.65    7.93
  68338.133   104.277     6.96    8.16
  68711.958   104.130    -0.39    8.93
  69085.717   104.838     1.90   10.07
  69459.412   107.081     6.00    9.95
  69833.041   107.886     2.16   10.70
  70206.605   108.836     2.54   10.75
  70580.104   107.892    -2.53   11.31
  70953.538   104.536    -8.99   12.51
  71326.907   102.636    -5.09   13.05
  71700.210    99.493    -8.42   14.20
  72073.449    97.097    -6.42   13.81
  72446.623    94.524    -6.90   10.50
  72819.732    93.622    -2.42    8.21
  73192.776    97.921    11.52   10.45
  73565.756   103.892    16.01   11.44
  73938.670   110.723    18.32   10.62
  74311.520   115.780    13.56    8.51
  74684.305   119.224     9.24    7.88
  75057.025   122.955    10.01    7.22
  75429.681   125.905     7.92    6.40
  75802.272   128.311     6.46    4.37
  76174.798   129.074     2.05    2.75
  76547.260   127.877    -3.21    3.81
  76919.657   125.822    -5.52    5.11
  77291.990   124.195    -4.37    5.07
  77664.259   121.661    -6.80    4.92
  78036.463   119.924    -4.67    6.06
  78408.602   119.266    -1.77    6.51
  78780.677   116.796    -6.64    5.74
  79152.688   115.538    -3.38    6.16
  79524.635   111.513   -10.82    9.27
  79896.517   101.883   -25.89   13.40
  80268.335    93.806   -21.72   10.83
  80640.089    92.279    -4.11    8.81
  81011.778    95.134     7.68   10.02
  81383.404   102.464    19.72   10.05
  81754.965   109.026    17.66    7.07
  82126.463   113.204    11.25    5.42
  82497.896   116.253     8.21    3.20
  82869.266   117.760     4.06    2.23
  83240.571   118.053     0.79    2.47
  83611.813   116.958    -2.95    3.51
  83982.990   116.553    -1.09    3.52
  84354.104   118.353     4.85    4.33
  84725.154   118.701     0.94    4.45
  85096.140   116.324    -6.41    6.89
  85467.062   112.850    -9.36   10.18
  85837.921   108.291   -12.29   11.41
  86208.716   102.310   -16.13   12.55
  86579.447    99.439    -7.74   14.40
  86950.115    99.688     0.67   13.92
  87320.719   101.136     3.91   13.00
  87691.259   103.607     6.67   12.99
  88061.736   107.399    10.23   11.62
  88432.150   109.581     5.89    9.02
  88802.500   109.174    -1.10    7.25
  89172.786   109.201     0.07    5.74
  89543.010   108.341    -2.32    4.70
  89913.169   110.501     5.84    6.85
  90283.266   113.921     9.24    8.02
  90653.299   117.448     9.53    6.94
  91023.269   119.439     5.38    4.86
  91393.175   119.556     0.32    3.59
  91763.019   117.978    -4.27    4.20
  92132.799   114.635    -9.04    5.81
  92502.516   110.761   -10.48    6.59
  92872.170   108.595    -5.86    5.80
  93241.761   106.911    -4.56    4.69
  93611.289   105.517    -3.77    3.83
  93980.754   104.474    -2.82    3.44
  94350.156   103.431    -2.82    2.92
  94719.495   103.611     0.49    3.05
  95088.771   104.951     3.63    3.49
  95457.985   106.674     4.67    4.06
  95827.135   108.025     3.66    4.70
  96196.222   108.499     1.28    4.54
  96565.247   109.092     1.61    4.11
  96934.209   108.149    -2.56    3.85
  97303.109   107.038    -3.01    3.49
  97671.945   106.086    -2.58    4.93
  98040.719   105.775    -0.84    6.73
  98409.431   106.949     3.18    8.50
  98778.079   108.797     5.01    8.70
  99146.666   112.199     9.23    7.49
  99515.189   114.597     6.51    6.06
  99883.650   117.921     9.02    7.35
 100252.049   121.725    10.33    8.29
 100620.386   126.499    12.96    8.13
 100988.659   130.871    11.87    7.55
 101356.871   134.902    10.95    6.68
 101725.020   138.302     9.24    6.40
 102093.107   141.765     9.41    4.54
 102461.132   143.411     4.47    2.79
 102829.094   144.194     2.13    2.29
 103196.995   143.003    -3.24    3.04
 103564.833   142.611    -1.07    3.69
 103932.609   141.161    -3.94    4.52
 104300.322   139.069    -5.69    5.15
 104667.974   137.874    -3.25    4.64
 105035.564   136.013    -5.06    3.35
 105403.091   134.414    -4.35    3.61
 105770.557   133.569    -2.30    4.41
 106137.961   129.074   -12.23    7.36
 106505.303   122.459   -18.01   10.35
 106872.583   117.056   -14.71    9.62
 107239.801   113.013   -11.01    7.19
 107606.957   113.476     1.26    7.10
 107974.639   116.363     7.85    6.97
 108354.543   117.843     3.90    6.09
 108734.379   120.121     6.00    3.61
 109114.149   121.735     4.25    3.32
 109493.853   121.714    -0.06    4.12
 109873.489   122.349     1.67    5.03
 110253.060   124.213     4.91    5.32
 110632.563   125.574     3.59    4.46
 111012.000   126.124     1.45    3.38
 111391.370   126.033    -0.24    2.91
 111770.675   126.535     1.32    3.04
 112149.912   126.789     0.67    2.65
 112529.083   127.574     2.07    2.48
 112908.188   127.835     0.69    3.50
 113287.227   124.791    -8.03    7.80
 113666.199   120.306   -11.83    9.80
 114045.105   116.649    -9.65    9.35
 114423.945   113.752    -7.65    7.92
 114802.718   111.836    -5.06    6.93
 115181.425   110.443    -3.68    6.91
 115560.067   109.986    -1.21    6.80
 115938.642   110.143     0.41    6.48
 116317.151   112.136     5.27    5.45
 116695.594   113.546     3.72    3.29
 117073.971   113.495    -0.14    3.40
 117452.283   114.086     1.56    4.26
 117830.528   115.767     4.44    4.85
 118208.707   117.750     5.24    4.72
 118586.821   119.530     4.71    4.46
 118964.869   120.488     2.54    4.06
 119342.851   120.742     0.67    3.61
 119720.767   120.311    -1.14    3.29
 120098.618   117.408    -7.68    5.93
 120476.403   113.092   -11.42    7.32
 120854.122   110.020    -8.13    6.24
 121231.776   110.599     1.53    7.01
 121609.364   112.549     5.16    8.12
 121986.886   115.484     7.77    8.25
 122364.343   114.725    -2.01    9.41
 122741.735   111.843    -7.63   10.23
 123119.061   106.459   -14.27    9.97
 123496.322   101.943   -11.97    7.89
 123873.518    97.315   -12.27    5.03
 124250.648    94.823    -6.61    2.89
 124627.713    94.464    -0.95    2.49
 125004.712    94.499     0.09    3.23
 125381.647    94.724     0.60    3.93
 125758.516    94.013    -1.89    4.55
 126135.320    92.180    -4.86    4.21
 126512.059    90.180    -5.31    5.15
 126888.733    89.092    -2.89    7.37
 127265.342    89.142     0.13   10.70
 127641.885    88.474    -1.77   13.15
 128018.364    87.246    -3.26   14.44
 128394.778    83.148   -10.88   13.93
 128771.127    78.699   -11.82   12.73
 129147.411    76.624    -5.51    9.89
 129523.630    76.484    -0.37    7.45
 129899.785    76.315    -0.45    6.16
 130275.874    75.186    -3.00    5.16
 130651.899    72.267    -7.76    5.34
 131027.859    71.749    -1.38    6.09
 131403.755    73.715     5.23    7.68
 131779.586    76.259     6.77    8.43
 132155.352    78.341     5.54    8.18
 132531.054    77.261    -2.87    8.38
 132906.691    76.013    -3.32    8.68
 133282.263    77.261     3.32    7.94
 133657.771    78.101     2.24    8.33
 134033.215    80.395     6.11    8.75
 134408.594    80.737     0.91    8.10
 134783.909    79.573    -3.10    7.44
 135159.160    79.791     0.58    6.86
 135534.346    78.838    -2.54    6.55
 135909.468    79.464     1.67    7.17
 136284.526    81.341     5.00    8.51
 136659.519    85.789    11.86    8.82
 137034.449    89.311     9.39    5.64
 137409.314    92.586     8.74    6.04
 137784.115    95.443     7.62    8.58
 138158.852    97.225     4.75    9.97
 138533.525    97.544     0.85    9.61
 138908.134    95.799    -4.66    8.16
 139282.679    93.859    -5.18    6.30
 139657.160    92.446    -3.77    5.02
 140031.577    93.535     2.91    5.25
 140405.930    95.775     5.98    6.16
 140780.219    97.048     3.40    7.10
 141154.445    94.686    -6.31    9.21
 141528.607    90.397   -11.46    9.20
 141902.705    85.499   -13.09    7.26
 142276.739    82.418    -8.24    3.91
 142650.710    81.726    -1.85    4.36
 143024.617    80.581    -3.06    5.04
 143398.460    79.914    -1.78    5.11
 143772.240    80.242     0.88    5.33
 144145.956    80.586     0.92    4.18
 144519.609    81.021     1.16    4.27
 144893.198    80.049    -2.60    4.32
 145266.724    79.582    -1.25    3.95
 145640.186    80.479     2.40    4.50
 146013.585    83.213     7.32    5.65
 146386.921    86.084     7.69    5.53
 146760.193    90.424    11.63    5.81
 147133.402    94.024     9.64    6.39
 147506.548    97.817    10.16    5.55
 147879.630    99.986     5.81    3.44
 148252.650   101.431     3.87    2.44
 148625.606   101.294    -0.37    2.82
 148998.499   101.224    -0.19    3.61
 149371.329   100.559    -1.78    5.27
 149744.096    97.392    -8.49    7.35
 150116.800    95.845    -4.15    7.16
 150489.440    94.431    -3.80    5.31
 150862.018    94.557     0.34    3.32
 151234.533    93.193    -3.66    2.51
 151606.985    91.674    -4.08    3.37
 151979.375    89.421    -6.05    4.81
 152351.701    87.064    -6.33    5.68
 152723.964    83.876    -8.56    6.89
 153096.165    82.315    -4.19    6.87
 153468.303    81.345    -2.61    8.17
 153840.378    78.739    -7.00    9.98
 154212.391    76.459    -6.13   10.06
 154584.341    74.370    -5.61    8.51
 154956.228    74.763     1.06    7.20
 155328.053    76.451     4.54    7.30
 155699.816    79.474     8.13    6.37
 156071.515    81.438     5.28    3.31
 156443.152    81.249    -0.51    3.00
 156814.727    83.461     5.95    4.91
 157186.240    88.507    13.58    9.71
 157557.690    95.079    17.69   12.31
 157929.077   101.395    17.01    9.70
 158300.403   103.115     4.63    7.41
 158671.666   101.161    -5.26    7.13
 159042.866    98.069    -8.33    6.65
 159414.005    96.336    -4.67    5.94
 159785.081    95.901    -1.17    4.98
 160156.095    95.054    -2.28    4.17
 160527.047    94.142    -2.46    4.25
 160897.937    91.995    -5.79    4.03
 161268.765    89.395    -7.01    3.35
 161639.531    87.749    -4.44    3.21
 162010.234    86.237    -4.08    2.93
 162380.876    84.461    -4.79    3.42
 162751.456    82.488    -5.32    2.68
 163121.974    81.174    -3.55    2.27
 163492.430    80.220    -2.58    1.62
 163862.824    80.194    -0.07    1.54
 164233.156    80.350     0.42    1.79
 164603.427    79.874    -1.29    2.90
 164973.636    79.593    -0.76    3.39
 165343.783    78.124    -3.97    6.03
 165713.868    78.275     0.41    9.67
 166083.892    80.777     6.76   10.67
 166453.854    83.368     7.00   10.01
 166823.754    86.908     9.57    4.39
 167193.593    87.702     2.15    3.09
 167563.371    87.332    -1.00    2.13
 167933.087    86.515    -2.21    2.15
 168302.741    86.036    -1.29    2.32
 168672.334    85.381    -1.77    2.31
 169041.865    85.433     0.14    2.93
 169411.335    86.395     2.60    3.10
 169780.744    86.843     1.21    3.48
 170150.092    85.999    -2.29    4.36
 170519.378    84.136    -5.04    4.16
 170888.603    83.607    -1.43    4.34
 171257.766    84.411     2.18    4.79
 171626.869    85.608     3.24    4.84
 171995.910    84.535    -2.91    4.82
 172364.890    83.490    -2.83    3.90
 172733.809    83.479    -0.03    3.83
 173102.667    84.084     1.64    3.71
 173471.464    84.866     2.12    2.84
 173840.200    85.030     0.44    2.85
 174208.875    85.054     0.07    2.62
 174577.488    85.543     1.33    2.59
 174946.041    86.079     1.45    2.46
 175314.534    86.648     1.54    2.12
 175682.965    86.479    -0.46    2.25
 176051.335    86.269    -0.57    2.61
 176419.645    85.180    -2.96    2.73
 176787.894    85.802     1.69    3.46
 177156.082    86.337     1.45    3.60
 177524.209    86.227    -0.30    3.58
 177892.276    86.595     1.00    3.35
 178260.282    85.596    -2.71    2.93
 178628.227    84.505    -2.96    2.42
 178996.112    83.354    -3.13    3.30
 179363.936    81.059    -6.24    4.02
 179731.700    78.456    -7.08    3.37
 180099.403    76.418    -5.54    2.73
 180467.046    75.033    -3.77    3.31
 180834.628    71.609    -9.31    5.56
 181202.150    67.836   -10.26    6.50
 181569.612    63.235   -12.52    6.13
 181937.013    60.277    -8.05    4.64
 182304.354    58.755    -4.14    2.79
 182671.635    60.324     4.27    3.94
 183049.349    63.505     8.42    4.19
 183429.046    66.725     8.48    4.06
 183808.679    69.569     7.49    3.64
 184188.247    72.280     7.14    4.97
 184567.750    75.866     9.45    5.54
 184947.189    79.674    10.03    6.19
 185326.562    83.892    11.12    5.47
 185705.871    86.155     5.96    3.53
 186085.115    86.051    -0.27    3.68
 186464.294    84.133    -5.06    4.04
 186843.409    82.674    -3.85    3.25
 187222.459    81.981    -1.83    2.53
 187601.444    81.484    -1.31    2.81
 187980.365    80.259    -3.23    2.86
 188359.221    77.969    -6.04    4.37
 188738.013    73.969   -10.56    5.39
 189116.740    71.648    -6.13    4.14
 189495.403    72.559     2.40    5.62
 189874.001    76.046     9.21    7.39
 190252.535    79.174     8.26    6.31
 190631.005    80.053     2.32    4.89
 191009.410    79.949    -0.28    3.57
 191387.751    78.078    -4.94    3.87
 191766.028    76.524    -4.11    4.26
 192144.241    75.795    -1.93    4.09
 192522.389    74.866    -2.45    3.11
 192900.474    74.856    -0.03    2.39
 193278.494    74.155    -1.85    2.63
 193656.450    73.092    -2.81    2.42
 194034.342    72.623    -1.24    2.01
 194412.170    72.986     0.96    1.85
 194789.934    73.345     0.95    1.69
 195167.634    73.386     0.11    1.79
 195545.271    74.395     2.67    2.70
 195922.843    76.315     5.09    4.03
 196300.351    78.497     5.78    3.64
 196677.796    80.025     4.05    2.73
 197055.177    80.050     0.07    2.89
 197432.494    78.464    -4.20    3.57
 197809.748    75.741    -7.22    4.20
 198186.937    72.864    -7.63    3.82
 198564.063    70.188    -7.10    2.99
 198941.126    69.161    -2.72    3.00
 199318.125    69.421     0.69    3.64
 199695.060    69.584     0.43    3.71
 200071.932    70.181     1.58    2.98
 200448.740    70.188     0.02    2.24
 200825.485    69.727    -1.22    1.91
 201202.167    69.161    -1.50    2.18
 201578.785    68.918    -0.65    2.56
 201955.339    69.401     1.28    2.89
 202331.831    69.936     1.42    2.63
 202708.259    70.633     1.85    1.86
 203084.623    70.750     0.31    1.85
 203460.925    69.877    -2.32    2.20
 203837.163    67.872    -5.33    3.33
 204213.339    66.332    -4.09    3.15
 204589.451    65.898    -1.15    2.74
 204965.500    65.752    -0.39    2.87
 205341.486    65.544    -0.55    3.12
 205717.408    65.141    -1.07    3.12
 206093.268    64.898    -0.65    2.86
 206469.065    65.791     2.38    3.53
 206844.799    67.319     4.07    3.42
 207220.470    68.097     2.07    2.43
 207596.078    67.556    -1.44    2.39
 207971.624    67.355    -0.54    2.93
 208347.106    67.741     1.03    4.21
 208722.526    67.082    -1.75    4.71
 209097.883    66.209    -2.33    4.70
 209473.177    65.186    -2.73    3.89
 209848.408    65.161    -0.07    3.50
 210223.577    66.411     3.33    3.72
 210598.684    67.442     2.75    3.03
 210973.727    68.520     2.87    1.91
 211348.708    68.021    -1.33    2.66
 211723.627    66.517    -4.01    3.72
 212098.483    65.174    -3.58    3.95
 212473.277    64.385    -2.11    3.77
 212848.008    64.505     0.32    3.34
 213222.677    64.661     0.42    3.00
 213597.283    64.155    -1.35    3.07
 213971.827    63.030    -3.00    2.82
 214346.309    62.804    -0.60    3.60
 214720.728    63.424     1.66    4.02
 215095.086    63.142    -0.75    3.64
 215469.381    63.103    -0.10    2.83
 215843.614    63.486     1.02    3.13
 216217.784    63.201    -0.76    3.68
 216591.893    63.168    -0.09    3.61
 216965.939    63.141    -0.07    3.24
 217339.924    63.778     1.70    2.82
 217713.846    65.286     4.03    2.63
 218087.707    66.999     4.58    3.32
 218461.505    68.911     5.12    3.93
 218835.242    70.886     5.28    3.75
 219208.916    72.594     4.57    2.45
 219582.529    72.701     0.29    2.08
 219956.080    72.661    -0.11    2.14
 220329.569    72.938     0.74    2.05
 220702.996    73.675     1.97    1.58
 221076.362    73.687     0.03    1.45
 221449.666    73.421    -0.71    2.36
 221822.908    72.180    -3.32    3.32
 222196.089    70.729    -3.89    3.31
 222569.207    70.092    -1.71    2.76
 222942.265    69.372    -1.93    2.06
 223315.261    69.103    -0.72    2.01
 223688.195    67.934    -3.13    3.19
 224061.068    64.479    -9.26    5.57
 224433.879    60.264   -11.31    6.06
 224806.629    56.895    -9.04    4.39
 225179.317    54.129    -7.42    1.81
 225551.944    53.345    -2.10    1.95
 225924.510    52.583    -2.05    1.95
 226297.014    51.661    -2.47    1.32
 226669.457    50.713    -2.55    1.97
 227041.839    49.977    -1.97    2.74
 227414.160    49.713    -0.71    2.78
 227786.419    49.061    -1.75    2.43
 228158.618    48.819    -0.65    1.86
 228530.755    48.648    -0.46    1.61
 228902.831    48.181    -1.25    1.44
 229274.846    48.438     0.69    1.51
 229646.800    49.443     2.70    2.21
 230018.693    50.229     2.11    2.40
 230390.525    51.161     2.51    1.67
 230762.296    51.269     0.29    1.25
 231134.006    50.249    -2.75    1.87
 231505.655    48.853    -3.75    2.45
 231877.244    47.804    -2.82    2.01
 232248.771    47.524    -0.75    1.94
 232620.238    47.938     1.11    2.02
 232991.644    48.904     2.60    1.52
 233362.989    48.990     0.23    1.80
 233734.274    49.360     1.00    2.97
 234105.498    49.530     0.46    3.28
 234476.661    50.453     2.49    4.32
 234847.764    51.003     1.48    4.78
 235218.806    51.758     2.04    4.67
 235589.787    53.180     3.83    4.91
 235960.708    54.100     2.48    4.82
 236331.569    54.635     1.44    4.15
 236702.369    54.401    -0.63    3.35
 237073.108    52.964    -3.88    3.48
 237443.787    52.076    -2.40    3.49
 237814.406    50.503    -4.24    3.61
 238184.965    48.935    -4.23    3.63
 238555.463    47.017    -5.18    4.28
 238925.901    46.877    -0.38    4.08
 239296.278    47.624     2.01    3.76
 239666.596    48.229     1.63    3.22
 240036.853    48.599     1.00    2.14
 240407.050    48.445    -0.42    1.57
 240777.187    48.280    -0.45    1.34
 241147.263    47.580    -1.89    1.29
 241517.280    47.806     0.61    1.47
 241887.237    47.619    -0.51    1.68
 242257.133    47.767     0.40    1.90
 242626.970    48.155     1.05    1.94
 242996.747    47.701    -1.23    2.39
 243366.464    47.215    -1.31    3.13
 243736.120    47.484     0.73    3.64
 244105.717    48.472     2.67    4.34
 244475.255    49.849     3.72    4.16
 244844.732    50.932     2.93    3.48
 245214.150    50.764    -0.45    3.17
 245583.507    50.634    -0.35    2.68
 245952.806    50.661     0.07    2.20
 246322.044    51.453     2.14    2.15
 246691.223    52.675     3.31    3.43
 247060.342    53.141     1.26    3.80
 247429.401    53.928     2.13    3.83
 247798.401    54.305     1.02    3.85
 248167.342    52.947    -3.68    3.68
 248536.223    50.856    -5.67    4.27
 248905.044    47.736    -8.46    4.70
 249273.806    45.161    -6.98    3.06
 249642.509    43.546    -4.38    2.04
 250011.152    42.469    -2.92    1.79
 250379.736    41.753    -1.94    2.36
 250748.260    41.702    -0.14    2.41
 251116.725    41.740     0.10    2.35
 251485.131    42.133     1.07    2.12
 251853.478    41.740    -1.07    1.81
 252221.765    40.786    -2.59    1.78
 252589.993    40.688    -0.27    1.57
 252958.162    40.703     0.04    1.45
 253326.272    40.961     0.70    1.28
 253694.323    40.897    -0.17    1.36
 254062.314    40.421    -1.29    1.54
 254430.247    40.189    -0.63    1.87
 254798.121    40.389     0.54    2.59
 255165.935    40.883     1.35    3.21
 255533.691    41.174     0.79    2.92
 255901.388    41.237     0.17    2.26
 256269.025    41.030    -0.56    1.80
 256636.604    40.858    -0.47    1.89
 257004.124    40.408    -1.23    2.09
 257371.586    40.661     0.69    2.23
 257746.758    40.609    -0.14    2.23
 258126.321    39.856    -1.98    1.70
 258505.821    39.585    -0.71    1.57
 258885.258    38.675    -2.40    1.69
 259264.632    37.623    -2.77    2.10
 259643.943    36.911    -1.88    2.34
 260023.191    38.285     3.62    4.41
 260402.376    41.804     9.28    6.37
 260781.497    46.017    11.11    5.88
 261160.556    49.781     9.93    3.63
 261539.552    51.405     4.28    2.72
 261918.484    52.328     2.44    2.37
 262297.354    52.504     0.46    2.10
 262676.161    52.964     1.21    2.05
 263054.905    52.161    -2.12    3.14
 263433.586    49.251    -7.68    4.79
 263812.205    45.821    -9.06    5.10
 264190.761    43.064    -7.28    3.68
 264569.254    41.810    -3.31    2.36
 264947.684    41.475    -0.89    2.09
 265326.052    40.845    -1.66    2.36
 265704.357    39.451    -3.69    3.14
 266082.600    39.220    -0.61    3.95
 266460.780    40.567     3.56    6.51
 266838.897    45.464    12.95    9.69
 267216.952    50.061    12.16    7.52
 267594.944    52.035     5.22    5.28
 267972.874    51.511    -1.39    4.99
 268350.742    49.488    -5.35    3.82
 268728.547    47.835    -4.38    2.98
 269106.290    46.622    -3.21    2.35
 269483.971    45.768    -2.26    2.23
 269861.589    45.941     0.46    2.56
 270239.146    46.635     1.84    2.91
 270616.639    49.013     6.30    5.23
 270994.071    52.828    10.11    6.22
 271371.441    56.472     9.65    4.93
 271748.748    59.835     8.91    2.64
 272125.994    60.758     2.45    2.33
 272503.177    61.477     1.90    2.28
 272880.298    62.204     1.93    2.45
 273257.358    61.995    -0.56    2.50
 273634.355    61.459    -1.42    2.81
 274011.290    60.293    -3.09    2.91
 274388.164    58.411    -4.99    1.95
 274764.976    57.438    -2.58    2.13
 275141.725    56.168    -3.37    2.81
 275518.413    56.341     0.46    2.97
 275895.040    57.116     2.06    3.53
 276271.604    57.580     1.23    3.76
 276648.107    56.905    -1.79    4.01
 277024.548    55.716    -3.16    3.78
 277400.927    55.621    -0.25    4.48
 277777.245    58.786     8.41    6.99
 278153.501    64.898    16.24    9.28
 278529.696    70.933    16.04    9.85
 278905.829    76.475    14.73    8.59
 279281.901    81.377    13.03    6.64
 279657.911    84.877     9.31    5.33
 280033.860    89.229    11.57    4.72
 280409.747    92.280     8.11    4.29
 280785.573    93.355     2.86    4.84
 281161.337    92.701    -1.74    5.66
 281537.041    89.924    -7.39    6.66
 281912.683    85.837   -10.88    6.70
 282288.263    80.960   -12.98    5.61
 282663.783    76.812   -11.04    4.34
 283039.241    73.841    -7.91    2.71
 283414.638    72.415    -3.80    2.22
 283789.974    72.477     0.17    2.39
 284165.249    72.328    -0.40    3.08
 284540.463    71.082    -3.32    3.71
 284915.616    69.976    -2.95    3.77
 285290.708    68.475    -4.00    2.98
 285665.738    67.045    -3.81    2.38
 286040.708    66.341    -1.88    2.62
 286415.617    64.688    -4.41    2.68
 286790.465    63.201    -3.97    2.31
 287165.252    62.227    -2.60    2.09
 287539.979    61.464    -2.04    2.37
 287914.644    60.368    -2.92    2.48
 288289.249    59.269    -2.93    2.94
 288663.793    57.541    -4.61    3.54
 289038.276    55.905    -4.37    2.69
 289412.699    54.636    -3.39    2.08
 289787.061    54.008    -1.68    1.70
 290161.362    53.856    -0.41    2.16
 290535.603    54.319     1.24    3.57
 290909.783    57.488     8.47    6.31
 291283.903    60.518     8.10    5.65
 291657.962    62.728     5.91    3.71
 292031.960    63.676     2.53    3.02
 292405.899    63.848     0.46    2.86
 292779.776    64.961     2.98    2.68
 293153.594    65.701     1.98    2.82
 293527.351    65.972     0.72    2.62
 293901.048    65.505    -1.25    2.65
 294274.684    65.432    -0.20    3.36
 294648.260    66.453     2.73    4.05
 295021.776    67.648     3.20    3.90
 295395.232    68.964     3.52    3.23
 295768.628    69.310     0.93    3.00
 296141.963    68.951    -0.96    3.53
 296515.238    69.515     1.51    4.08
 296888.454    70.861     3.61    4.89
 297261.609    73.727     7.68    6.07
 297634.704    75.275     4.15    5.81
 298007.739    73.702    -4.22    7.18
 298380.714    72.283    -3.80    7.07
 298753.630    70.960    -3.55    5.94
