# NaN NaN NaN ;Mean Elev.(m), Avg Gradient(m/km), RMS Gradient(m/km) - SRTM1     
#   12.742   0.000  19.339 ;Mean Elev.(m), Avg Gradient(m/km), RMS Gradient(m/km) - ASTER GDEM
#    4.500  -0.011   0.433 ;Mean Elev.(m), Avg Gradient(m/km), RMS Gradient(m/km) - GMTED2010 
  7    16.869 52475.28407961 33.80  65.043253  63.294443 35.786
  7    16.821 52475.28408025 32.55  65.040596  63.291316 13.711
  7    16.661 52475.28408090 30.29  65.037936  63.288176 13.711
  7    16.765 52475.28408154 28.12  65.035276  63.285046 13.711
  7    16.923 52475.28408412 30.22  65.024646  63.272516 13.711
  7    17.018 52475.28408477 31.28  65.021996  63.269386 13.711
  7    17.110 52475.28408541 32.33  65.019336  63.266256 13.711
  8    16.530 52510.28403645 45.11  65.049338  63.298905 42.593
  8    16.219 52510.28403709 29.97  65.046684  63.295777 27.517
  8    16.065 52510.28403773 27.67  65.044024  63.292637 27.517
  8    16.003 52510.28403838 27.88  65.041364  63.289507 27.517
  8    15.974 52510.28403902 28.64  65.038704  63.286377 27.517
  8    16.364 52510.28404160 30.31  65.028084  63.273847 27.517
  8    16.322 52510.28404225 30.22  65.025424  63.270717 27.517
  8    16.482 52510.28404289 31.49  65.022774  63.267587 27.517
  9    15.074 52545.28404305 28.78  65.079232  63.314880 10.937
  9    15.129 52545.28404369 28.95  65.076572  63.311750 10.937
  9    15.334 52545.28404433 27.47  65.073902  63.308620 10.937
  9    15.231 52545.28404498 25.97  65.071242  63.305490 10.937
  9    14.851 52545.28404562 23.00  65.068582  63.302350 10.937
  9    14.776 52545.28404627 22.80  65.065922  63.299220 10.937
  9    15.153 52545.28404691 23.86  65.063252  63.296090 10.937
  9    15.019 52545.28404756 27.94  65.060592  63.292960 10.937
  9    14.912 52545.28404820 27.94  65.057932  63.289830 10.937
 10    14.360 52580.28407623 28.88  65.057019  63.302913 15.223
 10    14.141 52580.28407688 30.52  65.054359  63.299783 15.223
 10    12.349 52580.28407752 40.88  65.051699  63.296653 15.223
 10    12.461 52580.28407817 32.77  65.049039  63.293523 15.223
 10    13.981 52580.28407881 23.47  65.046379  63.290393 15.223
 10    13.733 52580.28407946 26.28  65.043719  63.287253 15.223
 10    12.464 52580.28408139 33.81  65.035749  63.277863 15.223
 10    12.513 52580.28408203 38.90  65.033089  63.274733 15.223
 10    12.482 52580.28408268 46.03  65.030429  63.271593 15.223
 11    15.119 52615.28404877 19.18  65.027050  63.285085  4.091
 11    15.121 52615.28405199 14.55  65.013780  63.269425  4.091
 11    15.191 52615.28405264 14.39  65.011120  63.266295  4.091
 12    13.543 52650.28402060 15.91  65.074468  63.314115  3.661
 12    14.009 52650.28402124 15.36  65.071798  63.310975  3.661
 12    13.982 52650.28402188 15.04  65.069138  63.307845  3.661
 12    14.045 52650.28402253 15.07  65.066478  63.304715  3.661
 12    13.991 52650.28402317 15.51  65.063814  63.301584  3.092
 12    14.359 52650.28402382 15.23  65.061154  63.298454  3.092
 12    14.514 52650.28402446 15.79  65.058494  63.295324  3.092
 12    14.596 52650.28402511 15.17  65.055834  63.292194  3.092
 12    14.354 52650.28402575 15.14  65.053174  63.289054  3.092
 12    13.906 52650.28402640 15.32  65.050514  63.285924  3.092
 12    13.628 52650.28402704 15.37  65.047854  63.282794  3.092
 13    15.186 52685.28400994  9.30  65.049691  63.298992  2.383
 13    14.936 52685.28401058  9.64  65.047031  63.295862  2.383
 13    15.258 52685.28401123  9.05  65.044381  63.292732  2.383
 13    14.760 52685.28401187  9.32  65.041721  63.289602  2.383
 13    14.464 52685.28401251  9.27  65.039061  63.286472  2.383
 13    14.388 52685.28401509  8.62  65.028431  63.273942  2.383
 13    14.654 52685.28401574  8.67  65.025781  63.270812  2.383
 13    14.974 52685.28401638  8.76  65.023121  63.267672  2.383
 14    14.830 52720.28406076 10.49  65.054744  63.301808  1.909
 14    14.848 52720.28406141 10.65  65.052074  63.298668  1.909
 14    14.643 52720.28406205 10.40  65.049424  63.295538  1.909
 14    14.424 52720.28406270 10.83  65.046754  63.292408  1.909
 14    14.787 52720.28406334 10.21  65.044104  63.289278  1.909
 14    14.288 52720.28406399 10.25  65.041444  63.286148  1.909
 14    14.395 52720.28406592  9.92  65.033464  63.276748  1.909
 14    14.372 52720.28406657 10.03  65.030814  63.273618  1.909
 14    14.694 52720.28406721  9.93  65.028154  63.270488  1.909
 16    15.601 52790.28403047 30.90  65.078308  63.312832 43.689
 16    15.655 52790.28403112 31.49  65.075642  63.309705 39.256
 16    15.546 52790.28403176 30.79  65.072982  63.306575 39.256
 16    15.442 52790.28403241 25.95  65.070322  63.303445 39.256
 16    15.419 52790.28403305 26.82  65.067652  63.300315 39.256
 16    15.652 52790.28403369 28.12  65.064992  63.297175 39.256
 16    15.789 52790.28403434 30.72  65.062332  63.294045 39.256
 16    15.741 52790.28403498 34.47  65.059672  63.290915 39.256
 17    15.872 52825.28409997 36.19  65.077293  63.314704 41.069
 17    15.921 52825.28410062 34.23  65.074633  63.311564 41.069
 17    15.967 52825.28410126 32.26  65.071974  63.308436 27.183
 17    15.938 52825.28410191 28.65  65.069304  63.305306 27.183
 17    15.852 52825.28410255 26.65  65.066644  63.302176 27.183
 17    15.761 52825.28410320 27.64  65.063984  63.299046 27.183
 17    15.820 52825.28410384 30.92  65.061324  63.295906 27.183
 17    15.944 52825.28410449 33.80  65.058664  63.292776 27.183
 17    16.009 52825.28410513 32.89  65.056004  63.289646 27.183
 17    16.105 52825.28410577 34.37  65.053344  63.286516 27.183
 18    15.121 52860.28414599 28.58  65.077398  63.313884 26.953
 18    15.351 52860.28414664 23.96  65.074728  63.310744 26.953
 18    15.411 52860.28414728 24.18  65.072065  63.307615 12.812
 18    15.196 52860.28414793 22.78  65.069405  63.304485 12.812
 18    14.526 52860.28414857 23.47  65.066745  63.301355 12.812
 18    14.712 52860.28414921 23.32  65.064085  63.298225 12.812
 18    15.105 52860.28414986 25.47  65.061425  63.295085 12.812
 18    14.811 52860.28415050 27.58  65.058765  63.291955 12.812
 18    12.897 52860.28415115 27.92  65.056105  63.288825 12.812
 19    10.556 52895.28418119 29.02  65.043358  63.294426 19.403
 19    10.666 52895.28418183 31.54  65.040698  63.291296 19.403
 19    10.587 52895.28418248 34.55  65.038038  63.288156 19.403
 19    10.626 52895.28418312 42.10  65.035378  63.285026 19.403
 19    11.483 52895.28418570 29.36  65.024751  63.272503 13.363
 19    10.842 52895.28418634 34.93  65.022101  63.269373 13.363
 19    10.797 52895.28418699 31.17  65.019441  63.266233 13.363
 21    12.877 52965.28411714 25.57  65.079919  63.314067 13.732
 21     9.777 52965.28411779 25.74  65.077249  63.310937 13.732
 21     9.680 52965.28411843 25.63  65.074589  63.307797 13.732
 21     9.900 52965.28411908 26.67  65.071929  63.304667 13.732
 21     9.913 52965.28411972 28.22  65.069259  63.301537 13.732
 21     9.869 52965.28412037 27.03  65.066599  63.298407 13.732
 21     9.849 52965.28412101 33.92  65.063939  63.295277 13.732
 21     9.908 52965.28412166 42.57  65.061279  63.292147 13.732
 22    12.874 53000.28415681 16.96  65.035842  63.289577  4.335
 22    10.977 53000.28415745 16.88  65.033182  63.286437  4.335
 22    10.037 53000.28415809 17.15  65.030522  63.283307  4.335
 22     9.872 53000.28415874 17.31  65.027872  63.280177  4.335
 22     9.519 53000.28416003 17.95  65.022552  63.273917  4.335
 22     9.643 53000.28416067 17.83  65.019902  63.270777  4.335
 22     9.496 53000.28416132 18.00  65.017242  63.267647  4.335
 22     9.672 53000.28416196 18.06  65.014592  63.264517  4.335
 23    11.665 53035.28410750 13.24  65.024878  63.283516  2.985
 23    13.965 53035.28411007 12.99  65.014258  63.270986  2.985
 23    14.680 53035.28411072 12.92  65.011598  63.267856  2.985
 24    14.406 53070.28412219 12.83  65.057739  63.303451  2.391
 24    14.513 53070.28412284 12.82  65.055079  63.300321  2.391
 24    14.308 53070.28412348 12.83  65.052419  63.297191  2.391
 24    14.185 53070.28412412 12.65  65.049759  63.294061  2.391
 24    13.919 53070.28412477 13.11  65.047099  63.290931  2.391
 24    13.806 53070.28412541 12.76  65.044439  63.287791  2.391
 24    14.183 53070.28412735 12.82  65.036469  63.278401  2.391
 24    14.440 53070.28412799 12.58  65.033809  63.275271  2.391
 24    14.585 53070.28412864 13.04  65.031159  63.272131  2.391
 26    12.436 53140.28412531 36.88  65.075633  63.317274 33.331
 26    14.833 53140.28412595 32.19  65.072963  63.314144 33.331
 26    14.258 53140.28412660 33.97  65.070303  63.311014 33.331
 26    14.280 53140.28412724 34.00  65.067643  63.307874 33.331
 26    13.963 53140.28412789 35.48  65.064973  63.304744 33.331
 26    12.360 53140.28412853 34.51  65.062313  63.301614 33.331
 26    12.324 53140.28412918 41.79  65.059653  63.298484 33.331
 26    12.300 53140.28412982 38.27  65.056993  63.295354 33.331
 26    12.421 53140.28413047 36.83  65.054333  63.292224 33.331
 26    12.385 53140.28413111 39.66  65.051673  63.289084 33.331
 26    12.373 53140.28413176 38.84  65.049013  63.285954 33.331
 26    12.508 53140.28413240 40.06  65.046353  63.282824 33.331
 27    15.682 53175.28416198 39.13  65.058353  63.304000 31.498
 27    15.653 53175.28416263 34.14  65.055693  63.300870 31.498
 27    15.513 53175.28416327 25.49  65.053033  63.297740 31.498
 27    15.672 53175.28416392 24.75  65.050373  63.294610 31.498
 27    15.598 53175.28416456 23.24  65.047713  63.291470 31.498
 27    15.566 53175.28416521 22.78  65.045053  63.288340 31.498
 27    15.695 53175.28416714 39.57  65.037083  63.278950 31.498
 27    15.628 53175.28416779 26.49  65.034423  63.275810 31.498
 27    15.659 53175.28416843 30.14  65.031763  63.272680 31.498
 28    14.736 53210.28418191 27.39  65.045454  63.295927 21.585
 28    14.702 53210.28418256 22.36  65.042794  63.292797 21.585
 28    14.785 53210.28418320 19.67  65.040144  63.289667 21.585
 28    14.761 53210.28418384 22.38  65.037484  63.286537 21.585
 28    14.821 53210.28418449 24.92  65.034824  63.283407 21.585
 28    15.052 53210.28418642 27.46  65.026854  63.274007 21.585
 28    14.848 53210.28418707 27.56  65.024194  63.270877 21.585
 28    14.952 53210.28418771 31.71  65.021544  63.267747 21.585
 29    12.677 53245.28414978 28.05  65.045462  63.296349 22.152
 29    10.894 53245.28415042 27.99  65.042802  63.293219 22.152
 29    10.918 53245.28415107 29.54  65.040142  63.290089 22.152
 29    10.971 53245.28415171 25.88  65.037492  63.286959 22.152
 29    11.551 53245.28415236 26.11  65.034832  63.283829 22.152
 29    14.634 53245.28415429 27.79  65.026862  63.274429 22.152
 29    11.190 53245.28415493 32.48  65.024202  63.271299 22.152
 29    10.988 53245.28415558 32.62  65.021552  63.268169 22.152
 30    10.740 53280.28412814 35.24  65.075887  63.314642 36.139
 30    11.033 53280.28412878 38.48  65.073227  63.311502 36.139
 30    11.007 53280.28412943 41.61  65.070557  63.308372 36.139
 30    10.899 53280.28413007 43.31  65.067897  63.305242 36.139
 30    10.768 53280.28413072 46.11  65.065237  63.302112 36.139
 30    10.651 53280.28413136 45.37  65.062567  63.298982 36.139
 30    10.582 53280.28413201 47.49  65.059907  63.295852 36.139
 30    10.510 53280.28413265 48.29  65.057247  63.292712 36.139
 30    10.726 53280.28413330 47.75  65.054587  63.289582 36.139
 30    10.697 53280.28413394 51.23  65.051927  63.286452 36.139
 31    13.595 53315.28414790 28.50  65.058519  63.302953 13.831
 31    11.977 53315.28414854 29.04  65.055859  63.299823 13.831
 31    11.840 53315.28414919 30.19  65.053199  63.296683 13.831
 31    11.895 53315.28414983 30.82  65.050539  63.293553 13.831
 31    12.001 53315.28415047 31.64  65.047879  63.290423 13.831
 31    11.983 53315.28415112 37.75  65.045219  63.287293 13.831
 31    11.902 53315.28415305 26.67  65.037249  63.277893 13.831
 31    12.525 53315.28415370 23.34  65.034589  63.274763 13.831
 31    13.944 53315.28415434 23.18  65.031939  63.271633 13.831
 32    13.497 53350.28411425 17.42  65.052298  63.300455  4.941
 32    13.635 53350.28411490 17.63  65.049638  63.297325  4.941
 32    13.538 53350.28411554 17.71  65.046978  63.294185  4.941
 32    13.340 53350.28411619 17.60  65.044318  63.291055  4.941
 32    13.086 53350.28411683 18.31  65.041658  63.287925  4.941
 32    12.643 53350.28411748 18.11  65.039008  63.284795  4.941
 32    11.969 53350.28411941 19.53  65.031038  63.275395  4.941
 32    11.825 53350.28412006 20.28  65.028378  63.272265  4.941
 32    13.170 53350.28412070 18.04  65.025728  63.269135  4.941
 33    12.471 53385.28409111 16.96  65.075651  63.313431  5.525
 33    11.194 53385.28409175 18.67  65.072981  63.310295  5.479
 33    12.455 53385.28409240 18.85  65.070321  63.307165  5.479
 33    12.705 53385.28409304 17.79  65.067651  63.304035  5.479
 33    13.013 53385.28409369 18.67  65.064991  63.300905  5.479
 33    13.558 53385.28409433 19.79  65.062331  63.297765  5.479
 33    13.881 53385.28409497 19.36  65.059671  63.294635  5.479
 33    13.916 53385.28409562 16.91  65.057011  63.291505  5.479
 33    13.749 53385.28409626 17.96  65.054351  63.288375  5.479
 33    13.509 53385.28409691 16.94  65.051691  63.285245  5.479
 34    12.343 53420.28409577 14.59  65.073030  63.314875  4.695
 34    12.331 53420.28409642 13.61  65.070360  63.311745  4.695
 34    12.588 53420.28409706 15.36  65.067698  63.308614  4.816
 34    12.784 53420.28409771 15.56  65.065038  63.305484  4.816
 34    12.936 53420.28409835 16.73  65.062378  63.302354  4.816
 34    13.517 53420.28409900 15.65  65.059718  63.299224  4.816
 34    13.827 53420.28409964 16.45  65.057058  63.296084  4.816
 34    13.688 53420.28410029 17.24  65.054398  63.292954  4.816
 34    13.778 53420.28410093 18.42  65.051738  63.289824  4.816
 34    13.439 53420.28410157 15.36  65.049078  63.286694  4.816
 34    10.504 53420.28410222 16.20  65.046428  63.283564  4.816
 34    12.122 53420.28410286 15.58  65.043768  63.280434  4.816
 35    14.672 53455.28410434 12.48  65.070206  63.299202  2.256
 35    14.912 53455.28410499 12.84  65.067546  63.296062  2.256
 36    12.339 53490.28419109 28.32  65.042921  63.294504 30.139
 36    12.217 53490.28419173 31.36  65.040261  63.291374 30.139
 36    12.244 53490.28419238 30.12  65.037601  63.288244 30.139
 36    12.274 53490.28419302 31.00  65.034941  63.285104 30.139
 36    12.375 53490.28419367 33.33  65.032281  63.281974 30.139
 36    12.415 53490.28419560 35.10  65.024311  63.272584 30.139
 36    12.311 53490.28419625 44.54  65.021651  63.269444 30.139
 36    12.280 53490.28419689 29.76  65.019001  63.266314 30.139
 37    15.481 53525.28417329 34.57  65.060540  63.304013 31.954
 37    15.406 53525.28417394 25.71  65.057870  63.300883 31.954
 37    15.400 53525.28417458 26.70  65.055210  63.297753 31.954
 37    15.427 53525.28417523 24.38  65.052550  63.294613 31.954
 37    15.362 53525.28417587 23.73  65.049890  63.291483 31.954
 37    15.397 53525.28417652 23.19  65.047240  63.288353 31.954
 37    15.573 53525.28417716 23.30  65.044580  63.285223 31.954
 37    15.644 53525.28417845 33.92  65.039260  63.278953 31.954
 37    15.633 53525.28417909 31.23  65.036600  63.275823 31.954
 38    15.192 53560.28420487 40.12  65.031498  63.287281 34.018
 38    15.154 53560.28420552 40.29  65.028838  63.284151 34.018
 38    15.277 53560.28420616 42.19  65.026178  63.281011 34.018
 38    15.282 53560.28420809 50.52  65.018208  63.271621 34.018
 38    15.204 53560.28420874 51.28  65.015558  63.268481 34.018
 38    15.268 53560.28420938 52.39  65.012898  63.265351 34.018
 39    14.804 53595.28414049 28.27  65.048909  63.299191 20.216
 39    14.496 53595.28414114 17.96  65.046249  63.296051 20.216
 39    14.736 53595.28414178 18.87  65.043589  63.292921 20.216
 39    13.495 53595.28414243 17.44  65.040929  63.289791 20.216
 39    12.199 53595.28414307 21.78  65.038279  63.286661 20.216
 39    12.260 53595.28414372 23.53  65.035619  63.283531 20.216
 39    12.391 53595.28414565 32.51  65.027649  63.274131 20.216
 39    12.444 53595.28414630 33.10  65.024999  63.271001 20.216
 39    12.535 53595.28414694 29.76  65.022339  63.267871 20.216
 40    10.699 53630.28413001 30.83  65.076966  63.316086 35.679
 40    10.799 53630.28413065 35.52  65.074296  63.312956 35.679
 40    10.995 53630.28413130 37.45  65.071636  63.309821 25.989
 40    11.035 53630.28413194 40.13  65.068966  63.306691 25.989
 40    10.834 53630.28413258 41.33  65.066306  63.303561 25.989
 40    10.606 53630.28413323 35.88  65.063646  63.300421 25.989
 40    10.437 53630.28413387 30.65  65.060976  63.297291 25.989
 40    10.698 53630.28413452 25.19  65.058316  63.294161 25.989
 40    10.740 53630.28413516 23.32  65.055656  63.291031 25.989
 40    10.656 53630.28413581 25.25  65.052996  63.287901 25.989
 40    11.596 53630.28413645 24.53  65.050336  63.284771 25.989
 41    14.286 53665.28415683 29.42  65.052354  63.301918 14.441
 41    14.375 53665.28415748 25.36  65.049694  63.298788 14.441
 41    13.940 53665.28415812 20.95  65.047034  63.295648 14.441
 41    13.317 53665.28415877 23.08  65.044374  63.292518 14.441
 41    10.418 53665.28415941 27.91  65.041714  63.289388 14.441
 41    10.644 53665.28416006 25.13  65.039054  63.286258 14.441
 41    14.311 53665.28416263 22.70  65.028424  63.273728 14.441
 41    14.172 53665.28416328 23.43  65.025764  63.270598 14.441
 41    14.414 53665.28416392 24.95  65.023114  63.267468 14.441
 42     9.664 53700.28411146 32.01  65.050421  63.300404 25.149
 42     9.719 53700.28411210 35.06  65.047761  63.297274 25.149
 42    10.036 53700.28411275 39.77  65.045111  63.294144 25.149
 42    10.038 53700.28411339 46.86  65.042451  63.291004 25.149
 42    10.135 53700.28411404 42.02  65.039791  63.287874 25.149
 42    10.165 53700.28411468 42.52  65.037131  63.284744 25.149
 42     9.850 53700.28411661 29.16  65.029161  63.275344 25.149
 42    10.126 53700.28411726 27.07  65.026511  63.272214 25.149
 42    10.191 53700.28411790 34.08  65.023851  63.269084 25.149
 44    12.423 53770.28401830 12.09  65.077081  63.316551  2.877
 44    12.734 53770.28401894 12.11  65.074411  63.313421  2.877
 44    13.277 53770.28401959 11.90  65.071751  63.310291  2.877
 44    13.238 53770.28402023 11.66  65.069091  63.307161  3.362
 44    13.592 53770.28402088 11.96  65.066421  63.304031  3.362
 44    13.729 53770.28402152 12.18  65.063761  63.300901  3.362
 44    14.320 53770.28402217 11.94  65.061101  63.297771  3.362
 44    14.398 53770.28402281 11.83  65.058441  63.294631  3.362
 44    14.373 53770.28402346 12.18  65.055781  63.291501  3.362
 44    14.000 53770.28402410 12.86  65.053121  63.288371  3.362
 44    13.783 53770.28402475 12.83  65.050471  63.285241  3.362
 45    16.132 53805.28401707 15.10  65.041206  63.292656  2.359
 45    16.010 53805.28401772 14.87  65.038546  63.289526  2.359
 45    15.727 53805.28401836 14.68  65.035896  63.286396  2.359
 45    15.237 53805.28401901 14.76  65.033236  63.283266  2.359
 45    15.723 53805.28402094 14.32  65.025266  63.273866  2.359
 45    15.768 53805.28402159 13.98  65.022616  63.270736  2.359
 45    15.588 53805.28402223 13.70  65.019956  63.267606  2.359
 47    14.789 53875.28408041 40.76  65.065013  63.307567 46.017
 47    13.900 53875.28408105 38.61  65.062353  63.304437 46.017
 47    13.821 53875.28408170 36.42  65.059693  63.301307 46.017
 47    13.811 53875.28408234 41.50  65.057033  63.298167 46.017
 47    13.910 53875.28408299 36.16  65.054373  63.295037 46.017
 47    13.881 53875.28408363 36.61  65.051713  63.291907 46.017
 47    13.927 53875.28408428 50.84  65.049053  63.288777 46.017
 47    13.951 53875.28408492 50.57  65.046393  63.285647 46.017
 47    14.016 53875.28408557 52.24  65.043733  63.282517 46.017
 47    13.996 53875.28408621 51.69  65.041073  63.279377 46.017
 49    14.570 53945.28415240 46.15  65.029578  63.285801 30.101
 49    14.625 53945.28415305 52.37  65.026918  63.282671 30.101
 49    14.685 53945.28415498 42.68  65.018948  63.273271 30.101
 49    14.616 53945.28415563 42.16  65.016288  63.270141 30.101
 49    14.626 53945.28415627 41.09  65.013638  63.267011 30.101
 50    14.328 53980.28409923 19.04  65.031308  63.287612 29.179
 50    14.948 53980.28409987 21.63  65.028648  63.284482 29.179
 50    11.914 53980.28410052 29.30  65.025998  63.281352 29.179
 50    12.025 53980.28410245 36.84  65.018028  63.271952 29.179
 50    11.732 53980.28410310 33.57  65.015378  63.268822 29.179
 50    15.023 53980.28410374 27.39  65.012718  63.265692 29.179
 51    10.997 54015.28411148 38.11  65.079305  63.312479 34.837
 51    11.031 54015.28411212 39.85  65.076645  63.309349 34.837
 51    10.825 54015.28411277 38.95  65.073983  63.306212 33.399
 51    10.953 54015.28411341 35.69  65.071313  63.303082 33.399
 51    10.753 54015.28411406 33.75  65.068653  63.299952 33.399
 51    10.531 54015.28411470 28.23  65.065993  63.296822 33.399
 51    14.717 54015.28411535 30.78  65.063333  63.293682 33.399
 52    11.730 54050.28411361 24.94  65.074667  63.315049 11.476
 52    11.664 54050.28411425 24.54  65.072007  63.311909 11.476
 52    11.636 54050.28411490 23.56  65.069347  63.308779 11.476
 52    11.756 54050.28411554 24.00  65.066680  63.305649 17.588
 52    11.793 54050.28411619 23.94  65.064020  63.302519 17.588
 52    11.798 54050.28411683 27.57  65.061360  63.299389 17.588
 52    11.813 54050.28411748 32.04  65.058700  63.296259 17.588
 52    11.989 54050.28411812 36.26  65.056040  63.293129 17.588
 52    11.935 54050.28411877 37.74  65.053380  63.289989 17.588
 52    11.911 54050.28411941 33.00  65.050720  63.286859 17.588
 52    11.782 54050.28412006 31.14  65.048060  63.283729 17.588
 56    16.012 54190.28403623 11.47  65.028175  63.285991  2.130
 56    15.795 54190.28403688 11.69  65.025525  63.282861  2.130
 56    15.730 54190.28403946 10.99  65.014904  63.270327  2.230
 56    15.730 54190.28404010 10.90  65.012244  63.267197  2.230
 57    15.135 54225.28407708 35.92  65.057271  63.302065 42.377
 57    15.185 54225.28407772 36.88  65.054601  63.298935 42.377
 57    15.212 54225.28407837 37.48  65.051941  63.295805 42.377
 57    15.273 54225.28407901 38.94  65.049281  63.292675 42.377
 57    15.259 54225.28407966 35.27  65.046621  63.289535 42.377
 57    15.310 54225.28408030 46.66  65.043971  63.286405 42.377
 57    15.288 54225.28408224 39.86  65.035994  63.277015 37.218
 57    15.306 54225.28408288 40.27  65.033334  63.273875 37.218
 57    15.328 54225.28408353 46.70  65.030674  63.270745 37.218
 58    16.161 54260.28409737 46.99  65.056341  63.302501 48.928
 58    16.241 54260.28409801 49.44  65.053681  63.299371 48.928
 58    16.319 54260.28409866 51.91  65.051021  63.296241 48.928
 58    16.353 54260.28409930 51.36  65.048361  63.293111 48.928
 58    16.232 54260.28409995 52.62  65.045701  63.289971 48.928
 58    16.190 54260.28410059 52.99  65.043041  63.286841 48.928
 58    16.225 54260.28410253 53.84  65.035071  63.277451 48.928
 58    16.240 54260.28410317 53.90  65.032410  63.274319 48.093
 58    16.257 54260.28410381 54.12  65.029750  63.271189 48.093
 59    17.013 54295.28410133 30.68  65.056125  63.302761 20.205
 59    16.731 54295.28410197 29.56  65.053455  63.299631 20.205
 59    16.863 54295.28410262 29.77  65.050795  63.296501 20.205
 59    16.580 54295.28410326 30.19  65.048145  63.293371 20.205
 59    16.509 54295.28410391 30.96  65.045485  63.290231 20.205
 59    16.571 54295.28410455 28.76  65.042825  63.287101 20.205
 59    17.022 54295.28410649 28.92  65.034856  63.277712 27.037
 59    16.951 54295.28410713 29.65  65.032196  63.274572 27.037
 59    16.899 54295.28410777 32.41  65.029536  63.271442 27.037
 60    16.733 54330.28409482 44.55  65.049203  63.299522 34.933
 60    16.735 54330.28409547 38.16  65.046543  63.296392 34.933
 60    16.664 54330.28409611 32.46  65.043883  63.293252 34.933
 60    16.281 54330.28409676 28.93  65.041223  63.290122 34.933
 60    16.586 54330.28409740 29.72  65.038563  63.286992 34.933
 60    16.632 54330.28409805 44.76  65.035913  63.283862 34.933
 60    16.771 54330.28409998 33.53  65.027939  63.274459 30.306
 60    16.446 54330.28410063 30.96  65.025289  63.271329 30.306
 60    16.671 54330.28410127 31.24  65.022629  63.268199 30.306
 61    16.298 54365.28404241 18.78  65.028609  63.286611 23.624
 61    16.328 54365.28404306 22.25  65.025959  63.283481 23.624
 61    12.449 54365.28404564 34.78  65.015336  63.270945 21.770
 61    15.264 54365.28404628 28.94  65.012686  63.267815 21.770
 62    14.121 54400.28403552 32.44  65.057537  63.302915 21.206
 62    14.087 54400.28403616 31.87  65.054877  63.299785 21.206
 62    14.383 54400.28403681 25.55  65.052217  63.296655 21.206
 62    13.797 54400.28403745 28.60  65.049557  63.293515 21.206
 62    11.047 54400.28403810 30.54  65.046897  63.290385 21.206
 62    10.986 54400.28403874 28.08  65.044237  63.287255 21.206
 62    14.637 54400.28404068 25.33  65.036266  63.277856 12.013
 62    14.596 54400.28404132 27.39  65.033616  63.274726 12.013
 62    11.321 54400.28404197 30.09  65.030956  63.271596 12.013
 63    10.969 54435.28399680 37.68  65.031983  63.286017  9.531
 63    10.995 54435.28399744 49.24  65.029322  63.282884 12.967
 63    10.497 54435.28399938 23.72  65.021362  63.273484 12.967
 63    14.220 54435.28400002 23.63  65.018702  63.270354 12.967
 63    14.718 54435.28400067 23.10  65.016052  63.267224 12.967
 64    13.626 54470.28401630 15.88  65.076013  63.315901  4.931
 64    12.818 54470.28401695 15.42  65.073353  63.312761  4.931
 64    13.405 54470.28401759 16.88  65.070693  63.309631  4.931
 64    13.518 54470.28401824 16.74  65.068033  63.306501  4.931
 64    13.666 54470.28401888 16.94  65.065363  63.303371  4.931
 64    13.636 54470.28401953 16.94  65.062703  63.300241  4.931
 64    13.573 54470.28402017 17.78  65.060043  63.297111  4.931
 64    13.416 54470.28402082 17.13  65.057383  63.293981  4.931
 64    13.096 54470.28402146 17.53  65.054723  63.290841  4.931
 64    13.040 54470.28402210 17.18  65.052063  63.287711  4.931
 64    12.827 54470.28402275 18.51  65.049403  63.284581  4.931
 65    10.325 54505.28401038 17.95  65.032720  63.287084  4.129
 65    10.264 54505.28401102 24.61  65.030060  63.283954  4.129
 65    10.842 54505.28401167 18.37  65.027410  63.280824  4.129
 65    14.351 54505.28401360 13.59  65.019440  63.271424  4.129
 65    14.785 54505.28401425 13.39  65.016790  63.268294  4.129
 65    14.849 54505.28401489 12.95  65.014140  63.265164  4.129
 66    15.118 54540.28403457 11.32  65.054897  63.301162  2.551
 66    15.493 54540.28403522 11.17  65.052237  63.298032  2.551
 66    15.207 54540.28403586 11.40  65.049577  63.294902  2.551
 66    15.458 54540.28403651 11.27  65.046917  63.291772  2.551
 66    15.000 54540.28403715 11.64  65.044257  63.288632  2.551
 66    14.259 54540.28403780 12.56  65.041597  63.285502  2.551
 66    14.282 54540.28403973 11.86  65.033627  63.276112  2.551
 66    14.431 54540.28404038 11.95  65.030967  63.272972  2.551
 66    14.934 54540.28404102 12.06  65.028317  63.269842  2.551
 67    10.510 54575.28401122 10.35  65.032031  63.287596  6.672
 67    10.485 54575.28401187 12.19  65.029371  63.284456  6.672
 67    10.345 54575.28401251 15.32  65.026711  63.281326  6.672
 67    10.179 54575.28401444 12.55  65.018751  63.271926  6.672
 67    15.022 54575.28401509  7.95  65.016101  63.268796  6.672
 67    15.867 54575.28401573  6.46  65.013441  63.265666  6.672
 68    15.208 54610.28402675 37.92  65.053501  63.300615 39.905
 68    15.262 54610.28402740 36.85  65.050841  63.297485 39.905
 68    15.209 54610.28402804 30.23  65.048181  63.294355 39.905
 68    15.161 54610.28402869 23.56  65.045521  63.291225 39.905
 68    15.229 54610.28402933 21.56  65.042861  63.288095 39.905
 68    15.303 54610.28402998 33.61  65.040201  63.284955 39.905
 68    15.280 54610.28403191 31.42  65.032231  63.275565 39.905
 68    15.101 54610.28403256 27.75  65.029571  63.272435 39.905
 68    15.381 54610.28403320 33.24  65.026921  63.269295 39.905
 69    15.832 54645.28403429 36.31  65.053009  63.301840 28.470
 69    15.905 54645.28403493 36.37  65.050349  63.298710 28.470
 69    15.850 54645.28403558 30.38  65.047689  63.295580 28.470
 69    15.808 54645.28403622 28.07  65.045029  63.292450 28.470
 69    15.688 54645.28403687 24.68  65.042369  63.289320 28.470
 69    15.768 54645.28403751 22.45  65.039709  63.286180 28.470
 69    15.865 54645.28403945 39.40  65.031739  63.276790 28.470
 69    15.878 54645.28404009 27.30  65.029079  63.273660 28.470
 69    15.584 54645.28404074 26.84  65.026429  63.270520 28.470
 69    15.944 54645.28404138 35.29  65.023769  63.267390 28.470
 70    13.474 54680.28403594 42.80  65.050527  63.299889 36.937
 70    13.587 54680.28403658 40.64  65.047867  63.296759 36.937
 70    13.468 54680.28403723 50.05  65.045207  63.293629 36.937
 70    13.471 54680.28403787 48.87  65.042547  63.290499 36.937
 70    13.604 54680.28403851 48.87  65.039887  63.287369 36.937
 70    13.644 54680.28403916 45.77  65.037227  63.284229 36.937
 70    13.571 54680.28404109 46.02  65.029257  63.274839 36.937
 70    13.600 54680.28404174 50.04  65.026597  63.271709 36.937
 70    13.650 54680.28404238 49.09  65.023947  63.268569 36.937
 71    10.844 54715.28398920 31.54  65.031109  63.287687 34.462
 71    11.007 54715.28398985 43.16  65.028459  63.284557 34.462
 71    11.103 54715.28399049 41.19  65.025799  63.281417 34.462
 71    12.023 54715.28399243 32.67  65.017839  63.272027 34.462
 71    11.283 54715.28399307 35.64  65.015179  63.268887 34.462
 71    11.195 54715.28399371 33.41  65.012529  63.265757 34.462
 72    10.859 54750.28400593 31.95  65.059353  63.302699 18.780
 72    10.737 54750.28400657 29.23  65.056693  63.299569 18.780
 72    10.992 54750.28400722 26.19  65.054033  63.296439 18.780
 72    11.006 54750.28400786 26.30  65.051373  63.293309 18.780
 72    10.826 54750.28400851 27.13  65.048713  63.290179 18.780
 72    10.815 54750.28400915 22.91  65.046053  63.287039 18.780
 72    11.502 54750.28401044 22.40  65.040733  63.280779 18.780
 72    14.583 54750.28401109 29.70  65.038083  63.277649 18.780
 72    14.854 54750.28401173 27.52  65.035423  63.274519 18.780
 73    11.925 54785.28397703 37.68  65.040342  63.292584 26.615
 73    12.076 54785.28397768 41.43  65.037682  63.289454 26.615
 73    12.028 54785.28397832 48.82  65.035022  63.286314 26.615
 73    11.958 54785.28397897 52.96  65.032362  63.283184 26.615
 73    11.936 54785.28398090 33.97  65.024402  63.273794 26.615
 73    12.045 54785.28398155 37.66  65.021742  63.270654 26.615
 73    12.133 54785.28398219 48.25  65.019092  63.267524 26.615
 74    13.619 54820.28399795 14.49  65.064432  63.306684  4.882
 74    13.818 54820.28399860 13.90  65.061772  63.303554  4.882
 74    13.949 54820.28399924 13.89  65.059112  63.300424  4.882
 74    14.076 54820.28399989 14.04  65.056452  63.297294  4.882
 74    14.225 54820.28400053 13.93  65.053792  63.294164  4.882
 74    13.902 54820.28400118 15.18  65.051132  63.291034  4.882
 74    12.877 54820.28400182 22.11  65.048472  63.287894  4.882
 74    12.835 54820.28400247 19.31  65.045812  63.284764  4.882
 74    13.154 54820.28400311 14.22  65.043152  63.281634  4.882
 74    13.172 54820.28400376 14.66  65.040502  63.278504  4.882
 75    13.484 54855.28397335 12.97  65.041502  63.292605  3.123
 75    13.389 54855.28397399 12.85  65.038852  63.289475  3.123
 75    13.044 54855.28397463 13.07  65.036192  63.286345  3.123
 75    12.336 54855.28397528 13.07  65.033532  63.283205  3.123
 75    14.070 54855.28397721 12.37  65.025562  63.273815  3.123
 75    14.458 54855.28397786 11.76  65.022912  63.270685  3.123
 75    14.756 54855.28397850 11.84  65.020252  63.267545  3.123
 76    13.856 54890.28400438 10.59  65.047959  63.297815  2.727
 76    13.785 54890.28400503 10.60  65.045299  63.294685  2.727
 76    13.868 54890.28400567 10.33  65.042639  63.291555  2.727
 76    13.952 54890.28400632 10.49  65.039979  63.288415  2.727
 76    14.044 54890.28400696 10.65  65.037319  63.285285  2.727
 76    14.148 54890.28400890 10.44  65.029349  63.275895  2.727
 76    14.359 54890.28400954 10.51  65.026699  63.272765  2.727
 76    14.765 54890.28401019 10.17  65.024039  63.269625  2.727
 78    14.053 54960.28400055 38.68  65.059682  63.304408 40.850
 78    14.221 54960.28400120 40.74  65.057022  63.301268 40.850
 78    14.223 54960.28400184 38.32  65.054362  63.298138 40.850
 78    14.182 54960.28400249 31.94  65.051702  63.295008 40.850
 78    14.171 54960.28400313 30.53  65.049042  63.291878 40.850
 78    14.170 54960.28400378 35.52  65.046382  63.288748 40.850
 78    14.325 54960.28400571 50.23  65.038402  63.279348 40.850
 78    14.346 54960.28400635 50.32  65.035752  63.276218 40.850
 78    14.203 54960.28400700 43.10  65.033092  63.273088 40.850
 79    15.466 54995.28402415 44.96  65.046820  63.296839 31.910
 79    15.451 54995.28402480 40.52  65.044160  63.293709 31.910
 79    15.266 54995.28402544 30.59  65.041500  63.290579 31.910
 79    15.132 54995.28402609 20.76  65.038840  63.287439 31.910
 79    15.443 54995.28402673 30.64  65.036180  63.284309 31.910
 79    15.411 54995.28402867 27.16  65.028210  63.274919 31.910
 79    15.234 54995.28402931 24.96  65.025560  63.271779 31.910
 79    15.472 54995.28402995 29.96  65.022900  63.268649 31.910
 80    14.671 55030.28401334 32.21  65.050584  63.300040 26.393
 80    14.648 55030.28401398 30.52  65.047924  63.296910 26.393
 80    14.894 55030.28401463 20.88  65.045264  63.293780 26.393
 80    14.928 55030.28401527 18.27  65.042604  63.290650 26.393
 80    14.795 55030.28401591 21.71  65.039944  63.287510 26.393
 80    14.829 55030.28401656 22.56  65.037284  63.284380 26.393
 80    14.939 55030.28401849 25.43  65.029314  63.274990 26.393
 80    14.652 55030.28401914 26.55  65.026664  63.271850 26.393
 80    14.783 55030.28401978 28.40  65.024004  63.268720 26.393
 81    14.312 55065.28400416 33.12  65.048196  63.298409 18.644
 81    14.595 55065.28400481 19.99  65.045536  63.295279 18.644
 81    14.852 55065.28400545 18.93  65.042876  63.292149 18.644
 81    14.751 55065.28400610 16.10  65.040226  63.289019 18.644
 81    14.313 55065.28400674 19.23  65.037566  63.285889 18.644
 81    12.422 55065.28400932 35.18  65.026936  63.273359 18.644
 81    12.502 55065.28400996 34.35  65.024286  63.270229 18.644
 81    12.566 55065.28401061 31.25  65.021626  63.267089 18.644
 83    13.962 55135.28394833 20.21  65.059369  63.303279 29.059
 83    13.685 55135.28394897 22.30  65.056709  63.300149 29.059
 83    10.560 55135.28394962 29.95  65.054049  63.297019 29.059
 83    10.673 55135.28395026 40.24  65.051389  63.293889 29.059
 83    10.624 55135.28395091 42.90  65.048729  63.290759 29.059
 83    10.766 55135.28395155 49.13  65.046069  63.287619 29.059
 83    10.811 55135.28395349 39.48  65.038099  63.278229 29.059
 83    10.845 55135.28395413 44.68  65.035439  63.275099 29.059
 83    10.668 55135.28395478 49.52  65.032779  63.271959 29.059
 84    10.699 55170.28391495 23.00  65.035587  63.288736  7.047
 84    10.649 55170.28391559 23.48  65.032927  63.285596  7.047
 84    13.931 55170.28391623 23.44  65.030267  63.282466  7.047
 84    13.307 55170.28391817 20.45  65.022307  63.273066  7.047
 84    12.395 55170.28391881 20.22  65.019647  63.269936  7.047
 84    11.823 55170.28391946 19.31  65.016997  63.266806  7.047
 85     9.861 55205.28394106 19.54  65.061328  63.305069  8.325
 85     9.900 55205.28394170 19.11  65.058668  63.301939  8.325
 85    10.176 55205.28394235 19.79  65.056008  63.298809  8.325
 85    10.222 55205.28394299 19.85  65.053348  63.295679  8.325
 85    10.194 55205.28394364 19.93  65.050688  63.292549  8.325
 85    10.251 55205.28394428 21.00  65.048028  63.289409  8.325
 85    10.347 55205.28394493 21.15  65.045368  63.286279  8.325
 85    10.222 55205.28394622 20.47  65.040048  63.280019  8.325
 85    10.441 55205.28394686 19.09  65.037398  63.276889  8.325
 85    10.567 55205.28394751 18.26  65.034738  63.273759  8.325
 86     9.994 55240.28392171 16.60  65.031385  63.287543  4.880
 86    10.056 55240.28392235 16.63  65.028725  63.284403  4.880
 86    10.001 55240.28392299 15.45  65.026065  63.281273  4.880
 86     9.857 55240.28392493 15.09  65.018105  63.271873  4.880
 86    14.179 55240.28392557 13.76  65.015455  63.268743  4.880
 86    14.410 55240.28392622 13.03  65.012795  63.265613  4.880
 87    12.834 55275.28393731 14.54  65.044941  63.295195  5.317
 87     9.614 55275.28393796 16.21  65.042281  63.292065  5.317
 87     9.650 55275.28393860 16.34  65.039621  63.288925  5.317
 87     9.784 55275.28393925 17.57  65.036961  63.285795  5.317
 87     9.557 55275.28394182 16.61  65.026341  63.273265  5.317
 87     9.688 55275.28394247 15.51  65.023681  63.270135  5.317
 87    14.322 55275.28394311 14.13  65.021031  63.267005  5.317
 88    10.384 55310.28390559 36.99  65.030524  63.286044 27.533
 88    10.330 55310.28390623 36.62  65.027864  63.282904 27.533
 88    12.210 55310.28390817 29.99  65.019904  63.273514 27.533
 88    10.363 55310.28390881 31.17  65.017244  63.270384 27.533
 88    10.479 55310.28390946 36.04  65.014594  63.267244 27.533
 89    14.575 55345.28390466 25.36  65.053823  63.301009 29.440
 89    15.043 55345.28390531 24.16  65.051163  63.297879 29.440
 89    14.987 55345.28390595 28.57  65.048503  63.294739 29.440
 89    14.697 55345.28390659 20.27  65.045843  63.291609 29.440
 89    15.055 55345.28390724 25.33  65.043183  63.288479 29.440
 89    15.092 55345.28390788 32.84  65.040533  63.285349 29.440
 89    14.972 55345.28390982 31.23  65.032562  63.275949 26.857
 89    14.908 55345.28391046 26.94  65.029902  63.272819 26.857
 89    15.067 55345.28391111 28.98  65.027252  63.269689 26.857
 90    15.280 55380.28389999 38.31  65.041888  63.293448 31.931
 90    15.320 55380.28390063 47.13  65.039228  63.290318 31.931
 90    15.208 55380.28390128 51.74  65.036568  63.287178 31.931
 90    15.261 55380.28390192 53.22  65.033908  63.284048 31.931
 90    15.230 55380.28390386 49.80  65.025938  63.274658 31.931
 90    15.267 55380.28390450 50.11  65.023288  63.271518 31.931
 90    15.285 55380.28390515 49.11  65.020638  63.268388 31.931
 91    14.836 55415.28392320 40.36  65.063348  63.305298 32.379
 91    14.746 55415.28392384 22.03  65.060688  63.302168 32.379
 91    14.786 55415.28392449 22.71  65.058028  63.299038 32.379
 91    14.653 55415.28392513 18.78  65.055368  63.295908 32.379
 91    14.560 55415.28392578 18.26  65.052708  63.292778 32.379
 91    14.618 55415.28392642 17.73  65.050048  63.289648 32.379
 91    14.859 55415.28392706 22.62  65.047388  63.286518 32.379
 91    14.856 55415.28392835 26.99  65.042068  63.280248 32.379
 92    14.500 55450.28391149 22.33  65.042921  63.294646 23.496
 92    11.612 55450.28391214 27.33  65.040261  63.291516 23.496
 92    11.596 55450.28391278 28.23  65.037611  63.288386 23.496
 92    11.591 55450.28391343 24.40  65.034951  63.285256 23.496
 92    11.776 55450.28391407 27.97  65.032291  63.282116 23.496
 92    11.860 55450.28391600 31.57  65.024321  63.272726 23.496
 92    11.766 55450.28391665 31.12  65.021671  63.269596 23.496
 92    14.160 55450.28391729 28.72  65.019011  63.266456 23.496
 93    15.021 55485.28383884 26.88  65.025739  63.284855 21.285
 93    14.754 55485.28384207 25.87  65.012469  63.269185 21.285
