# NaN NaN NaN ;Mean Elev.(m), Avg Gradient(m/km), RMS Gradient(m/km) - SRTM1     
#    6.000  -0.281   2.029 ;Mean Elev.(m), Avg Gradient(m/km), RMS Gradient(m/km) - ASTER GDEM
#    0.000  -0.201   4.693 ;Mean Elev.(m), Avg Gradient(m/km), RMS Gradient(m/km) - GMTED2010 
  7     2.653 52456.28134476 20.77  69.146155  66.794364  9.868
  7     2.493 52456.28134541 20.33  69.142765  66.791294  9.868
  7     2.580 52456.28134605 20.30  69.139375  66.788224  9.868
  7     1.634 52456.28134670 20.41  69.135995  66.785144  9.868
  7     1.469 52456.28134734 20.32  69.132605  66.782074  9.868
  7     1.012 52456.28134799 19.67  69.129225  66.779004  9.868
  7     0.127 52456.28134863 19.98  69.125835  66.775934  9.868
  7    -0.776 52456.28134928 19.61  69.122455  66.772854  9.868
 10     2.015 52561.28134698 20.30  69.152585  66.790356  5.975
 10     1.810 52561.28134763 18.91  69.149195  66.787286  5.975
 10     1.591 52561.28134827 18.33  69.145805  66.784206  5.975
 10     1.005 52561.28134892 17.54  69.142425  66.781136  5.975
 10     1.280 52561.28134956 15.73  69.139035  66.778066  5.975
 10     1.296 52561.28135021 15.06  69.135645  66.774986  5.975
 10     1.364 52561.28135085 14.18  69.132265  66.771916  5.975
 12     1.920 52631.28129726 16.65  69.155097  66.788669  3.182
 12     1.651 52631.28129790 17.50  69.151707  66.785599  3.182
 12     1.727 52631.28129855 16.99  69.148317  66.782529  3.182
 12     1.844 52631.28129919 16.76  69.144927  66.779449  3.182
 12     1.904 52631.28129983 15.93  69.141547  66.776379  3.182
 12     1.764 52631.28130048 15.20  69.138157  66.773309  3.182
 15     2.342 52736.28132898 10.16  69.148002  66.794966  1.794
 15     1.958 52736.28132963 10.16  69.144622  66.791896  1.794
 15     1.720 52736.28133027 10.03  69.141232  66.788816  1.794
 15     1.595 52736.28133092 10.12  69.137842  66.785746  1.794
 15     1.537 52736.28133156  9.97  69.134467  66.782680  2.843
 15     1.763 52736.28133221 10.09  69.131077  66.779600  2.843
 15     1.740 52736.28133285  9.37  69.127697  66.776530  2.843
 15     1.801 52736.28133350  8.89  69.124317  66.773460  2.843
 17     3.573 52806.28135336 19.95  69.156343  66.789637  9.054
 17     3.561 52806.28135401 21.05  69.152953  66.786567  9.054
 17     3.202 52806.28135465 19.43  69.149573  66.783487  9.054
 17     2.993 52806.28135530 15.77  69.146183  66.780417  9.054
 17     3.025 52806.28135594 15.39  69.142793  66.777347  9.054
 17     3.268 52806.28135659 13.58  69.139413  66.774277  9.054
 18     1.329 52841.28141358 23.29  69.153059  66.787865 13.661
 18     0.082 52841.28141422 27.22  69.149669  66.784795 13.661
 18    -0.828 52841.28141487 26.03  69.146279  66.781725 13.661
 18    -1.855 52841.28141551 22.75  69.142899  66.778645 13.661
 18    -3.081 52841.28141615 18.25  69.139509  66.775575 13.661
 18    -3.535 52841.28141680 18.65  69.136129  66.772505 13.661
 19     1.762 52876.28145186 26.99  69.150973  66.791340 15.440
 19     1.543 52876.28145251 25.31  69.147593  66.788270 15.440
 19     1.152 52876.28145315 24.78  69.144203  66.785200 15.440
 19     0.680 52876.28145380 22.35  69.140813  66.782130 15.440
 19     0.036 52876.28145444 23.10  69.137433  66.779050 15.440
 19    -0.754 52876.28145508 20.89  69.134043  66.775980 15.440
 19    -0.597 52876.28145573 20.00  69.130663  66.772910 15.440
 20     2.322 52911.28141512 32.15  69.146332  66.794110  6.268
 20     2.032 52911.28141576 30.31  69.142942  66.791040  6.268
 20     1.628 52911.28141641 29.12  69.139562  66.787970  6.268
 20     1.173 52911.28141705 27.07  69.136172  66.784890  6.268
 20     0.589 52911.28141770 26.39  69.132792  66.781820  6.268
 20    -0.135 52911.28141834 26.08  69.129412  66.778750  6.268
 20     0.175 52911.28141899 24.22  69.126022  66.775670  6.268
 20     1.084 52911.28141963 22.47  69.122642  66.772600  6.268
 23     0.492 53016.28140367 16.57  69.142714  66.796666  3.163
 23     0.547 53016.28140432 17.29  69.139334  66.793596  3.163
 23     0.855 53016.28140496 16.50  69.135944  66.790526  3.163
 23     0.942 53016.28140561 16.82  69.132554  66.787446  3.163
 23     0.903 53016.28140625 16.81  69.129174  66.784376  3.163
 23     1.032 53016.28140690 16.46  69.125794  66.781306  3.163
 23     1.066 53016.28140754 16.26  69.122404  66.778236  3.163
 23     0.960 53016.28140819 16.15  69.119024  66.775156  3.163
 23     0.833 53016.28140883 15.80  69.115644  66.772086  3.163
 24     1.055 53051.28138216 16.11  69.155469  66.786617  2.961
 24     1.053 53051.28138280 15.94  69.152079  66.783547  2.961
 24     1.082 53051.28138344 16.26  69.148689  66.780477  2.961
 24     1.178 53051.28138409 15.36  69.145309  66.777397  2.961
 24     1.146 53051.28138473 15.30  69.141919  66.774327  2.961
 25     0.039 53086.28141742 12.70  69.136105  66.797108  2.943
 25    -0.487 53086.28141806 13.81  69.132725  66.794038  2.943
 25     0.667 53086.28141871 13.46  69.129335  66.790968  2.943
 25     1.009 53086.28141935 12.75  69.125945  66.787898  2.943
 25     0.822 53086.28142000 12.70  69.122565  66.784818  2.943
 25     0.775 53086.28142064 12.91  69.119175  66.781748  2.943
 25     0.787 53086.28142129 12.84  69.115795  66.778678  2.943
 25     0.847 53086.28142193 12.10  69.112415  66.775608  2.943
 25     0.794 53086.28142257 11.87  69.109035  66.772528  2.943
 26     0.158 53121.28138779 11.99  69.154418  66.792147  2.897
 26     0.931 53121.28138843 12.14  69.151028  66.789077  2.897
 26     0.820 53121.28138907 13.13  69.147638  66.786007  2.897
 26     0.896 53121.28138972 12.73  69.144248  66.782937  2.897
 26     1.018 53121.28139036 11.94  69.140868  66.779857  2.897
 26     0.774 53121.28139101 12.95  69.137478  66.776787  2.897
 26     0.803 53121.28139165 11.94  69.134098  66.773717  2.897
 28     2.319 53191.28143438 21.96  69.150667  66.790764 16.698
 28     2.657 53191.28143502 18.60  69.147287  66.787684 16.698
 28     2.836 53191.28143567 17.28  69.143897  66.784614 16.698
 28     3.018 53191.28143631 16.71  69.140517  66.781544 16.698
 28     3.009 53191.28143696 16.53  69.137127  66.778474 16.698
 28     3.045 53191.28143760 17.13  69.133747  66.775394 16.698
 28     2.949 53191.28143825 17.19  69.130357  66.772324 16.698
 29     2.334 53226.28143865 33.06  69.148332  66.794461 17.804
 29     2.083 53226.28143930 33.19  69.144942  66.791391 17.804
 29     1.734 53226.28143994 26.58  69.141562  66.788321 17.804
 29     1.333 53226.28144059 25.06  69.138172  66.785241 17.804
 29     0.665 53226.28144123 23.33  69.134792  66.782171 17.804
 29     0.020 53226.28144188 20.81  69.131402  66.779101 17.804
 29    -0.815 53226.28144252 18.86  69.128022  66.776021 17.804
 29    -1.882 53226.28144317 17.60  69.124642  66.772951 17.804
 30     2.394 53261.28141290 37.25  69.133492  66.794986 19.077
 30     2.124 53261.28141354 34.19  69.130112  66.791916 19.077
 30     1.777 53261.28141419 29.82  69.126722  66.788846 19.077
 30     1.200 53261.28141483 25.92  69.123342  66.785766 19.077
 30     0.507 53261.28141548 25.86  69.119952  66.782696 19.077
 30     0.688 53261.28141612 25.18  69.116572  66.779626 19.077
 30     1.049 53261.28141677 22.72  69.113192  66.776546 19.077
 30     1.242 53261.28141741 24.02  69.109812  66.773476 19.077
 31     2.300 53296.28144538 22.60  69.148025  66.793979  4.587
 31     1.923 53296.28144602 22.01  69.144635  66.790909  4.587
 31     1.589 53296.28144667 22.79  69.141245  66.787839  4.587
 31     1.233 53296.28144731 19.84  69.137865  66.784759  4.587
 31     0.836 53296.28144795 19.79  69.134475  66.781689  4.587
 31    -0.102 53296.28144860 20.30  69.131085  66.778619  4.587
 31     0.828 53296.28144924 18.67  69.127705  66.775549  4.587
 31     1.621 53296.28144989 17.73  69.124315  66.772469  4.587
 32     1.360 53331.28141804 27.47  69.148069  66.792700  6.076
 32     1.282 53331.28141868 29.30  69.144679  66.789630  6.076
 32     1.283 53331.28141933 29.96  69.141289  66.786560  6.076
 32     1.374 53331.28141997 29.72  69.137909  66.783480  6.076
 32     1.349 53331.28142062 28.93  69.134519  66.780410  6.076
 32     1.345 53331.28142126 28.05  69.131139  66.777340  6.076
 32     1.321 53331.28142191 25.87  69.127759  66.774270  6.076
 35     1.048 53436.28138081 13.32  69.144573  66.796780  2.860
 35     1.232 53436.28138146 14.61  69.141183  66.793700  2.860
 35     1.340 53436.28138210 14.37  69.137803  66.790630  2.860
 35     1.295 53436.28138275 14.18  69.134413  66.787560  2.860
 35     1.312 53436.28138339 14.00  69.131033  66.784480  2.860
 35     1.357 53436.28138404 14.09  69.127643  66.781410  2.860
 35     1.328 53436.28138468 14.40  69.124263  66.778340  2.860
 35     1.339 53436.28138533 13.37  69.120883  66.775260  2.860
 35     1.209 53436.28138597 13.38  69.117503  66.772190  2.860
 36     1.262 53471.28143133 11.40  69.150839  66.790432  2.623
 36     1.231 53471.28143197 11.57  69.147449  66.787362  2.623
 36     1.130 53471.28143262 11.43  69.144069  66.784282  2.623
 36     1.092 53471.28143326 11.49  69.140679  66.781212  2.623
 36     1.251 53471.28143391 10.61  69.137289  66.778142  2.623
 36     1.156 53471.28143455 10.85  69.133909  66.775072  2.623
 36     1.029 53471.28143520 10.38  69.130529  66.771992  2.623
 37     3.113 53506.28146462 39.87  69.147749  66.796097 37.969
 37     3.087 53506.28146527 49.76  69.144369  66.793017 37.969
 37     3.097 53506.28146591 50.05  69.140979  66.789947 37.969
 37     3.111 53506.28146656 48.18  69.137589  66.786877 37.969
 37     3.119 53506.28146720 49.04  69.134209  66.783797 37.969
 37     3.126 53506.28146785 49.80  69.130819  66.780727 37.969
 37     3.132 53506.28146849 48.90  69.127439  66.777657 37.969
 37     3.142 53506.28146914 48.46  69.124049  66.774577 37.969
 38     2.591 53541.28146905 17.44  69.145956  66.794523 12.691
 38     2.861 53541.28146970 15.62  69.142566  66.791453 12.691
 38     2.783 53541.28147034 15.79  69.139176  66.788383 12.691
 38     2.819 53541.28147099 14.91  69.135796  66.785303 12.691
 38     2.748 53541.28147163 14.63  69.132406  66.782233 12.691
 38     2.844 53541.28147228 13.99  69.129026  66.779163 12.691
 38     2.713 53541.28147292 14.32  69.125636  66.776093 12.691
 38     2.603 53541.28147357 13.08  69.122256  66.773013 12.691
 39     2.830 53576.28145918 43.86  69.141862  66.796922 21.580
 39     2.848 53576.28145982 46.38  69.138472  66.793852 21.580
 39     2.817 53576.28146046 45.60  69.135092  66.790782 21.580
 39     2.607 53576.28146111 38.64  69.131702  66.787712 21.580
 39     2.597 53576.28146175 38.75  69.128322  66.784632 21.580
 39     2.734 53576.28146240 37.46  69.124932  66.781562 21.580
 39     2.581 53576.28146304 37.04  69.121552  66.778492 21.580
 39     2.876 53576.28146369 38.11  69.118172  66.775412 21.580
 39     2.906 53576.28146433 45.92  69.114782  66.772342 21.580
 41     1.704 53646.28141599 26.36  69.155029  66.788122  8.739
 41     1.315 53646.28141663 25.81  69.151639  66.785052  8.739
 41     0.624 53646.28141728 24.68  69.148259  66.781972  8.739
 41     0.049 53646.28141792 23.31  69.144869  66.778902  8.739
 41    -1.080 53646.28141857 23.44  69.141479  66.775832  8.739
 41    -1.819 53646.28141921 23.06  69.138099  66.772762  8.739
 42     1.453 53681.28143121 19.74  69.142808  66.796845 15.852
 42     1.594 53681.28143185 19.28  69.139428  66.793775 15.852
 42     1.615 53681.28143250 19.05  69.136038  66.790705 15.852
 42     1.251 53681.28143314 19.29  69.132648  66.787635 15.852
 42     1.162 53681.28143379 20.89  69.129268  66.784555 15.852
 42     1.559 53681.28143443 20.02  69.125878  66.781485 15.852
 42     1.610 53681.28143508 23.20  69.122498  66.778415 15.852
 42     1.710 53681.28143572 34.26  69.119118  66.775335 15.852
 42     1.673 53681.28143636 33.26  69.115728  66.772265 15.852
 43     0.100 53716.28135904 24.19  69.143812  66.795795  6.531
 43     0.401 53716.28135969 25.63  69.140422  66.792715  6.531
 43     0.509 53716.28136033 25.52  69.137042  66.789645  6.531
 43     0.433 53716.28136098 26.58  69.133652  66.786575  6.531
 43     0.515 53716.28136162 26.56  69.130272  66.783495  6.531
 43     0.476 53716.28136227 26.50  69.126882  66.780425  6.531
 43     0.549 53716.28136291 25.01  69.123502  66.777355  6.531
 43     0.384 53716.28136356 24.05  69.120122  66.774275  6.531
 44     1.051 53751.28127889 14.21  69.157964  66.783340  2.998
 44     1.144 53751.28127954 14.51  69.154584  66.780260  2.998
 44     1.091 53751.28128018 14.67  69.151194  66.777190  2.998
 44     1.125 53751.28128083 14.15  69.147804  66.774120  2.998
 44     0.970 53751.28128147 13.77  69.144424  66.771050  2.998
 45     1.144 53786.28130776 12.70  69.147843  66.792735  2.896
 45     1.129 53786.28130840 12.86  69.144453  66.789665  2.896
 45     1.144 53786.28130905 12.78  69.141063  66.786595  2.896
 45     1.094 53786.28130969 12.95  69.137683  66.783515  2.896
 45     1.106 53786.28131033 12.57  69.134293  66.780445  2.896
 45     1.049 53786.28131098 12.71  69.130913  66.777375  2.896
 45     1.023 53786.28131162 11.90  69.127533  66.774295  2.896
 47     1.397 53856.28135179 10.51  69.152080  66.794219  2.479
 47     1.439 53856.28135243 10.83  69.148690  66.791149  2.479
 47     1.395 53856.28135308 10.82  69.145300  66.788079  2.479
 47     1.269 53856.28135372 10.95  69.141910  66.785009  2.479
 47     1.333 53856.28135437 10.52  69.138530  66.781929  2.479
 47     1.434 53856.28135501 10.26  69.135140  66.778859  2.479
 47     1.423 53856.28135566 10.06  69.131760  66.775789  2.479
 47     1.512 53856.28135630  9.66  69.128370  66.772719  2.479
 48     3.923 53891.28136422 48.48  69.153793  66.790146 33.460
 48     3.968 53891.28136487 46.25  69.150403  66.787076 33.460
 48     4.013 53891.28136551 46.05  69.147023  66.783996 33.460
 48     4.035 53891.28136616 45.62  69.143633  66.780926 33.460
 48     3.989 53891.28136680 44.08  69.140253  66.777856 33.460
 48     3.968 53891.28136745 45.65  69.136863  66.774786 33.460
 48     3.999 53891.28136809 46.19  69.133483  66.771706 33.460
 49     2.398 53926.28142568 22.43  69.144201  66.796523 14.755
 49     1.886 53926.28142633 21.07  69.140811  66.793453 14.755
 49     1.132 53926.28142697 21.96  69.137421  66.790383 14.755
 49     0.502 53926.28142762 20.68  69.134031  66.787313 14.755
 49    -0.224 53926.28142826 19.77  69.130651  66.784233 14.755
 49    -1.143 53926.28142891 18.04  69.127261  66.781163 14.755
 49     2.341 53926.28142955 16.76  69.123881  66.778093 14.755
 49     2.350 53926.28143020 16.87  69.120491  66.775023 14.755
 49    -5.401 53926.28143084 17.50  69.117111  66.771943 14.755
 50     2.468 53961.28141231 32.55  69.136641  66.795850 17.852
 50     2.065 53961.28141296 26.01  69.133251  66.792770 17.852
 50     1.555 53961.28141360 22.93  69.129871  66.789700 17.852
 50     0.749 53961.28141425 22.95  69.126481  66.786630 17.852
 50     0.106 53961.28141489 19.13  69.123101  66.783550 17.852
 50    -1.159 53961.28141554 18.66  69.119711  66.780480 17.852
 50     2.144 53961.28141618 15.13  69.116331  66.777410 17.852
 50     1.804 53961.28141683 15.57  69.112951  66.774330 17.852
 51     3.219 53996.28135384 21.99  69.164437  66.784373 10.649
 51     2.589 53996.28135449 20.38  69.161047  66.781303 10.649
 51    -0.459 53996.28135513 22.74  69.157667  66.778223 10.649
 51     0.806 53996.28135578 21.77  69.154277  66.775153 10.649
 51    -0.956 53996.28135642 22.74  69.150887  66.772083 10.649
 52     1.785 54031.28140693 37.98  69.155919  66.789442 16.347
 52     1.744 54031.28140757 37.53  69.152539  66.786372 16.347
 52     1.736 54031.28140821 40.22  69.149149  66.783302 16.347
 52     1.741 54031.28140886 43.28  69.145759  66.780232 16.347
 52     1.682 54031.28140950 34.73  69.142379  66.777152 16.347
 52     1.496 54031.28141015 29.68  69.138989  66.774082 16.347
 53     1.773 54066.28139989 11.42  69.150282  66.795976  4.686
 53     1.721 54066.28140053 16.73  69.146892  66.792896  4.686
 53     1.641 54066.28140118 25.82  69.143502  66.789826  4.686
 53     1.567 54066.28140182 17.76  69.140122  66.786756  4.686
 53     1.349 54066.28140247 11.80  69.136732  66.783686  4.686
 53     1.104 54066.28140311 11.49  69.133352  66.780606  4.686
 53     0.994 54066.28140376 13.30  69.129962  66.777536  4.686
 53     1.261 54066.28140440 10.08  69.126582  66.774466  4.686
 55     2.042 54136.28132749 12.24  69.154718  66.790397  2.203
 55     1.797 54136.28132814 11.89  69.151328  66.787327  2.203
 55     1.575 54136.28132878 11.87  69.147938  66.784257  2.203
 55     1.397 54136.28132943 11.75  69.144558  66.781177  2.203
 55     1.228 54136.28133007 12.25  69.141168  66.778107  2.203
 55     1.165 54136.28133072 11.62  69.137788  66.775037  2.203
 55     0.955 54136.28133136 11.08  69.134398  66.771967  2.203
 57     2.182 54206.28133287  7.05  69.153317  66.789014  1.973
 57     1.831 54206.28133351  6.74  69.149937  66.785934  1.973
 57     1.607 54206.28133415  6.76  69.146547  66.782864  1.973
 57     1.517 54206.28133480  6.62  69.143157  66.779794  1.973
 57     1.383 54206.28133544  6.66  69.139777  66.776724  1.973
 57     1.361 54206.28133609  6.55  69.136387  66.773644  1.973
 58     3.594 54241.28136533 24.06  69.148692  66.792546  4.806
 58     3.508 54241.28136598 23.63  69.145302  66.789466  4.806
 58     3.418 54241.28136662 22.48  69.141912  66.786396  4.806
 58     3.224 54241.28136727 21.32  69.138532  66.783326  4.806
 58     3.443 54241.28136791 20.97  69.135142  66.780246  4.806
 58     3.733 54241.28136856 20.15  69.131762  66.777176  4.806
 58     3.955 54241.28136920 18.99  69.128372  66.774106  4.806
 59     3.460 54276.28138044 17.65  69.148197  66.792372  6.752
 59     3.538 54276.28138108 15.33  69.144807  66.789302  6.752
 59     3.442 54276.28138173 14.81  69.141417  66.786232  6.752
 59     3.341 54276.28138237 14.71  69.138037  66.783152  6.752
 59     3.485 54276.28138302 13.62  69.134647  66.780082  6.752
 59     3.517 54276.28138366 13.19  69.131267  66.777012  6.752
 59     3.551 54276.28138431 12.73  69.127877  66.773942  6.752
 61     2.904 54346.28135485 31.18  69.141055  66.797106 14.595
 61     2.470 54346.28135549 29.06  69.137665  66.794026 14.595
 61     1.780 54346.28135614 26.01  69.134285  66.790956 14.595
 61     1.141 54346.28135678 24.67  69.130895  66.787886 14.595
 61     0.221 54346.28135743 23.05  69.127515  66.784806 14.595
 61    -0.997 54346.28135807 21.28  69.124125  66.781736 14.595
 61    -2.592 54346.28135872 21.40  69.120745  66.778666 14.595
 61    -4.123 54346.28135936 19.55  69.117365  66.775586 14.595
 61    -5.593 54346.28136000 17.76  69.113985  66.772516 14.595
 62     1.695 54381.28131851 31.85  69.153493  66.790157 20.026
 62     1.486 54381.28131916 29.26  69.150113  66.787077 20.026
 62     1.053 54381.28131980 28.54  69.146723  66.784007 20.026
 62     0.283 54381.28132045 28.67  69.143333  66.780937 20.026
 62    -0.558 54381.28132109 27.27  69.139953  66.777867 20.026
 62    -1.489 54381.28132174 25.12  69.136563  66.774787 20.026
 62    -2.572 54381.28132238 25.24  69.133183  66.771717 20.026
 63     1.620 54416.28130385 29.62  69.145507  66.796249 27.726
 63     1.885 54416.28130450 40.55  69.142117  66.793179 27.726
 63     1.608 54416.28130514 51.02  69.138737  66.790099 27.726
 63     1.660 54416.28130579 48.67  69.135347  66.787029 27.726
 63     1.723 54416.28130643 48.07  69.131967  66.783959 27.726
 63     1.702 54416.28130707 45.47  69.128577  66.780879 27.726
 63     1.814 54416.28130772 44.68  69.125197  66.777809 27.726
 63     1.802 54416.28130836 46.06  69.121817  66.774739 27.726
 64     1.222 54451.28128747 19.81  69.154808  66.788122  3.536
 64     1.281 54451.28128811 19.78  69.151428  66.785052  3.536
 64     1.252 54451.28128876 19.82  69.148038  66.781982  3.536
 64     1.093 54451.28128940 20.65  69.144648  66.778912  3.536
 64     1.288 54451.28129005 20.00  69.141268  66.775832  3.536
 64     1.290 54451.28129069 19.31  69.137878  66.772762  3.536
 65     1.245 54486.28130047 17.07  69.150387  66.793508  2.862
 65     1.261 54486.28130111 17.07  69.146997  66.790438  2.862
 65     1.331 54486.28130176 16.45  69.143617  66.787358  2.862
 65     1.236 54486.28130240 16.49  69.140227  66.784288  2.862
 65     1.160 54486.28130305 16.85  69.136837  66.781218  2.862
 65     1.250 54486.28130369 16.42  69.133457  66.778148  2.862
 65     1.221 54486.28130434 15.91  69.130077  66.775068  2.862
 65     1.248 54486.28130498 15.94  69.126687  66.771998  2.862
 66     1.211 54521.28130082 15.85  69.151740  66.788786  2.634
 66     1.199 54521.28130147 15.09  69.148350  66.785716  2.634
 66     1.201 54521.28130211 14.90  69.144960  66.782646  2.634
 66     1.154 54521.28130276 15.68  69.141580  66.779566  2.634
 66     1.233 54521.28130340 15.48  69.138190  66.776496  2.634
 66     1.267 54521.28130405 14.59  69.134810  66.773426  2.634
 67     2.603 54556.28131066  5.58  69.143694  66.796986  2.210
 67     2.220 54556.28131130  6.22  69.140304  66.793916  2.210
 67     1.799 54556.28131195  5.89  69.136914  66.790846  2.210
 67     1.435 54556.28131259  5.88  69.133534  66.787766  2.210
 67     1.371 54556.28131323  5.54  69.130144  66.784696  2.210
 67     1.155 54556.28131388  5.65  69.126764  66.781626  2.210
 67     1.262 54556.28131452  5.09  69.123384  66.778546  2.210
 67     1.290 54556.28131517  4.65  69.119994  66.775476  2.210
 67     1.355 54556.28131581  4.26  69.116614  66.772406  2.210
 68     1.299 54591.28129587  8.70  69.151417  66.793162  2.740
 68     1.283 54591.28129652  9.19  69.148037  66.790082  2.740
 68     1.207 54591.28129716  9.15  69.144647  66.787012  2.740
 68     0.928 54591.28129781  9.31  69.141257  66.783942  2.740
 68     1.083 54591.28129845  8.91  69.137877  66.780862  2.740
 68    -0.181 54591.28129910  9.63  69.134487  66.777792  2.740
 68    -0.184 54591.28129974  8.15  69.131107  66.774722  2.740
 68    -0.525 54591.28130039  7.96  69.127717  66.771652  2.740
 69     3.014 54626.28131158 17.80  69.148701  66.796094 11.888
 69     3.183 54626.28131222 17.25  69.145311  66.793024 11.888
 69     3.241 54626.28131286 15.64  69.141931  66.789944 11.888
 69     3.084 54626.28131351 14.80  69.138541  66.786874 11.888
 69     3.028 54626.28131415 14.29  69.135151  66.783804 11.888
 69     3.217 54626.28131480 13.25  69.131771  66.780734 11.888
 69     3.262 54626.28131544 12.91  69.128391  66.777654 11.888
 69     3.284 54626.28131609 11.94  69.125001  66.774584 11.888
 70     2.635 54661.28131957 19.59  69.150336  66.795564 12.248
 70     2.227 54661.28132021 20.20  69.146946  66.792494 12.248
 70     2.304 54661.28132086 18.87  69.143556  66.789424 12.248
 70     0.618 54661.28132150 20.77  69.140166  66.786354 12.248
 70     0.011 54661.28132215 19.61  69.136786  66.783274 12.248
 70    -1.895 54661.28132279 20.34  69.133396  66.780204 12.248
 70    -1.408 54661.28132344 18.54  69.130016  66.777134 12.248
 70     2.658 54661.28132408 15.81  69.126626  66.774054 12.248
 71     2.296 54696.28129644 36.64  69.145063  66.796533 15.344
 71     2.065 54696.28129709 29.05  69.141683  66.793453 15.344
 71     1.823 54696.28129773 26.35  69.138293  66.790383 15.344
 71     1.568 54696.28129838 25.07  69.134903  66.787313 15.344
 71     1.094 54696.28129902 22.85  69.131523  66.784233 15.344
 71     0.346 54696.28129966 23.12  69.128133  66.781163 15.344
 71    -0.575 54696.28130031 21.77  69.124753  66.778093 15.344
 71    -1.065 54696.28130095 19.73  69.121373  66.775023 15.344
 71    -2.649 54696.28130160 19.59  69.117993  66.771943 15.344
 72     1.885 54731.28127637 24.80  69.152563  66.789350 16.571
 72     1.510 54731.28127701 25.36  69.149173  66.786280 16.571
 72     0.986 54731.28127766 24.77  69.145783  66.783210 16.571
 72     0.195 54731.28127830 24.74  69.142403  66.780140 16.571
 72    -0.807 54731.28127895 25.87  69.139013  66.777060 16.571
 72    -1.183 54731.28127959 24.71  69.135633  66.773990 16.571
 73     2.338 54766.28127570 31.66  69.149425  66.794336 10.117
 73     2.014 54766.28127634 29.26  69.146035  66.791266 10.117
 73     1.776 54766.28127699 27.70  69.142645  66.788196 10.117
 73     1.260 54766.28127763 27.87  69.139265  66.785116 10.117
 73     0.810 54766.28127828 26.03  69.135875  66.782046 10.117
 73     0.060 54766.28127892 24.88  69.132495  66.778976 10.117
 73    -0.598 54766.28127957 25.21  69.129105  66.775906 10.117
 73     1.135 54766.28128021 22.26  69.125725  66.772826 10.117
 75     2.248 54836.28126717 15.14  69.150490  66.796120  2.762
 75     1.883 54836.28126782 16.02  69.147100  66.793050  2.762
 75     1.686 54836.28126846 15.63  69.143710  66.789980  2.762
 75     1.449 54836.28126910 16.21  69.140330  66.786900  2.762
 75     1.480 54836.28126975 16.37  69.136940  66.783830  2.762
 75     1.410 54836.28127039 15.97  69.133560  66.780760  2.762
 75     1.560 54836.28127104 15.54  69.130170  66.777690  2.762
 75     1.485 54836.28127168 14.72  69.126790  66.774610  2.762
 76     1.656 54871.28126829 12.88  69.154623  66.789695  2.414
 76     1.373 54871.28126893 12.93  69.151233  66.786625  2.414
 76     1.351 54871.28126958 13.34  69.147843  66.783555  2.414
 76     1.253 54871.28127022 13.29  69.144463  66.780485  2.414
 76     1.443 54871.28127087 12.64  69.141073  66.777405  2.414
 76     1.396 54871.28127151 12.40  69.137693  66.774335  2.414
 78     1.923 54941.28126034  9.10  69.152751  66.790825  2.183
 78     1.626 54941.28126098  9.04  69.149361  66.787755  2.183
 78     1.482 54941.28126163  8.99  69.145971  66.784685  2.183
 78     1.421 54941.28126227  8.81  69.142581  66.781605  2.183
 78     1.379 54941.28126292  9.23  69.139201  66.778535  2.183
 78     1.452 54941.28126356  9.04  69.135811  66.775465  2.183
 78     1.453 54941.28126421  8.68  69.132431  66.772395  2.183
 79     3.407 54976.28128828 26.11  69.151005  66.795087  9.508
 79     3.269 54976.28128892 22.80  69.147615  66.792017  9.508
 79     3.027 54976.28128957 20.98  69.144235  66.788937  9.508
 79     2.498 54976.28129021 19.29  69.140845  66.785867  9.508
 79     2.238 54976.28129086 17.09  69.137455  66.782797  9.508
 79     1.593 54976.28129150 16.15  69.134075  66.779717  9.508
 79     3.289 54976.28129215 14.10  69.130695  66.776647  9.508
 79     3.490 54976.28129279 14.00  69.127305  66.773577  9.508
 80     2.875 55011.28129792 16.46  69.148497  66.796712 10.305
 80     2.700 55011.28129857 16.63  69.145107  66.793642 10.305
 80     2.777 55011.28129921 16.99  69.141717  66.790572 10.305
 80     2.847 55011.28129986 15.92  69.138337  66.787492 10.305
 80     2.761 55011.28130050 15.78  69.134947  66.784422 10.305
 80    -4.104 55011.28130115 21.22  69.131567  66.781352 10.305
 80     3.140 55011.28130179 13.81  69.128177  66.778282 10.305
 80     3.068 55011.28130244 13.64  69.124797  66.775202 10.305
 80     3.011 55011.28130308 12.60  69.121417  66.772132 10.305
 81     2.460 55046.28128975 26.75  69.150978  66.793724 19.601
 81     2.220 55046.28129040 23.58  69.147588  66.790654 19.601
 81     1.848 55046.28129104 21.67  69.144208  66.787574 19.601
 81     1.276 55046.28129169 21.08  69.140818  66.784504 19.601
 81     0.426 55046.28129233 19.82  69.137428  66.781434 19.601
 81    -0.608 55046.28129297 20.49  69.134048  66.778354 19.601
 81    -1.612 55046.28129362 18.50  69.130668  66.775284 19.601
 81    -0.720 55046.28129426 16.10  69.127278  66.772214 19.601
 82     2.403 55081.28126293 23.84  69.139988  66.796126  7.757
 82     2.214 55081.28126357 23.33  69.136598  66.793046  7.757
 82     2.044 55081.28126422 23.14  69.133218  66.789976  7.757
 82     1.669 55081.28126486 22.69  69.129828  66.786906  7.757
 82     1.098 55081.28126550 21.63  69.126448  66.783826  7.757
 82     0.397 55081.28126615 22.68  69.123068  66.780756  7.757
 82     0.680 55081.28126679 21.30  69.119678  66.777686  7.757
 82     0.893 55081.28126744 21.17  69.116298  66.774606  7.757
 83     2.161 55116.28122228 18.00  69.153818  66.791166 19.686
 83     1.962 55116.28122292 18.60  69.150438  66.788086 19.686
 83     1.459 55116.28122357 19.06  69.147048  66.785016 19.686
 83     1.010 55116.28122421 17.94  69.143658  66.781946 19.686
 83     0.729 55116.28122485 17.25  69.140278  66.778876 19.686
 83    -0.417 55116.28122550 18.05  69.136888  66.775796 19.686
 83     0.949 55116.28122614 17.74  69.133508  66.772726 19.686
 84     1.235 55151.28122058 32.47  69.146232  66.794147  8.419
 84     1.364 55151.28122123 35.60  69.142842  66.791077  8.419
 84     1.236 55151.28122187 31.70  69.139462  66.787997  8.419
 84     1.057 55151.28122252 32.04  69.136072  66.784927  8.419
 84     1.168 55151.28122316 32.10  69.132692  66.781857  8.419
 84     1.098 55151.28122381 32.30  69.129302  66.778777  8.419
 84     1.052 55151.28122445 31.46  69.125922  66.775707  8.419
 84     1.179 55151.28122510 29.91  69.122542  66.772637  8.419
 85     1.299 55186.28120795 18.10  69.154743  66.790733  3.406
 85     1.300 55186.28120859 17.62  69.151353  66.787663  3.406
 85     1.270 55186.28120924 18.40  69.147963  66.784593  3.406
 85     1.237 55186.28120988 18.37  69.144573  66.781523  3.406
 85     1.430 55186.28121053 18.42  69.141193  66.778443  3.406
 85     1.240 55186.28121117 18.83  69.137803  66.775373  3.406
 85     1.320 55186.28121182 17.40  69.134423  66.772303  3.406
 86     1.364 55221.28121882 15.08  69.145712  66.794583  2.893
 86     1.349 55221.28121946 14.88  69.142322  66.791513  2.893
 86     1.240 55221.28122010 15.35  69.138942  66.788433  2.893
 86     1.366 55221.28122075 14.64  69.135552  66.785363  2.893
 86     1.407 55221.28122139 14.81  69.132172  66.782293  2.893
 86     1.324 55221.28122204 15.33  69.128782  66.779213  2.893
 86     1.344 55221.28122268 14.39  69.125402  66.776143  2.893
 86     1.285 55221.28122333 14.20  69.122022  66.773073  2.893
 87     1.253 55256.28120452 13.74  69.150939  66.789224  2.692
 87     1.201 55256.28120516 13.84  69.147549  66.786154  2.692
 87     1.263 55256.28120581 13.04  69.144159  66.783084  2.692
 87     1.180 55256.28120645 13.55  69.140779  66.780004  2.692
 87     1.292 55256.28120710 13.25  69.137389  66.776934  2.692
 87     1.353 55256.28120774 13.06  69.134009  66.773864  2.692
 88     1.033 55291.28120734 12.74  69.139260  66.795846  2.856
 88     1.079 55291.28120799 13.12  69.135870  66.792776  2.856
 88     1.247 55291.28120863 13.11  69.132480  66.789706  2.856
 88     1.160 55291.28120928 13.23  69.129100  66.786626  2.856
 88     1.144 55291.28120992 13.13  69.125710  66.783556  2.856
 88     1.247 55291.28121057 13.35  69.122330  66.780486  2.856
 88     1.230 55291.28121121 12.62  69.118950  66.777406  2.856
 88     1.246 55291.28121186 12.37  69.115570  66.774336  2.856
 89     2.658 55326.28118853 34.98  69.148013  66.793811 14.372
 89     2.594 55326.28118918 26.47  69.144623  66.790741 14.372
 89     2.345 55326.28118982 21.14  69.141243  66.787661 14.372
 89     2.234 55326.28119047 19.96  69.137853  66.784591 14.372
 89     2.371 55326.28119111 19.30  69.134463  66.781521 14.372
 89     2.530 55326.28119176 19.18  69.131083  66.778451 14.372
 89     2.634 55326.28119240 16.51  69.127703  66.775371 14.372
 89     2.708 55326.28119304 20.63  69.124313  66.772301 14.372
 90     2.551 55361.28118547 16.91  69.144400  66.794193 13.308
 90     2.528 55361.28118612 16.03  69.141010  66.791123 13.308
 90     2.679 55361.28118676 15.37  69.137630  66.788043 13.308
 90     2.574 55361.28118740 14.96  69.134240  66.784973 13.308
 90     2.838 55361.28118805 13.28  69.130860  66.781903 13.308
 90     2.917 55361.28118869 12.49  69.127470  66.778823 13.308
 90     2.900 55361.28118934 11.86  69.124090  66.775753 13.308
 90     2.996 55361.28118998 11.36  69.120710  66.772683 13.308
 91     2.248 55396.28119236 19.73  69.151962  66.790072 18.603
 91     2.609 55396.28119301 16.25  69.148572  66.787002 18.603
 91     2.580 55396.28119365 16.21  69.145182  66.783932 18.603
 91     2.696 55396.28119430 15.32  69.141792  66.780862 18.603
 91     2.608 55396.28119494 15.45  69.138412  66.777782 18.603
 91     2.618 55396.28119558 15.18  69.135022  66.774712 18.603
 91     1.349 55396.28119623 16.63  69.131642  66.771642 18.603
 92     2.183 55431.28120029 32.02  69.152083  66.794513 21.761
 92     1.942 55431.28120093 27.57  69.148693  66.791443 21.761
 92     1.480 55431.28120157 23.04  69.145303  66.788373 21.761
 92     0.984 55431.28120222 21.71  69.141923  66.785293 21.761
 92    -0.019 55431.28120286 22.96  69.138533  66.782223 21.761
 92    -0.676 55431.28120351 20.60  69.135153  66.779153 21.761
 92    -1.569 55431.28120415 18.01  69.131763  66.776073 21.761
 92    -3.050 55431.28120480 18.77  69.128383  66.773003 21.761
 93     2.420 55466.28116108 48.47  69.138083  66.795846 22.776
 93     2.372 55466.28116172 41.80  69.134693  66.792766 22.776
 93     2.023 55466.28116237 39.42  69.131313  66.789696 22.776
 93     1.645 55466.28116301 35.52  69.127923  66.786626 22.776
 93     1.059 55466.28116366 32.13  69.124543  66.783546 22.776
 93     0.537 55466.28116430 31.58  69.121163  66.780476 22.776
 93     0.828 55466.28116495 28.68  69.117773  66.777406 22.776
 93     1.194 55466.28116559 28.90  69.114393  66.774326 22.776
