-200454.857    18.195     0.00   14.22
-200084.623    13.858   -11.72   15.54
-199714.467     9.890   -10.72   13.85
-199344.389     7.213    -7.23   11.49
-198974.389     3.366   -10.40    8.21
-198604.467     0.460    -7.86    4.40
-198234.622    -0.731    -3.22    3.68
-197864.855    -2.076    -3.64    1.18
-197495.166    -2.251    -0.48    0.00
-197125.554    -2.251     0.00    0.00
-196756.020    -2.251     0.00    0.00
-196386.563    -1.272     2.65    2.81
-196017.184     0.568     4.98    4.15
-195647.882     1.790     3.31    4.53
-195278.657     3.308     4.11    4.25
-194909.510     3.922     1.66    3.87
-194540.440     4.531     1.65    3.49
-194171.447     5.811     3.47    2.06
-193802.532     6.162     0.95    1.29
-193433.693     5.917    -0.66    1.47
-193064.932     5.791    -0.34    1.62
-192696.247     5.549    -0.66    1.81
-192327.640     5.515    -0.09    2.00
-191959.109     5.387    -0.35    1.82
-191590.656     5.113    -0.74    1.75
-191222.279     4.546    -1.54    1.24
-190853.979     4.478    -0.19    1.28
-190485.755     4.276    -0.55    1.63
-190117.608     4.085    -0.52    1.65
-189749.538     4.185     0.27    1.71
-189381.545     4.201     0.04    1.79
-189013.628     3.993    -0.57    1.76
-188645.787     3.538    -1.24    1.68
-188278.023     2.991    -1.49    1.71
-187910.336     2.233    -2.06    1.21
-187542.724     2.447     0.58    1.31
-187175.189     3.078     1.72    1.78
-186807.731     3.988     2.48    2.09
-186440.348     4.814     2.25    2.15
-186073.042     5.738     2.52    2.52
-185705.811     5.898     0.43    3.14
-185338.657     5.443    -1.24    4.30
-184971.579     4.717    -1.98    4.76
-184604.577     4.607    -0.30    5.21
-184237.650     4.488    -0.32    5.01
-183870.800     4.882     1.07    4.43
-183504.025     6.180     3.54    3.11
-183137.326     6.685     1.38    1.14
-182770.703     6.591    -0.26    0.97
-182404.156     6.844     0.69    1.00
-182037.684     6.929     0.23    0.92
-181671.288     6.770    -0.44    0.86
-181304.967     6.868     0.27    0.86
-180938.722     7.811     2.57    2.21
-180572.553     8.976     3.18    2.33
-180206.458    10.551     4.30    2.27
-179840.440     9.912    -1.75    4.58
-179474.496     6.165   -10.24    6.84
-179108.628     3.674    -6.81    6.74
-178742.835     2.961    -1.95    5.97
-178377.117     5.426     6.74    6.05
-178011.474     6.919     4.08    5.33
-177645.907     4.110    -7.68    6.12
-177280.414     0.382   -10.20    4.92
-176903.703    -2.066    -6.50    1.36
-176522.559    -2.251    -0.49    0.00
-176141.498     0.955     8.41    8.54
-175760.519     8.726    20.40   14.39
-175379.623    19.191    27.48   16.80
-174998.810    31.612    32.62   12.66
-174618.080    41.440    25.82   11.67
-174237.432    47.419    15.71    9.25
-173856.866    49.437     5.30    6.57
-173476.383    48.271    -3.06    6.38
-173095.982    45.068    -8.42    6.26
-172715.664    41.825    -8.53    7.70
-172335.428    38.473    -8.82    7.93
-171955.274    34.849    -9.54    8.18
-171575.202    31.622    -8.49    8.42
-171195.213    28.021    -9.48    8.89
-170815.305    24.612    -8.98    8.17
-170435.480    23.086    -4.02    7.75
-170055.737    22.685    -1.05    6.14
-169676.075    22.993     0.81    5.41
-169296.495    24.436     3.80    4.99
-168916.997    25.249     2.14    3.24
-168537.581    25.496     0.65    2.26
-168158.247    25.727     0.61    1.47
-167778.994    26.019     0.77    2.26
-167399.823    26.023     0.01    3.90
-167020.733    23.738    -6.03    6.63
-166641.725    19.771   -10.47    8.56
-166262.799    15.478   -11.33    8.56
-165883.953    10.705   -12.60    7.01
-165505.190     7.972    -7.22    4.88
-165126.507     7.265    -1.87    3.25
-164747.906     7.338     0.19    2.35
-164369.385     8.050     1.88    1.49
-163990.946     7.864    -0.49    1.25
-163612.588     7.243    -1.64    1.11
-163234.311     6.951    -0.77    0.77
-162856.115     7.401     1.19    1.30
-162478.000     7.978     1.53    1.43
-162099.966     8.320     0.91    1.43
-161722.013     7.572    -1.98    2.88
-161344.141     6.507    -2.82    3.64
-160966.349     5.517    -2.62    3.91
-160588.638     5.205    -0.83    3.84
-160211.007     5.201    -0.01    3.85
-159833.457     5.587     1.02    4.17
-159455.988     6.017     1.14    3.92
-159078.599     7.393     3.65    2.84
-158701.290     7.844     1.20    1.47
-158324.062     7.105    -1.96    1.47
-157946.915     6.259    -2.24    1.40
-157569.847     5.760    -1.32    0.93
-157192.860     5.823     0.17    0.93
-156815.953     5.659    -0.44    0.98
-156439.126     5.551    -0.29    0.85
-156062.379     5.182    -0.98    0.65
-155685.712     5.357     0.46    0.80
-155309.125     5.504     0.39    0.89
-154932.618     5.512     0.02    0.86
-154556.190     5.338    -0.46    0.90
-154179.843     5.004    -0.89    0.84
-153803.575     4.921    -0.22    0.78
-153427.388     4.823    -0.26    0.77
-153051.279     4.601    -0.59    0.95
-152675.251     3.949    -1.73    1.28
-152299.302     3.636    -0.83    1.34
-151923.432     4.043     1.08    1.57
-151547.642     4.562     1.38    1.63
-151171.932     4.443    -0.32    2.19
-150796.300     4.344    -0.26    2.62
-150420.748     4.296    -0.13    2.99
-150045.276     4.857     1.50    3.25
-149669.882     6.454     4.25    2.13
-149294.568     7.025     1.52    1.51
-148919.333     6.964    -0.16    0.98
-148544.177     6.876    -0.23    0.79
-148169.100     6.834    -0.11    0.74
-147794.102     6.887     0.14    0.74
-147419.182     6.770    -0.31    0.82
-147044.342     6.674    -0.26    0.95
-146669.581     6.791     0.31    1.03
-146294.898     6.749    -0.11    1.02
-145920.294     6.664    -0.23    1.02
-145545.769     6.685     0.06    1.08
-145171.322     6.507    -0.48    1.03
-144796.954     7.238     1.95    1.96
-144422.664     8.749     4.04    3.16
-144048.453     8.525    -0.60    3.88
-143674.321     7.199    -3.54    4.99
-143300.266     5.180    -5.40    5.25
-142926.290     2.659    -6.74    3.32
-142552.393     1.447    -3.24    2.01
-142178.573     1.060    -1.03    1.53
-141804.832     1.170     0.29    1.78
-141431.169     1.131    -0.10    1.75
-141057.584     1.525     1.06    1.63
-140684.077     1.849     0.87    1.33
-140310.648     2.040     0.51    1.38
-139937.297     1.957    -0.22    1.68
-139564.024     1.577    -1.02    1.66
-139190.829     1.185    -1.05    1.16
-138817.712     1.834     1.74    2.67
-138444.672     2.620     2.11    3.67
-138071.710     2.727     0.29    3.69
-137698.826     1.694    -2.77    2.67
-137326.019     0.802    -2.39    1.17
-136953.290     1.100     0.80    1.09
-136580.638     1.020    -0.21    1.06
-136208.064     1.089     0.18    1.09
-135835.567     0.848    -0.65    1.11
-135463.148     0.675    -0.46    1.05
-135090.806     0.659    -0.04    1.05
-134718.541     0.582    -0.21    1.13
-134346.354     0.449    -0.36    1.09
-133974.243     0.295    -0.41    1.02
-133602.210     0.221    -0.20    1.06
-133230.254     0.448     0.61    1.17
-132858.375     0.793     0.93    1.17
-132486.573     0.781    -0.03    1.16
-132114.847     0.568    -0.57    1.09
-131743.199     0.792     0.60    1.37
-131371.628     1.153     0.97    1.43
-131000.133     1.397     0.66    1.43
-130628.715     1.759     0.98    1.16
-130257.374     1.526    -0.63    1.00
-129886.110     1.578     0.14    0.98
-129514.922     1.705     0.34    0.91
-129143.811     1.589    -0.31    0.87
-128772.776     1.185    -1.09    1.12
-128401.817     0.802    -1.03    1.07
-128030.936     0.783    -0.05    1.13
-127660.130     0.898     0.31    1.15
-127289.401     0.968     0.19    1.07
-126918.748     0.781    -0.51    0.89
-126548.171     0.705    -0.20    1.02
-126177.671     0.542    -0.44    0.93
-125807.247     0.555     0.04    0.94
-125436.898     0.792     0.64    1.01
-125066.626     1.064     0.74    0.94
-124696.430     1.609     1.47    1.03
-124326.310     1.887     0.75    1.01
-123956.266     2.221     0.90    1.22
-123586.297     2.501     0.76    1.18
-123216.405     2.266    -0.64    1.22
-122846.588     2.200    -0.18    1.10
-122476.847     1.668    -1.44    0.84
-122107.181     1.372    -0.80    0.83
-121737.592     1.520     0.40    1.09
-121368.078     1.707     0.50    1.18
-120998.639     2.133     1.16    1.13
-120629.276     2.845     1.93    1.13
-120259.988     3.566     1.95    1.54
-119890.776     4.458     2.42    1.42
-119521.639     4.908     1.22    1.31
-119152.578     4.426    -1.31    2.10
-118783.591     3.004    -3.86    2.59
-118414.680     1.430    -4.27    2.23
-118045.844     0.419    -2.74    1.51
-117677.084     0.015    -1.09    0.73
-117308.398     0.942     2.51    1.73
-116939.787     1.957     2.75    1.86
-116571.252     3.191     3.35    1.50
-116202.791     4.474     3.48    1.81
-115834.405     4.878     1.10    2.57
-115466.094     4.254    -1.69    3.34
-115097.858     3.056    -3.25    3.71
-114729.697     1.429    -4.42    2.98
-114361.610     0.852    -1.57    2.20
-113993.598     0.448    -1.10    1.76
-113625.661     3.021     7.00    8.02
-113257.798    12.759    26.47   16.42
-112890.010    21.902    24.86   17.24
-112522.297    32.401    28.55   12.79
-112154.657    38.573    16.79    3.49
-111787.093    40.383     4.93    3.43
-111419.602    42.640     6.14    2.87
-111052.186    43.760     3.05    2.88
-110684.844    42.951    -2.20    4.98
-110317.577    41.109    -5.01    6.10
-109950.384    38.211    -7.89    6.00
-109583.264    33.423   -13.04    6.29
-109216.219    28.727   -12.79    6.32
-108849.248    27.706    -2.78    6.04
-108482.351    28.472     2.09    6.27
-108115.528    30.249     4.84    5.72
-107748.779    32.542     6.25    4.18
-107382.103    33.212     1.83    4.69
-107015.502    34.669     3.98    4.89
-106648.974    34.879     0.57    4.66
-106282.520    34.353    -1.43    4.80
-105916.140    33.036    -3.60    5.30
-105549.833    30.166    -7.83    5.78
-105183.600    28.629    -4.20    5.12
-104817.441    29.544     2.50    6.05
-104451.355    31.232     4.61    5.95
-104085.343    32.944     4.68    4.42
-103719.404    31.906    -2.84    4.73
-103353.538    30.961    -2.58    5.85
-102987.746    29.795    -3.19    6.64
-102622.027    25.238   -12.46    8.90
-102250.009    19.115   -16.46   10.84
-101869.026    13.153   -15.65    9.54
-101488.123    10.385    -7.27    7.12
-101107.301     7.050    -8.76    6.33
-100726.559     4.900    -5.65    6.08
-100345.898     2.673    -5.85    5.70
 -99965.317    -0.472    -8.26    1.43
 -99584.817    -0.359     0.30    1.50
 -99204.397     1.900     5.94    4.54
 -98824.057     7.082    13.63    7.87
 -98443.798    11.910    12.70    6.64
 -98063.618    14.983     8.08    3.91
 -97683.519    15.987     2.64    2.95
 -97303.500    15.557    -1.13    2.99
 -96923.561    14.827    -1.92    3.93
 -96543.702    13.390    -3.78    4.86
 -96163.923    12.826    -1.49    5.30
 -95784.224    12.075    -1.98    5.79
 -95404.604    10.990    -2.86    6.18
 -95025.065     8.437    -6.73    6.92
 -94645.605     5.614    -7.44    6.38
 -94266.224     5.483    -0.35    5.85
 -93886.924     6.078     1.57    5.82
 -93507.703     8.695     6.90    6.31
 -93128.562    12.340     9.61    5.40
 -92749.500    14.179     4.85    4.48
 -92370.517    16.885     7.14    4.36
 -91991.614    19.028     5.66    5.09
 -91612.790    20.917     4.99    5.49
 -91234.046    21.942     2.71    5.88
 -90855.381    19.441    -6.61    7.61
 -90476.795    18.325    -2.95    8.16
 -90098.288    17.912    -1.09    8.94
 -89719.860    19.136     3.23    9.35
 -89341.511    18.977    -0.42   10.00
 -88963.242    15.620    -8.88   10.72
 -88585.051    10.336   -13.97    9.16
 -88206.939     6.466   -10.23    6.31
 -87828.906     4.901    -4.14    4.42
 -87450.952     6.249     3.57    5.93
 -87073.076     8.630     6.30    6.73
 -86695.279    10.249     4.28    5.86
 -86317.561    12.632     6.31    5.35
 -85939.922    12.426    -0.54    5.40
 -85562.361    10.844    -4.19    6.27
 -85184.879     9.204    -4.35    6.67
 -84807.475     5.544    -9.70    4.76
 -84430.149     3.726    -4.82    2.84
 -84052.902     5.458     4.59    4.02
 -83675.733     8.018     6.79    4.39
 -83298.643    10.803     7.39    3.90
 -82921.630    12.839     5.40    3.05
 -82544.696    12.510    -0.87    4.42
 -82167.840    10.804    -4.53    5.97
 -81791.062     8.793    -5.34    6.63
 -81414.362     8.249    -1.44    6.95
 -81037.740     9.694     3.84    7.66
 -80661.196    10.982     3.42    7.63
 -80284.730    14.173     8.48    7.51
 -79908.342    16.560     6.34    7.56
 -79532.031    21.249    12.46    7.83
 -79155.799    24.938     9.81    6.48
 -78779.643    27.205     6.03    5.18
 -78403.566    28.560     3.60    3.77
 -78027.566    28.455    -0.28    3.42
 -77651.644    27.715    -1.97    2.78
 -77275.799    26.673    -2.77    2.86
 -76900.032    26.243    -1.14    3.27
 -76524.342    25.921    -0.86    3.48
 -76148.730    21.848   -10.84    7.07
 -75773.195    13.781   -21.48   11.37
 -75397.737     7.673   -16.27   11.29
 -75022.356     1.738   -15.81    5.97
 -74647.052     0.140    -4.26    2.10
 -74271.826     0.825     1.83    2.20
 -73896.677     1.423     1.59    2.38
 -73521.605     1.859     1.16    2.33
 -73146.609     2.383     1.40    2.50
 -72771.691     4.726     6.25    4.68
 -72396.850     7.107     6.35    4.97
 -72022.085     9.371     6.04    4.02
 -71647.397    11.586     5.91    4.31
 -71272.786    14.816     8.62    7.31
 -70898.252    20.233    14.46    8.72
 -70523.794    24.442    11.24    6.62
 -70149.413    25.961     4.06    5.05
 -69775.109    22.737    -8.61    7.52
 -69400.881    18.534   -11.23    7.57
 -69026.729    17.004    -4.09    6.77
 -68652.654    18.727     4.61    7.06
 -68278.655    22.353     9.70    7.33
 -67904.733    25.501     8.42    6.21
 -67530.887    29.197     9.89    3.29
 -67157.117    30.642     3.87    2.45
 -66783.424    29.590    -2.82    3.42
 -66409.806    27.243    -6.28    4.85
 -66036.265    26.738    -1.35    5.50
 -65662.800    27.412     1.81    6.96
 -65289.410    27.082    -0.88    8.00
 -64916.097    25.749    -3.57    8.77
 -64542.860    24.946    -2.15    8.68
 -64169.698    24.673    -0.73    6.66
 -63796.613    25.200     1.41    5.25
 -63423.603    25.342     0.38    4.85
 -63050.668    24.944    -1.07    4.10
 -62677.810    27.193     6.03    5.52
 -62305.027    29.727     6.80    5.80
 -61932.320    32.299     6.90    4.31
 -61559.688    33.518     3.27    3.92
 -61187.132    33.237    -0.75    4.30
 -60814.652    32.979    -0.69    3.81
 -60442.246    32.453    -1.41    3.20
 -60069.916    30.955    -4.02    4.06
 -59697.662    28.987    -5.29    5.06
 -59325.483    27.782    -3.24    4.84
 -58953.378    27.446    -0.90    5.14
 -58581.350    27.423    -0.06    5.91
 -58209.396    28.039     1.66    5.94
 -57837.517    27.215    -2.22    6.17
 -57465.714    23.446   -10.14    8.03
 -57093.985    17.034   -17.25   10.73
 -56722.332    11.411   -15.13    9.86
 -56350.753     8.477    -7.90    8.85
 -55979.249     8.715     0.64   11.02
 -55607.820    14.103    14.51   14.36
 -55236.466    19.942    15.72   15.12
 -54865.187    23.870    10.58   15.08
 -54493.982    24.882     2.73   15.60
 -54122.852    25.630     2.02   16.60
 -53751.797    26.946     3.55   17.16
 -53380.816    28.901     5.27   18.68
 -53009.910    30.966     5.57   18.99
 -52639.078    30.771    -0.53   18.69
 -52268.320    31.912     3.08   18.04
 -51897.637    32.599     1.85   17.92
 -51527.028    35.433     7.65   17.57
 -51156.494    38.632     8.63   17.12
 -50786.034    40.921     6.18   15.51
 -50415.648    42.668     4.72   13.60
 -50045.336    44.020     3.65   12.06
 -49675.099    45.670     4.46   10.08
 -49304.935    46.836     3.15    7.59
 -48934.845    47.185     0.95    6.30
 -48564.830    44.353    -7.66   10.43
 -48194.888    41.215    -8.48   14.83
 -47825.020    34.320   -18.64   19.35
 -47455.227    29.254   -13.70   21.48
 -47085.507    24.617   -12.54   22.92
 -46715.860    19.540   -13.74   22.79
 -46346.288    16.393    -8.51   22.78
 -45976.789    11.727   -12.63   20.42
 -45607.364     7.528   -11.37   16.62
 -45238.012     2.346   -14.03    8.79
 -44868.734     0.016    -6.31    1.60
 -44499.529    -0.251    -0.72    0.00
 -44130.398    -0.251     0.00    0.00
 -43761.341     0.056     0.83    1.68
 -43392.356     1.921     5.05    5.46
 -43023.445     3.682     4.77    7.07
 -42654.608     5.946     6.14    8.14
 -42285.843     8.692     7.45    8.51
 -41917.152    10.760     5.61    8.09
 -41548.534    12.749     5.40    7.08
 -41179.989    14.510     4.78    5.96
 -40811.517    16.074     4.25    4.23
 -40443.118    17.096     2.77    2.79
 -40074.792    18.419     3.59    1.48
 -39706.539    18.650     0.63    1.07
 -39338.359    18.549    -0.27    1.23
 -38970.252    18.485    -0.17    1.41
 -38602.218    18.222    -0.72    1.41
 -38234.256    18.015    -0.56    1.45
 -37866.367    17.433    -1.58    1.69
 -37498.551    17.294    -0.38    1.58
 -37130.807    17.394     0.27    1.52
 -36763.136    17.715     0.87    1.44
 -36395.538    18.260     1.48    1.23
 -36028.012    18.522     0.71    1.11
 -35660.559    18.771     0.68    1.30
 -35293.178    19.325     1.51    1.16
 -34925.869    19.194    -0.36    1.26
 -34558.633    19.215     0.06    1.51
 -34191.469    18.946    -0.73    1.95
 -33824.377    18.771    -0.48    2.04
 -33457.358    18.636    -0.37    1.96
 -33090.411    18.871     0.64    1.85
 -32723.536    19.496     1.70    1.17
 -32356.733    19.122    -1.02    1.57
 -31990.002    18.677    -1.21    1.57
 -31623.343    17.204    -4.02    2.44
 -31256.756    15.606    -4.36    2.24
 -30890.240    14.445    -3.17    2.47
 -30523.797    13.180    -3.45    2.02
 -30157.426    12.584    -1.63    2.05
 -29791.126    11.614    -2.65    1.97
 -29424.898    11.138    -1.30    1.63
 -29058.742    10.881    -0.70    1.50
 -28692.658    10.895     0.04    1.60
 -28326.645    11.368     1.29    1.51
 -27960.704    11.513     0.40    1.45
 -27593.015    11.496    -0.05    1.30
 -27212.192    11.549     0.14    1.79
 -26831.447    11.393    -0.41    3.63
 -26450.781    10.772    -1.63    5.36
 -26070.193     9.344    -3.75    6.92
 -25689.684     7.400    -5.11    7.49
 -25309.253     5.593    -4.75    7.39
 -24928.900     3.231    -6.21    6.14
 -24548.625     1.815    -3.73    4.70
 -24168.429     0.507    -3.44    2.58
 -23788.310     0.860     0.93    3.91
 -23408.270     1.192     0.87    4.54
 -23028.308     0.715    -1.25    3.66
 -22648.424    -0.029    -1.96    1.55
 -22268.617    -0.251    -0.59    0.00
 -21888.889    -0.251     0.00    0.00
 -21509.239    -0.160     0.24    0.60
 -21129.666     0.233     1.04    2.40
 -20750.171     0.771     1.42    3.84
 -20370.754     1.694     2.43    5.26
 -19991.414     2.036     0.90    5.74
 -19612.152     2.111     0.20    5.71
 -19232.967     1.070    -2.74    4.25
 -18853.860     0.166    -2.39    2.30
 -18474.831    -0.251    -1.10    0.00
 -18095.879    -0.230     0.06    0.21
 -17717.004     0.539     2.03    4.01
 -17338.207     2.368     4.83    8.31
 -16959.487     5.260     7.64   12.82
 -16580.844     8.564     8.72   15.83
 -16202.278    12.330     9.95   17.96
 -15823.790    17.444    13.51   20.96
 -15445.379    21.278    10.13   22.47
 -15067.044    23.078     4.76   22.49
 -14688.787    22.403    -1.78   21.98
 -14310.606    16.507   -15.59   19.78
 -13932.503    11.396   -13.52   17.14
 -13554.476     5.382   -15.91   12.23
 -13176.527     1.415   -10.50    6.17
 -12798.653     0.007    -3.73    2.14
 -12420.857    -0.251    -0.68    0.00
 -12043.138    -0.117     0.36    0.89
 -11665.495     0.842     2.54    3.97
 -11287.928     1.628     2.08    5.01
 -10910.438     3.002     3.64    6.58
 -10533.025     4.254     3.32    7.61
 -10155.688     6.124     4.95    9.48
  -9778.427     9.419     8.73   13.41
  -9401.243    13.904    11.89   16.68
  -9024.135    18.456    12.07   18.36
  -8647.104    22.580    10.94   19.20
  -8270.148    22.538    -0.11   19.83
  -7893.269    20.782    -4.66   19.69
  -7516.466    18.089    -7.15   18.81
  -7139.739    16.908    -3.14   17.52
  -6763.088    13.460    -9.15   16.16
  -6386.513    12.197    -3.35   16.14
  -6010.014     9.968    -5.92   16.09
  -5633.591     7.220    -7.30   14.52
  -5257.243     4.546    -7.10   11.43
  -4880.972     3.024    -4.04    9.16
  -4504.776     1.562    -3.89    6.48
  -4128.656     0.116    -3.84    1.84
  -3752.612     0.404     0.77    3.05
  -3376.643     0.874     1.25    4.53
  -3000.750     1.704     2.21    6.80
  -2624.932     1.782     0.21    7.23
  -2249.190     1.226    -1.48    5.89
  -1873.524     0.367    -2.29    3.53
  -1497.932    -0.251    -1.65    0.00
  -1122.416    -0.251     0.00    0.00
   -746.976    -0.251     0.00    0.00
   -371.610    -0.251     0.00    0.00
      3.680    -0.251     0.00    0.00
    378.895    -0.251     0.00    0.00
    754.034     0.304     1.48    2.65
   1129.099     1.139     2.23    4.45
   1504.089     1.872     1.95    5.31
   1879.004     2.946     2.86    6.02
   2253.843     3.716     2.05    6.38
   2628.608     4.645     2.48    6.89
   3003.298     5.287     1.71    7.24
   3377.913     5.976     1.84    7.77
   3752.454     6.342     0.98    8.17
   4126.919     6.496     0.41    8.55
   4501.310     6.430    -0.18    8.75
   4875.626     6.458     0.07    8.95
   5249.868     6.606     0.40    9.05
   5624.035     6.582    -0.06    8.82
   5998.128     6.604     0.06    8.70
   6372.146     6.737     0.35    8.76
   6746.090     6.546    -0.51    8.85
   7119.959     7.165     1.66    9.14
   7493.754     7.389     0.60    9.11
   7867.475     8.146     2.03    9.29
   8241.122     9.344     3.21    9.08
   8614.694     9.975     1.69    8.70
   8988.192    10.881     2.42    8.24
   9361.616    11.070     0.51    7.45
   9734.966    11.265     0.52    7.55
  10108.242    11.128    -0.37    7.98
  10481.444    11.518     1.04    8.25
  10854.572    11.887     0.99    8.68
  11227.626    12.968     2.90    9.09
  11600.606    13.473     1.35    9.31
  11973.513    15.155     4.51    9.69
  12346.345    16.381     3.29    9.65
  12719.104    16.513     0.35    9.19
  13091.790    15.542    -2.61    9.13
  13464.401    14.671    -2.34    7.90
  13836.939    13.715    -2.57    7.77
  14209.404    14.445     1.96    7.70
  14581.795    15.169     1.94    7.66
  14954.113    16.793     4.36    6.78
  15326.357    19.305     6.75    2.00
  15698.527    18.930    -1.01    1.68
  16070.625    17.471    -3.92    4.86
  16442.649    15.128    -6.30    6.92
  16814.600    12.569    -6.88    8.13
  17186.478     9.669    -7.80    8.23
  17558.282     7.378    -6.16    7.26
  17930.014     4.850    -6.80    5.23
  18301.672     3.012    -4.94    1.78
  18673.257     2.749    -0.71    0.00
  19044.770     2.915     0.45    0.90
  19416.209     3.951     2.79    2.58
  19787.575     6.007     5.54    3.72
  20158.869     8.141     5.75    4.05
  20530.090     9.771     4.39    3.28
  20901.238    11.134     3.67    1.79
  21272.313    11.580     1.20    1.45
  21643.316    10.970    -1.65    2.40
  22014.246     8.913    -5.54    4.13
  22385.103     7.658    -3.39    4.44
  22755.888     6.560    -2.96    4.08
  23126.600     5.584    -2.63    3.77
  23497.240     5.827     0.66    3.75
  23867.807     5.692    -0.37    3.64
  24238.302     5.351    -0.92    3.40
  24608.724     5.670     0.86    3.39
  24979.075     6.793     3.03    3.43
  25349.353     7.893     2.97    3.44
  25719.558     7.953     0.16    3.91
  26089.692     7.615    -0.91    4.38
  26459.753     7.318    -0.80    5.05
  26829.743     6.965    -0.96    5.42
  27199.660     6.893    -0.19    5.77
  27569.505     7.254     0.98    5.76
  27939.279     6.339    -2.48    5.60
  28308.980     6.599     0.70    5.19
  28678.609     7.701     2.98    4.45
  29048.167     9.705     5.42    3.71
  29417.653    11.346     4.44    2.96
  29787.067    10.226    -3.03    5.63
  30156.409     7.985    -6.07    7.14
  30525.680     4.861    -8.46    7.11
  30894.879     2.476    -6.46    5.19
  31264.006     2.465    -0.03    4.49
  31633.062     2.804     0.92    4.40
  32002.046     2.277    -1.43    3.86
  32370.959     2.423     0.40    3.83
  32739.800     2.565     0.38    3.87
  33108.570     2.277    -0.78    3.60
  33477.269     1.809    -1.27    3.32
  33845.896     1.351    -1.24    2.91
  34214.452     1.189    -0.44    2.67
  34582.937     1.453     0.72    2.79
  34951.351     2.272     2.22    3.15
  35319.693     3.249     2.65    3.21
  35687.965     4.277     2.79    2.94
  36056.165     5.071     2.15    2.49
  36424.294     5.862     2.15    1.52
  36792.353     6.018     0.42    0.73
  37160.340     6.041     0.06    0.48
  37528.256     6.047     0.02    0.46
  37896.102     6.288     0.65    0.50
  38263.877     6.404     0.31    0.70
  38631.581     6.111    -0.80    1.20
  38999.214     5.415    -1.89    1.61
  39366.777     5.044    -1.01    1.70
  39734.269     5.074     0.08    1.69
  40101.690     5.378     0.83    1.59
  40469.040     5.606     0.62    1.64
  40836.321     5.453    -0.42    1.72
  41203.530     5.208    -0.67    1.75
  41570.670     5.928     1.96    2.20
  41937.738     6.829     2.45    1.99
  42304.737     7.597     2.09    1.49
  42671.665     7.385    -0.58    1.58
  43038.523     6.784    -1.64    1.49
  43405.310     6.861     0.21    1.73
  43772.027     7.475     1.67    1.85
  44138.675     7.999     1.43    1.93
  44505.252     8.213     0.58    1.80
  44871.759     7.895    -0.87    1.63
  45238.195     8.481     1.60    2.42
  45604.562    10.487     5.48    2.94
  45970.859    11.680     3.26    2.38
  46337.086    12.841     3.17    1.80
  46703.243    13.681     2.30    1.99
  47069.330    14.795     3.04    2.60
  47447.590    16.044     3.30    2.50
  47828.181    16.783     1.94    2.34
  48208.694    17.691     2.39    2.14
  48589.132    19.614     5.05    3.71
  48969.493    22.112     6.57    4.90
  49349.778    24.333     5.84    4.26
  49729.987    26.312     5.20    3.26
  50110.119    27.940     4.28    3.45
  50490.175    29.059     2.95    3.91
  50870.156    31.749     7.08    3.77
  51250.060    33.607     4.89    3.38
  51629.888    35.617     5.29    4.44
  52009.641    37.951     6.15    4.59
  52389.317    40.193     5.90    4.77
  52768.918    42.999     7.39    4.37
  53148.443    45.658     7.01    5.52
  53527.892    48.725     8.08    5.66
  53907.265    49.782     2.79    4.74
  54286.563    50.560     2.05    4.31
  54665.785    49.704    -2.26    4.07
  55044.931    49.132    -1.51    3.24
  55424.002    49.283     0.40    2.98
  55802.997    48.737    -1.44    3.75
  56181.917    47.283    -3.84    4.88
  56560.762    45.864    -3.75    4.67
  56939.531    45.496    -0.97    4.11
  57318.225    44.621    -2.31    4.32
  57696.844    43.679    -2.49    5.24
  58075.387    43.328    -0.93    5.66
  58453.856    44.101     2.04    5.35
  58832.249    45.504     3.71    4.53
  59210.567    46.493     2.61    5.05
  59588.810    44.611    -4.98    7.73
  59966.978    43.461    -3.04    7.97
  60345.071    41.896    -4.14    6.42
  60723.089    42.090     0.51    4.70
  61101.032    43.726     4.33    3.97
  61478.901    45.772     5.41    4.48
  61856.694    44.840    -2.47    6.56
  62234.413    43.939    -2.38    7.33
  62612.057    44.412     1.25    7.13
  62989.627    46.927     6.66    7.40
  63367.122    52.771    15.48    7.76
  63744.542    59.141    16.88    8.61
  64121.888    67.089    21.06   10.98
  64499.160    76.322    24.47   10.80
  64876.357    84.704    22.22   11.03
  65253.479    92.517    20.72    8.60
  65630.528    98.749    16.53    5.90
  66007.502   103.308    12.09    3.99
  66384.401   106.249     7.80    4.22
  66761.227   109.419     8.41    4.76
  67137.978   112.490     8.15    5.47
  67514.655   114.182     4.49    5.67
  67891.258   116.375     5.82    5.27
  68267.788   118.399     5.38    4.99
  68644.243   120.231     4.87    5.25
  69020.624   122.505     6.04    4.52
  69396.931   123.681     3.13    3.72
  69773.164   123.558    -0.33    3.38
  70149.324   123.185    -0.99    3.50
  70525.410   123.325     0.37    3.64
  70901.422   124.649     3.52    4.36
  71277.360   126.877     5.93    5.07
  71653.225   129.499     6.98    5.41
  72029.016   131.820     6.18    5.38
  72404.734   133.499     4.47    4.93
  72780.378   133.868     0.98    4.40
  73155.948   133.192    -1.80    4.25
  73531.445   131.935    -3.35    3.94
  73906.869   132.021     0.23    3.71
  74282.219   133.019     2.66    3.89
  74657.496   134.816     4.79    3.41
  75032.700   135.272     1.21    3.79
  75407.831   135.135    -0.36    4.31
  75782.888   134.725    -1.09    4.80
  76157.872   134.180    -1.45    4.60
  76532.783   133.911    -0.72    4.94
  76907.622   132.490    -3.79    5.35
  77282.387   130.749    -4.65    6.86
  77657.079   128.484    -6.04    7.25
  78031.698   126.855    -4.35    6.21
  78406.244   126.237    -1.65    4.31
  78780.718   126.903     1.78    4.32
  79155.119   127.896     2.65    3.80
  79529.446   128.028     0.35    2.90
  79903.702   128.442     1.11    2.71
  80277.884   129.266     2.20    2.68
  80651.994   130.158     2.38    2.76
  81026.031   131.043     2.37    3.16
  81399.996   132.328     3.44    3.48
  81773.889   133.284     2.56    3.62
  82147.708   134.840     4.16    4.04
  82521.456   137.580     7.33    5.47
  82895.131   141.090     9.39    6.18
  83268.733   143.592     6.70    5.12
  83642.264   144.860     3.39    3.47
  84015.722   145.291     1.15    2.97
  84389.108   145.795     1.35    3.02
  84762.422   147.675     5.04    2.56
  85135.663   148.680     2.69    2.19
  85508.833   149.163     1.30    2.14
  85881.930   148.408    -2.02    2.63
  86254.956   147.773    -1.70    2.46
  86627.909   147.293    -1.29    2.74
  87000.791   146.675    -1.66    3.26
  87373.601   144.530    -5.75    4.96
  87746.339   143.200    -3.57    4.78
  88119.005   142.082    -3.00    3.79
  88491.599   142.285     0.55    3.97
  88864.122   143.288     2.69    3.92
  89236.573   142.146    -3.07    4.07
  89608.952   141.726    -1.13    3.98
  89981.260   142.261     1.44    4.80
  90353.496   143.146     2.38    5.02
  90725.661   145.082     5.20    5.30
  91097.754   146.692     4.33    5.54
  91469.776   148.202     4.06    5.66
  91841.726   149.351     3.09    4.51
  92213.605   150.451     2.96    4.43
  92585.413   151.635     3.18    5.04
  92957.149   153.461     4.91    5.21
  93328.815   155.702     6.03    5.52
  93700.409   158.051     6.32    5.23
  94071.932   159.411     3.66    3.71
  94443.383   159.621     0.56    2.62
  94814.764   158.703    -2.47    2.60
  95186.074   158.525    -0.48    2.62
  95557.313   157.919    -1.63    2.33
  95928.481   158.124     0.55    2.04
  96299.578   158.677     1.49    1.85
  96670.604   158.180    -1.34    2.15
  97041.559   158.047    -0.36    2.51
  97412.443   158.192     0.39    2.63
  97783.257   159.225     2.79    3.37
  98154.000   160.794     4.23    3.63
  98524.673   163.026     6.02    3.87
  98895.274   165.793     7.47    4.89
  99265.806   168.465     7.21    4.71
  99636.266   170.976     6.78    4.85
 100006.657   172.236     3.40    4.84
 100376.976   173.109     2.36    4.97
 100747.226   173.310     0.54    4.86
 101117.404   172.691    -1.67    4.48
 101487.513   172.206    -1.31    3.93
 101857.551   172.124    -0.22    3.39
 102227.519   172.313     0.51    3.14
 102597.417   172.987     1.82    2.65
 102967.245   173.749     2.06    2.32
 103337.002   174.202     1.23    2.44
 103706.690   174.933     1.98    2.61
 104076.307   174.919    -0.04    2.91
 104445.855   174.308    -1.65    3.29
 104815.332   172.465    -4.99    3.98
 105184.739   170.419    -5.54    3.81
 105554.077   168.990    -3.87    3.22
 105923.345   168.692    -0.81    2.22
 106292.543   169.384     1.87    2.43
 106661.671   170.249     2.34    3.38
 107030.729   170.415     0.45    4.13
 107399.718   170.174    -0.65    4.03
 107768.637   169.823    -0.95    3.80
 108137.486   169.805    -0.05    3.49
 108506.266   170.996     3.23    3.19
 108874.976   172.335     3.63    3.87
 109243.617   173.177     2.28    3.64
 109612.188   174.346     3.17    3.06
 109980.690   175.530     3.21    3.10
 110349.122   176.635     3.00    2.63
 110717.485   177.303     1.81    2.37
 111085.779   177.378     0.20    2.48
 111454.004   176.385    -2.70    3.40
 111822.159   174.327    -5.59    3.85
 112190.245   172.612    -4.66    3.31
 112558.262   171.128    -4.03    2.21
 112926.210   170.090    -2.82    2.43
 113294.089   167.772    -6.30    4.20
 113661.898   165.116    -7.22    4.07
 114029.639   162.961    -5.86    3.29
 114397.311   161.499    -3.98    4.15
 114764.914   160.094    -3.82    5.33
 115132.448   156.139   -10.76    7.18
 115499.913   151.796   -11.82    7.14
 115867.309   147.749   -11.02    5.41
 116234.637   146.174    -4.29    4.21
 116601.895   146.510     0.92    3.92
 116969.086   148.905     6.52    5.42
 117336.207   153.726    13.13    7.84
 117703.260   158.987    14.33    9.00
 118070.244   165.267    17.11    7.79
 118437.160   169.362    11.16    8.21
 118804.007   171.880     6.86    8.03
 119170.786   173.749     5.10    6.80
 119537.496   176.156     6.56    5.76
 119904.138   180.544    11.97    6.92
 120270.712   185.465    13.42    7.94
 120637.217   191.220    15.70    6.87
 121003.654   195.130    10.67    4.07
 121370.023   194.567    -1.54    4.61
 121736.324   191.609    -8.07    6.48
 122110.532   187.818   -10.13    6.04
 122490.967   185.678    -5.63    3.43
 122871.328   185.435    -0.64    2.36
 123251.614   185.737     0.79    2.29
 123631.827   183.760    -5.20    4.57
 124011.965   179.761   -10.52    6.16
 124392.028   174.690   -13.34    7.33
 124772.018   169.188   -14.48    5.46
 125151.933   165.473    -9.78    4.13
 125531.775   163.175    -6.05    2.28
 125911.542   161.611    -4.12    2.45
 126291.236   159.641    -5.19    3.61
 126670.855   157.887    -4.62    3.90
 127050.401   155.807    -5.48    2.69
 127429.873   154.487    -3.48    2.43
 127809.271   152.604    -4.96    3.32
 128188.595   150.760    -4.86    3.54
 128567.845   148.519    -5.91    2.79
 128947.022   146.978    -4.06    2.40
 129326.125   145.231    -4.61    3.34
 129705.155   143.656    -4.16    3.82
 130084.111   141.634    -5.33    3.03
 130462.993   140.144    -3.93    2.15
 130841.802   138.528    -4.27    2.88
 131220.538   136.356    -5.73    4.81
 131599.200   130.504   -15.45    9.43
 131977.789   126.008   -11.88    9.67
 132356.304   125.563    -1.18    9.27
 132734.747   125.724     0.43    8.18
 133113.116   128.408     7.09    6.11
 133491.412   128.242    -0.44    6.33
 133869.635   125.956    -6.05    6.36
 134247.784   122.383    -9.45    6.21
 134625.861   117.921   -11.80    7.71
 135003.865   108.749   -24.26   13.99
 135381.795    95.622   -34.73   19.31
 135759.653    80.639   -39.65   18.04
 136137.438    68.243   -32.81   12.93
 136515.150    59.572   -22.95    8.90
 136892.789    55.313   -11.28    6.75
 137270.356    53.039    -6.02    7.01
 137647.850    52.667    -0.99    7.93
 138025.271    53.062     1.05    8.82
 138402.620    53.476     1.10    8.21
 138779.895    53.031    -1.18    6.73
 139157.099    51.146    -5.00    5.72
 139534.230    47.124   -10.67    7.70
 139911.288    42.202   -13.05    8.72
 140288.274    35.949   -16.59    7.81
 140665.188    31.446   -11.94    5.32
 141042.029    28.411    -8.05    3.96
 141418.798    27.175    -3.28    2.82
 141795.495    27.313     0.37    2.44
 142172.120    28.014     1.86    2.51
 142548.672    27.070    -2.50    4.05
 142925.152    24.534    -6.74    5.72
 143301.560    20.493   -10.74    5.70
 143677.897    17.358    -8.33    3.06
 144054.161    17.179    -0.48    2.58
 144430.353    19.847     7.09    5.63
 144806.473    22.970     8.30    7.02
 145182.521    25.526     6.80    7.32
 145558.498    25.521    -0.01    7.04
 145934.403    23.675    -4.91    5.96
 146310.236    22.374    -3.46    4.84
 146685.997    22.212    -0.43    3.99
 147061.686    23.384     3.12    4.23
 147437.304    24.078     1.85    4.83
 147812.851    25.496     3.78    5.46
 148188.325    26.502     2.68    5.59
 148563.729    27.362     2.29    6.27
 148939.060    30.378     8.03    7.47
 149314.321    36.109    15.27    9.60
 149689.510    41.934    15.52    8.18
 150064.627    45.039     8.28    5.22
 150439.674    47.127     5.56    3.55
 150814.649    48.156     2.74    3.34
 151189.552    49.122     2.58    3.36
 151564.385    50.415     3.45    3.64
 151939.147    52.526     5.63    4.90
 152313.837    54.078     4.14    5.66
 152688.456    55.568     3.98    5.04
 153063.004    56.829     3.37    3.74
 153437.482    56.701    -0.34    2.98
 153811.888    57.335     1.69    3.40
 154186.223    57.736     1.07    3.28
 154560.488    57.690    -0.12    3.81
 154934.682    58.651     2.57    5.20
 155308.805    61.266     6.99    7.80
 155682.857    66.177    13.13    8.84
 156056.838    71.139    13.27    6.44
 156430.749    73.118     5.29    5.51
 156804.589    72.165    -2.55    6.72
 157178.359    69.857    -6.17    7.31
 157552.058    67.427    -6.50    6.30
 157925.686    66.676    -2.01    4.47
 158299.244    67.504     2.22    3.08
 158672.732    68.110     1.62    2.70
 159046.149    68.109    -0.00    3.47
 159419.496    65.725    -6.39    5.79
 159792.773    61.910   -10.22    5.63
 160165.979    58.554    -8.99    3.58
 160539.115    57.644    -2.44    2.01
 160912.181    58.544     2.41    2.36
 161285.177    59.853     3.51    2.25
 161658.102    62.206     6.31    3.52
 162030.958    65.621     9.16    5.19
 162403.743    69.070     9.25    4.99
 162776.459    71.866     7.50    4.26
 163149.104    73.649     4.78    3.18
 163521.680    73.900     0.67    2.26
 163894.186    73.872    -0.07    1.69
 164266.622    74.162     0.78    1.54
 164638.988    74.911     2.01    1.87
 165011.284    76.644     4.65    2.79
 165383.511    78.452     4.86    3.04
 165755.668    80.737     6.14    3.72
 166127.755    82.712     5.31    3.56
 166499.773    84.342     4.38    3.62
 166871.721    86.336     5.36    3.67
 167243.599    87.669     3.58    4.21
 167615.409    89.094     3.83    4.24
 167987.148    90.109     2.73    4.09
 168358.819    91.074     2.59    4.56
 168730.419    93.255     5.87    6.22
 169101.951    96.193     7.91    7.02
 169473.413    98.632     6.57    6.55
 169844.806    99.427     2.14    5.65
 170216.130    99.551     0.33    4.87
 170587.385    99.102    -1.21    4.33
 170958.570    99.177     0.20    4.03
 171329.687    99.664     1.31    3.85
 171700.734    99.519    -0.39    3.28
 172071.712    98.349    -3.15    3.32
 172442.622    96.490    -5.01    3.87
 172813.462    94.472    -5.44    4.35
 173184.233    92.325    -5.79    5.12
 173554.936    90.377    -5.26    5.11
 173925.570    90.546     0.46    5.12
 174296.135    92.344     4.85    5.48
 174666.631    96.249    10.54    5.23
 175037.058    99.868     9.77    4.08
 175407.417   102.773     7.84    4.01
 175777.707   103.586     2.20    4.38
 176147.929   102.749    -2.26    5.61
 176518.082    99.910    -7.67    7.18
 176888.167    96.130   -10.21    7.81
 177258.183    92.761    -9.10    7.30
 177628.130    90.175    -6.99    5.38
 177998.009    89.784    -1.06    4.44
 178367.820    91.905     5.74    5.75
 178737.562    93.109     3.26    5.97
 179107.237    93.986     2.37    5.61
 179476.842    94.153     0.45    4.47
 179846.380    92.624    -4.14    2.23
 180215.849    92.502    -0.33    2.28
 180585.251    94.008     4.08    2.97
 180954.584    94.993     2.67    3.14
 181323.849    94.996     0.01    3.51
 181693.046    94.190    -2.18    4.00
 182062.175    92.990    -3.25    3.79
 182431.236    93.202     0.58    3.89
 182800.230    95.489     6.20    4.72
 183169.155    98.255     7.49    4.14
 183538.012    99.614     3.69    2.20
 183906.802    98.999    -1.67    2.25
 184275.524    98.249    -2.03    2.60
 184644.178    98.360     0.30    2.77
 185012.765    99.700     3.64    3.23
 185381.283   101.058     3.68    2.90
 185749.735   101.984     2.51    2.71
 186118.118   103.267     3.48    3.73
 186486.434   105.795     6.86    5.55
 186854.683   109.975    11.35    6.19
 187222.864   114.266    11.65    5.24
 187590.977   117.268     8.15    3.39
 187959.023   117.656     1.05    3.64
 188327.002   116.415    -3.37    5.05
 188694.914   113.784    -7.15    5.38
 189062.758   111.432    -6.39    4.34
 189430.535   110.618    -2.21    3.30
 189798.245   110.205    -1.12    2.93
 190165.887   109.516    -1.87    3.44
 190533.463   109.400    -0.32    3.42
 190900.971   109.325    -0.20    3.50
 191268.412   110.026     1.91    4.51
 191635.787   110.153     0.35    6.16
 192003.094   109.632    -1.42    6.78
 192370.334   108.038    -4.34    6.45
 192737.507   107.349    -1.88    5.82
 193104.614   107.981     1.72    5.84
 193471.653   109.656     4.56    6.79
 193838.626   110.849     3.25    6.51
 194205.532   110.511    -0.92    5.67
 194572.372   108.078    -6.63    5.76
 194939.144   105.090    -8.15    5.38
 195305.850   102.584    -6.83    3.22
 195672.489   102.106    -1.30    2.46
 196039.062   102.786     1.85    2.21
 196405.568   104.725     5.29    3.06
 196776.034   107.737     8.13    5.16
 197156.319   113.313    14.66    7.86
 197536.531   119.624    16.59    9.85
 197916.672   126.132    17.12   10.58
 198296.740   132.449    16.62    9.58
 198676.735   134.937     6.55    8.90
 199056.659   134.090    -2.23    9.98
 199436.510   130.102   -10.50   10.37
 199816.289   126.797    -8.70    7.82
 200195.996   127.958     3.06    8.00
 200575.631   132.843    12.87   11.51
 200955.194   139.478    17.48   12.95
 201334.685   144.652    13.63   11.76
 201714.104   145.978     3.49   10.80
 202093.451   144.254    -4.54   11.56
 202472.727   141.057    -8.43   11.93
 202851.930   137.207   -10.15   11.19
 203231.062   135.487    -4.54    9.66
 203610.122   135.511     0.06    6.95
 203989.110   136.378     2.29    4.83
 204368.026   136.643     0.70    3.40
 204746.871   135.274    -3.61    2.70
 205125.645   131.470   -10.04    5.81
 205504.346   125.349   -16.16    8.85
 205882.977   116.487   -23.40   10.53
 206261.536   107.886   -22.72    8.87
 206640.023   100.772   -18.79    7.44
 207018.439    94.407   -16.82    6.56
 207396.784    89.163   -13.86    7.84
 207775.057    83.273   -15.57    7.99
 208153.259    78.384   -12.93    8.20
 208531.390    72.984   -14.28    8.08
 208909.450    67.725   -13.91    7.49
 209287.439    63.267   -11.79    5.73
 209665.356    60.917    -6.22    4.73
 210043.203    60.007    -2.41    4.38
 210420.978    59.541    -1.23    3.21
 210798.683    59.055    -1.29    1.99
 211176.316    58.011    -2.76    2.24
 211553.879    55.856    -5.71    4.01
 211931.371    53.094    -7.31    5.73
 212308.792    49.031   -10.76    5.86
 212686.142    46.029    -7.95    3.64
 213063.422    45.596    -1.15    2.61
 213440.630    47.710     5.60    4.00
 213817.768    50.935     8.55    4.55
 214194.836    53.402     6.54    3.53
 214571.833    53.996     1.57    3.25
 214948.759    52.811    -3.14    4.89
 215325.615    49.484    -8.83    5.50
 215702.400    46.761    -7.22    4.05
 216079.115    46.634    -0.34    3.83
 216455.760    48.651     5.36    4.04
 216832.334    51.078     6.44    3.31
 217208.838    51.823     1.98    3.13
 217585.272    51.196    -1.67    3.29
 217961.635    50.513    -1.81    2.78
 218337.929    50.237    -0.73    2.34
 218714.152    50.435     0.53    2.72
 219090.305    50.255    -0.48    3.18
 219466.388    50.618     0.97    4.56
 219842.401    51.062     1.18    5.09
 220218.344    50.917    -0.38    5.16
 220594.217    49.797    -2.98    5.51
 220970.020    48.596    -3.20    4.96
 221345.753    46.834    -4.69    4.10
 221721.416    45.996    -2.23    3.78
 222097.010    46.772     2.07    3.47
 222472.534    47.499     1.93    3.12
 222847.988    47.996     1.32    3.10
 223223.372    47.249    -1.99    3.97
 223598.687    45.737    -4.03    3.91
 223973.932    44.066    -4.45    3.57
 224349.108    42.588    -3.94    3.62
 224724.214    41.062    -4.07    3.35
 225099.250    39.675    -3.70    4.16
 225474.217    37.419    -6.01    4.78
 225849.115    36.136    -3.42    5.14
 226223.943    37.688     4.14    7.33
 226598.702    40.436     7.33    8.06
 226973.392    39.949    -1.30    8.88
 227348.012    37.002    -7.86   11.81
 227722.564    32.189   -12.85   11.32
 228097.046    28.166   -10.74    6.85
 228471.459    28.607     1.18    5.49
 228845.802    30.428     4.86    4.62
 229220.077    30.570     0.38    3.90
 229594.283    28.812    -4.70    5.23
 229968.420    24.455   -11.64    7.61
 230342.487    19.838   -12.34    7.12
 230716.486    15.869   -10.61    4.98
 231090.416    13.723    -5.74    3.18
 231464.277    13.360    -0.97    3.12
 231838.070    14.061     1.87    4.28
 232211.793    15.725     4.45    5.03
 232585.448    16.197     1.26    4.90
 232959.034    14.606    -4.26    5.87
 233332.552    12.420    -5.85    5.75
 233706.001     9.666    -7.37    4.53
 234079.381     8.326    -3.59    3.40
 234452.693     9.712     3.71    4.57
 234825.936    13.044     8.92    5.74
 235199.111    17.360    11.57    5.75
 235572.218    20.622     8.74    4.47
 235945.256    22.546     5.16    3.44
 236318.225    23.040     1.32    3.49
 236691.127    22.996    -0.12    3.62
 237063.960    23.065     0.19    4.71
 237436.725    24.570     4.04    5.44
 237809.422    26.306     4.66    5.62
 238182.050    28.937     7.06    5.95
 238554.611    29.078     0.38    5.97
 238927.103    25.844    -8.68    7.91
 239299.527    22.014   -10.28    7.85
 239671.883    19.431    -6.94    4.10
 240044.172    18.454    -2.62    3.32
 240416.392    18.451    -0.01    3.77
 240788.545    19.964     4.06    5.31
 241160.629    21.760     4.83    5.35
 241532.646    24.364     7.00    4.69
 241904.595    25.231     2.33    3.35
 242276.476    25.185    -0.12    3.03
 242648.290    26.443     3.38    4.40
 243020.036    27.505     2.86    6.20
 243391.714    29.544     5.48    6.81
 243763.324    30.954     3.79    6.84
 244134.868    30.760    -0.52    7.28
 244506.343    31.928     3.14    7.88
 244877.751    33.411     3.99    8.20
 245249.092    37.518    11.06    8.98
 245620.365    41.090     9.62    6.60
 245991.571    41.086    -0.01    4.27
 246362.709    41.094     0.02    2.95
 246733.780    42.483     3.74    4.35
 247104.784    46.249    10.15    6.59
 247475.721    51.033    12.89    7.36
 247846.590    54.844    10.27    6.48
 248217.392    58.774    10.60    5.20
 248588.128    64.279    14.85    6.99
 248958.796    70.139    15.81    8.44
 249329.397    75.153    13.53    7.24
 249699.931    79.586    11.96    4.76
 250070.398    82.194     7.04    4.66
 250440.798    83.700     4.07    5.34
 250811.131    84.177     1.29    5.17
 251181.397    84.489     0.84    5.43
 251551.597    85.249     2.05    5.42
 251921.729    86.857     4.34    4.86
 252291.795    90.346     9.43    5.88
 252661.794    94.407    10.97    6.68
 253031.727    98.785    11.83    6.69
 253401.593   102.074     8.89    5.38
 253771.392   104.651     6.97    3.95
 254141.124   105.993     3.63    3.48
 254510.790   108.640     7.16    5.00
 254880.390   111.201     6.93    5.90
 255249.923   112.860     4.49    5.51
 255619.390   111.431    -3.87    7.17
 255988.790   108.387    -8.24    7.46
 256358.124   106.139    -6.09    6.38
 256727.391   106.928     2.14    8.80
 257096.593   107.296     0.99    9.36
