-187581.805    37.141     0.00    9.89
-187213.626    36.873    -0.73    9.94
-186845.508    36.519    -0.96   10.60
-186477.450    35.407    -3.02   10.94
-186109.453    35.349    -0.16   11.34
-185741.516    34.998    -0.95   11.65
-185373.640    34.686    -0.85   10.85
-185005.824    35.322     1.73   10.84
-184638.069    40.461    13.98   12.08
-184270.374    46.187    15.58    9.38
-183902.739    48.386     5.98    6.67
-183535.165    50.606     6.04    6.52
-183167.651    52.555     5.30    7.80
-182800.197    54.548     5.43    8.19
-182432.254    58.037     9.48    5.03
-182052.389    60.606     6.76    4.06
-181672.588    62.787     5.74    4.28
-181292.853    64.940     5.67    3.31
-180913.182    66.286     3.55    3.12
-180533.576    66.713     1.12    3.48
-180154.034    66.595    -0.31    4.28
-179774.558    65.712    -2.33    6.15
-179395.146    65.507    -0.54    7.13
-179015.798    66.349     2.22    7.74
-178636.516    68.055     4.50    7.12
-178257.298    68.998     2.49    6.11
-177878.144    71.153     5.68    6.73
-177499.055    69.573    -4.17    7.79
-177120.031    67.771    -4.76    7.87
-176741.071    67.015    -1.99    6.47
-176362.175    66.700    -0.83    5.76
-175983.344    66.318    -1.01    6.94
-175604.577    66.610     0.77    7.39
-175225.875    69.362     7.27    7.75
-174847.237    72.647     8.68    6.56
-174468.663    74.160     4.00    5.40
-174090.153    72.180    -5.23    6.76
-173711.707    68.335   -10.16    6.50
-173333.326    64.386   -10.44    6.52
-172955.009    59.768   -12.21    8.09
-172576.756    55.015   -12.57    9.89
-172198.567    51.303    -9.82    9.58
-171820.442    49.102    -5.82    9.01
-171442.381    48.686    -1.10   12.03
-171064.384    52.212     9.33   13.63
-170686.451    56.173    10.48   12.46
-170308.581    58.128     5.17   10.32
-169930.776    56.081    -5.42   10.20
-169553.034    54.860    -3.23   10.14
-169175.357    53.453    -3.73   10.89
-168797.743    52.529    -2.45   11.77
-168420.193    51.489    -2.75   13.19
-168042.706    50.295    -3.16   14.27
-167665.283    49.358    -2.48   13.69
-167287.924    45.295   -10.77   14.28
-166910.628    47.611     6.14   14.65
-166533.396    50.451     7.53   14.81
-166156.228    51.611     3.08   14.79
-165779.123    54.741     8.30   13.10
-165402.082    54.071    -1.78   11.46
-165025.103    53.302    -2.04    9.85
-164648.189    54.427     2.99    9.13
-164271.338    55.789     3.62    8.21
-163894.550    57.686     5.04    7.58
-163517.825    57.492    -0.52    8.02
-163141.164    55.805    -4.48    7.83
-162764.566    55.040    -2.03    6.90
-162388.031    55.268     0.60    6.67
-162011.559    57.319     5.45    5.83
-161635.151    59.295     5.25    3.91
-161258.805    59.844     1.46    3.67
-160882.523    60.215     0.99    3.55
-160506.304    61.375     3.08    3.38
-160130.148    62.579     3.20    2.69
-159754.055    61.907    -1.79    2.86
-159378.024    60.403    -4.00    2.28
-159002.057    59.294    -2.95    1.64
-158626.153    58.700    -1.58    1.27
-158250.311    58.344    -0.95    1.20
-157874.532    58.068    -0.73    1.18
-157498.816    57.186    -2.35    2.23
-157123.163    56.154    -2.75    3.69
-156747.573    57.122     2.58    6.27
-156372.045    57.805     1.82    8.10
-155996.580    57.989     0.49    8.90
-155621.178    58.058     0.18    8.54
-155245.838    57.971    -0.23    7.42
-154870.561    58.586     1.64    6.23
-154495.346    61.854     8.71    6.03
-154120.194    64.509     7.08    5.83
-153745.104    66.552     5.45    7.39
-153370.077    67.792     3.31    7.89
-152995.112    66.701    -2.91    9.66
-152620.210    61.842   -12.96   10.14
-152245.370    57.160   -12.49    6.84
-151870.592    55.094    -5.51    4.33
-151495.877    54.260    -2.23    1.95
-151121.224    55.053     2.12    1.44
-150746.633    55.700     1.73    1.30
-150372.104    55.609    -0.24    1.23
-149997.638    55.252    -0.95    1.18
-149623.233    55.245    -0.02    1.60
-149248.891    55.750     1.35    3.25
-148874.611    57.122     3.67    4.38
-148500.393    58.453     3.56    4.86
-148126.237    58.050    -1.08    5.09
-147752.142    57.271    -2.08    4.95
-147378.110    55.393    -5.02    4.44
-147004.140    54.445    -2.53    4.44
-146630.231    54.606     0.43    4.23
-146256.385    55.898     3.46    4.52
-145882.600    56.808     2.44    4.69
-145508.877    54.816    -5.33    6.10
-145135.216    53.742    -2.88    6.63
-144761.617    54.371     1.68   10.29
-144388.079    51.859    -6.72   11.15
-144014.603    49.436    -6.49   11.95
-143641.188    50.440     2.69   14.12
-143267.836    52.276     4.92   14.25
-142894.544    54.221     5.21   13.11
-142521.315    53.611    -1.64   12.25
-142148.147    50.133    -9.32   10.36
-141775.040    49.559    -1.54    9.90
-141401.995    50.200     1.72   10.11
-141029.011    50.881     1.83    9.19
-140656.089    53.265     6.39    8.75
-140283.228    54.430     3.12    7.38
-139910.428    53.660    -2.07    5.58
-139537.689    54.226     1.52    4.75
-139165.012    53.358    -2.33    3.76
-138792.396    52.453    -2.43    2.62
-138419.842    51.500    -2.56    4.03
-138047.348    49.024    -6.65    5.91
-137674.916    47.327    -4.56    6.70
-137302.545    45.989    -3.59    7.19
-136930.234    44.556    -3.85    8.00
-136557.985    46.007     3.90    9.69
-136185.797    46.530     1.41    9.48
-135813.670    46.297    -0.63    9.34
-135441.604    46.764     1.26    8.49
-135069.599    45.686    -2.90    6.54
-134697.655    44.323    -3.67    6.31
-134325.771    44.397     0.20    5.34
-133953.949    43.914    -1.30    4.15
-133582.187    42.673    -3.34    3.98
-133210.486    41.534    -3.07    3.76
-132838.846    41.167    -0.99    3.61
-132467.267    40.532    -1.71    3.71
-132095.748    41.687     3.11    4.09
-131724.290    43.313     4.38    3.32
-131352.892    43.780     1.26    2.72
-130981.555    44.287     1.36    1.65
-130610.279    43.873    -1.11    1.29
-130239.063    43.121    -2.03    1.68
-129867.908    42.768    -0.95    2.39
-129496.813    42.838     0.19    3.44
-129125.779    44.119     3.45    5.23
-128754.805    48.748    12.48    8.22
-128383.892    52.632    10.47    8.73
-128013.038    55.180     6.87    7.74
-127642.246    55.482     0.81    7.85
-127271.513    54.989    -1.33    9.37
-126900.841    53.659    -3.59   10.34
-126530.229    53.265    -1.06   11.94
-126159.677    52.194    -2.89   13.51
-125789.186    49.555    -7.12   12.16
-125418.754    46.208    -9.04   10.05
-125048.383    43.673    -6.84    7.66
-124678.072    41.965    -4.61    5.66
-124307.820    41.686    -0.75    3.93
-123937.629    42.618     2.52    3.12
-123567.498    42.712     0.25    2.84
-123197.427    41.741    -2.62    3.64
-122827.416    39.358    -6.44    4.15
-122457.465    36.603    -7.45    4.20
-122087.573    35.207    -3.78    4.50
-121717.742    35.602     1.07    5.89
-121347.970    37.489     5.10    7.71
-120978.258    40.290     7.58    8.52
-120608.606    40.805     1.39    8.68
-120239.014    40.298    -1.37    8.00
-119869.481    40.015    -0.77    7.79
-119500.008    38.909    -2.99    7.95
-119130.595    38.078    -2.25    7.96
-118761.241    37.715    -0.98    8.17
-118391.947    38.989     3.45    9.51
-118022.712    42.879    10.54   10.54
-117653.537    46.989    11.13   10.20
-117284.422    51.173    11.34    6.00
-116915.366    53.463     6.20    5.36
-116546.369    54.618     3.13    6.35
-116177.432    56.515     5.14    7.22
-115808.554    58.257     4.72    7.28
-115439.736    55.621    -7.15    9.75
-115070.977    50.423   -14.10   10.14
-114702.277    45.498   -13.36    8.72
-114333.636    41.437   -11.02    5.17
-113965.055    41.161    -0.75    4.02
-113596.533    40.756    -1.10    2.98
-113228.070    40.060    -1.89    2.76
-112859.666    38.917    -3.10    2.40
-112491.322    38.252    -1.80    1.85
-112123.036    38.797     1.48    2.72
-111754.810    41.433     7.16    4.37
-111386.642    43.568     5.80    4.69
-111018.534    45.790     6.04    5.55
-110650.484    45.567    -0.61    6.60
-110282.494    42.045    -9.57    8.98
-109914.562    39.525    -6.85    9.01
-109546.690    36.994    -6.88    7.22
-109178.876    36.193    -2.18    7.40
-108811.121    37.032     2.28    7.67
-108443.425    38.450     3.86    7.92
-108075.788    40.884     6.62    8.16
-107708.209    42.805     5.23    8.92
-107330.620    45.079     6.02    9.42
-106950.952    47.084     5.28    9.22
-106571.346    46.831    -0.67    9.49
-106191.804    46.521    -0.82    9.81
-105812.324    43.081    -9.06   10.01
-105432.908    37.262   -15.34    6.90
-105053.555    35.904    -3.58    6.08
-104674.264    39.525     9.55   10.14
-104295.037    44.271    12.52    9.80
-103915.872    46.420     5.67    7.88
-103536.771    44.860    -4.12    8.82
-103157.732    42.327    -6.68    7.42
-102778.756    41.527    -2.11    7.21
-102399.843    41.753     0.60    8.60
-102020.993    43.888     5.63    9.54
-101642.205    43.580    -0.81    9.85
-101263.480    40.702    -7.60    9.39
-100884.818    38.167    -6.70    7.60
-100506.218    35.727    -6.44    4.33
-100127.681    37.147     3.75    6.79
 -99749.207    43.113    15.77   11.84
 -99370.795    47.527    11.66   12.96
 -98992.445    49.555     5.36   11.63
 -98614.159    48.998    -1.47   10.68
 -98235.934    44.237   -12.59    9.88
 -97857.772    40.413   -10.11    8.10
 -97479.672    38.700    -4.53    7.90
 -97101.635    36.298    -6.35    6.65
 -96723.660    35.081    -3.22    5.20
 -96345.747    36.798     4.54    7.17
 -95967.897    42.281    14.51   10.14
 -95590.109    47.740    14.45    9.12
 -95212.383    50.160     6.41    7.08
 -94834.719    50.581     1.12    6.27
 -94457.117    50.029    -1.46    5.95
 -94079.578    45.492   -12.02    9.07
 -93702.100    42.831    -7.05   10.62
 -93324.685    38.122   -12.48    9.41
 -92947.331    35.511    -6.92    5.88
 -92570.040    36.836     3.51    7.67
 -92192.810    37.784     2.51    8.00
 -91815.642    36.790    -2.64    7.49
 -91438.537    34.490    -6.10    5.39
 -91061.493    36.193     4.52    5.11
 -90684.511    37.673     3.93    5.36
 -90307.590    38.227     1.47    5.15
 -89930.732    38.781     1.47    4.86
 -89553.935    42.073     8.74    8.47
 -89177.200    48.765    17.76   11.19
 -88800.527    55.226    17.15    8.30
 -88423.915    57.871     7.02    4.65
 -88047.365    54.993    -7.64    7.20
 -87670.876    49.596   -14.34    7.46
 -87294.449    45.454   -11.00    5.64
 -86918.084    43.711    -4.63    4.52
 -86541.780    41.826    -5.01    5.13
 -86165.537    38.763    -8.14    7.22
 -85789.356    34.548   -11.20    7.02
 -85413.236    30.397   -11.04    5.01
 -85037.178    29.214    -3.15    4.46
 -84661.181    30.920     4.54    6.90
 -84285.245    33.106     5.81    8.42
 -83909.371    34.268     3.09   10.03
 -83533.558    32.094    -5.78   10.74
 -83157.806    30.233    -4.95    9.73
 -82782.115    28.950    -3.42    8.07
 -82406.485    28.873    -0.20    7.65
 -82030.916    27.989    -2.35    7.91
 -81655.409    27.047    -2.51    7.14
 -81279.963    28.790     4.64    9.00
 -80904.577    31.934     8.37   10.01
 -80529.253    36.230    11.45    8.79
 -80153.989    41.312    13.54    4.78
 -79778.787    40.802    -1.36    5.81
 -79403.645    39.159    -4.38    7.66
 -79028.565    34.397   -12.70   10.29
 -78653.545    29.687   -12.56    9.86
 -78278.586    27.820    -4.98    7.89
 -77903.688    26.484    -3.56    7.05
 -77528.850    28.376     5.05    7.15
 -77154.074    30.781     6.42    6.15
 -76779.358    32.660     5.01    4.37
 -76404.702    33.700     2.78    2.24
 -76030.108    35.042     3.58    2.82
 -75655.573    37.055     5.38    2.84
 -75281.100    38.527     3.93    2.06
 -74906.687    38.910     1.02    1.56
 -74532.335    37.529    -3.69    2.85
 -74158.043    35.673    -4.96    2.81
 -73783.811    34.824    -2.27    2.56
 -73409.640    34.776    -0.13    2.57
 -73035.529    35.552     2.07    2.78
 -72661.479    35.907     0.95    2.60
 -72287.489    36.034     0.34    3.38
 -71913.559    36.950     2.45    4.87
 -71539.690    39.800     7.62    7.32
 -71165.881    42.923     8.36    8.91
 -70792.132    46.388     9.27    8.20
 -70418.443    48.913     6.76    6.54
 -70044.815    48.382    -1.42    5.99
 -69671.247    45.769    -6.99    6.76
 -69297.738    43.308    -6.59    6.78
 -68924.290    41.262    -5.48    5.63
 -68550.902    41.173    -0.24    5.73
 -68177.574    41.686     1.37    5.45
 -67804.306    41.740     0.14    5.26
 -67431.097    40.752    -2.65    4.82
 -67057.949    38.100    -7.11    4.61
 -66684.861    36.673    -3.82    4.49
 -66311.832    35.417    -3.37    3.87
 -65938.863    34.322    -2.93    3.03
 -65565.955    34.647     0.87    2.96
 -65193.105    34.403    -0.66    3.01
 -64820.316    33.519    -2.37    2.86
 -64447.587    32.887    -1.70    2.36
 -64074.917    33.440     1.48    3.65
 -63702.306    35.768     6.25    6.44
 -63329.756    38.207     6.55    7.38
 -62957.265    39.532     3.56    7.65
 -62584.833    38.700    -2.24    7.35
 -62212.461    36.216    -6.67    6.65
 -61840.149    34.927    -3.46    5.64
 -61467.896    34.630    -0.80    5.11
 -61095.703    31.831    -7.52    5.50
 -60723.569    29.541    -6.15    5.53
 -60351.494    27.739    -4.84    5.20
 -59979.479    26.476    -3.40    5.69
 -59607.523    27.913     3.86    6.75
 -59235.627    27.758    -0.42    6.46
 -58863.789    26.981    -2.09    5.13
 -58492.011    26.430    -1.48    3.57
 -58120.292    26.660     0.62    3.16
 -57748.633    26.797     0.37    2.96
 -57377.032    26.763    -0.09    3.03
 -57005.491    26.660    -0.28    2.90
 -56634.009    27.167     1.36    3.23
 -56262.586    26.714    -1.22    3.12
 -55891.222    26.967     0.68    3.05
 -55519.917    28.125     3.12    3.84
 -55148.671    28.065    -0.16    3.69
 -54777.484    28.254     0.51    3.55
 -54406.356    28.372     0.32    3.59
 -54035.287    27.646    -1.96    3.73
 -53664.276    27.025    -1.67    3.53
 -53293.325    26.193    -2.24    3.68
 -52922.432    24.087    -5.68    2.60
 -52551.599    23.119    -2.61    2.63
 -52180.824    22.553    -1.53    2.32
 -51810.107    21.619    -2.52    1.64
 -51439.450    22.007     1.05    1.80
 -51068.851    22.860     2.30    2.10
 -50698.311    23.538     1.83    2.25
 -50327.829    23.565     0.07    2.28
 -49957.406    23.281    -0.77    2.47
 -49587.042    22.567    -1.93    2.76
 -49216.736    22.295    -0.73    2.94
 -48846.488    22.121    -0.47    2.73
 -48476.300    22.553     1.17    2.78
 -48106.169    23.487     2.52    3.04
 -47736.097    23.433    -0.14    3.08
 -47366.084    23.147    -0.77    3.61
 -46996.128    22.893    -0.69    3.88
 -46626.231    22.835    -0.15    3.73
 -46256.393    23.358     1.41    4.08
 -45886.613    23.468     0.30    3.88
 -45516.891    24.079     1.65    3.93
 -45147.227    24.673     1.61    4.40
 -44777.621    25.303     1.70    4.58
 -44408.074    24.605    -1.89    4.51
 -44038.585    23.591    -2.74    4.30
 -43669.153    22.473    -3.03    3.64
 -43299.780    21.484    -2.68    2.93
 -42930.465    20.998    -1.32    2.47
 -42561.209    21.200     0.55    2.53
 -42192.010    20.167    -2.80    1.95
 -41822.869    20.413     0.67    2.26
 -41453.786    21.401     2.68    3.22
 -41084.761    21.403     0.01    3.29
 -40715.793    21.055    -0.94    3.39
 -40346.884    20.565    -1.33    3.49
 -39978.033    19.063    -4.07    2.99
 -39609.239    18.262    -2.17    2.54
 -39240.503    17.673    -1.60    2.33
 -38871.825    17.727     0.15    2.54
 -38503.205    17.336    -1.06    2.29
 -38134.642    16.917    -1.14    2.12
 -37766.137    17.220     0.82    2.28
 -37397.690    17.550     0.90    2.54
 -37029.300    17.646     0.26    2.77
 -36660.968    17.893     0.67    2.95
 -36292.693    17.893     0.00    3.01
 -35924.476    18.194     0.82    2.91
 -35556.317    19.509     3.57    3.89
 -35188.215    20.810     3.54    4.41
 -34820.170    21.700     2.42    4.45
 -34452.183    21.417    -0.77    4.31
 -34084.253    20.714    -1.91    3.74
 -33716.381    20.308    -1.10    3.43
 -33348.566    20.515     0.56    3.12
 -32980.808    20.660     0.39    3.07
 -32605.808    20.713     0.14    3.27
 -32226.270    19.971    -1.96    3.95
 -31846.793    17.805    -5.71    4.13
 -31467.378    15.617    -5.77    3.11
 -31088.024    14.835    -2.06    2.29
 -30708.732    15.257     1.11    3.25
 -30329.500    14.726    -1.40    3.18
 -29950.331    14.673    -0.14    2.84
 -29571.222    14.020    -1.72    2.08
 -29192.175    14.173     0.40    2.47
 -28813.189    14.214     0.11    2.53
 -28434.264    13.423    -2.09    2.31
 -28055.400    13.254    -0.45    2.05
 -27676.598    13.393     0.37    1.89
 -27297.857    13.473     0.21    2.08
 -26919.176    13.502     0.08    2.34
 -26540.557    13.776     0.72    2.33
 -26161.999    14.390     1.62    2.51
 -25783.501    14.399     0.03    2.31
 -25405.065    13.673    -1.92    2.65
 -25026.690    12.073    -4.23    3.26
 -24648.375    10.340    -4.58    2.96
 -24270.122     7.851    -6.58    2.82
 -23891.929     6.104    -4.62    2.12
 -23513.797     4.998    -2.93    1.66
 -23135.726     4.373    -1.65    1.21
 -22757.716     4.647     0.72    1.14
 -22379.766     5.108     1.22    1.10
 -22001.877     5.619     1.35    1.15
 -21624.048     6.146     1.39    0.98
 -21246.281     6.410     0.70    0.77
 -20868.574     6.160    -0.66    1.01
 -20490.927     5.780    -1.01    1.19
 -20113.341     5.340    -1.17    1.46
 -19735.816     4.727    -1.62    1.55
 -19358.351     4.147    -1.54    1.45
 -18980.946     3.413    -1.94    0.87
 -18603.602     3.186    -0.60    0.62
 -18226.318     3.257     0.19    0.69
 -17849.095     3.252    -0.01    0.74
 -17471.932     3.326     0.20    0.82
 -17094.829     3.384     0.15    0.78
 -16717.787     3.437     0.14    0.70
 -16340.805     3.527     0.24    0.83
 -15963.883     3.673     0.39    0.81
 -15587.021     3.700     0.07    0.81
 -15210.219     3.565    -0.36    0.82
 -14833.478     3.482    -0.22    0.83
 -14456.796     3.460    -0.06    0.87
 -14080.175     3.728     0.71    1.10
 -13703.614     3.887     0.42    1.30
 -13327.112     3.804    -0.22    1.44
 -12950.671     5.460     4.40    4.81
 -12574.290     7.644     5.80    7.00
 -12197.968    10.367     7.24    7.86
 -11821.707    12.702     6.21    7.76
 -11445.505    12.468    -0.62    7.29
 -11069.363     9.743    -7.24    6.80
 -10693.281     7.756    -5.28    6.04
 -10317.259     5.200    -6.80    3.91
  -9941.296     4.180    -2.71    2.13
  -9565.394     4.795     1.64    2.10
  -9189.551     5.090     0.79    2.24
  -8813.767     4.988    -0.27    2.30
  -8438.043     4.673    -0.84    2.32
  -8062.379     4.065    -1.62    2.26
  -7686.775     3.230    -2.22    1.57
  -7311.230     3.420     0.50    1.59
  -6935.744     3.512     0.24    1.72
  -6560.318     4.963     3.87    3.09
  -6184.951     7.152     5.83    4.06
  -5809.644     8.447     3.45    4.23
  -5434.396     8.132    -0.84    4.05
  -5059.208     7.147    -2.62    4.03
  -4684.079     6.002    -3.05    3.82
  -4309.009     4.795    -3.22    2.77
  -3933.999     4.550    -0.65    2.61
  -3559.048     5.254     1.88    3.14
  -3184.156     5.047    -0.55    3.14
  -2809.323     6.065     2.72    4.06
  -2434.549     7.686     4.33    4.48
  -2059.835     8.034     0.93    4.23
  -1685.180     8.081     0.12    3.96
  -1310.583     6.358    -4.60    4.19
   -936.046     3.971    -6.37    4.06
   -561.568     2.507    -3.91    4.16
   -187.149     0.552    -5.22    2.32
    187.211     0.772     0.59    3.00
    561.512     2.140     3.66    3.66
    935.755     3.194     2.82    3.53
   1309.938     4.160     2.58    2.93
   1684.063     5.098     2.51    2.41
   2058.128     4.002    -2.93    2.35
   2432.135     2.920    -2.89    2.80
   2806.084     2.633    -0.77    2.72
   3179.973     3.166     1.43    2.82
   3553.804     4.180     2.71    2.44
   3927.576     5.363     3.16    2.16
   4301.289     5.906     1.45    2.41
   4674.944     6.795     2.38    2.28
   5048.540     6.769    -0.07    2.17
   5422.077     6.495    -0.73    1.97
   5795.556     6.249    -0.66    1.62
   6168.977     6.471     0.59    1.58
   6542.339     6.673     0.54    1.35
   6915.642     6.953     0.75    1.66
   7288.887     7.050     0.26    2.02
   7662.074     7.033    -0.05    2.14
   8035.202     6.902    -0.35    2.04
   8408.272     6.273    -1.68    0.99
   8781.284     6.202    -0.19    0.79
   9154.237     6.247     0.12    0.66
   9527.132     6.349     0.28    0.77
   9899.969     6.701     0.94    0.99
  10272.748     6.899     0.53    1.16
  10645.468     6.906     0.02    1.23
  11018.130     7.104     0.53    1.35
  11390.734    14.084    18.73   15.16
  11763.280    26.920    34.45   20.47
  12135.768    36.876    26.73   18.49
  12508.198    46.468    25.75    9.29
  12880.570    49.098     7.06    2.45
  13252.884    49.961     2.32    2.64
  13625.140    50.166     0.55    2.70
  13997.338    50.552     1.03    2.67
  14369.478    51.536     2.65    2.77
  14741.560    52.227     1.86    3.37
  15113.585    53.076     2.28    3.29
  15485.551    53.890     2.19    2.91
  15857.460    53.941     0.14    3.00
  16229.311    54.173     0.62    2.59
  16601.104    53.969    -0.55    2.73
  16972.840    53.447    -1.41    3.03
  17344.518    52.934    -1.38    2.93
  17716.138    53.287     0.95    2.80
  18087.700    53.456     0.46    2.89
  18459.205    54.233     2.09    2.87
  18830.653    53.388    -2.28    3.01
  19202.042    52.153    -3.32    3.01
  19573.375    51.490    -1.79    2.75
  19944.650    50.620    -2.34    2.03
  20315.867    49.955    -1.79    1.41
  20687.027    49.953    -0.00    1.29
  21058.129    49.920    -0.09    1.00
  21429.174    49.998     0.21    0.85
  21800.162    50.146     0.40    0.86
  22171.092    50.140    -0.01    0.79
  22541.966    49.965    -0.47    0.72
  22912.781    49.940    -0.07    1.12
  23283.540    50.276     0.91    1.71
  23654.241    51.020     2.01    2.27
  24024.886    51.335     0.85    2.50
  24395.473    51.502     0.45    2.39
  24766.002    51.254    -0.67    2.36
  25136.475    50.358    -2.42    2.66
  25506.891    48.822    -4.15    3.80
  25877.249    46.592    -6.02    4.33
  26247.551    43.781    -7.59    4.23
  26617.796    41.646    -5.77    3.38
  26987.983    40.092    -4.20    2.16
  27358.114    39.673    -1.13    2.74
  27728.187    39.349    -0.88    2.85
  28098.204    38.835    -1.39    2.55
  28468.164    38.208    -1.70    2.27
  28838.067    37.920    -0.78    2.90
  29207.914    37.769    -0.41    3.59
  29577.703    36.851    -2.48    3.50
  29947.436    36.112    -2.00    2.77
  30317.112    35.372    -2.00    2.30
  30686.731    34.781    -1.60    1.74
  31056.294    34.372    -1.11    1.30
  31425.800    33.917    -1.23    1.16
  31795.249    33.249    -1.81    0.83
  32164.642    32.930    -0.86    0.99
  32533.978    32.728    -0.55    1.42
  32903.257    32.484    -0.66    2.06
  33272.480    32.399    -0.23    2.91
  33641.647    32.173    -0.61    3.49
  34010.757    31.482    -1.87    3.49
  34379.811    30.620    -2.33    3.08
  34748.808    29.840    -2.11    1.59
  35117.749    29.833    -0.02    1.64
  35486.633    29.715    -0.32    1.28
  35855.461    30.273     1.51    2.38
  36224.233    31.187     2.48    2.90
  36592.949    30.795    -1.06    3.80
  36961.608    29.451    -3.65    5.14
  37330.211    26.376    -8.34    5.47
  37698.758    23.215    -8.58    3.53
  38067.249    21.687    -4.15    1.49
  38435.683    21.871     0.50    1.70
  38804.062    22.403     1.45    1.65
  39172.384    22.575     0.47    1.60
  39540.650    22.700     0.34    1.52
  39908.860    22.842     0.39    1.86
  40277.015    22.227    -1.67    2.42
  40645.113    21.814    -1.12    2.86
  41013.155    21.808    -0.02    3.03
  41381.141    23.209     3.80    3.60
  41749.072    24.106     2.44    3.93
  42121.706    24.547     1.18    4.19
  42501.118    24.433    -0.30    5.12
  42880.471    23.982    -1.19    5.15
  43259.764    24.953     2.56    5.56
  43638.997    26.288     3.52    4.85
  44018.171    26.335     0.13    4.41
  44397.284    25.237    -2.90    5.53
  44776.338    22.947    -6.04    6.05
  45155.332    20.034    -7.69    5.42
  45534.267    17.118    -7.70    4.59
  45913.142    14.700    -6.38    4.61
  46291.958    11.941    -7.28    4.94
  46670.713    10.020    -5.07    4.22
  47049.410     8.556    -3.87    3.73
  47428.047     8.073    -1.27    2.47
  47806.624     8.110     0.10    2.30
  48185.142     7.822    -0.76    2.09
  48563.600     8.993     3.09    4.76
  48942.000    11.947     7.81    8.19
  49320.339    16.471    11.96   10.85
  49698.620    21.396    13.02   11.01
  50076.841    26.376    13.17    9.27
  50455.003    31.209    12.78    5.10
  50833.105    32.873     4.40    2.37
  51211.149    33.585     1.88    2.04
  51589.133    33.420    -0.44    1.99
  51967.058    33.293    -0.34    1.58
  52344.924    33.646     0.93    1.34
  52722.730    34.303     1.74    1.20
  53100.478    34.673     0.98    0.90
  53478.167    34.714     0.11    0.81
  53855.796    34.550    -0.44    0.85
  54233.367    34.007    -1.44    1.09
  54610.879    33.237    -2.04    1.41
  54988.332    33.057    -0.48    2.30
  55365.725    33.054    -0.01    2.96
  55743.060    33.159     0.28    3.23
  56120.336    32.983    -0.47    3.16
  56497.554    31.768    -3.22    3.27
  56874.712    31.896     0.34    3.44
  57251.812    31.660    -0.63    3.61
  57628.853    30.536    -2.98    4.66
  58005.835    28.879    -4.40    5.45
  58382.759    27.498    -3.66    5.59
  58759.624    26.146    -3.59    5.56
  59136.430    24.579    -4.16    5.29
  59513.178    23.243    -3.55    5.50
  59889.867    20.786    -6.52    4.56
  60266.498    19.646    -3.03    3.07
  60643.070    20.130     1.29    3.32
  61019.584    20.993     2.29    3.54
  61396.039    22.079     2.88    3.88
  61772.435    23.879     4.78    4.21
  62148.774    24.647     2.04    4.11
  62525.054    25.701     2.80    3.72
  62901.275    26.454     2.00    2.87
  63277.439    27.317     2.29    2.61
  63653.544    28.865     4.12    2.16
  64029.590    29.887     2.72    2.51
  64405.579    31.265     3.67    2.88
  64781.509    32.509     3.31    3.21
  65157.381    33.311     2.13    2.97
  65533.195    34.409     2.92    2.32
  65908.951    36.325     5.10    2.67
  66284.649    38.577     5.99    3.11
  66660.289    40.173     4.25    2.39
  67035.870    41.254     2.88    2.01
  67411.394    41.854     1.60    1.81
  67786.860    42.112     0.69    1.79
  68162.267    42.604     1.31    2.42
  68537.617    43.604     2.66    3.05
  68912.909    45.784     5.81    4.45
  69288.143    48.166     6.35    5.22
  69663.319    50.153     5.29    4.94
  70038.437    51.645     3.98    4.59
  70413.498    52.754     2.96    5.16
  70788.501    53.894     3.04    5.25
  71163.446    55.500     4.28    4.16
  71538.333    57.541     5.44    2.15
  71913.163    56.917    -1.67    3.02
  72287.935    56.230    -1.83    3.56
  72662.649    55.002    -3.28    3.52
  73037.306    54.406    -1.59    3.35
  73411.905    55.368     2.57    3.93
  73786.447    57.340     5.27    3.83
  74160.931    58.632     3.45    2.96
  74535.357    58.345    -0.77    2.94
  74909.726    57.865    -1.28    2.92
  75284.038    58.180     0.84    2.69
  75658.292    58.687     1.36    2.57
  76032.489    59.509     2.20    2.54
  76406.629    60.359     2.27    1.93
  76780.711    60.390     0.08    1.98
  77154.736    60.217    -0.46    2.30
  77528.704    60.833     1.65    2.55
  77902.614    61.584     2.01    2.77
  78276.467    62.247     1.77    2.96
  78650.263    62.467     0.59    2.95
  79024.002    61.440    -2.75    3.23
  79397.684    60.016    -3.81    3.33
  79771.308    59.043    -2.60    2.66
  80144.876    59.321     0.74    2.61
  80518.386    60.021     1.87    2.94
  80891.839    61.729     4.57    3.50
  81265.236    63.221     4.00    3.75
  81638.575    65.550     6.24    4.13
  82011.857    67.603     5.50    3.77
  82385.083    68.646     2.79    2.69
  82758.251    68.617    -0.08    2.90
  83131.363    67.646    -2.60    3.62
  83504.418    66.532    -2.98    3.30
  83877.416    66.249    -0.76    3.20
  84250.357    66.499     0.67    3.22
  84623.242    65.756    -1.99    3.97
  84996.070    65.217    -1.44    4.50
  85368.841    65.406     0.51    4.20
  85741.555    65.570     0.44    4.43
  86114.213    65.420    -0.40    4.52
  86486.814    65.963     1.46    4.60
  86859.358    66.007     0.12    4.92
  87231.846    65.575    -1.16    4.69
  87604.277    66.092     1.39    4.45
  87976.652    67.532     3.87    4.33
  88348.970    68.335     2.16    3.88
  88721.232    69.728     3.74    3.99
  89093.438    70.810     2.91    3.84
  89465.587    71.440     1.69    3.90
  89837.679    72.125     1.84    3.81
  90209.715    71.923    -0.54    3.67
  90581.695    71.715    -0.56    3.40
  90953.619    71.934     0.59    3.16
  91325.486    72.562     1.69    3.24
  91697.297    73.437     2.35    3.19
  92069.051    74.871     3.86    3.13
  92440.750    75.434     1.52    3.19
  92812.392    75.909     1.28    3.27
  93183.978    76.808     2.42    3.37
  93555.508    77.245     1.17    3.03
  93926.982    77.160    -0.23    2.55
  94298.400    77.572     1.11    2.19
  94669.762    77.903     0.89    2.42
  95041.068    78.556     1.76    2.34
  95412.317    79.033     1.29    2.53
  95783.511    79.188     0.42    2.99
  96154.649    79.500     0.84    3.04
  96525.731    79.688     0.51    2.91
  96896.757    78.647    -2.81    3.26
  97267.727    75.512    -8.45    5.28
  97638.641    70.484   -13.55    9.28
  98009.500    61.938   -23.04   13.87
  98380.303    52.166   -26.35   15.17
  98751.049    45.202   -18.78   12.84
  99121.741    43.180    -5.45   14.06
  99492.376    47.202    10.85   17.00
  99862.956    51.340    11.17   16.51
 100233.480    55.945    12.43   14.80
 100603.948    53.104    -7.67   17.60
 100974.361    45.673   -20.06   20.07
 101344.718    38.271   -19.99   19.34
 101715.020    30.451   -21.11   15.11
 102085.266    24.465   -16.17    6.74
 102455.457    22.937    -4.13    4.95
 102825.592    22.743    -0.53    4.84
 103195.672    22.646    -0.26    4.77
 103565.696    22.345    -0.81    4.46
 103935.665    21.771    -1.55    3.80
 104305.578    21.590    -0.49    3.61
 104675.436    24.187     7.02    6.82
 105045.239    27.062     7.77    8.04
 105414.987    32.577    14.91   10.05
 105784.679    38.159    15.10    9.94
 106154.316    43.812    15.29    8.38
 106523.897    48.146    11.72    5.17
 106893.424    51.090     7.97    3.41
 107262.895    53.378     6.19    3.00
 107632.311    54.983     4.35    2.77
 108001.672    56.082     2.97    3.21
 108370.978    56.701     1.68    2.89
 108740.229    56.388    -0.85    2.90
 109109.425    54.262    -5.76    4.67
 109478.566    51.288    -8.06    4.45
 109847.652    42.783   -23.04   12.49
 110216.682    34.297   -22.99   12.77
 110585.658    28.029   -16.98    9.34
 110954.579    25.232    -7.58    4.10
 111323.445    26.701     3.98    3.69
 111692.256    28.982     6.19    3.32
 112061.013    30.227     3.38    3.45
 112429.714    31.217     2.69    4.29
 112798.361    32.525     3.55    4.87
 113166.953    34.094     4.26    5.70
 113535.490    36.052     5.31    5.79
 113903.972    36.905     2.32    5.28
 114272.400    36.822    -0.23    4.17
 114640.773    35.585    -3.36    2.91
 115009.092    35.062    -1.42    3.17
 115377.355    35.217     0.42    4.10
 115745.565    33.645    -4.27    5.55
 116113.719    31.630    -5.47    5.29
 116481.819    29.888    -4.73    4.55
 116852.300    28.967    -2.48    3.66
 117231.589    29.273     0.81    3.65
 117610.819    29.730     1.21    3.66
 117989.991    30.797     2.81    3.36
 118369.105    31.743     2.50    2.91
 118748.161    32.368     1.65    2.97
 119127.158    32.814     1.18    3.55
 119506.097    33.194     1.00    3.90
 119884.979    33.090    -0.28    3.63
 120263.802    32.891    -0.53    3.21
 120642.567    32.444    -1.18    2.27
 121021.274    32.365    -0.21    2.11
 121399.923    31.579    -2.07    2.15
 121778.514    30.488    -2.88    2.03
 122157.047    30.550     0.16    2.95
 122535.522    31.812     3.33    4.32
 122913.940    32.879     2.82    4.43
 123292.299    32.564    -0.83    4.63
 123670.601    31.216    -3.56    4.90
 124048.845    29.444    -4.69    4.42
 124427.031    28.070    -3.63    3.32
 124805.159    28.193     0.33    4.10
 125183.229    27.920    -0.72    4.66
 125561.242    25.993    -5.10    4.56
 125939.198    24.054    -5.13    2.80
 126317.095    24.659     1.60    3.57
 126694.935    26.800     5.66    4.60
 127072.718    28.673     4.96    4.19
 127450.442    29.812     3.01    3.58
 127828.110    30.388     1.52    3.61
 128205.719    30.230    -0.42    4.23
 128583.272    29.778    -1.20    5.10
 128960.767    29.002    -2.06    5.63
 129338.204    28.456    -1.45    6.14
 129715.584    27.518    -2.48    5.86
 130092.907    27.392    -0.34    5.19
 130470.172    27.479     0.23    5.27
 130847.380    27.800     0.85    4.90
 131224.531    27.223    -1.53    4.91
 131601.624    25.997    -3.25    3.79
 131978.660    25.602    -1.05    3.49
 132355.639    24.525    -2.86    2.85
 132732.561    23.838    -1.82    2.07
 133109.426    23.620    -0.58    1.95
 133486.233    23.552    -0.18    1.93
 133862.984    23.495    -0.15    1.77
 134239.677    23.788     0.78    1.93
 134616.313    24.659     2.31    2.24
 134992.892    26.110     3.85    2.18
 135369.415    27.173     2.82    2.30
 135745.880    28.604     3.80    2.71
 136122.288    29.859     3.33    3.35
 136498.640    30.757     2.38    3.00
 136874.934    31.116     0.96    2.82
 137251.172    31.251     0.36    2.71
 137627.353    31.703     1.20    3.28
 138003.477    34.745     8.09    6.54
 138379.544    38.492     9.96    8.46
 138755.555    43.631    13.67   10.25
 139131.508    49.059    14.44    9.72
 139507.405    54.223    13.73    8.16
 139883.246    58.896    12.43    6.14
 140259.030    62.068     8.44    4.66
 140634.757    64.729     7.08    3.86
 141010.427    66.473     4.64    3.71
 141386.041    67.812     3.56    3.86
 141761.598    65.930    -5.01    8.10
 142137.099    61.498   -11.80   10.18
 142512.544    59.098    -6.39   10.13
 142887.932    58.447    -1.73    8.84
 143263.263    59.643     3.19    8.08
 143638.538    62.687     8.11    7.80
 144013.757    66.804    10.97    7.18
 144388.919    71.885    13.54    6.82
 144764.025    76.859    13.26    6.13
 145139.075    80.590     9.95    5.50
 145514.068    84.518    10.47    3.36
 145889.005    86.434     5.11    1.93
 146263.886    86.871     1.16    1.88
 146638.711    86.124    -1.99    2.78
 147013.479    84.757    -3.65    3.18
 147388.191    83.485    -3.39    2.95
 147762.848    82.630    -2.28    2.05
 148137.448    82.644     0.04    2.23
 148511.992    82.731     0.23    2.13
 148886.480    83.188     1.22    2.23
 149260.912    83.687     1.33    2.09
 149635.288    83.659    -0.08    2.07
 150009.608    83.349    -0.83    2.13
 150383.872    82.945    -1.08    1.87
 150758.080    82.201    -1.99    1.88
 151132.232    80.687    -4.05    2.19
 151506.328    79.730    -2.56    2.03
 151880.369    78.201    -4.09    1.95
 152254.354    77.499    -1.88    1.65
 152628.282    77.209    -0.78    1.72
 153002.156    77.316     0.29    1.73
 153375.973    77.465     0.40    2.01
 153749.735    78.557     2.92    2.30
 154123.441    79.406     2.27    2.18
 154497.091    80.012     1.62    2.30
 154870.686    80.717     1.89    2.56
 155244.225    81.264     1.47    2.80
 155617.708    81.557     0.78    2.73
 155991.136    81.818     0.70    2.57
 156364.509    80.983    -2.24    3.00
 156737.825    79.758    -3.28    2.72
 157111.087    78.715    -2.79    1.67
 157484.293    78.561    -0.41    0.96
 157857.443    78.826     0.71    0.93
 158230.538    79.007     0.48    0.84
 158603.578    79.145     0.37    0.72
 158976.563    79.146     0.00    0.75
 159349.492    79.265     0.32    0.87
 159722.365    79.687     1.13    0.96
 160095.184    79.916     0.61    0.94
 160467.947    80.194     0.74    0.96
 160840.655    80.482     0.77    0.82
 161213.308    80.743     0.70    0.83
 161585.905    80.850     0.29    0.95
 161958.448    81.137     0.77    0.96
 162330.935    81.497     0.97    0.91
 162703.367    81.644     0.40    0.77
 163075.744    81.901     0.69    0.87
 163448.066    82.288     1.04    1.03
 163820.334    82.543     0.69    1.11
 164192.546    82.772     0.62    0.85
 164564.703    82.603    -0.45    0.96
 164936.805    82.152    -1.21    1.07
 165308.852    81.617    -1.44    1.31
 165680.844    82.152     1.44    2.17
 166052.782    83.816     4.47    3.11
 166424.664    85.617     4.84    3.15
 166796.492    87.448     4.92    2.09
 167168.265    87.586     0.37    2.61
 167539.983    87.434    -0.41    2.86
 167911.646    86.572    -2.32    3.22
 168283.255    85.547    -2.76    3.36
 168654.809    84.963    -1.57    2.88
 169026.308    85.730     2.06    3.06
 169397.753    86.088     0.96    3.68
 169769.143    85.830    -0.69    3.99
 170140.479    86.007     0.47    4.18
 170511.759    85.065    -2.54    3.63
 170882.986    84.046    -2.74    2.53
 171254.158    83.528    -1.40    1.89
 171625.275    84.070     1.46    2.39
 171996.338    85.025     2.57    3.29
 172367.346    86.467     3.89    4.05
 172738.300    89.268     7.55    4.58
 173109.199    90.365     2.96    4.19
 173480.045    88.838    -4.12    5.26
 173850.835    86.818    -5.45    5.07
 174221.572    84.920    -5.12    3.84
 174592.254    84.230    -1.86    2.82
 174962.882    85.504     3.44    3.25
 175333.455    86.859     3.66    3.05
 175703.975    88.298     3.88    2.56
 176074.440    89.293     2.68    2.36
 176444.851    90.345     2.84    2.63
 176815.208    91.518     3.17    2.32
 177185.511    92.402     2.39    2.06
 177555.759    93.152     2.03    1.86
 177925.954    93.302     0.40    1.75
 178296.094    93.302     0.00    1.48
 178666.181    92.617    -1.85    1.81
 179036.213    91.040    -4.26    2.31
 179406.192    89.499    -4.16    2.36
 179776.116    87.913    -4.29    2.57
 180145.987    86.888    -2.77    2.50
 180515.803    85.577    -3.54    2.73
 180885.566    84.573    -2.72    2.85
 181255.275    83.730    -2.28    2.62
 181624.930    82.731    -2.70    1.95
 181994.531    82.590    -0.38    1.83
 182364.079    82.731     0.38    1.63
 182733.572    83.716     2.66    2.23
 183103.012    84.569     2.31    2.49
 183472.399    85.291     1.95    2.49
 183841.731    85.507     0.58    2.46
 184211.010    84.862    -1.75    2.54
 184580.235    84.291    -1.55    2.36
 184949.407    83.488    -2.18    1.88
 185318.525    82.791    -1.89    1.45
 185687.589    82.768    -0.06    1.47
 186056.600    83.476     1.92    2.03
 186425.557    84.380     2.45    2.51
 186794.461    85.113     1.99    2.61
 187163.312    84.993    -0.32    2.63
 187532.109    84.082    -2.47    2.44
 187900.852    83.235    -2.30    1.78
 188269.542    82.688    -1.48    1.54
 188638.179    82.378    -0.84    1.60
 189006.762    82.405     0.07    1.96
 189375.293    82.586     0.49    2.08
 189743.769    83.512     2.51    2.67
 190112.193    84.760     3.39    2.55
 190480.563    85.173     1.12    2.49
 190848.880    84.434    -2.01    3.04
 191217.144    83.007    -3.87    2.96
 191585.670    81.576    -3.88    1.97
 191964.837    80.528    -2.76    0.73
 192343.948    80.504    -0.06    1.12
 192723.001    80.459    -0.12    1.74
 193101.998    80.488     0.08    2.02
 193480.938    80.743     0.67    2.11
 193859.821    80.938     0.52    2.02
 194238.648    80.744    -0.51    1.78
 194617.418    80.541    -0.54    1.44
 194996.132    80.138    -1.06    1.16
 195374.789    80.050    -0.23    1.65
 195753.390    80.245     0.51    1.93
 196131.934    80.245     0.00    2.01
 196510.422    80.302     0.15    2.27
 196888.853    79.983    -0.84    2.12
 197267.228    80.041     0.15    2.44
 197645.547    80.631     1.56    2.88
 198023.809    81.598     2.55    3.05
 198402.015    82.308     1.88    2.80
 198780.165    81.823    -1.28    2.20
 199158.258    81.482    -0.90    2.08
 199536.295    81.934     1.20    2.63
 199914.276    83.284     3.57    3.61
 200292.201    84.354     2.83    3.79
 200670.069    84.888     1.41    3.99
 201047.882    83.730    -3.06    5.64
 201425.638    81.615    -5.60    6.71
 201803.338    79.115    -6.62    6.81
 202180.982    77.181    -5.12    5.95
 202558.570    77.088    -0.25    5.70
 202936.103    77.247     0.42    5.82
 203313.579    75.772    -3.91    5.53
 203690.999    72.988    -7.38    5.80
 204068.363    70.230    -7.30    4.66
 204445.671    67.589    -7.00    3.23
 204822.924    66.369    -3.23    3.08
 205200.121    66.427     0.15    3.36
 205577.261    66.320    -0.28    2.97
 205954.346    66.617     0.79    3.60
 206331.376    67.629     2.68    4.74
 206708.349    70.130     6.63    7.11
 207085.267    73.615     9.24    8.32
 207462.129    76.845     8.57    8.01
 207838.935    80.088     8.60    6.93
 208215.686    81.902     4.81    6.08
 208592.381    83.082     3.13    5.37
 208969.020    84.746     4.42    3.69
 209345.604    84.983     0.63    3.56
 209722.133    86.375     3.70    3.34
 210098.606    88.113     4.62    3.91
 210475.023    89.734     4.30    4.19
 210851.385    91.835     5.58    4.10
 211227.691    93.181     3.57    3.09
 211603.942    92.230    -2.52    4.05
 211980.138    89.402    -7.52    4.64
 212356.278    87.659    -4.63    4.00
 212732.363    87.601    -0.15    4.16
 213108.393    88.559     2.55    4.23
 213484.367    89.321     2.03    3.65
 213860.286    88.659    -1.76    3.01
 214236.150    87.701    -2.55    2.40
 214611.958    86.838    -2.30    1.87
 214987.712    86.927     0.24    1.93
 215363.410    87.734     2.15    2.49
 215739.053    89.714     5.27    3.83
 216114.641    91.847     5.68    4.38
 216490.174    93.744     5.05    4.06
 216865.652    96.152     6.41    3.01
 217241.075    97.373     3.25    2.60
 217616.442    97.559     0.49    2.91
 217991.755    97.545    -0.04    3.01
 218367.013    96.230    -3.50    3.67
 218742.216    94.438    -4.78    4.04
 219117.364    92.045    -6.38    3.67
 219492.457    90.026    -5.38    1.84
 219867.495    89.420    -1.62    1.23
 220242.478    89.173    -0.66    0.95
 220617.407    89.153    -0.05    0.80
 220992.280    89.181     0.07    0.80
 221367.099    89.237     0.15    0.82
 221741.864    89.340     0.28    0.82
 222116.573    89.434     0.25    0.93
 222491.228    89.545     0.30    0.93
 222865.828    89.773     0.61    0.84
 223240.374    89.953     0.48    0.99
 223614.864    90.239     0.76    0.96
 223989.301    90.645     1.08    0.98
 224363.682    90.953     0.82    0.90
 224738.010    91.279     0.87    0.96
 225112.282    91.643     0.97    0.91
 225486.500    91.876     0.62    0.91
 225860.664    92.234     0.96    0.86
 226234.773    92.619     1.03    0.76
 226608.828    92.804     0.50    0.82
 226982.829    93.138     0.89    0.97
 227356.775    93.573     1.16    0.98
 227730.666    94.045     1.26    1.09
 228104.504    94.514     1.25    0.96
 228478.287    94.830     0.85    0.90
 228852.016    95.152     0.86    0.80
 229225.690    95.354     0.54    0.83
 229599.311    95.373     0.05    0.77
 229972.877    95.041    -0.89    1.01
 230346.389    94.392    -1.74    1.30
 230719.847    93.658    -1.96    1.20
 231093.250    93.407    -0.67    1.09
 231466.600    93.325    -0.22    1.02
 231839.896    93.293    -0.09    0.99
 232213.137    93.335     0.11    0.97
 232586.324    93.273    -0.17    0.87
 232959.458    92.982    -0.78    1.03
 233332.537    92.559    -1.13    1.14
 233705.563    92.259    -0.80    1.08
 234078.534    92.202    -0.15    1.00
 234451.452    92.173    -0.08    0.96
 234824.316    92.392     0.59    0.93
 235197.126    92.589     0.53    1.00
 235569.882    92.894     0.82    1.10
 235942.584    93.363     1.26    1.13
 236315.233    93.833     1.26    1.08
 236687.827    94.245     1.11    1.02
 237060.368    94.644     1.07    1.02
 237432.856    94.818     0.47    0.94
 237805.289    95.104     0.77    0.87
 238177.669    95.232     0.34    0.85
 238549.995    95.504     0.73    0.93
 238922.268    95.775     0.73    0.91
 239294.487    96.056     0.75    0.91
 239666.653    96.359     0.81    0.79
 240038.765    96.673     0.84    0.73
 240410.823    96.729     0.15    0.73
 240782.828    96.865     0.36    0.76
 241154.780    97.096     0.62    0.75
 241526.678    97.416     0.86    0.77
 241898.522    97.645     0.61    0.83
 242270.313    97.789     0.39    0.81
 242642.051    97.833     0.12    0.87
 243013.736    97.732    -0.27    0.84
 243385.367    97.644    -0.24    0.89
 243756.945    97.702     0.15    0.90
 244128.469    97.746     0.12    0.90
 244499.941    97.814     0.18    0.87
 244871.359    97.867     0.14    0.96
 245242.723    97.742    -0.34    0.98
 245614.035    97.764     0.06    0.97
 245985.294    97.744    -0.06    0.96
 246356.499    97.747     0.01    0.89
 246727.651    97.775     0.08    0.94
 247098.750    97.673    -0.27    0.87
 247469.796    97.394    -0.75    0.97
 247840.790    97.007    -1.04    1.06
 248211.730    96.459    -1.48    1.13
 248582.617    96.159    -0.81    1.39
 248953.451    96.420     0.70    2.13
 249324.232    97.340     2.48    2.89
 249694.960    98.445     2.98    2.95
 250065.635    98.923     1.29    2.78
 250436.258    99.273     0.94    2.60
 250806.827    99.502     0.62    2.37
 251177.344   100.065     1.52    2.17
 251547.808   100.383     0.86    1.83
 251918.219    99.934    -1.21    1.74
 252288.577    99.210    -1.96    1.97
 252658.883    98.645    -1.52    1.91
 253029.136    97.545    -2.97    2.00
 253399.336    96.804    -2.00    2.06
 253769.483    95.631    -3.17    2.08
 254139.578    94.021    -4.35    2.35
 254509.621    93.166    -2.31    2.14
 254879.610    92.541    -1.69    1.81
 255249.547    92.307    -0.63    1.99
 255619.432    92.479     0.47    2.28
 255989.264    93.085     1.64    2.60
 256359.043    93.473     1.05    2.56
 256728.770    94.311     2.27    2.36
 257098.445    94.972     1.79    2.56
 257468.067    95.744     2.09    2.16
 257837.637    96.052     0.83    1.67
 258207.154    95.953    -0.27    1.77
 258576.619    95.401    -1.50    1.77
 258946.032    94.490    -2.46    1.93
 259315.392    93.584    -2.45    2.28
 259684.700    92.905    -1.84    2.64
 260053.956    92.295    -1.65    2.71
 260423.159    91.835    -1.24    2.53
 260792.311    91.315    -1.41    2.43
 261161.410    91.188    -0.35    2.45
 261530.457    91.159    -0.08    2.45
 261899.451    91.363     0.56    2.29
 262268.394    90.630    -1.99    2.48
 262637.284    89.786    -2.29    2.68
 263006.123    88.600    -3.22    2.67
 263374.909    86.759    -4.99    3.72
 263743.643    84.394    -6.41    4.52
 264112.326    82.545    -5.01    3.66
 264480.956    82.230    -0.85    3.77
 264849.534    84.100     5.07    5.01
 265218.061    86.949     7.73    5.28
 265586.535    88.902     5.30    5.27
 265954.957    92.088     8.64    3.57
 266323.328    93.745     4.50    2.37
 266700.759    95.195     3.84    2.06
 267079.753    96.306     2.93    1.99
 267458.692    97.616     3.46    1.87
 267837.576    98.335     1.90    2.12
 268216.404    98.835     1.32    2.20
 268595.177    99.119     0.75    2.39
 268973.896    99.247     0.34    2.14
 269352.559    99.159    -0.23    2.19
 269731.167    99.502     0.91    1.99
 270109.720    99.166    -0.89    2.69
 270488.218    98.482    -1.81    3.68
 270866.660    97.082    -3.70    4.21
 271245.048    95.061    -5.34    4.00
 271623.381    93.499    -4.13    3.99
 272001.659    93.037    -1.22    3.85
 272379.883    92.398    -1.69    3.64
 272758.051    91.482    -2.42    2.43
 273136.164    91.482     0.00    1.99
 273514.223    91.369    -0.30    1.77
 273892.227    91.123    -0.65    0.95
 274270.176    91.416     0.78    0.99
 274648.070    91.394    -0.06    1.10
 275025.910    91.386    -0.02    1.14
 275403.695    91.310    -0.20    1.05
 275781.425    91.138    -0.45    1.04
 276159.101    91.022    -0.31    0.89
 276536.722    91.012    -0.03    0.73
 276914.288    91.108     0.26    0.79
 277291.800    91.181     0.19    0.78
 277669.257    91.345     0.43    0.91
 278046.660    91.541     0.52    1.01
 278424.008    91.745     0.54    1.05
 278801.302    92.002     0.68    1.12
 279178.541    92.340     0.90    1.18
 279555.726    92.522     0.48    1.14
 279932.856    92.617     0.25    0.98
 280309.933    92.688     0.19    0.83
 280686.954    92.865     0.47    0.89
 281063.922    93.173     0.82    0.97
 281440.835    93.528     0.94    1.05
 281817.694    94.059     1.41    1.03
 282194.498    94.257     0.52    1.09
 282571.249    94.651     1.05    0.95
