-202554.300    55.424     0.00    4.13
-202186.277    56.907     4.03    4.48
-201818.182    58.703     4.88    5.02
-201450.017    60.226     4.14    5.54
-201081.780    61.625     3.80    5.02
-200713.471    62.005     1.03    4.45
-200345.092    62.304     0.81    3.86
-199976.640    61.096    -3.28    3.35
-199608.117    59.825    -3.45    3.34
-199239.523    60.289     1.26    4.67
-198870.857    62.645     6.39    6.47
-198502.119    67.028    11.88    7.51
-198133.310    71.757    12.82    5.58
-197764.429    76.077    11.71    3.19
-197395.476    78.993     7.90    3.89
-197026.451    82.268     8.87    4.51
-196657.355    84.704     6.60    5.72
-196288.186    87.542     7.68    6.48
-195918.946    88.070     1.43    6.24
-195549.634    88.675     1.64    5.53
-195180.249    88.664    -0.03    4.09
-194810.793    88.465    -0.54    2.76
-194441.264    88.499     0.09    2.17
-194071.663    87.846    -1.77    2.89
-193701.991    86.432    -3.82    3.36
-193332.245    85.667    -2.07    3.04
-192962.428    85.334    -0.90    2.52
-192592.538    86.193     2.32    2.55
-192222.576    86.749     1.50    2.19
-191852.542    86.433    -0.85    1.80
-191482.435    85.235    -3.24    2.14
-191112.255    83.769    -3.96    2.56
-190742.003    82.042    -4.66    2.18
-190371.679    80.802    -3.35    1.83
-190001.281    79.684    -3.02    1.82
-189630.812    78.858    -2.23    2.16
-189260.269    77.994    -2.33    2.36
-188889.654    76.499    -4.03    3.55
-188518.966    75.051    -3.91    4.01
-188148.205    72.312    -7.39    5.27
-187777.371    69.218    -8.34    6.06
-187406.464    68.504    -1.92    6.08
-187035.485    70.081     4.25    7.20
-186664.432    73.515     9.25    7.13
-186293.306    77.493    10.72    4.09
-185922.108    78.993     4.04    2.93
-185550.836    79.993     2.69    3.29
-185179.491    80.353     0.97    3.86
-184808.072    80.149    -0.55    4.37
-184436.581    78.875    -3.43    6.45
-184065.016    77.293    -4.26    6.71
-183693.378    76.162    -3.04    6.01
-183321.666    76.202     0.11    4.41
-182949.881    77.563     3.66    3.93
-182578.023    79.712     5.78    4.00
-182206.091    82.601     7.77    3.08
-181834.085    84.319     4.62    2.67
-181462.006    85.696     3.70    3.17
-181089.853    87.566     5.02    4.26
-180717.627    89.089     4.09    4.62
-180345.327    89.948     2.31    3.96
-179972.953    91.101     3.10    3.22
-179600.505    92.597     4.02    4.08
-179227.983    94.017     3.81    4.80
-178855.388    95.499     3.98    4.51
-178482.718    95.139    -0.96    5.55
-178109.974    91.510    -9.74    6.74
-177737.157    87.993    -9.43    6.42
-177364.265    84.782    -8.61    4.97
-176991.299    82.764    -5.41    4.12
-176618.260    82.050    -1.91    4.19
-176245.145    81.419    -1.69    3.76
-175871.957    81.727     0.82    3.20
-175498.694    83.589     4.99    3.90
-175125.357    85.364     4.75    3.57
-174751.946    85.893     1.42    2.82
-174378.460    84.282    -4.31    3.74
-174004.899    82.139    -5.74    3.94
-173631.265    81.607    -1.42    3.93
-173257.555    82.171     1.51    4.49
-172883.771    83.278     2.96    4.87
-172509.912    84.538     3.37    4.31
-172135.979    86.005     3.92    4.14
-171761.971    86.038     0.09    4.06
-171387.888    86.789     2.01    4.14
-171013.730    87.158     0.99    4.31
-170639.497    87.212     0.14    4.11
-170265.190    86.682    -1.42    3.83
-169890.807    85.902    -2.08    3.56
-169516.350    86.663     2.03    4.20
-169141.817    87.971     3.49    4.66
-168767.209    89.114     3.05    4.59
-168392.527    89.926     2.17    3.69
-168017.769    90.004     0.21    3.11
-167642.935    89.870    -0.36    3.17
-167268.027    90.356     1.30    3.02
-166893.043    90.913     1.49    2.74
-166517.984    91.026     0.30    2.60
-166142.849    91.982     2.55    2.87
-165767.639    92.993     2.69    3.30
-165392.353    94.535     4.11    2.97
-165016.992    96.027     3.97    3.04
-164641.555    97.351     3.53    4.54
-164266.043    98.443     2.91    5.41
-163890.455   100.518     5.52    5.65
-163514.791   101.504     2.63    5.08
-163139.051   102.446     2.51    4.02
-162763.236   103.689     3.31    3.30
-162387.345   103.594    -0.25    2.77
-162011.377   102.444    -3.06    2.63
-161635.334   100.839    -4.27    2.92
-161259.215    97.872    -7.89    4.42
-160883.020    94.017   -10.25    4.96
-160506.749    91.949    -5.49    3.68
-160130.401    91.203    -1.98    2.89
-159753.977    91.928     1.93    3.47
-159377.478    92.354     1.13    4.91
-159000.901    92.883     1.40    6.14
-158624.249    92.958     0.20    6.26
-158247.520    91.773    -3.15    5.04
-157870.715    92.276     1.33    3.69
-157493.833    94.145     4.96    3.96
-157116.875    95.505     3.61    3.73
-156739.840    95.360    -0.39    3.27
-156362.729    94.308    -2.79    3.08
-155985.541    92.443    -4.94    3.18
-155608.276    89.866    -6.83    3.22
-155230.934    88.127    -4.61    3.04
-154853.516    87.226    -2.39    3.15
-154476.021    86.707    -1.37    3.88
-154098.449    85.603    -2.93    4.30
-153720.800    84.363    -3.28    4.20
-153343.074    83.016    -3.56    3.61
-152965.272    82.213    -2.13    3.34
-152587.392    81.094    -2.96    3.37
-152209.435    80.301    -2.10    4.31
-151831.400    79.115    -3.14    6.17
-151453.289    77.718    -3.69    6.51
-151075.100    76.297    -3.76    5.99
-150696.834    76.149    -0.39    5.43
-150318.491    76.014    -0.36    4.41
-149940.070    76.682     1.76    5.17
-149561.572    77.667     2.60    5.86
-149182.997    79.260     4.21    6.26
-148804.343    81.349     5.52    6.04
-148425.613    82.149     2.11    5.75
-148046.804    82.615     1.23    4.94
-147667.918    83.471     2.26    4.07
-147288.954    84.915     3.81    3.35
-146909.913    85.960     2.76    2.51
-146530.794    85.938    -0.06    3.05
-146151.596    85.520    -1.10    3.61
-145772.321    85.449    -0.19    3.46
-145392.968    85.778     0.87    3.07
-145013.537    86.271     1.30    2.38
-144634.028    84.638    -4.30    4.09
-144254.441    81.532    -8.18    4.77
-143874.775    77.204   -11.40    4.81
-143495.032    72.221   -13.12    5.93
-143115.210    68.505    -9.78    5.62
-142735.310    67.312    -3.14    5.20
-142355.331    68.203     2.35    5.76
-141975.274    71.689     9.17    5.55
-141595.139    76.065    11.51    3.16
-141214.925    76.971     2.38    3.03
-140834.633    77.288     0.83    3.11
-140454.262    77.243    -0.12    2.91
-140073.813    76.540    -1.85    2.67
-139693.284    75.704    -2.20    3.20
-139312.677    74.029    -4.40    3.87
-138931.992    72.630    -3.67    4.40
-138558.791    71.040    -4.26    5.76
-138193.036    69.375    -4.55    6.53
-137827.209    66.792    -7.06    7.39
-137461.311    63.793    -8.19    7.21
-137095.341    62.545    -3.41    5.86
-136729.299    64.850     6.30    6.59
-136363.184    68.732    10.60    5.93
-135996.998    73.338    12.58    3.96
-135630.740    76.323     8.15    4.24
-135264.410    77.649     3.62    4.38
-134898.008    77.178    -1.29    5.10
-134531.533    76.522    -1.79    5.27
-134164.986    76.623     0.28    4.67
-133798.367    76.088    -1.46    4.59
-133431.676    75.873    -0.59    5.00
-133064.912    75.005    -2.37    4.98
-132698.076    73.762    -3.39    3.84
-132331.168    73.656    -0.29    3.68
-131964.187    73.323    -0.91    4.21
-131597.133    72.493    -2.26    3.83
-131230.007    71.960    -1.45    2.87
-130862.809    73.268     3.56    3.33
-130495.538    75.442     5.92    3.91
-130128.194    77.526     5.67    3.36
-129760.777    77.750     0.61    3.18
-129393.287    75.504    -6.11    4.58
-129025.725    72.746    -7.50    4.47
-128658.090    70.378    -6.44    3.75
-128290.382    68.477    -5.17    3.40
-127922.601    66.949    -4.15    3.69
-127554.747    65.265    -4.58    4.03
-127186.820    63.437    -4.97    3.70
-126818.820    64.169     1.99    5.39
-126450.747    67.798     9.86    8.12
-126082.601    72.091    11.66    8.00
-125714.381    75.664     9.70    4.93
-125346.089    74.301    -3.70    7.02
-124977.723    69.276   -13.64    9.92
-124609.283    63.080   -16.82    9.85
-124240.771    58.993   -11.09    8.46
-123872.184    57.906    -2.95    6.39
-123503.525    58.645     2.00    5.13
-123134.792    60.689     5.54    4.94
-122765.985    63.993     8.96    5.51
-122397.105    66.263     6.15    3.79
-122028.151    66.058    -0.56    3.25
-121659.123    64.562    -4.06    3.63
-121290.022    62.939    -4.40    2.91
-120920.847    61.876    -2.88    2.44
-120551.598    61.674    -0.55    2.55
-120182.275    61.622    -0.14    2.88
-119812.879    60.950    -1.82    3.22
-119443.408    60.637    -0.85    3.88
-119073.863    58.297    -6.33    5.17
-118704.245    55.153    -8.51    6.36
-118334.552    51.169   -10.77    6.12
-117964.785    49.330    -4.97    4.75
-117594.944    49.710     1.03    4.21
-117225.029    52.082     6.41    3.94
-116855.040    54.939     7.72    3.37
-116484.976    56.389     3.92    2.92
-116114.838    56.927     1.45    2.48
-115744.626    56.864    -0.17    2.22
-115374.339    56.269    -1.61    2.23
-115003.977    53.928    -6.32    4.20
-114633.542    51.040    -7.79    5.44
-114263.031    48.504    -6.85    4.93
-113892.446    47.668    -2.25    5.61
-113521.786    48.765     2.96    6.35
-113151.052    50.227     3.94    5.94
-112780.243    50.536     0.84    4.74
-112409.359    49.047    -4.02    4.42
-112038.400    47.071    -5.33    3.99
-111667.366    46.703    -0.99    4.39
-111296.258    45.104    -4.31    3.91
-110925.074    44.477    -1.69    3.73
-110553.816    44.198    -0.75    4.22
-110182.482    42.713    -4.00    4.84
-109811.073    39.471    -8.73    5.98
-109439.590    36.178    -8.86    6.08
-109068.031    32.672    -9.44    4.25
-108696.396    32.597    -0.20    3.80
-108324.687    34.821     5.98    6.06
-107952.902    37.743     7.86    6.74
-107581.041    39.051     3.52    6.50
-107209.106    37.406    -4.42    8.84
-106837.095    33.810    -9.67   10.61
-106465.008    29.786   -10.81    9.67
-106092.846    27.040    -7.38    7.69
-105720.608    25.613    -3.83    4.82
-105348.294    25.187    -1.14    3.56
-104975.905    25.928     1.99    3.37
-104603.440    26.641     1.91    2.83
-104230.899    28.254     4.33    2.71
-103858.283    30.349     5.62    3.01
-103485.591    33.276     7.85    4.09
-103112.822    35.293     5.41    4.06
-102739.978    36.477     3.17    3.11
-102367.058    36.345    -0.35    2.79
-101994.061    34.832    -4.06    3.20
-101620.989    33.510    -3.54    2.81
-101247.840    33.215    -0.79    2.74
-100874.615    33.939     1.94    3.07
-100501.314    34.160     0.59    3.05
-100127.937    33.450    -1.90    4.08
 -99754.483    31.925    -4.08    5.64
 -99380.953    29.358    -6.87    6.21
 -99007.346    27.591    -4.73    5.09
 -98633.663    28.939     3.61    5.52
 -98259.904    31.598     7.11    4.77
 -97886.068    33.982     6.38    2.97
 -97512.155    35.120     3.04    3.40
 -97138.165    36.344     3.27    3.90
 -96764.099    37.040     1.86    3.79
 -96389.956    38.262     3.27    3.21
 -96015.737    39.342     2.89    3.76
 -95641.440    42.406     8.19    6.67
 -95267.067    46.971    12.19    8.04
 -94892.616    53.254    16.78    7.58
 -94518.089    58.158    13.09    4.97
 -94143.485    60.156     5.33    2.91
 -93768.803    59.762    -1.05    3.71
 -93394.045    57.627    -5.70    4.61
 -93019.209    56.454    -3.13    4.16
 -92644.296    56.482     0.07    3.64
 -92269.306    57.493     2.70    3.82
 -91894.238    58.380     2.36    3.00
 -91519.093    59.072     1.84    2.63
 -91143.871    59.102     0.08    2.44
 -90768.571    57.982    -2.98    1.75
 -90393.193    57.283    -1.86    1.90
 -90017.738    56.604    -1.81    2.24
 -89642.206    56.380    -0.60    2.19
 -89266.596    55.860    -1.38    2.75
 -88890.908    55.358    -1.33    3.29
 -88515.142    55.147    -0.56    3.00
 -88139.299    53.982    -3.10    3.28
 -87763.377    53.134    -2.26    5.00
 -87387.378    51.627    -4.01    5.94
 -87011.301    50.547    -2.87    5.61
 -86635.146    49.326    -3.25    5.49
 -86258.913    47.352    -5.25    5.35
 -85882.601    44.276    -8.17    4.55
 -85506.212    41.993    -6.06    4.40
 -85129.745    40.623    -3.64    3.82
 -84753.199    39.918    -1.87    2.74
 -84376.575    41.070     3.06    3.32
 -83999.872    41.498     1.14    3.31
 -83623.092    41.367    -0.35    3.16
 -83246.232    42.348     2.60    3.90
 -82869.295    44.027     4.45    4.77
 -82492.279    46.067     5.41    4.61
 -82115.184    49.016     7.82    3.51
 -81738.011    50.386     3.63    4.26
 -81360.759    51.562     3.12    5.12
 -80983.428    54.789     8.55    5.89
 -80606.018    58.516     9.88    6.15
 -80228.530    60.993     6.56    4.65
 -79850.963    62.780     4.73    2.44
 -79473.317    62.982     0.54    2.25
 -79095.592    62.619    -0.96    2.05
 -78717.788    62.348    -0.72    1.72
 -78339.905    62.232    -0.31    1.61
 -77961.942    62.595     0.96    1.72
 -77583.901    62.754     0.42    1.72
 -77205.781    63.434     1.80    2.01
 -76827.581    64.743     3.46    2.70
 -76449.302    66.232     3.94    2.90
 -76070.943    67.573     3.55    2.49
 -75692.505    68.504     2.46    2.48
 -75313.988    68.606     0.27    3.31
 -74935.391    68.828     0.59    3.93
 -74556.715    68.240    -1.55    4.42
 -74177.959    67.575    -1.75    4.35
 -73799.124    65.595    -5.23    4.15
 -73420.208    62.634    -7.81    3.76
 -73041.213    60.068    -6.77    3.38
 -72662.138    58.504    -4.13    3.22
 -72282.984    55.305    -8.44    4.36
 -71903.749    51.122   -11.03    6.51
 -71524.435    45.727   -14.22    7.98
 -71145.040    41.735   -10.52    5.92
 -70765.566    39.710    -5.33    5.63
 -70386.011    38.541    -3.08    7.13
 -70006.376    40.026     3.91    8.68
 -69626.661    39.875    -0.40    9.34
 -69246.866    38.547    -3.49    9.41
 -68866.991    36.896    -4.35    8.73
 -68487.035    36.004    -2.35    7.78
 -68106.998    35.080    -2.43    8.12
 -67726.882    33.780    -3.42    8.24
 -67346.685    35.338     4.10    8.08
 -66966.407    38.754     8.98    8.09
 -66586.048    40.290     4.04    7.09
 -66205.609    39.123    -3.07    7.74
 -65825.090    35.593    -9.28    8.53
 -65444.489    32.832    -7.26    8.53
 -65063.808    32.516    -0.83    9.25
 -64683.046    33.045     1.39    8.40
 -64302.203    33.778     1.92    7.78
 -63923.987    36.045     6.00    7.41
 -63558.459    38.387     6.41    7.42
 -63192.859    40.365     5.41    7.51
 -62827.184    40.549     0.50    7.36
 -62461.436    40.525    -0.07    6.21
 -62095.615    41.348     2.25    6.61
 -61729.719    42.526     3.22    6.38
 -61363.750    44.391     5.10    6.13
 -60997.708    45.611     3.33    6.27
 -60631.591    49.403    10.36    6.80
 -60265.401    54.382    13.60    6.17
 -59899.136    58.614    11.55    6.58
 -59532.798    61.330     7.42    5.21
 -59166.386    60.940    -1.07    5.59
 -58799.899    57.026   -10.68    8.51
 -58433.339    50.896   -16.72    9.73
 -58066.704    44.786   -16.66    9.16
 -57699.996    38.141   -18.12   10.56
 -57333.213    31.801   -17.28    9.40
 -56966.355    29.072    -7.44    7.66
 -56599.424    28.280    -2.16    6.99
 -56232.418    30.791     6.84    7.89
 -55865.338    35.227    12.08    7.77
 -55498.183    38.243     8.21    7.17
 -55130.954    42.599    11.86    7.64
 -54763.650    47.262    12.69    7.85
 -54396.272    51.751    12.22    5.94
 -54028.819    53.110     3.70    4.60
 -53661.291    53.330     0.60    5.28
 -53293.689    50.961    -6.44    6.63
 -52926.012    46.215   -12.91    8.03
 -52558.260    41.466   -12.91    9.83
 -52190.433    38.937    -6.88   10.16
 -51822.532    36.269    -7.25    8.90
 -51454.555    36.623     0.96    9.32
 -51086.503    38.195     4.27   11.62
 -50718.377    41.535     9.07   14.04
 -50350.175    47.449    16.06   12.25
 -49981.898    52.308    13.20    9.62
 -49613.547    56.171    10.49    6.11
 -49245.119    56.898     1.97    4.47
 -48876.617    57.615     1.95    3.32
 -48508.039    58.471     2.32    3.81
 -48139.386    57.971    -1.36    3.92
 -47770.658    57.716    -0.69    4.00
 -47401.854    56.642    -2.91    4.53
 -47032.974    54.358    -6.19    4.66
 -46664.020    52.067    -6.21    5.73
 -46294.989    48.619    -9.34    6.22
 -45925.883    43.424   -14.07    7.51
 -45556.701    38.516   -13.29    8.13
 -45187.444    33.838   -12.67    8.13
 -44818.110    30.420    -9.25    8.15
 -44448.701    26.435   -10.79   10.27
 -44079.216    22.641   -10.27   10.55
 -43709.655    19.541    -8.39    8.74
 -43340.019    19.057    -1.31    8.22
 -42970.306    23.373    11.68   10.82
 -42600.517    28.461    13.76   11.55
 -42230.652    34.604    16.61    9.48
 -41860.711    38.557    10.68    6.83
 -41490.694    43.619    13.68    5.48
 -41120.600    46.301     7.25    4.66
 -40750.431    47.017     1.93    4.55
 -40380.185    45.713    -3.52    5.94
 -40009.862    43.706    -5.42    6.86
 -39639.463    44.308     1.63    7.25
 -39268.988    46.740     6.56    7.73
 -38898.436    51.280    12.25    6.44
 -38527.808    55.652    11.80    6.66
 -38157.103    60.269    12.45    6.91
 -37786.321    63.642     9.09    5.43
 -37415.463    65.014     3.70    4.12
 -37044.528    62.525    -6.71    5.60
 -36673.516    58.949    -9.64    6.49
 -36302.427    55.329    -9.75    7.71
 -35931.262    51.005   -11.65    7.27
 -35560.019    46.716   -11.55    7.25
 -35188.700    42.215   -12.12    7.04
 -34817.303    37.869   -11.70    5.98
 -34445.830    34.693    -8.55    5.97
 -34074.279    34.151    -1.46    7.85
 -33702.651    33.069    -2.91    9.43
 -33330.946    31.003    -5.56    9.69
 -32959.164    27.638    -9.05    8.15
 -32587.304    24.756    -7.75    5.81
 -32215.367    23.631    -3.03    5.42
 -31843.352    24.133     1.35    7.69
 -31471.261    24.440     0.83    8.06
 -31099.091    26.415     5.31    8.24
 -30726.844    31.456    13.54   10.59
 -30354.520    38.341    18.49   11.57
 -29982.117    44.584    16.76    7.24
 -29609.637    47.138     6.86    3.87
 -29237.080    45.519    -4.34    5.80
 -28864.444    40.764   -12.76    8.19
 -28491.731    35.842   -13.20    8.00
 -28118.940    32.687    -8.46    6.68
 -27746.071    30.529    -5.79    6.04
 -27373.124    28.460    -5.55    5.77
 -27000.099    27.045    -3.79    4.87
 -26626.995    27.227     0.49    4.49
 -26253.814    28.329     2.95    5.22
 -25880.554    29.036     1.89    5.94
 -25507.217    28.772    -0.71    6.08
 -25133.801    28.110    -1.77    6.54
 -24760.306    27.599    -1.37    6.38
 -24386.734    29.269     4.47    6.97
 -24013.082    32.015     7.35    8.40
 -23639.353    35.487     9.29    8.19
 -23265.545    40.713    13.98    6.92
 -22891.658    43.372     7.11    7.06
 -22517.693    42.939    -1.16    9.52
 -22143.649    41.118    -4.87   10.19
 -21769.526    36.081   -13.46    9.81
 -21395.324    31.077   -13.37   10.05
 -21021.044    25.735   -14.27    7.80
 -20646.685    23.519    -5.92    6.36
 -20272.247    22.515    -2.68    4.73
 -19897.730    21.611    -2.41    4.62
 -19523.134    21.178    -1.16    5.55
 -19148.459    19.498    -4.48    6.36
 -18773.704    15.338   -11.10    7.39
 -18398.871    12.077    -8.70    7.22
 -18023.958     9.127    -7.87    6.21
 -17648.966     6.753    -6.33    6.21
 -17273.895     6.136    -1.64    6.98
 -16898.745     4.857    -3.41    7.36
 -16523.515     3.573    -3.42    7.08
 -16148.205     1.393    -5.81    4.93
 -15772.816     0.004    -3.70    0.21
 -15397.348    -0.018    -0.06    0.00
 -15021.800    -0.018     0.00    0.00
 -14646.172    -0.018     0.00    0.00
 -14270.465    -0.018     0.00    0.00
 -13894.677    -0.018     0.00    0.00
 -13518.810    -0.018     0.00    0.00
 -13142.864    -0.018     0.00    0.00
 -12766.837    -0.018     0.00    0.00
 -12390.730    -0.018     0.00    0.00
 -12014.543    -0.018     0.00    0.00
 -11638.276    -0.018     0.00    0.00
 -11261.930    -0.018     0.00    0.00
 -10885.502    -0.018     0.00    0.00
 -10508.995    -0.018     0.00    0.00
 -10132.408    -0.018     0.00    0.00
  -9755.740    -0.018     0.00    0.00
  -9378.991    -0.018     0.00    0.00
  -9002.163    -0.018     0.00    0.00
  -8625.254    -0.018     0.00    0.00
  -8248.264    -0.018     0.00    0.00
  -7871.194    -0.018     0.00    0.00
  -7494.043    -0.018     0.00    0.00
  -7116.811    -0.018     0.00    0.00
  -6739.499    -0.018     0.00    0.00
  -6362.106    -0.018     0.00    0.00
  -5984.632    -0.018     0.00    0.00
  -5607.078    -0.018     0.00    0.00
  -5229.442    -0.018     0.00    0.00
  -4851.725    -0.018     0.00    0.00
  -4473.928    -0.018     0.00    0.00
  -4096.049    -0.018     0.00    0.00
  -3718.089    -0.018     0.00    0.00
  -3340.048    -0.018     0.00    0.00
  -2961.926    -0.018     0.00    0.00
  -2583.722    -0.018     0.00    0.00
  -2205.438    -0.018     0.00    0.00
  -1827.071    -0.018     0.00    0.00
  -1448.624    -0.018     0.00    0.00
  -1070.094    -0.018     0.00    0.00
   -691.484    -0.018     0.00    0.00
   -312.791    -0.018     0.00    0.00
     65.983    -0.018     0.00    0.00
    444.838    -0.018     0.00    0.00
    823.776    -0.018     0.00    0.00
   1202.795    -0.018     0.00    0.00
   1581.896    -0.018     0.00    0.00
   1961.079    -0.018     0.00    0.00
   2340.344    -0.018     0.00    0.00
   2719.691    -0.018     0.00    0.00
   3099.120    -0.018     0.00    0.00
   3478.632    -0.018     0.00    0.00
   3858.225    -0.018     0.00    0.00
   4237.901    -0.018     0.00    0.00
   4617.659    -0.018     0.00    0.00
   4997.499    -0.018     0.00    0.00
   5377.421    -0.018     0.00    0.00
   5757.426    -0.018     0.00    0.00
   6137.514    -0.018     0.00    0.00
   6517.684    -0.018     0.00    0.00
   6897.937    -0.018     0.00    0.00
   7278.272    -0.018     0.00    0.00
   7658.690    -0.018     0.00    0.00
   8039.191    -0.018     0.00    0.00
   8419.774    -0.018     0.00    0.00
   8800.441    -0.018     0.00    0.00
   9181.190    -0.018     0.00    0.00
   9562.022    -0.018     0.00    0.00
   9942.938    -0.018     0.00    0.00
  10323.936    -0.018     0.00    0.00
  10705.018    -0.018     0.00    0.00
  11072.853     0.460     1.30    3.05
  11438.223     8.817    22.87   23.20
  11803.669    23.438    40.01   36.91
  12169.190    34.899    31.36   43.99
  12534.787    48.259    36.54   48.92
  12900.459    53.045    13.09   49.20
  13266.206    57.245    11.49   46.75
  13632.029    52.940   -11.77   44.01
  13997.927    58.635    15.57   40.75
  14363.901    61.780     8.59   38.11
  14729.951    69.128    20.07   32.56
  15096.077    71.827     7.37   23.94
  15462.278    72.951     3.07   16.48
  15828.555    67.561   -14.72   19.65
  16194.908    55.503   -32.91   26.60
  16561.336    44.737   -29.38   29.61
  16927.841    29.908   -40.46   29.57
  17294.422    17.586   -33.61   25.35
  17661.078     4.600   -35.42   12.71
  18027.811    -0.018   -12.59    0.00
  18394.620    -0.018     0.00    0.00
  18761.505    -0.018     0.00    0.00
  19128.467    -0.018     0.00    0.00
  19495.504    -0.018     0.00    0.00
  19862.618    -0.018     0.00    0.00
  20229.809    -0.018     0.00    0.00
  20597.075    -0.018     0.00    0.00
  20964.418    -0.018     0.00    0.00
  21331.838     1.618     4.45    5.47
  21699.334     5.027     9.28    8.75
  22066.907     9.446    12.02    9.82
  22434.557    12.767     9.03    9.16
  22802.283    14.971     5.99    7.55
  23170.086    15.618     1.76    6.43
  23537.965    16.354     2.00    4.46
  23905.922    16.343    -0.03    3.26
  24273.955    15.724    -1.68    3.38
  24642.066    15.487    -0.64    3.78
  25010.253    15.210    -0.75    4.06
  25378.518    14.611    -1.63    3.81
  25746.859    13.971    -1.74    3.06
  26115.278    13.824    -0.40    2.31
  26483.773    14.835     2.74    2.68
  26852.346    16.620     4.84    2.99
  27220.997    17.498     2.38    2.51
  27589.724    17.563     0.18    2.38
  27958.529    17.253    -0.84    2.35
  28327.412    17.149    -0.28    2.35
  28696.371    16.207    -2.55    3.41
  29065.409    14.886    -3.58    4.19
  29434.524    13.586    -3.52    4.40
  29803.716    13.832     0.66    4.61
  30172.986    14.836     2.72    4.30
  30542.334    15.857     2.76    3.61
  30911.760    16.035     0.48    2.70
  31281.263    16.147     0.30    2.46
  31650.845    17.091     2.55    2.41
  32020.504    17.972     2.38    2.31
  32390.241    19.038     2.88    1.89
  32760.056    18.405    -1.71    2.55
  33129.949    17.950    -1.23    2.75
  33499.921    17.680    -0.73    2.41
  33869.970    17.100    -1.57    2.35
  34240.098    16.940    -0.43    2.07
  34610.304    17.487     1.48    2.43
  34980.588    18.403     2.47    2.82
  35350.950    19.364     2.59    2.72
  35721.391    19.536     0.47    2.48
  36091.911    18.436    -2.97    2.84
  36462.508    16.393    -5.51    2.80
  36833.185    14.911    -4.00    2.05
  37203.940    13.743    -3.15    1.66
  37574.773    12.838    -2.44    2.01
  37945.686    12.515    -0.87    2.18
  38316.677    12.378    -0.37    2.43
  38687.746    12.877     1.34    2.88
  39058.895    14.414     4.14    3.25
  39430.123    15.836     3.83    3.08
  39801.429    17.277     3.88    2.16
  40172.815    17.364     0.23    2.31
  40544.279    17.024    -0.91    2.35
  40915.823    16.714    -0.83    2.31
  41287.445    17.004     0.78    2.47
  41659.147    18.339     3.59    2.74
  42030.928    19.460     3.01    2.96
  42402.789    20.951     4.01    3.05
  42774.729    21.265     0.84    3.22
  43146.748    20.766    -1.34    3.62
  43518.846    20.170    -1.60    3.80
  43891.024    20.745     1.55    3.78
  44263.282    22.795     5.51    3.54
  44635.619    24.055     3.39    3.19
  45008.036    25.941     5.06    3.56
  45380.532    27.540     4.29    3.51
  45753.109    28.431     2.39    3.50
  46125.765    28.767     0.90    3.08
  46498.501    28.931     0.44    2.77
  46871.316    29.718     2.11    2.55
  47244.212    31.356     4.39    3.27
  47617.188    32.395     2.79    3.21
  47990.244    34.421     5.43    3.25
  48363.379    35.167     2.00    3.42
  48736.595    36.508     3.59    4.10
  49109.892    37.907     3.75    3.00
  49483.268    38.440     1.43    3.24
  49856.725    39.441     2.68    3.51
  50230.262    40.451     2.70    3.40
  50603.879    40.735     0.76    3.06
  50977.577    39.584    -3.08    3.75
  51351.356    39.878     0.79    3.81
  51725.215    39.269    -1.63    4.20
  52099.154    39.766     1.33    4.57
  52473.175    40.928     3.11    4.38
  52847.276    40.747    -0.48    4.07
  53221.457    41.906     3.10    3.06
  53595.720    41.568    -0.90    2.30
  53970.063    40.428    -3.05    2.27
  54344.488    40.302    -0.34    2.33
  54718.993    40.712     1.10    2.22
  55093.579    41.271     1.49    1.46
  55468.247    40.993    -0.74    1.71
  55842.995    40.119    -2.33    1.77
  56217.825    39.168    -2.54    1.61
  56592.736    38.431    -1.96    1.34
  56967.728    37.772    -1.76    1.11
  57342.801    36.972    -2.13    1.25
  57717.956    36.586    -1.03    1.18
  58093.193    36.214    -0.99    1.30
  58468.511    35.817    -1.06    1.34
  58843.910    35.572    -0.65    1.20
  59219.391    35.549    -0.06    1.27
  59594.953    35.107    -1.18    1.40
  59970.598    34.492    -1.64    1.29
  60346.324    33.262    -3.28    1.61
  60722.132    31.951    -3.49    2.03
  61098.022    30.351    -4.26    2.16
  61473.993    28.766    -4.22    1.92
  61850.047    27.406    -3.62    1.39
  62226.182    26.319    -2.89    1.48
  62602.400    25.641    -1.80    1.02
  62978.700    25.076    -1.50    1.27
  63355.082    24.330    -1.98    1.60
  63731.546    23.588    -1.97    1.56
  64108.093    23.232    -0.95    1.44
  64484.721    23.462     0.61    2.33
  64861.433    23.671     0.56    2.81
  65238.226    23.513    -0.42    2.88
  65615.103    23.180    -0.88    2.72
  65992.061    22.909    -0.72    2.73
  66369.103    23.456     1.45    2.56
  66746.226    22.951    -1.34    2.44
  67123.433    21.525    -3.78    2.77
  67500.723    20.281    -3.30    2.49
  67878.095    19.586    -1.84    1.63
  68255.550    19.054    -1.41    1.95
  68633.088    17.941    -2.95    2.69
  69010.709    16.055    -4.99    3.72
  69388.413    14.129    -5.10    3.66
  69766.200    13.388    -1.96    2.62
  70144.071    13.921     1.41    2.78
  70522.024    14.729     2.14    2.89
  70900.061    16.704     5.22    2.94
  71278.181    18.164     3.86    3.03
  71656.384    19.178     2.68    2.59
  72034.671    20.424     3.29    2.86
  72413.041    21.704     3.38    3.25
  72791.495    22.372     1.76    3.36
  73170.032    20.992    -3.64    4.64
  73548.653    19.288    -4.50    4.87
  73927.358    18.302    -2.61    4.05
  74306.146    18.503     0.53    3.36
  74685.018    18.941     1.16    3.07
  75063.975    19.774     2.20    2.38
  75443.014    20.227     1.20    2.19
  75822.138    20.554     0.86    3.05
  76201.346    20.778     0.59    3.52
  76580.638    19.652    -2.97    4.30
  76960.014    17.548    -5.55    4.52
  77339.475    14.572    -7.84    3.35
  77719.019    12.601    -5.19    2.02
  78098.648    11.972    -1.66    1.87
  78478.361    12.002     0.08    1.98
  78858.159    12.928     2.44    2.11
  79238.041    13.921     2.61    1.98
  79618.007    15.106     3.12    2.04
  79998.058    17.235     5.60    3.29
  80378.194    20.704     9.13    5.76
  80758.414    25.422    12.41    7.15
  81138.719    30.408    13.11    6.38
  81519.109    34.023     9.50    5.92
  81899.584    37.209     8.37    5.79
  82280.144    40.870     9.62    6.15
  82660.788    45.368    11.82    6.54
  83041.518    49.922    11.96    6.21
  83422.332    54.461    11.92    5.32
  83803.232    57.370     7.64    5.54
  84184.217    60.652     8.62    6.11
  84565.287    63.635     7.83    6.99
  84946.443    67.372     9.80    7.57
  85327.684    71.507    10.85    7.81
  85700.936    75.745    11.35    6.51
  86066.071    78.635     7.92    4.50
  86431.283    80.167     4.19    4.05
  86796.572    80.800     1.73    4.07
  87161.938    81.259     1.25    4.56
  87527.381    81.558     0.82    5.00
  87892.902    81.921     0.99    5.35
  88258.500    84.815     7.92    7.66
  88624.175    87.891     8.41    9.61
  88989.928    89.526     4.47   11.62
  89355.758    87.166    -6.45   14.04
  89721.666    84.079    -8.44   14.28
  90087.651    81.942    -5.84   13.44
  90453.714    79.911    -5.55   11.97
  90819.854    80.077     0.45   10.22
  91186.072    78.336    -4.75   10.54
  91552.368    75.395    -8.03   10.93
  91918.741    72.902    -6.81   10.60
  92285.193    70.898    -5.47   10.58
  92651.722    72.022     3.07   12.57
  93018.329    73.543     4.15   11.91
  93385.014    76.856     9.03   11.09
  93751.777    79.992     8.55   11.81
  94118.619    83.540     9.67   12.11
  94485.538    86.002     6.71   11.68
  94852.536    87.808     4.92   10.68
  95219.611    86.962    -2.31    9.01
  95586.766    85.857    -3.01    7.25
  95953.998    85.707    -0.41    5.65
  96321.309    85.207    -1.36    4.93
  96688.698    84.336    -2.37    4.72
  97056.165    85.199     2.35    6.41
  97423.712    85.873     1.84    7.40
  97791.336    86.075     0.55    7.12
  98159.040    84.301    -4.82    7.50
  98526.822    79.298   -13.60    7.11
  98894.682    75.222   -11.08    6.55
  99262.622    72.456    -7.52    6.65
  99630.640    70.942    -4.12    7.75
  99998.737    70.766    -0.48    8.47
 100366.914    71.451     1.86    7.93
 100735.169    71.950     1.35    6.77
 101103.503    71.207    -2.02    6.66
 101471.916    67.920    -8.92    8.96
 101840.408    61.931   -16.25   10.75
 102208.980    56.493   -14.76    9.57
 102577.630    52.588   -10.59    6.29
 102946.360    50.472    -5.74    3.62
 103315.170    50.423    -0.13    4.57
 103684.058    51.594     3.18    5.65
 104053.027    51.210    -1.04    6.56
 104422.074    50.022    -3.22    6.63
 104791.201    49.724    -0.81    6.12
 105160.408    48.764    -2.60    6.13
 105529.694    47.574    -3.22    6.92
 105899.060    45.329    -6.08    8.87
 106268.506    41.305   -10.89    9.73
 106638.031    36.477   -13.07    7.26
 107007.637    36.356    -0.33    7.27
 107377.322    40.498    11.21    9.63
 107747.087    46.427    16.03   10.40
 108116.932    51.961    14.97    7.81
 108486.858    55.441     9.41    5.45
 108856.863    57.405     5.31    4.88
 109226.948    59.548     5.79    5.65
 109597.114    62.635     8.34    6.72
 109967.360    68.126    14.83    7.32
 110337.686    73.472    14.44    6.16
 110708.092    77.014     9.56    5.88
 111078.579    78.903     5.10    6.30
 111449.147    81.276     6.40    6.23
 111819.795    85.972    12.67    7.15
 112190.523    91.178    14.04    7.46
 112561.332    97.298    16.51    9.06
 112932.222   104.093    18.32   10.29
 113303.192   110.512    17.30    8.95
 113674.243   114.747    11.42    4.96
 114045.375   114.106    -1.73    6.76
 114416.588   107.051   -19.01   12.69
 114787.882    97.354   -26.12   15.55
 115159.257    86.782   -28.47   16.30
 115530.713    74.580   -32.85   14.38
 115902.249    64.282   -27.72   12.23
 116273.867    58.403   -15.82    7.37
 116645.567    56.839    -4.21    4.75
 117017.347    57.517     1.82    4.63
 117389.209    57.362    -0.42    5.36
 117761.152    56.315    -2.81    6.31
 118133.176    54.921    -3.75    6.32
 118505.282    54.507    -1.11    6.01
 118877.469    56.394     5.07    7.45
 119249.738    61.412    13.48   10.22
 119622.089    66.786    14.43    8.84
 119994.521    67.083     0.80    7.90
 120367.035    62.120   -13.32   10.25
 120739.631    57.225   -13.14    9.24
 121112.308    52.615   -12.37    8.35
 121485.067    49.487    -8.39    7.14
 121857.909    48.399    -2.92    6.62
 122230.832    51.142     7.36    7.84
 122603.837    56.411    14.13    8.99
 122976.925    63.054    17.81   10.27
 123350.094    66.851    10.18    9.63
 123723.346    68.815     5.26    7.62
 124096.680    67.913    -2.42    7.39
 124470.096    67.759    -0.41    7.64
 124843.595    70.692     7.85    8.81
 125217.176    74.384     9.88    7.41
 125590.839    73.482    -2.41    7.48
 125964.585    68.586   -13.10    9.79
 126338.414    61.043   -20.18   10.07
 126712.325    54.156   -18.42    6.84
 127086.319    50.272   -10.38    3.88
 127460.395    49.240    -2.76    3.11
 127834.555    51.642     6.42    7.10
 128208.797    55.380     9.99    8.95
 128583.122    57.502     5.67    7.78
 128957.530    58.051     1.47    6.04
 129332.021    59.085     2.76    6.81
 129706.595    62.141     8.16   10.87
 130081.252    67.493    14.29   13.69
 130455.993    72.022    12.09   11.43
 130830.816    74.786     7.38    7.23
 131205.723    72.230    -6.82    7.77
 131580.714    69.245    -7.96    5.61
 131955.787    69.427     0.48    5.32
 132330.944    71.621     5.85    5.64
 132706.185    73.180     4.15    4.70
 133081.509    72.574    -1.62    4.99
 133456.916    71.639    -2.49    5.31
 133832.408    69.172    -6.57    5.36
 134207.983    69.552     1.01    7.08
 134583.642    72.548     7.98   11.20
 134959.384    78.380    15.52   14.46
 135335.211    85.082    17.83   15.35
 135711.121    93.559    22.55   15.46
 136087.116   104.952    30.30   18.32
 136463.194   120.652    41.75   20.77
 136839.357   136.655    42.55   21.26
 137215.604   150.434    36.62   13.34
 137591.935   158.872    22.42    8.49
 137968.350   161.680     7.46    6.40
 138344.850   156.592   -13.51   11.88
 138721.434   146.090   -27.89   18.86
 139098.102   132.309   -36.59   17.86
 139474.855   120.054   -32.53   11.11
 139851.692   112.659   -19.63    7.28
 140228.614   108.676   -10.57    6.05
 140605.621   105.032    -9.67    5.37
 140982.713   103.380    -4.38    4.55
 141359.889   103.442     0.16    4.66
 141737.150   103.332    -0.29    6.12
 142114.496   102.204    -2.99    6.76
 142491.927   100.730    -3.91    7.26
 142869.443    99.672    -2.80    7.69
 143247.044    98.962    -1.88    7.60
 143624.730    97.911    -2.78    7.57
 144002.501    96.841    -2.83    6.42
 144380.357    95.214    -4.30    6.42
 144758.299    94.477    -1.95    6.62
 145136.326    93.992    -1.28    7.79
 145514.439    92.852    -3.02    8.76
 145892.637    90.580    -6.01    9.26
 146270.920    87.492    -8.16    9.82
 146649.289    80.805   -17.67   11.45
 147027.744    71.636   -24.23   12.52
 147406.284    63.875   -20.50    9.54
 147784.910    58.259   -14.83    5.23
 148163.622    56.525    -4.58    3.97
 148542.420    57.626     2.91    4.00
 148921.303    58.014     1.03    4.14
 149300.273    57.922    -0.24    4.24
 149679.329    58.864     2.48    4.71
 150058.470    61.863     7.91    5.48
 150437.698    63.854     5.25    5.64
 150817.012    60.497    -8.85    8.05
 151196.413    53.950   -17.26    9.78
 151575.899    46.527   -19.56    8.34
 151955.472    43.118    -8.98    6.54
 152335.132    43.655     1.42    7.82
 152714.878    46.298     6.96    8.01
 153094.710    51.092    12.62    7.12
 153474.629    54.656     9.38    6.23
 153854.635    59.612    13.04    7.05
 154234.728    64.972    14.10    6.64
 154614.907    71.442    17.02    7.65
 154995.173    78.528    18.64    8.75
 155375.526    86.669    21.40   10.47
 155755.966    95.268    22.60   10.12
 156136.493   104.862    25.22    9.82
 156517.107   110.891    15.84    7.08
 156897.808   113.032     5.62    4.93
 157278.597   110.275    -7.24    7.16
 157659.472   103.912   -16.71    9.10
 158040.435    96.084   -20.55   10.72
 158421.486    87.141   -23.47   12.13
 158802.623    79.482   -20.10   12.70
 159183.849    70.249   -24.22   12.71
 159565.162    62.376   -20.65   10.96
 159946.562    56.131   -16.38    9.63
 160325.675    50.717   -14.28   10.32
 160690.571    43.358   -20.17   15.80
 161055.547    35.665   -21.08   17.78
 161420.601    27.159   -23.30   15.80
 161785.734    20.735   -17.60   10.35
 162150.946    16.545   -11.47    5.31
 162516.237    16.433    -0.31    3.43
 162881.607    18.902     6.76    5.17
 163247.056    23.881    13.63    7.27
 163612.584    28.527    12.71    7.59
 163978.192    33.623    13.94    7.61
 164343.879    37.727    11.22    7.08
 164709.645    41.786    11.10    6.83
 165075.491    46.447    12.74    7.84
 165441.416    50.642    11.46    8.61
 165807.420    56.543    16.13    7.99
 166173.504    61.962    14.80    6.45
 166539.668    65.064     8.47    5.13
 166905.911    66.423     3.71    3.28
 167272.234    66.644     0.60    3.08
