-214995.543    74.616     0.00    1.53
-214616.761    74.352    -0.70    1.55
-214237.902    73.901    -1.19    1.85
-213858.968    73.028    -2.31    2.02
-213479.958    71.967    -2.80    1.97
-213100.873    71.393    -1.51    1.76
-212721.711    70.705    -1.81    1.92
-212342.473    70.139    -1.49    2.02
-211963.160    69.427    -1.88    2.03
-211583.770    68.773    -1.72    2.30
-211204.305    68.393    -1.00    2.59
-210824.763    68.001    -1.03    2.45
-210445.145    67.326    -1.78    1.95
-210065.451    66.358    -2.55    1.78
-209685.681    64.933    -3.75    2.20
-209305.834    63.443    -3.92    1.83
-208925.911    62.444    -2.63    1.29
-208545.911    62.289    -0.41    1.15
-208165.836    62.461     0.45    1.22
-207785.683    62.681     0.58    1.30
-207405.454    62.542    -0.37    1.45
-207025.149    62.039    -1.32    1.58
-206644.767    61.044    -2.61    1.35
-206264.308    60.814    -0.60    0.97
-205883.773    61.603     2.07    1.75
-205514.560    62.799     3.24    2.20
-205148.587    64.517     4.69    2.61
-204782.543    66.437     5.24    2.60
-204416.430    67.843     3.84    2.52
-204050.246    68.381     1.47    2.82
-203683.993    67.158    -3.34    4.27
-203317.669    65.255    -5.19    4.58
-202951.274    62.511    -7.49    3.87
-202584.809    60.562    -5.32    3.79
-202218.274    58.817    -4.76    4.56
-201851.669    57.533    -3.50    4.77
-201484.993    55.978    -4.24    3.88
-201118.246    54.527    -3.96    3.18
-200751.429    53.574    -2.60    2.65
-200384.541    53.186    -1.06    3.77
-200017.583    52.979    -0.56    4.66
-199650.554    52.158    -2.24    5.19
-199283.454    51.576    -1.58    5.42
-198916.284    49.944    -4.44    4.90
-198549.042    47.853    -5.69    4.79
-198181.730    45.865    -5.41    4.66
-197814.347    44.427    -3.91    4.31
-197446.893    42.576    -5.04    3.07
-197079.368    41.944    -1.72    2.48
-196711.772    40.967    -2.66    1.48
-196344.105    41.135     0.46    1.81
-195976.367    41.485     0.95    1.95
-195608.558    40.410    -2.92    3.09
-195240.678    39.622    -2.14    3.32
-194872.726    38.766    -2.32    2.69
-194504.703    37.785    -2.67    2.30
-194136.609    37.789     0.01    2.27
-193768.444    37.722    -0.18    2.54
-193400.207    37.056    -1.81    2.11
-193031.899    37.308     0.68    2.04
-192663.519    37.342     0.09    1.51
-192295.068    37.566     0.61    1.20
-191926.545    37.489    -0.21    1.37
-191557.951    36.989    -1.36    1.96
-191189.285    36.767    -0.60    2.66
-190820.547    36.889     0.33    3.42
-190451.738    36.979     0.24    3.40
-190082.857    37.773     2.15    3.24
-189713.904    38.726     2.58    2.71
-189344.880    38.865     0.38    2.14
-188975.783    39.013     0.40    1.80
-188606.615    38.600    -1.12    1.49
-188237.374    37.932    -1.81    1.38
-187868.062    37.607    -0.88    2.11
-187498.677    37.478    -0.35    3.15
-187129.221    37.711     0.63    3.39
-186759.692    37.541    -0.46    3.43
-186390.091    37.116    -1.15    3.07
-186020.418    35.801    -3.56    2.78
-185650.673    35.572    -0.62    2.02
-185280.855    36.648     2.91    2.19
-184910.965    38.049     3.79    2.65
-184541.003    38.703     1.77    2.36
-184170.968    38.746     0.12    2.40
-183800.861    39.412     1.80    3.39
-183430.682    41.384     5.33    5.52
-183060.429    45.120    10.09    6.75
-182690.105    48.932    10.29    6.04
-182319.707    52.753    10.31    4.22
-181949.237    54.599     4.98    3.15
-181578.694    55.472     2.36    3.18
-181208.079    56.194     1.95    3.26
-180837.390    57.555     3.67    4.26
-180466.629    60.262     7.30    5.25
-180095.795    62.626     6.37    5.11
-179724.888    64.366     4.69    4.00
-179353.908    64.553     0.50    3.48
-178982.855    64.384    -0.46    3.38
-178611.729    63.455    -2.50    3.06
-178240.529    63.079    -1.01    2.93
-177869.257    61.502    -4.25    3.20
-177497.912    59.666    -4.94    4.60
-177126.493    57.875    -4.82    5.54
-176755.001    55.571    -6.20    5.47
-176383.436    53.777    -4.83    4.30
-176011.797    52.238    -4.14    3.65
-175640.085    50.618    -4.36    2.18
-175268.299    52.184     4.21    3.68
-174896.440    54.443     6.08    5.24
-174524.508    58.307    10.39    5.49
-174152.502    61.817     9.44    3.79
-173780.422    63.978     5.80    3.28
-173408.268    64.758     2.10    2.76
-173036.041    64.562    -0.53    2.87
-172663.740    64.239    -0.87    3.20
-172291.366    63.000    -3.33    3.71
-171918.917    62.817    -0.49    3.98
-171546.395    64.877     5.53    4.49
-171173.799    67.137     6.07    4.23
-170801.128    68.416     3.43    3.67
-170428.384    68.000    -1.12    5.43
-170055.566    64.566    -9.21    7.10
-169682.674    63.611    -2.56    6.29
-169309.707    64.483     2.34    6.37
-168936.666    66.844     6.33    6.69
-168563.551    70.277     9.20    6.37
-168190.362    72.326     5.49    5.84
-167817.099    74.702     6.37    4.54
-167443.761    75.611     2.43    3.34
-167070.348    75.584    -0.07    3.06
-166696.862    74.078    -4.03    4.06
-166323.300    69.820   -11.39    6.59
-165949.664    64.289   -14.80    7.43
-165575.954    59.842   -11.90    5.46
-165202.169    58.593    -3.34    3.52
-164828.309    60.656     5.52    3.82
-164454.375    62.999     6.26    3.11
-164080.366    64.226     3.28    2.56
-163706.282    63.678    -1.47    3.07
-163332.123    63.134    -1.45    3.17
-162957.890    63.034    -0.27    3.12
-162583.581    64.051     2.72    3.15
-162209.197    65.011     2.56    2.46
-161834.739    64.391    -1.66    2.15
-161460.205    63.571    -2.19    2.20
-161085.596    62.789    -2.09    2.96
-160710.912    62.322    -1.25    3.15
-160336.153    61.277    -2.79    3.95
-159961.319    58.749    -6.74    4.10
-159586.409    57.269    -3.95    4.29
-159211.424    57.564     0.79    5.19
-158836.363    59.758     5.85    5.59
-158461.228    62.466     7.22    5.15
-158086.016    63.211     1.99    4.03
-157710.729    62.856    -0.95    3.65
-157335.367    62.884     0.07    3.15
-156959.929    62.129    -2.01    2.71
-156584.415    62.061    -0.18    3.05
-156208.826    62.322     0.69    3.08
-155833.161    61.708    -1.63    3.03
-155457.420    59.697    -5.35    4.05
-155081.603    56.386    -8.81    5.46
-154705.710    52.944    -9.15    4.67
-154329.742    52.432    -1.36    4.56
-153953.697    54.989     6.80    5.79
-153577.577    58.769    10.05    5.16
-153201.380    60.771     5.32    3.90
-152825.107    60.862     0.24    3.50
-152448.758    61.140     0.74    3.37
-152072.333    62.467     3.52    4.25
-151695.832    65.801     8.86    5.13
-151319.254    68.231     6.45    4.33
-150942.600    67.716    -1.37    4.66
-150565.870    65.277    -6.47    6.26
-150189.063    60.455   -12.80    7.19
-149812.180    54.269   -16.41    6.49
-149435.220    48.615   -15.00    6.94
-149058.183    44.744   -10.27    5.98
-148681.070    43.153    -4.22    5.99
-148303.881    45.544     6.34    8.44
-147926.614    50.670    13.59    9.94
-147549.271    56.144    14.50   10.00
-147171.851    60.205    10.76    8.14
-146794.355    62.990     7.38    7.33
-146416.781    65.022     5.38    6.38
-146039.130    67.205     5.78    5.21
-145661.403    68.362     3.06    3.51
-145283.598    67.555    -2.13    3.87
-144905.716    65.043    -6.65    4.95
-144527.757    61.920    -8.26    4.51
-144149.721    61.292    -1.66    3.08
-143771.608    62.567     3.37    2.87
-143393.418    64.289     4.55    3.69
-143015.150    65.991     4.50    3.65
-142636.805    66.184     0.51    3.72
-142258.382    66.058    -0.33    3.46
-141879.882    66.955     2.37    3.57
-141501.305    68.789     4.84    3.53
-141122.649    70.021     3.25    2.82
-140743.917    70.158     0.36    2.85
-140365.106    68.560    -4.22    3.30
-139986.218    66.355    -5.82    2.68
-139607.253    65.219    -3.00    2.28
-139228.209    64.549    -1.77    2.30
-138849.088    63.999    -1.45    2.69
-138469.888    63.122    -2.31    3.22
-138090.611    61.626    -3.94    2.86
-137711.256    60.270    -3.57    2.04
-137331.823    59.856    -1.09    1.86
-136952.312    58.955    -2.37    1.99
-136572.722    58.311    -1.70    2.25
-136193.055    57.078    -3.25    2.28
-135813.309    55.955    -2.95    1.91
-135433.485    54.122    -4.83    2.70
-135053.583    51.665    -6.47    3.90
-134673.602    50.244    -3.74    3.76
-134293.543    50.208    -0.10    3.77
-133913.405    51.933     4.54    4.96
-133533.189    54.966     7.98    4.59
-133152.895    57.697     7.18    3.50
-132772.521    59.174     3.88    3.05
-132392.070    60.173     2.63    2.78
-132011.539    61.153     2.58    2.01
-131630.930    62.336     3.11    2.21
-131250.242    63.249     2.40    1.68
-130876.216    63.396     0.39    1.66
-130510.465    63.132    -0.72    1.84
-130144.642    63.227     0.26    1.94
-129778.748    62.771    -1.25    1.58
-129412.782    62.626    -0.40    1.50
-129046.744    62.189    -1.19    1.25
-128680.634    61.912    -0.75    1.26
-128314.452    61.626    -0.78    1.51
-127948.197    61.022    -1.65    1.85
-127581.871    60.010    -2.76    2.10
-127215.473    58.909    -3.00    2.02
-126849.002    57.368    -4.20    2.04
-126482.459    56.034    -3.64    2.16
-126115.844    55.054    -2.67    2.30
-125749.157    54.267    -2.15    1.86
-125382.397    53.611    -1.79    1.96
-125015.565    53.357    -0.69    2.79
-124648.660    53.285    -0.20    2.94
-124281.683    52.900    -1.05    3.02
-123914.634    52.093    -2.20    2.99
-123547.512    52.321     0.62    2.90
-123180.317    53.781     3.98    3.56
-122813.049    55.117     3.64    3.90
-122445.709    56.220     3.00    3.38
-122078.296    56.227     0.02    2.56
-121710.811    56.133    -0.26    2.49
-121343.252    55.075    -2.88    2.54
-120975.621    54.011    -2.89    2.29
-120607.917    53.551    -1.25    1.91
-120240.140    53.727     0.48    2.82
-119872.289    54.751     2.78    3.80
-119504.366    55.792     2.83    4.66
-119136.370    56.849     2.87    4.29
-118768.300    58.296     3.93    3.37
-118400.158    59.316     2.77    2.40
-118031.942    59.977     1.80    2.58
-117663.653    60.748     2.09    2.21
-117295.290    61.325     1.56    1.66
-116926.855    61.251    -0.20    1.55
-116558.346    60.922    -0.89    1.68
-116189.763    60.522    -1.09    1.94
-115821.107    59.579    -2.56    2.48
-115452.377    58.790    -2.14    2.74
-115083.574    58.010    -2.12    3.02
-114714.698    57.151    -2.33    2.79
-114345.747    56.246    -2.45    1.77
-113976.723    56.781     1.45    2.23
-113607.625    58.141     3.68    2.00
-113238.454    59.086     2.56    1.54
-112869.209    59.055    -0.08    1.56
-112499.889    58.607    -1.21    1.93
-112130.496    58.428    -0.48    2.14
-111761.029    58.889     1.25    2.67
-111391.488    60.792     5.15    3.88
-111021.873    64.311     9.52    3.60
-110652.183    66.314     5.42    2.88
-110282.420    67.876     4.22    2.41
-109912.582    68.390     1.39    2.14
-109542.671    68.035    -0.96    2.60
-109172.685    66.629    -3.80    3.25
-108802.624    66.234    -1.07    3.13
-108432.489    64.834    -3.78    2.85
-108062.280    63.967    -2.34    1.86
-107691.997    63.471    -1.34    1.93
-107321.639    63.484     0.03    2.00
-106951.206    64.347     2.33    2.42
-106580.699    65.544     3.23    2.32
-106210.117    66.216     1.81    1.65
-105839.461    66.422     0.56    1.53
-105468.729    66.384    -0.10    2.30
-105097.923    65.966    -1.13    2.32
-104727.043    65.618    -0.94    2.45
-104356.087    65.097    -1.41    2.78
-103985.057    63.285    -4.88    2.69
-103613.951    62.434    -2.29    2.62
-103242.771    61.033    -3.77    2.26
-102871.516    59.934    -2.96    2.85
-102500.185    59.519    -1.12    3.15
-102128.779    59.278    -0.65    2.84
-101757.299    59.548     0.73    2.45
-101385.743    61.009     3.93    2.16
-101014.111    61.737     1.96    1.81
-100642.405    62.031     0.79    1.72
-100270.623    61.511    -1.40    2.35
 -99898.766    59.618    -5.09    3.52
 -99526.833    57.681    -5.21    3.90
 -99154.825    55.173    -6.74    4.09
 -98782.741    53.815    -3.65    3.71
 -98410.582    53.205    -1.64    3.49
 -98038.347    52.857    -0.93    3.42
 -97666.037    52.032    -2.22    2.93
 -97293.650    51.342    -1.85    3.04
 -96921.188    49.978    -3.66    3.12
 -96548.651    48.738    -3.33    3.49
 -96176.037    47.251    -3.99    3.08
 -95803.347    46.531    -1.93    2.53
 -95430.582    46.225    -0.82    2.10
 -95057.740    46.281     0.15    2.14
 -94684.823    46.319     0.10    2.22
 -94311.829    45.771    -1.47    1.92
 -93938.760    45.047    -1.94    1.86
 -93565.614    44.662    -1.03    2.57
 -93192.392    43.141    -4.07    4.36
 -92819.093    40.444    -7.22    5.64
 -92445.719    37.840    -6.97    6.75
 -92072.268    35.412    -6.50    6.95
 -91698.741    33.259    -5.76    7.27
 -91325.137    31.837    -3.80    7.58
 -90951.456    28.875    -7.93    7.64
 -90577.700    26.450    -6.49    6.73
 -90203.866    26.853     1.08    5.57
 -89829.956    28.031     3.15    4.61
 -89455.969    29.626     4.27    3.63
 -89081.906    29.977     0.94    2.85
 -88707.766    28.728    -3.34    2.84
 -88333.549    28.654    -0.20    3.37
 -87959.255    29.360     1.88    4.09
 -87584.884    31.235     5.01    4.22
 -87210.436    33.066     4.89    4.00
 -86835.911    33.814     2.00    3.33
 -86461.309    32.944    -2.32    3.54
 -86086.630    30.052    -7.72    5.13
 -85711.874    26.705    -8.93    5.91
 -85337.041    23.375    -8.89    3.70
 -84962.130    22.064    -3.50    2.91
 -84587.143    21.729    -0.89    3.16
 -84212.077    21.510    -0.59    3.00
 -83836.935    21.593     0.22    2.73
 -83461.715    21.140    -1.21    2.40
 -83086.418    20.792    -0.93    2.06
 -82711.043    21.825     2.75    2.25
 -82335.590    22.644     2.18    2.75
 -81960.060    24.455     4.82    3.09
 -81584.452    26.222     4.70    3.00
 -81208.766    27.488     3.37    3.26
 -80833.003    28.773     3.42    2.96
 -80457.162    30.955     5.80    3.16
 -80081.243    32.660     4.53    3.39
 -79705.246    34.095     3.82    3.58
 -79329.171    35.281     3.15    3.18
 -78953.018    35.531     0.67    3.08
 -78576.788    35.387    -0.38    2.42
 -78200.479    37.117     4.60    3.30
 -77824.091    38.886     4.70    3.47
 -77447.626    40.568     4.47    3.20
 -77071.082    42.093     4.05    2.58
 -76694.461    42.762     1.77    2.59
 -76317.760    43.047     0.76    2.75
 -75940.982    43.988     2.50    3.34
 -75564.125    44.546     1.48    3.14
 -75187.189    40.466   -10.82    7.99
 -74810.175    34.220   -16.57   10.14
 -74433.082    29.869   -11.54    8.87
 -74055.911    28.231    -4.34    9.07
 -73678.661    30.848     6.94    9.96
 -73301.333    34.277     9.09    9.06
 -72923.925    34.988     1.88    7.51
 -72546.439    32.641    -6.22    5.60
 -72168.874    30.751    -5.01    5.76
 -71791.230    28.839    -5.06    5.15
 -71413.507    28.868     0.08    5.33
 -71035.705    29.246     1.00    6.34
 -70657.823    28.434    -2.15    6.34
 -70279.863    26.351    -5.51    6.03
 -69901.824    23.998    -6.22    4.10
 -69523.705    22.794    -3.18    2.21
 -69145.507    22.633    -0.43    2.34
 -68767.230    21.955    -1.79    2.63
 -68388.873    21.083    -2.31    2.52
 -68010.437    20.852    -0.61    1.97
 -67631.922    21.040     0.50    1.62
 -67253.327    21.183     0.38    0.98
 -66874.652    21.151    -0.08    1.09
 -66495.898    21.056    -0.25    1.20
 -66117.064    21.192     0.36    1.19
 -65738.151    20.629    -1.48    1.44
 -65359.158    19.711    -2.42    1.81
 -64980.085    18.921    -2.08    1.94
 -64600.932    17.860    -2.80    1.90
 -64221.699    16.600    -3.32    1.17
 -63842.386    16.157    -1.17    0.97
 -63462.993    16.142    -0.04    1.04
 -63083.520    16.235     0.24    1.48
 -62703.967    15.553    -1.80    2.75
 -62324.334    14.160    -3.67    3.31
 -61944.621    13.170    -2.61    2.89
 -61564.827    12.488    -1.80    2.18
 -61184.953    12.525     0.10    2.00
 -60804.999    12.749     0.59    1.91
 -60424.964    12.514    -0.62    2.09
 -60044.849    11.855    -1.73    2.24
 -59664.653    10.934    -2.42    2.39
 -59284.377    10.428    -1.33    2.27
 -58904.020    10.477     0.13    2.40
 -58523.583    10.122    -0.93    2.52
 -58143.065     9.711    -1.08    2.54
 -57762.466     9.289    -1.11    1.94
 -57381.786     8.945    -0.90    1.29
 -57001.025     8.891    -0.14    1.37
 -56620.183     8.729    -0.42    1.69
 -56240.939     8.944     0.57    1.96
 -55875.415     9.347     1.10    1.92
 -55509.819     9.482     0.37    1.87
 -55144.148     8.739    -2.03    1.83
 -54778.405     7.913    -2.26    1.99
 -54412.587     7.389    -1.43    1.70
 -54046.696     6.903    -1.33    1.55
 -53680.731     6.697    -0.56    1.64
 -53314.692     6.901     0.56    1.61
 -52948.579     6.684    -0.59    1.70
 -52582.393     6.064    -1.69    1.61
 -52216.133     5.256    -2.20    1.41
 -51849.798     4.566    -1.88    1.23
 -51483.390     4.445    -0.33    1.09
 -51116.907     4.411    -0.09    0.97
 -50750.351     4.955     1.49    1.35
 -50383.720     5.322     1.00    1.52
 -50017.015     4.583    -2.02    1.97
 -49650.236     3.955    -1.71    2.09
 -49283.383     3.243    -1.94    1.67
 -48916.455     3.360     0.32    1.76
 -48549.453     3.826     1.27    1.93
 -48182.377     4.239     1.13    1.91
 -47815.226     4.098    -0.38    1.77
 -47448.001     3.576    -1.42    1.60
 -47080.701     2.955    -1.69    1.06
 -46713.326     2.716    -0.65    1.04
 -46345.877     2.744     0.08    1.03
 -45978.353     2.902     0.43    1.05
 -45610.755     3.227     0.89    1.07
 -45243.081     3.622     1.07    0.94
 -44875.333     3.869     0.67    0.70
 -44507.510     3.746    -0.33    0.82
 -44139.612     3.434    -0.85    1.02
 -43771.639     3.044    -1.06    0.94
 -43403.592     2.806    -0.65    0.95
 -43035.469     2.633    -0.47    0.93
 -42667.271     2.408    -0.61    0.74
 -42298.997     2.244    -0.44    0.66
 -41930.649     2.009    -0.64    0.31
 -41562.226     2.009     0.00    0.31
 -41193.727     2.097     0.24    0.57
 -40825.153     2.051    -0.12    0.44
 -40456.503     1.989    -0.17    0.18
 -40087.778     1.977    -0.03    0.15
 -39718.978     2.184     0.56    0.61
 -39350.102     2.600     1.13    0.94
 -38981.151     2.989     1.05    0.95
 -38612.124     3.342     0.96    0.86
 -38243.021     3.645     0.82    1.12
 -37873.843     3.721     0.21    1.83
 -37504.589     3.779     0.16    2.70
 -37135.259     3.413    -0.99    2.80
 -36765.853     2.423    -2.68    1.27
 -36396.372     1.998    -1.15    0.20
 -36026.814     1.987    -0.03    0.18
 -35657.181     2.084     0.26    0.34
 -35287.472     2.306     0.60    0.76
 -34917.686     2.505     0.54    0.90
 -34547.825     2.477    -0.08    0.84
 -34177.887     2.292    -0.50    0.70
 -33807.873     2.428     0.37    0.80
 -33437.783     2.840     1.11    1.10
 -33067.616     3.030     0.51    1.18
 -32697.374     3.208     0.48    1.18
 -32327.055     3.492     0.77    1.11
 -31956.659     3.439    -0.14    1.08
 -31586.187     3.317    -0.33    1.38
 -31215.638     3.676     0.97    1.83
 -30845.013     4.094     1.13    1.93
 -30474.312     4.732     1.72    1.81
 -30103.533     5.252     1.40    1.50
 -29732.678     4.540    -1.92    1.43
 -29361.746     4.011    -1.43    1.47
 -28990.737     3.295    -1.93    1.15
 -28619.652     2.796    -1.35    0.84
 -28248.490     2.629    -0.45    0.83
 -27877.250     2.593    -0.10    0.97
 -27505.934     2.697     0.28    1.32
 -27134.540     3.106     1.10    1.68
 -26763.070     3.636     1.43    1.87
 -26391.522     4.243     1.63    1.92
 -26019.897     4.679     1.17    1.79
 -25648.195     4.572    -0.29    1.69
 -25276.416     4.568    -0.01    1.71
 -24904.559     4.250    -0.86    1.45
 -24532.625     4.074    -0.47    1.11
 -24160.614     3.817    -0.69    1.06
 -23788.525     3.911     0.25    1.24
 -23416.359     3.945     0.09    1.26
 -23044.115     3.875    -0.19    1.35
 -22671.793     4.117     0.65    1.48
 -22299.394     4.558     1.18    1.94
 -21926.917     4.945     1.04    1.90
 -21554.362     5.527     1.56    1.59
 -21181.729     5.839     0.84    1.60
 -20809.019     5.838    -0.00    1.49
 -20436.231     6.629     2.12    3.18
 -20063.364     8.694     5.54    5.77
 -19690.420    14.540    15.67   11.62
 -19317.398    22.625    21.67   14.04
 -18944.297    30.551    21.24   11.68
 -18571.119    33.764     8.61   11.56
 -18197.862    34.694     2.49   11.73
 -17824.527    36.387     4.53   11.41
 -17451.114    39.127     7.34   11.59
 -17077.622    44.482    14.34   12.52
 -16704.052    53.053    22.94   12.86
 -16330.404    61.559    22.77   12.00
 -15956.677    71.034    25.35    9.09
 -15582.871    77.513    17.33    7.65
 -15208.987    82.830    14.22    5.32
 -14835.025    86.113     8.78    5.26
 -14460.983    88.000     5.04    4.97
 -14086.863    89.625     4.35    3.73
 -13712.664    91.042     3.79    3.20
 -13338.386    92.091     2.80    2.97
 -12964.030    92.043    -0.13    3.49
 -12589.594    91.317    -1.94    3.94
 -12215.080    90.205    -2.97    3.95
 -11840.486    89.566    -1.71    4.03
 -11465.814    90.213     1.73    4.57
 -11091.062    92.625     6.44    5.92
 -10716.231    95.551     7.80    7.03
 -10341.321    98.977     9.14    6.19
  -9966.332   101.127     5.74    5.31
  -9591.263   101.147     0.05    4.24
  -9216.115    99.094    -5.47    4.95
  -8840.887    95.657    -9.16    5.98
  -8465.580    92.615    -8.11    5.23
  -8090.194    90.338    -6.06    4.05
  -7714.728    86.882    -9.21    5.84
  -7339.182    83.336    -9.44    7.80
  -6963.557    81.534    -4.80    8.00
  -6587.851    79.488    -5.45    7.92
  -6212.067    80.008     1.38    7.72
  -5836.202    83.118     8.28    7.34
  -5460.257    86.851     9.93    9.65
  -5084.233    91.395    12.08   11.18
  -4708.128    95.362    10.55    9.76
  -4331.944    98.211     7.57    7.13
  -3955.679    98.103    -0.29    7.84
  -3579.335    97.944    -0.42    9.10
  -3202.910    97.455    -1.30    8.76
  -2826.405    92.571   -12.97   12.85
  -2449.819    82.768   -26.03   16.76
  -2073.153    69.944   -34.05   19.48
  -1696.407    50.740   -50.97   28.92
  -1319.581    31.853   -50.12   30.28
   -942.674    14.881   -45.03   23.62
   -565.686     2.455   -32.96    9.26
   -188.618    -0.045    -6.63    0.00
    188.531     0.166     0.56    0.83
    565.760     0.739     1.52    1.49
    943.070     1.086     0.92    1.78
   1320.461     1.780     1.84    2.17
   1697.933     2.278     1.32    2.29
   2075.486     2.892     1.63    2.09
   2453.119     3.967     2.85    1.22
   2830.834     3.755    -0.56    1.13
   3208.630     3.787     0.08    1.13
   3586.506     3.682    -0.28    1.04
   3964.464     3.483    -0.53    0.82
   4342.503     3.440    -0.11    0.82
   4720.624     3.381    -0.16    0.86
   5098.825     3.418     0.10    0.92
   5477.108     3.542     0.33    0.88
   5855.473     3.671     0.34    0.88
   6233.919     3.681     0.03    0.86
   6612.446     3.674    -0.02    0.84
   6991.055     3.866     0.51    0.80
   7369.746     3.766    -0.27    0.93
   7748.518     3.779     0.04    1.01
   8127.372     4.007     0.60    1.02
   8506.307     4.062     0.14    1.02
   8885.325     4.007    -0.14    1.12
   9264.424     4.032     0.07    1.06
   9643.606     3.903    -0.34    0.97
  10022.869     3.798    -0.28    0.82
  10402.214     3.778    -0.05    0.81
  10781.642     3.811     0.09    0.83
  11161.151     4.122     0.82    1.05
  11540.743     3.285    -2.21    1.87
  11920.417     3.368     0.22    2.28
  12300.173     3.999     1.66    2.72
  12680.012     4.434     1.15    2.38
  13059.933     5.225     2.08    1.49
  13439.936     4.650    -1.51    1.21
  13820.022     4.342    -0.81    1.16
  14200.191     4.594     0.66    1.50
  14580.442     5.000     1.07    1.95
  14960.776     5.564     1.48    2.51
  15341.192     6.488     2.43    2.20
  15721.692     7.016     1.39    1.79
  16102.274     7.211     0.51    1.67
  16482.939     7.466     0.67    1.15
  16863.687     7.683     0.57    1.23
  17244.518     7.902     0.58    1.21
  17625.432     7.660    -0.64    1.58
  18006.429     7.070    -1.55    1.85
  18387.509     6.406    -1.74    1.92
  18756.579     5.915    -1.33    1.83
  19121.945     5.314    -1.64    1.04
  19487.387     5.341     0.07    0.85
  19852.903     5.370     0.08    1.01
  20218.495     5.622     0.69    1.02
  20584.163     5.728     0.29    1.30
  20949.905     5.828     0.27    1.53
  21315.724     6.414     1.60    1.79
  21681.618     6.887     1.29    2.69
  22047.588     6.487    -1.09    3.96
  22413.633     5.510    -2.67    4.74
  22779.754     3.903    -4.39    4.87
  23145.951     2.471    -3.91    4.21
  23512.223     1.124    -3.68    2.72
  23878.572     1.101    -0.06    2.80
  24244.996     0.118    -2.68    1.12
  24611.497    -0.045    -0.44    0.00
  24978.073    -0.045     0.00    0.00
  25344.726    -0.045     0.00    0.00
  25711.454    -0.045     0.00    0.00
  26078.259    -0.024     0.06    0.20
  26445.140     1.808     4.99    3.64
  26812.097     4.597     7.60    4.69
  27179.130     6.213     4.40    4.28
  27546.240     6.582     1.00    3.56
  27913.426     5.072    -4.11    3.76
  28280.688     2.989    -5.67    3.34
  28648.027     1.476    -4.12    1.75
  29015.443     1.525     0.13    2.19
  29382.935     1.643     0.32    2.28
  29750.503     2.914     3.46    3.09
  30118.149     3.870     2.60    2.75
  30485.871     4.223     0.96    2.22
  30853.670     4.030    -0.53    1.04
  31221.545     3.751    -0.76    0.70
  31589.498     3.622    -0.35    0.79
  31957.527     4.058     1.19    1.78
  32325.633     5.031     2.64    2.93
  32693.817     6.903     5.08    3.75
  33062.077     9.285     6.47    4.65
  33430.414    16.083    18.46    9.47
  33798.829    25.692    26.08   13.61
  34167.321    36.694    29.86   13.38
  34535.890    45.203    23.09   10.89
  34904.536    52.329    19.33    5.76
  35273.260    56.268    10.68    5.87
  35642.061    61.127    13.18    5.50
  36010.939    66.491    14.54    7.93
  36379.895    71.353    13.18    8.31
  36748.928    77.601    16.93    7.93
  37118.039    82.216    12.50    6.76
  37487.228    83.211     2.69    5.41
  37856.494    82.247    -2.61    6.08
  38225.838    81.216    -2.79    6.97
  38595.260    82.110     2.42    7.62
  38964.760    87.744    15.25    8.31
  39334.337    96.400    23.42    9.35
  39703.993   104.913    23.03   10.59
  40073.726   113.852    24.18   12.47
  40443.537   119.615    15.58   11.92
  40813.427   124.120    12.18   11.45
  41183.394   124.976     2.31   10.82
  41553.440   123.540    -3.88    8.68
  41923.564   121.615    -5.20    7.59
  42293.766   119.439    -5.88    9.01
  42664.046   119.636     0.53   11.05
  43034.405   123.911    11.54   13.07
  43404.842   131.733    21.12   11.72
  43775.358   135.107     9.11    9.05
  44145.952   129.119   -16.16   15.75
  44516.625   120.934   -22.08   17.71
  44887.376   114.768   -16.63   16.14
  45258.206   118.104     9.00   18.82
  45629.115   127.618    25.65   15.41
  46000.102   134.247    17.87    9.20
  46371.169   136.661     6.50    6.55
  46742.314   136.343    -0.86    6.00
  47113.538   137.572     3.31    5.22
  47484.841   137.945     1.00    5.01
  47856.223   135.314    -7.09    7.76
  48227.684   127.058   -22.23   12.97
  48599.224   118.555   -22.89   14.29
  48970.843   113.512   -13.57   12.01
  49342.541   111.461    -5.52   12.17
  49714.319   112.528     2.87   12.22
  50086.176   115.476     7.93   12.56
  50458.112   118.205     7.34   13.50
  50830.128   121.549     8.99   14.51
  51202.223   128.872    19.68   15.19
  51574.398   133.164    11.53   15.63
  51946.652   133.740     1.55   17.18
  52318.986   131.914    -4.90   21.40
  52691.399   127.056   -13.04   26.31
  53063.893   120.182   -18.46   24.13
  53436.465   114.466   -15.34   19.90
  53809.118   112.491    -5.30   16.38
  54181.851   112.870     1.02   15.76
  54554.663   115.117     6.03   17.44
  54927.556   117.138     5.42   19.06
  55300.528   121.914    12.81   20.35
  55673.581   126.555    12.44   20.12
  56046.713   133.268    17.99   19.27
  56419.926   137.312    10.84   16.82
  56793.219   139.882     6.88   15.64
  57166.592   139.674    -0.56   17.40
  57540.046   141.080     3.77   19.83
  57913.580   145.842    12.75   23.37
  58287.194   152.434    17.64   26.56
  58660.889   159.924    20.05   29.82
  59034.664   164.944    13.43   30.29
  59408.520   169.844    13.11   26.88
  59782.457   175.988    16.43   21.79
  60156.474   182.541    17.52   18.57
  60530.572   193.823    30.16   16.60
  60904.750   210.687    45.07   22.65
  61279.010   227.697    45.45   25.02
  61653.350   250.343    60.50   28.14
  62027.772   271.789    57.28   27.56
  62402.274   295.491    63.29   32.72
  62776.857   313.892    49.13   29.33
  63151.522   330.674    44.79   22.32
  63526.267   341.271    28.28   18.38
  63901.094   351.629    27.64   20.08
  64276.002   364.122    33.32   32.14
  64650.991   381.061    45.17   45.45
  65026.062   397.904    44.91   54.75
  65401.214   412.615    39.21   57.04
  65776.447   423.797    29.80   51.42
  66151.762   435.806    32.00   54.97
  66527.159   452.057    43.29   60.60
  66902.637   463.266    29.85   64.25
  67278.197   453.821   -25.15   65.69
  67653.839   430.488   -62.12   61.66
  68029.562   401.824   -76.29   51.37
  68405.367   377.521   -64.67   25.84
  68781.254   378.079     1.49   21.31
  69157.223   393.834    41.91   35.11
  69533.274   432.547   102.95   56.64
  69909.407   476.618   117.18   66.86
  70285.622   510.184    89.22   61.09
  70661.919   535.079    66.16   59.68
  71038.298   552.986    47.58   56.20
  71414.760   569.839    44.77   50.42
  71791.304   589.945    53.40   43.92
  72167.930   601.038    29.45   38.20
  72544.638   594.151   -18.28   43.69
  72921.429   570.833   -61.89   56.87
  73298.303   528.268  -112.95   63.11
  73675.259   502.155   -69.28   49.19
  74052.298   503.265     2.94   44.60
  74429.419   529.507    69.59   61.21
  74806.624   579.903   133.61   67.62
  75183.910   627.048   124.97   58.48
  75561.280   669.254   111.85   45.31
  75938.733   689.904    54.71   33.05
  76316.268   693.341     9.10   35.89
  76693.887   668.295   -66.33   56.26
  77071.589   620.498  -126.56   63.85
  77449.373   580.190  -106.70   54.28
  77827.241   546.275   -89.76   39.36
  78205.192   530.059   -42.91   37.94
  78583.227   525.955   -10.86   33.99
  78961.344   536.302    27.37   31.73
  79339.545   556.499    53.40   39.98
  79717.830   587.190    81.14   48.52
  80096.198   624.381    98.30   50.19
  80474.649   661.578    98.29   59.83
  80853.184   708.364   123.60   68.53
  81231.803   761.578   140.56   81.13
  81610.505   815.241   141.71   70.93
  81989.292   854.615   103.95   59.37
  82368.162   865.075    27.61   53.42
  82747.115   849.741   -40.47   66.73
  83126.153   825.790   -63.19   71.96
  83505.275   788.605   -98.09   66.53
  83884.481   767.640   -55.29   68.65
  84263.771   765.622    -5.32   66.57
  84643.144   762.499    -8.23   65.50
  85022.603   776.455    36.78   68.26
  85402.145   781.278    12.71   76.19
  85781.772   773.833   -19.61   87.63
  86161.483   770.651    -8.38   94.93
  86541.278   779.188    22.48   93.57
  86921.158   807.868    75.50   86.41
  87301.123   850.507   112.23   85.85
  87681.172   905.488   144.68   77.07
  88061.305   950.335   117.99   74.19
  88441.524   978.575    74.28   68.05
  88821.827   951.445   -71.34  110.03
  89202.215   904.178  -124.27  128.67
  89582.688   846.976  -150.35  116.00
  89963.245   810.879   -94.86   90.94
  90343.888   809.395    -3.90   73.85
  90724.616   805.662    -9.81   67.21
  91105.429   795.670   -26.24   80.43
  91486.327   767.740   -73.33   99.28
  91867.310   752.749   -39.35  109.60
  92248.378   724.531   -74.05  118.29
  92629.532   695.430   -76.36  112.92
  93010.771   659.542   -94.14  110.25
  93385.480   613.716  -122.31   98.11
  93750.609   563.162  -138.46   92.95
  94115.816   508.343  -150.11   89.46
  94481.099   454.625  -147.07   85.32
  94846.460   401.101  -146.51   75.29
  95211.898   358.384  -116.90   53.99
  95577.413   331.072   -74.73   29.32
  95943.006   320.592   -28.67   23.21
  96308.676   314.615   -16.35   27.39
  96674.423   300.279   -39.20   33.55
  97040.248   282.588   -48.36   30.74
  97406.150   265.661   -46.27   16.03
  97772.130   264.282    -3.77   12.44
  98138.187   279.513    41.61   33.96
  98504.322   315.495    98.28   61.37
  98870.535   368.629   145.10   77.41
  99236.825   437.245   187.34   92.67
  99603.193   504.966   184.85   91.07
  99969.639   575.966   193.77   88.01
 100336.163   618.608   116.35   67.72
 100702.765   630.378    32.11   51.57
 101069.445   603.935   -72.12   67.68
 101436.203   563.575  -110.05   64.14
 101803.039   533.046   -83.23   49.96
 102169.953   492.976  -109.22   80.38
 102536.946   429.996  -171.62  120.82
 102904.016   366.629  -172.64  123.33
 103271.165   315.588  -139.03   81.89
 103638.392   345.801    82.28  121.47
 104005.698   425.966   218.27  149.27
 104373.082   493.636   184.21  125.07
 104740.544   540.303   127.01  102.17
 105108.085   533.268   -19.14  122.60
 105475.705   533.017    -0.69  140.86
 105843.403   514.496   -50.37  143.80
 106211.180   503.761   -29.19  138.95
 106579.036   473.924   -81.12  133.22
 106946.970   441.965   -86.87  136.84
 107314.983   410.423   -85.72  137.01
 107683.076   364.501  -124.77  118.81
 108051.247   317.806  -126.84   70.32
 108419.497   320.710     7.89   70.64
 108787.826   346.955    71.26  108.60
 109156.234   405.435   158.75  154.42
 109524.721   443.925   104.46  167.36
 109893.288   500.568   153.70  175.52
 110261.933   557.258   153.79  178.39
 110630.659   619.466   168.72  153.15
 110999.463   669.385   135.36  115.63
 111368.347   697.893    77.29   81.77
 111737.310   690.193   -20.87   65.76
 112106.353   645.772  -120.38   83.45
 112475.475   589.852  -151.50   95.37
 112844.677   550.251  -107.27   82.50
 113213.958   536.440   -37.40   63.73
 113583.319   551.864    41.76   69.00
 113952.760   585.375    90.71   67.65
 114322.281   625.323   108.12   71.66
 114691.881   655.402    81.39   67.92
 115061.562   683.721    76.61   66.88
 115431.322   708.986    68.34   60.61
 115801.162   724.905    43.05   47.02
 116171.083   718.110   -18.37   38.18
 116541.083   676.496  -112.48   82.54
 116911.164   599.173  -208.95  120.41
 117281.325   521.176  -210.73  113.97
 117651.566   477.075  -119.12   93.70
 118021.888   445.053   -86.48   70.71
 118392.289   415.625   -79.45   70.57
 118762.772   401.524   -38.07   68.34
 119133.334   392.312   -24.86   58.41
 119503.978   401.854    25.75   58.12
 119874.701   451.135   132.94   78.87
 120245.506   509.598   157.68   78.87
 120616.391   572.312   169.11   78.67
 120987.357   628.935   152.65   69.58
 121358.403   680.261   138.34   40.86
 121729.531   705.895    69.08   25.76
 122100.739   721.542    42.15   10.07
 122472.028   723.985     6.58   14.14
 122843.399   718.671   -14.31   42.13
 123214.850   682.088   -98.50   92.23
 123586.382   656.645   -68.49  110.28
 123957.996   634.695   -59.07  115.76
 124329.690   585.180  -133.23  127.96
 124701.466   502.843  -221.49  152.63
 125073.323   396.795  -285.21  163.18
 125445.262   285.799  -298.45   89.33
 125817.282   255.105   -82.51   57.88
 126189.384   261.194    16.37   78.21
 126561.567   346.571   229.41  163.47
 126933.831   440.507   252.36  199.07
 127306.177   560.117   321.26  223.54
 127678.605   622.282   166.93  216.15
 128051.115   668.255   123.43  204.38
 128423.706   681.112    34.51  190.67
 128796.379   656.405   -66.30  177.11
 129169.134   593.945  -167.58  181.55
 129541.971   510.244  -224.52  163.16
 129914.890   474.874   -94.86  120.93
 130287.891   507.029    86.21  157.43
 130660.974   588.046   217.18  193.26
 131034.140   689.830   272.78  191.08
 131407.387   774.385   226.56  181.52
 131780.717   836.838   167.30  179.99
 132154.129   877.755   109.59  156.64
 132527.623   900.351    60.50  132.38
 132901.200   871.380   -77.56  119.21
 133274.859   823.365  -128.51  118.55
 133648.601   762.005  -164.19   94.94
 134022.426   731.501   -81.61   74.94
 134396.333   736.119    12.35   97.84
 134770.322   764.945    77.09  127.12
 135144.395   782.718    47.52  132.41
 135518.550   782.945     0.61  117.77
 135892.788   767.859   -40.32  103.97
 136267.109   746.685   -56.57   91.10
 136641.513   745.292    -3.72   81.59
 137016.000   749.185    10.40   65.90
 137390.570   744.439   -12.67   58.13
 137765.224   715.255   -77.90   66.29
 138139.960   674.591  -108.53   76.21
 138514.780   618.863  -148.69   86.91
 138889.683   563.763  -146.99   92.63
 139264.669   497.995  -175.40   98.81
 139639.739   432.574  -174.44  103.81
 140014.892   369.119  -169.16   89.88
 140390.128   337.905   -83.19   55.21
 140765.449   373.037    93.61   95.37
 141140.852   455.757   220.37  128.67
 141516.340   538.821   221.24  103.47
 141891.911   584.945   122.82   59.14
 142267.566   593.519    22.83   47.83
 142643.305   569.935   -62.77   49.83
 143019.128   539.407   -81.24   46.45
 143395.034   520.854   -49.36   52.31
 143771.025   491.708   -77.53   63.06
 144147.100   452.341  -104.69   64.51
 144523.259   420.809   -83.83   44.76
 144899.502   421.308     1.33   37.00
 145275.829   453.221    84.81   62.13
 145652.241   501.153   127.35   70.85
 146028.736   533.812    86.75   59.57
 146405.317   525.325   -22.54   68.01
 146781.981   461.525  -169.40  124.01
 147158.731   352.076  -290.54  139.78
 147535.565   263.275  -235.67  102.68
 147912.483   202.155  -162.17   37.26
 148289.486   186.025   -42.79    4.90
 148666.574   188.182     5.72   12.72
 149043.747   201.753    35.98   38.75
 149421.004   240.006   101.41   87.66
 149798.346   280.705   107.87  113.18
 150175.774   311.976    82.86  111.76
 150553.286   320.015    21.30   94.86
 150930.884   314.724   -14.02   71.17
 151308.566   299.955   -39.11   56.63
 151686.334   289.091   -28.76   47.94
 152064.187   275.895   -34.93   32.56
 152442.125   272.227    -9.71   18.92
 152820.149   284.014    31.18   32.70
 153198.258   303.914    52.63   42.05
 153576.452   317.155    35.02   37.12
 153954.733   326.643    25.08   27.77
 154333.098   328.668     5.35   20.52
 154711.549   338.955    27.18   28.52
 155090.086   370.599    83.60   44.85
 155468.709   409.368   102.40   48.78
 155847.418   457.181   126.27   50.34
 156226.212   499.435   111.56   53.73
 156605.092   530.995    83.31   52.67
 156984.059   547.517    43.60   57.44
 157363.111   554.073    17.30   65.04
 157742.250   551.547    -6.66   75.91
 158121.474   552.747     3.17   79.98
 158500.785   552.460    -0.76   87.83
 158880.182   541.035   -30.12  104.10
 159259.666   511.675   -77.38  107.10
 159639.236   477.965   -88.82   95.10
 160018.892   448.335   -78.05   76.25
 160398.635   415.405   -86.73   53.08
 160778.464   388.475   -70.91   43.55
 161158.380   355.285   -87.37   49.21
 161538.383   325.114   -79.41   53.57
 161918.472   285.475  -104.30   50.43
 162298.648   256.864   -75.27   42.94
 162678.912   238.874   -47.31   40.12
 163059.262   237.183    -4.45   53.73
 163439.699   239.814     6.92   68.99
 163820.223   238.245    -4.12   75.06
 164200.834   221.036   -45.22   66.66
 164581.532   200.173   -54.81   47.25
 164962.317   177.996   -58.25   15.24
 165343.190   170.705   -19.14   11.54
 165724.150   165.753   -13.00    9.06
 166105.198   166.035     0.74   15.02
 166486.332   168.309     5.97   18.79
 166867.555   171.055     7.21   18.66
 167248.865   175.619    11.97   17.27
 167630.262   186.795    29.31   24.19
 168011.070   199.665    33.80   22.88
 168375.959   206.916    19.87   17.87
 168740.927   208.738     4.99   11.34
 169105.973   210.034     3.55    8.88
 169471.099   212.057     5.54    8.86
 169836.304   212.896     2.30    8.84
 170201.587   213.405     1.39    9.53
 170566.950   212.904    -1.37   10.20
 170932.392   210.272    -7.20   10.32
 171297.913   209.312    -2.63    9.85
 171663.513   210.945     4.47   11.50
 172029.192   214.325     9.24   16.14
 172394.951   225.465    30.46   26.92
 172760.790   242.877    47.60   40.44
 173126.707   268.299    69.48   54.03
 173492.704   311.445   117.90   89.10
 173858.781   372.629   167.15  112.03
 174224.937   419.186   127.17  117.45
