# NaN NaN NaN ;Mean Elev.(m), Avg Gradient(m/km), RMS Gradient(m/km) - SRTM1     
#  -11.946   0.170   3.048 ;Mean Elev.(m), Avg Gradient(m/km), RMS Gradient(m/km) - ASTER GDEM
#    0.406   0.152   3.137 ;Mean Elev.(m), Avg Gradient(m/km), RMS Gradient(m/km) - GMTED2010 
  8  66.786972  66.611019     4.104     4.557  4 52478.28738361 22.248
  9  66.788463  66.609812     4.888     4.641  5 52513.28732681 25.920
 10  66.800362  66.608285     2.889     2.816  4 52548.28736919 19.235
 11  66.794922  66.609201     2.864     2.869  5 52583.28736848 41.653
 14  66.781971  66.611539     1.539     1.573  4 52688.28731841 12.313
 15  66.792751  66.609574     1.444     1.502  5 52723.28736454 11.309
 16  66.774363  66.614720     8.906     1.577  3 52758.28738528  8.494
 17  66.806680  66.608117     5.057     4.974  3 52793.28733829 17.258
 18  66.806156  66.607487     3.976     4.067  4 52828.28740618 21.444
 19  66.805983  66.609575     3.212     3.198  4 52863.28745079 26.399
 20  66.784849  66.610475     2.137     2.062  4 52898.28748075 20.484
 21  66.776407  66.612594     2.333     2.006  5 52933.28742600 18.669
 22  66.800238  66.608066     0.702     0.731  4 52968.28743495 21.729
 23  66.783442  66.610708     0.841     0.907  5 53003.28745760 16.371
 24  66.776175  66.612537     0.894     0.946  4 53038.28740654 12.407
 25  66.788157  66.611075     0.799     0.903  4 53073.28743402 11.298
 26  66.774648  66.614328     1.048     0.963  5 53108.28740667 11.351
 27  66.794995  66.608103     1.956     1.915  4 53143.28744382 21.836
 28  66.794731  66.610641     4.882     4.849  4 53178.28746370 15.825
 29  66.789580  66.611026     3.566     3.689  4 53213.28748462 17.852
 30  66.782558  66.610596     2.115     2.081  4 53248.28745408 17.025
 31  66.798683  66.608412     2.007     1.912  4 53283.28744576 18.493
 32  66.797631  66.607999     1.600     1.571  4 53318.28744355 32.194
 33  66.787374  66.610381     1.624     1.615  4 53353.28740969 21.591
 34  66.802843  66.608644     1.518     1.542  3 53388.28740648 18.442
 35  66.795012  66.609492     1.096     1.163  5 53423.28740675 15.268
 36  66.807937  66.607906     1.116     1.112  3 53458.28741183 11.815
 37  66.788430  66.610705    10.869    10.210  4 53493.28749709 10.160
 38  66.795027  66.609332     4.974     4.866  5 53528.28747508 16.255
 39  66.779466  66.610512     4.296     4.301  5 53563.28750522 35.138
 40  66.785611  66.609934     2.236     2.267  4 53598.28744569 22.857
 41  66.799270  66.607692     1.351     1.394  4 53633.28744140 34.175
 42  66.787382  66.609223     1.636     1.682  4 53668.28746358 20.195
 43  66.790213  66.609993     0.680     0.692  4 53703.28740625 27.069
 44  66.776247  66.611160     0.726     0.774  5 53738.28731589 13.905
 45  66.800465  66.608086     0.965     0.947  4 53773.28732978 12.499
 46  66.784222  66.612795     0.803     0.757  4 53808.28731598 11.435
 48  66.798396  66.607783     3.420     3.417  4 53878.28738595 26.796
 49  66.788159  66.610763     4.844     4.761  5 53913.28743891 20.657
 51  66.782354  66.611912     2.293     2.245  5 53983.28739340 19.464
 52  66.803421  66.608289     2.070     2.241  4 54018.28742348 26.108
 53  66.802345  66.609545     1.284     1.287  4 54053.28741660 17.185
 54  66.786526  66.610545     1.977     1.992  5 54088.28740859 14.115
 56  66.789786  66.608877     1.584     1.424  4 54158.28737218  9.868
 57  66.803510  66.607350     4.281     1.760  4 54193.28733179  8.524
 58  66.793965  66.610114     3.752     3.739  4 54228.28738372 17.128
 59  66.793569  66.608908     8.365     5.300  4 54263.28740258 15.305
 60  66.793651  66.609683     4.460     4.532  4 54298.28740749 21.574
 61  66.786414  66.610208     4.355     4.323  5 54333.28739728 19.601
 63  66.788177  66.609184     1.966     1.955  4 54403.28734082 26.437
 65  66.797791  66.608441     1.327     1.308  4 54473.28732644 14.828
 66  66.804227  66.607860     1.029     1.059  4 54508.28730835 13.367
 67  66.792384  66.610647     0.559     0.559  4 54543.28734067 11.933
 68  66.796056  66.609152    10.516    12.210  5 54578.28731050  7.023
 69  66.790901  66.609425     4.903     4.881  5 54613.28733135 34.873
 70  66.794173  66.608930     4.780     4.717  4 54648.28733842 16.240
 71  66.786414  66.610399     3.479     3.413  4 54683.28733851 18.038
 72  66.806363  66.609254     1.978     1.996  4 54718.28728517 36.575
 73  66.794493  66.609250     1.967     1.971  4 54753.28731147 25.629
 74  66.805222  66.609603     1.544     1.527  4 54788.28727638 40.131
 75  66.797604  66.608983     1.299     1.318  5 54823.28730613 14.185
 76  66.806853  66.608040     1.226     1.220  4 54858.28727198 11.767
 77  66.786687  66.610338     1.221     1.153  5 54893.28730868 10.223
 78  66.800704  66.607935     1.127     1.184  4 54928.28727022  8.560
 80  66.788499  66.610365     3.208     4.699  4 54998.28732867 21.970
 81  66.795372  66.609586     2.864     3.988  5 55033.28731780 28.344
 82  66.784879  66.610757     2.582     2.500  5 55068.28730600 21.272
 83  66.801094  66.607754     2.162     2.098  4 55103.28724461 20.475
 84  66.793484  66.610122     1.903     1.915  4 55138.28725304 42.372
 85  66.806186  66.609342     1.176     1.248  4 55173.28721338 20.379
 86  66.795519  66.609471     1.277     1.289  4 55208.28724755 15.023
 87  66.801849  66.608681     1.048     1.051  3 55243.28721821 11.237
 88  66.786937  66.610919     1.539     1.617  4 55278.28724139 13.438
 89  66.795698  66.610046     1.366     1.383  4 55313.28720376 14.372
 90  66.788541  66.610178     4.982     4.997  4 55348.28721187 38.263
 91  66.799703  66.607994     3.789     3.917  4 55383.28720247 17.528
 92  66.795868  66.609199     3.392     3.283  4 55418.28723072 20.809
 93  66.782721  66.610262     2.009     2.058  5 55453.28721122 35.653
 94  66.776070  66.611208     2.185     1.852  5 55488.28713251 20.492
