# NaN NaN NaN ;Mean Elev.(m), Avg Gradient(m/km), RMS Gradient(m/km) - SRTM1     
#    1.057  -0.186   4.562 ;Mean Elev.(m), Avg Gradient(m/km), RMS Gradient(m/km) - ASTER GDEM
#    1.416  -0.588   4.505 ;Mean Elev.(m), Avg Gradient(m/km), RMS Gradient(m/km) - GMTED2010 
  7  64.876734  63.097054    17.181    17.089  5 52475.28412022 27.456
  8  64.877577  63.095239    16.453    16.376  5 52510.28407835 27.112
  9  64.891387  63.092454    14.452    14.933  7 52545.28408882 32.951
 10  64.881194  63.094572    14.005    14.343  6 52580.28411910 28.191
 11  64.871219  63.100220    13.261    13.283  5 52615.28408681 20.960
 12  64.889302  63.094808    12.910    12.818  7 52650.28406572 16.761
 13  64.877936  63.095335    13.285    13.414  5 52685.28405184 10.994
 14  64.880254  63.095025    13.713    13.870  5 52720.28410331 11.359
 15  64.866902  63.103444    15.830    16.313  3 52755.28412616 19.057
 16  64.890446  63.090409    16.096    16.189  7 52790.28407624 32.522
 17  64.889456  63.092264    16.658    16.692  7 52825.28414574 39.502
 18  64.889574  63.091442    14.662    14.879  7 52860.28419176 32.525
 19  64.876861  63.097033    14.593    15.019  5 52895.28422180 22.612
 20  64.869111  63.101624    15.144    15.320  4 52930.28417012 21.838
 21  64.892068  63.091641    10.425    10.513  7 52965.28416292 26.333
 22  64.873329  63.096884    14.049    14.046  4 53000.28419645 14.361
 23  64.870380  63.100209    14.420    14.373  4 53035.28414521 12.443
 24  64.881924  63.095109    14.134    14.382  6 53070.28416506 13.013
 25  64.868583  63.103356    13.416    14.415  4 53105.28414620 11.153
 26  64.887785  63.094837    13.189    13.145  7 53140.28417108 46.754
 27  64.882526  63.095653    15.733    15.753  6 53175.28420485 21.675
 28  64.876317  63.095407    15.443    15.386  5 53210.28422317 26.457
 29  64.876350  63.095823    12.829    12.735  5 53245.28419104 26.998
 30  64.889337  63.093778    11.936    11.756  8 53280.28417359 37.926
 31  64.882703  63.094607    12.484    12.476  6 53315.28419077 41.790
 32  64.879193  63.095231    12.577    12.546  6 53350.28415648 19.559
 33  64.890433  63.094130    11.859    11.827  7 53385.28413623 14.468
 34  64.887907  63.095571    11.602    11.467  7 53420.28414090 12.400
 35  64.893011  63.089299    15.043    15.173  7 53455.28414754 11.767
 36  64.876381  63.097117    13.280    12.964  5 53490.28423170 35.277
 37  64.883405  63.094089    15.748    15.858  7 53525.28421649 29.397
 38  64.872964  63.099283    15.855    15.859  5 53560.28424355 47.734
 39  64.877167  63.095522    13.778    13.707  5 53595.28418240 23.407
 40  64.889047  63.093659    13.377    13.401  7 53630.28417578 23.962
 41  64.877863  63.095135    14.261    14.187  5 53665.28419938 18.244
 42  64.877330  63.095181    10.651    10.682  6 53700.28415368 35.994
 44  64.889267  63.094123    14.431    14.394  7 53770.28406407 12.055
 45  64.874790  63.095258    15.611    15.483  5 53805.28405769 11.753
 47  64.885190  63.094521    14.562    14.618  7 53875.28412425 49.045
 49  64.872357  63.099371    15.141    15.015  4 53945.28419076 29.007
 50  64.872822  63.099615    15.238    15.279  5 53980.28413791 19.800
 51  64.891455  63.090043    12.454    12.091  7 54015.28415725 28.048
 52  64.888219  63.094174    12.530    12.570  8 54050.28415906 45.537
 54  64.868810  63.102886    14.699    14.655  4 54120.28407721 11.333
 56  64.871049  63.099553    15.257    15.199  4 54190.28407459  8.957
 57  64.881447  63.093714    16.079    16.080  6 54225.28411995 40.445
 58  64.880536  63.094148    16.539    16.493  6 54260.28414024 37.575
 59  64.880329  63.094414    17.367    17.302  6 54295.28414420 28.925
 60  64.877425  63.095861    17.123    17.095  5 54330.28413673 30.531
 61  64.871476  63.100168    15.418    15.856  4 54365.28408077 23.521
 62  64.881741  63.094565    13.374    13.448  6 54400.28407839 26.416
 63  64.873510  63.098010    11.973    11.364  5 54435.28403548 22.259
 64  64.888193  63.093465    13.391    13.407  7 54470.28406207 13.857
 65  64.872933  63.097520    14.620    14.584  4 54505.28404938 12.602
 66  64.881752  63.095944    15.084    15.078  6 54540.28407680 11.592
 67  64.872241  63.098017    13.398    13.926  4 54575.28405022 13.149
 68  64.880358  63.095397    15.498    15.513  6 54610.28406898 24.912
 69  64.878547  63.095060    15.931    15.965  5 54645.28407684 24.455
 70  64.877402  63.094667    14.083    14.084  6 54680.28407816 41.566
 71  64.872655  63.099675    14.901    14.757  5 54715.28402788 20.369
 72  64.883526  63.094360    12.695    13.013  6 54750.28404880 24.846
 73  64.873907  63.095190    12.346    12.374  5 54785.28401765 39.540
 74  64.884612  63.093646    13.140    13.144  7 54820.28404179 23.011
 75  64.875069  63.095210    13.014    13.180  5 54855.28401396 11.932
 76  64.877488  63.095733    13.363    13.516  6 54890.28404597 10.238
 77  64.869608  63.100631    15.575    15.583  4 54925.28401215  3.756
 78  64.882519  63.094482    14.923    14.933  7 54960.28404375 44.024
 79  64.877664  63.096319    15.620    15.397  5 54995.28406541 22.725
 80  64.877461  63.094819    15.403    15.450  6 55030.28405556 26.412
 81  64.877741  63.096317    14.298    14.418  6 55065.28404574 25.150
 82  64.868389  63.100552    13.397    13.376  4 55100.28398838 24.190
 83  64.883544  63.094940    11.442    11.460  6 55135.28399120 30.015
 84  64.874457  63.097597    11.319    11.338  5 55170.28395427 20.030
 85  64.884164  63.095161    10.947    11.020  7 55205.28398425 12.087
 86  64.872909  63.099541    12.929    13.429  5 55240.28396039 10.895
 87  64.877135  63.096234    12.707    12.475  6 55275.28397825 10.592
 88  64.872062  63.098028    12.813    12.478  5 55310.28394427 33.245
 89  64.880689  63.095784    15.424    15.449  6 55345.28394689 24.785
 90  64.875433  63.096053    16.016    16.014  5 55380.28394060 47.912
 91  64.886167  63.095387    15.382    15.425  7 55415.28396639 32.389
 92  64.876465  63.097251    14.198    14.240  5 55450.28395211 21.434
 93  64.869959  63.099976    14.838    14.800  5 55485.28387688 25.324
