# NaN NaN NaN ;Mean Elev.(m), Avg Gradient(m/km), RMS Gradient(m/km) - SRTM1     
#   -9.966  -0.303   2.520 ;Mean Elev.(m), Avg Gradient(m/km), RMS Gradient(m/km) - ASTER GDEM
#    0.052   0.021   1.341 ;Mean Elev.(m), Avg Gradient(m/km), RMS Gradient(m/km) - GMTED2010 
  7  67.528847  66.624744     4.888     5.036 14 52459.28536094 35.232
  9  67.526648  66.608646     2.547     3.761  5 52529.28533335 16.638
 10  67.536718  66.619449     2.306     2.316 11 52564.28535617 31.666
 11  67.513804  66.623557     2.568     2.556 11 52599.28538218 27.984
 12  67.532883  66.622958     2.563     2.525 13 52634.28533452 18.067
 13  67.526226  66.626715     2.545     2.588 13 52669.28534619 14.123
 14  67.536634  66.620264     2.405     2.378 13 52704.28533129 11.151
 15  67.522220  66.626403     2.573     2.743 14 52739.28536773 10.549
 16  67.520405  66.627747     3.443     3.444 14 52774.28531738 38.836
 17  67.534816  66.623410     4.442     4.471 13 52809.28538998 21.421
 18  67.536060  66.623341     3.919     3.904 13 52844.28544677 17.031
 19  67.528813  66.625493     2.315     2.162 14 52879.28548454 39.620
 20  67.523883  66.627774     2.432     2.469 14 52914.28544216 33.765
 22  67.533802  66.622715     1.447     0.909 14 52984.28542991 16.931
 23  67.522881  66.627440     1.283     1.306 13 53019.28542110 14.826
 24  67.538215  66.621732     1.518     1.446 13 53054.28540621 14.247
 25  67.507574  66.625043     0.686     0.614 11 53089.28544385 11.489
 26  67.534703  66.622490     1.635     1.685 14 53124.28541363 11.524
 27  67.526429  66.626681     4.953     4.903 13 53159.28547231 21.816
 28  67.528221  66.623640     3.771     3.750 13 53194.28546806 15.297
 29  67.527887  66.624720     2.560     2.592 14 53229.28545979 42.722
 30  67.509864  66.626310     2.432     2.419 11 53264.28543169 37.392
 31  67.525727  66.625630     1.815     1.723 13 53299.28547563 27.499
 32  67.526738  66.625680     1.077     1.185 14 53334.28544628 25.923
 33  67.514432  66.625574     1.755     1.794 11 53369.28538759 18.305
 34  67.531707  66.622798     1.540     1.558 13 53404.28541921 14.929
 35  67.513681  66.623287     1.753     1.830 11 53439.28540756 12.867
 36  67.530107  66.625620     1.671     1.730 13 53474.28546681 10.056
 37  67.527312  66.625345     3.916     3.996 13 53509.28548679 32.587
 38  67.521868  66.626810     3.850     3.897 13 53544.28550067 17.121
 39  67.520231  66.627063     3.016     2.907 14 53579.28548058 43.491
 40  67.509321  66.624623     1.703     1.704 11 53614.28543507 42.235
 41  67.534481  66.622480     2.366     2.370 14 53649.28544166 32.752
 42  67.521167  66.627025     1.532     1.479 14 53684.28545491 40.824
 43  67.520196  66.627208     0.286     0.315 14 53719.28538163 23.165
 45  67.527359  66.624686     1.395     1.520 13 53789.28533453 12.979
 47  67.528944  66.624503     1.859     1.840 14 53859.28538319  9.293
 48  67.531985  66.622614     4.402     4.443 13 53894.28540003 19.876
 49  67.520608  66.628574     3.287     3.728 13 53929.28545480 20.307
 50  67.512921  66.624511     3.002     2.998 11 53964.28543582 37.918
 54  67.511234  66.624633     2.136     2.126 11 54104.28538502 11.789
 55  67.531492  66.622526     2.842     2.883 13 54139.28535922 11.601
 56  67.520893  66.627911     2.891     2.881 14 54174.28536319 10.962
 57  67.543842  66.634972     2.712     2.582  5 54209.28536294  4.078
 58  67.528365  66.625100     5.137     5.133 14 54244.28539609 31.402
 59  67.528583  66.625356     4.520     4.589 14 54279.28540828 25.597
 60  67.526068  66.625018     2.940     3.725 13 54314.28540823 22.871
 61  67.520469  66.628822     3.971     4.012 13 54349.28537745 19.985
 62  67.533308  66.624361     2.498     2.265 13 54384.28534628 34.461
 63  67.522193  66.628596     1.723     1.736 14 54419.28532713 35.545
 64  67.537154  66.621408     1.878     1.830 13 54454.28531775 15.870
 65  67.524939  66.625523     2.106     2.021 13 54489.28532694 13.265
 66  67.532384  66.623076     2.289     2.036 14 54524.28533063 11.939
 67  67.521448  66.627862     3.225     2.766 14 54559.28533585  6.525
 68  67.527718  66.625408     1.786     1.797 13 54594.28532617 18.036
 69  67.526351  66.626072     4.380     4.363 13 54629.28534071 19.953
 70  67.526303  66.625244     4.006     3.998 13 54664.28534780 16.274
 71  67.520004  66.627245     2.658     2.656 14 54699.28531946 40.181
 72  67.533751  66.622312     2.444     2.436 13 54734.28530619 34.539
 73  67.525558  66.625800     2.393     2.520 13 54769.28529977 33.291
 74  67.534250  66.624424     2.001     1.695 13 54804.28529977 20.605
 75  67.527989  66.625749     2.268     1.981 13 54839.28529366 15.000
 76  67.530739  66.623755     2.173     2.046 13 54874.28530003 12.516
 77  67.513250  66.624517     1.910     1.850 11 54909.28530085 11.599
 78  67.532878  66.624739     2.662     2.290 13 54944.28529237  7.749
 79  67.526913  66.626749     4.590     4.632 13 54979.28531912 21.584
 80  67.526706  66.626238     4.250     4.216 13 55014.28532373 15.796
 81  67.527511  66.624811     2.376     2.555 14 55049.28531735 34.266
 82  67.512449  66.624656     1.958     1.951 10 55084.28528611 31.352
 83  67.533870  66.622221     2.368     2.354 13 55119.28524969 23.282
 84  67.523689  66.627865     1.068     1.027 14 55154.28524456 23.808
 85  67.534000  66.623702     1.600     1.650 13 55189.28523858 15.090
 87  67.529719  66.624718     1.872     1.898 14 55259.28523454 11.871
 88  67.519656  66.628181     1.888     1.887 14 55294.28523065 11.697
 89  67.527159  66.626700     3.561     3.584 13 55329.28521633 49.463
 90  67.523060  66.626947     3.913     3.861 13 55364.28521107 17.356
 91  67.532857  66.622537     3.598     3.520 13 55399.28522180 15.052
 92  67.527468  66.625543     2.775     2.658 13 55434.28522734 21.028
 93  67.512127  66.625020     1.952     1.935 10 55469.28518334 38.883
