# NaN NaN NaN ;Mean Elev.(m), Avg Gradient(m/km), RMS Gradient(m/km) - SRTM1     
#  -11.985  -0.314   5.521 ;Mean Elev.(m), Avg Gradient(m/km), RMS Gradient(m/km) - ASTER GDEM
#    3.705  -0.027   1.777 ;Mean Elev.(m), Avg Gradient(m/km), RMS Gradient(m/km) - GMTED2010 
  8  66.083480  66.269316     5.922     5.945  8 52498.67797255 31.643
 10  66.075760  66.264296     4.068     4.141  8 52568.67798660 23.102
 11  66.081198  66.268487     2.831     2.818  7 52603.67797737 28.646
 13  66.080888  66.268303     3.319     3.334  7 52673.67795240 13.387
 14  66.073433  66.262249     3.066     2.987  9 52708.67796259 11.284
 15  66.077988  66.265410     2.733     2.737  8 52743.67799272  9.237
 17  66.067475  66.259838     6.253     6.315  9 52813.67801199 40.511
 19  66.077316  66.264055     3.785     3.836  8 52883.67810168 36.141
 20  66.084647  66.269206     3.373     3.416  8 52918.67805893 27.520
 21  66.073510  66.261713     0.500     0.645  9 52953.67802055 29.531
 22  66.082811  66.268582     2.155     1.477  8 52988.67802975 17.323
 23  66.087747  66.269816     3.149     3.154  8 53023.67801708 11.277
 24  66.080188  66.267363     3.461     3.396  7 53058.67801222 11.191
 25  66.081598  66.266966     2.717     2.694  8 53093.67804999 10.028
 26  66.076270  66.263447     3.359     3.337  9 53128.67802107  8.590
 28  66.078070  66.265100     5.529     5.493  8 53198.67808869 35.845
 29  66.087449  66.270035     3.156     2.920  8 53233.67806142 33.088
 30  66.091369  66.270849     2.918     2.965  8 53268.67802894 33.535
 31  66.065486  66.261674     2.674     2.410  9 53303.67808706 47.243
 32  66.079549  66.268662     2.404     2.086  8 53338.67805712 18.022
 33  66.091487  66.270928     2.724     2.578  8 53373.67799002 13.749
 34  66.076895  66.264820     3.279     3.126  8 53408.67802999 12.626
 35  66.091076  66.270041     2.587     2.380  8 53443.67801462  9.890
 36  66.070406  66.260920     2.883     2.790  9 53478.67808952  8.746
 37  66.078086  66.265579     6.400     6.470  9 53513.67809934 32.811
 38  66.078960  66.264838     5.282     5.317  8 53548.67811752 19.454
 39  66.081857  66.269019     3.883     3.842  7 53583.67808338 39.195
 40  66.088579  66.269902     2.919     2.993  8 53618.67803972 31.020
 41  66.074067  66.263598     3.061     3.023  8 53653.67806192 30.967
 42  66.078525  66.264633    -3.393    -3.418  8 53688.67806010 32.215
 43  66.092539  66.270402     2.542     2.196  8 53723.67798557 18.985
 44  66.076125  66.264056     3.095     3.200  8 53758.67792382 13.898
 45  66.085049  66.268916     2.784     2.299  8 53793.67794553 12.476
 46  66.071654  66.261625     3.535     3.541  9 53828.67791658 10.330
 47  66.072031  66.261853     5.120     4.842  9 53863.67799892  2.069
 48  66.076854  66.264266     4.072     4.928  8 53898.67802337 21.337
 49  66.073217  66.262289     4.489     4.671  9 53933.67806857 22.078
 50  66.079254  66.265366     3.597     3.580  8 53968.67804059 47.200
 51  66.068156  66.261769     2.866     2.742  9 54003.67801097 35.299
 52  66.076391  66.265177     1.788     1.759  8 54038.67804567 20.032
 53  66.080251  66.268172     4.185     3.888  8 54073.67804051 10.953
 54  66.091425  66.269960     4.401     3.919  8 54108.67798736 12.312
 55  66.074412  66.262371     4.794     4.407  9 54143.67797645  9.827
 56  66.085004  66.270260     4.391     4.451  7 54178.67797143 10.020
 57  66.072906  66.264501     2.918     3.102  9 54213.67798448 24.419
 58  66.076075  66.264565     6.003     6.061  8 54248.67801272 20.856
 59  66.079082  66.267301     6.704     6.733  8 54283.67802138 39.610
 60  66.081124  66.267362     5.696     5.878  7 54318.67801898 23.286
 61  66.086754  66.269518     4.742     4.453  8 54353.67798349 27.876
 62  66.079309  66.264679     3.809     3.629  8 54388.67795855 25.801
 63  66.081252  66.269919     1.795     1.734  7 54423.67793346 32.707
 64  66.073520  66.262013     3.440     3.146  9 54458.67793307 15.647
 65  66.083774  66.268609     3.276     3.172  8 54493.67793713 14.000
 66  66.075752  66.265115     3.523     3.170  9 54528.67794632 12.957
 67  66.087082  66.269083     3.810     3.367  8 54563.67794449  8.750
 68  66.078332  66.265159     2.927     2.935  8 54598.67794201 24.573
 69  66.077554  66.265327     5.906     5.839  8 54633.67795481 32.988
 70  66.077776  66.267513     4.971     4.938  8 54668.67796032 23.469
 71  66.085396  66.270113     2.978     2.927  8 54703.67792529 36.351
 72  66.075095  66.262066     3.292     3.210  9 54738.67792127 31.291
 73  66.082587  66.269537     2.518     2.506  7 54773.67790615 44.789
 74  66.071107  66.262333     2.608     2.654  8 54808.67791493 19.115
 75  66.081429  66.268325     3.520     3.291  8 54843.67790386 12.534
 76  66.074663  66.264962     3.801     3.452  9 54878.67791818 10.201
 77  66.084676  66.269264     3.958     3.468  8 54913.67790807  9.945
 78  66.075166  66.263864     4.509     4.356  9 54948.67791054  5.938
 79  66.077509  66.264459     6.479     6.468  8 54983.67793578 32.224
 80  66.078340  66.267760     5.329     5.301  8 55018.67793336 22.035
 81  66.080458  66.268593     4.085     3.914  8 55053.67792943 32.814
 82  66.085770  66.269841     2.610     2.625  8 55088.67789090 44.103
 83  66.075542  66.265130     3.737     3.707  9 55123.67786528 27.223
 84  66.082709  66.267985     1.869     1.610  7 55158.67785141 24.553
 85  66.071843  66.262295     3.071     2.709  9 55193.67785492 12.203
 86  66.082828  66.269991     2.641     2.776  7 55228.67785359 10.140
 87  66.078155  66.265462     3.195     3.233  9 55263.67785054  9.749
 88  66.086203  66.269274     4.321     4.105  8 55298.67783693 11.676
 89  66.079409  66.266856     5.327     5.390  7 55333.67782912 40.854
 90  66.080911  66.267869     5.224     5.079  8 55368.67782062 19.685
 91  66.075223  66.262828     4.164     4.330  9 55403.67783607 27.135
 92  66.083165  66.267899     3.420     3.435  7 55438.67783879 30.198
 93  66.087987  66.270366     2.781     2.799  7 55473.67778638 33.207
