# NaN NaN NaN ;Mean Elev.(m), Avg Gradient(m/km), RMS Gradient(m/km) - SRTM1     
#   10.509   2.301  18.952 ;Mean Elev.(m), Avg Gradient(m/km), RMS Gradient(m/km) - ASTER GDEM
#   27.500   1.128  15.154 ;Mean Elev.(m), Avg Gradient(m/km), RMS Gradient(m/km) - GMTED2010 
  8    87.160 52482.27054298  3.59  68.372582  61.149907  7.305
  8    83.361 52482.27054363  4.31  68.370242  61.146747  7.305
  8    46.631 52482.27054427  5.47  68.367912  61.143587  7.305
 10    86.518 52552.27054727  7.84  68.381540  61.147260  8.031
 10    85.748 52552.27054791  8.18  68.379200  61.144100  8.031
 10    85.286 52552.27054856  3.84  68.376860  61.140950  8.031
 11    19.404 52587.27052459 42.78  68.378253  61.145982 16.044
 11    19.307 52587.27052524 44.23  68.375913  61.142832 16.044
 11    19.272 52587.27052588 46.13  68.373573  61.139672 16.044
 12    20.569 52622.27049010 22.95  68.369431  61.148967  4.893
 12    21.492 52622.27049074 23.31  68.367101  61.145807  4.893
 12    20.599 52622.27049139 19.73  68.364761  61.142647  4.893
 15    18.911 52727.27052396 14.40  68.379800  61.146101  4.103
 15    17.949 52727.27052461 15.14  68.377470  61.142941  4.103
 15    20.940 52727.27052525 13.34  68.375130  61.139791  4.103
 16    20.401 52762.27053800 27.05  68.359737  61.151022 15.273
 16    24.587 52762.27053865 22.16  68.357397  61.147862 15.273
 17    86.260 52797.27050049  6.14  68.393109  61.145380  5.652
 17    87.759 52797.27050114  3.13  68.390769  61.142230  5.652
 17    84.953 52797.27050178  3.40  68.388429  61.139070  5.652
 18    23.654 52832.27057215 18.04  68.393044  61.146081 15.433
 18    24.727 52832.27057280 17.34  68.390704  61.142921 15.433
 18    25.040 52832.27057344 21.03  68.388364  61.139761 15.433
 18    25.161 52832.27057408 32.27  68.386024  61.136611 15.433
 19    37.140 52867.27061545 10.23  68.387213  61.145472  4.312
 19    23.915 52867.27061609 12.30  68.384873  61.142312  4.312
 19    24.384 52867.27061674 24.39  68.382537  61.139152 26.352
 21    20.592 52937.27057546 17.45  68.366152  61.150781 23.613
 21    21.752 52937.27057610 16.84  68.363812  61.147621 23.613
 21    20.442 52937.27057675 25.98  68.361472  61.144461 23.613
 22    16.875 52972.27060531 23.78  68.381029  61.147370  8.776
 22    17.070 52972.27060596 25.02  68.378689  61.144210  8.776
 22    17.009 52972.27060660 22.86  68.376349  61.141050  8.776
 23    18.741 53007.27061648 15.14  68.371164  61.147809  6.155
 23    18.454 53007.27061713 16.03  68.368824  61.144649  6.155
 23    18.587 53007.27061777 14.92  68.366484  61.141499  6.155
 24    19.125 53042.27057063 11.15  68.386096  61.147342  3.639
 24    18.881 53042.27057127 10.96  68.383756  61.144182  3.639
 24    19.706 53042.27057192 11.61  68.381416  61.141032  3.639
 25    20.274 53077.27060428  9.91  68.369266  61.147221  3.352
 25    20.496 53077.27060492  9.76  68.366936  61.144071  3.352
 27    86.964 53147.27061824  4.86  68.375536  61.146135  5.720
 27    87.086 53147.27061889  2.44  68.373196  61.142975  5.720
 28    66.782 53182.27062103  4.72  68.382337  61.146361 19.551
 28    66.055 53182.27062167  0.10  68.380007  61.143201 19.551
 29    20.269 53217.27064465 34.15  68.375632  61.147609 13.338
 29    20.353 53217.27064530 29.61  68.373292  61.144449 13.338
 29    22.695 53217.27064594 29.68  68.370952  61.141289 13.338
 31    50.142 53287.27062012  9.69  68.381316  61.147183  7.823
 31    49.505 53287.27062076  5.61  68.378976  61.144023  7.823
 31    51.724 53287.27062141  4.57  68.376636  61.140863  7.823
 32    20.045 53322.27059618 21.58  68.385791  61.146846 12.768
 32    20.418 53322.27059683 24.27  68.383461  61.143696 12.768
 32    20.608 53322.27059747 20.44  68.381121  61.140536 12.768
 34    19.438 53392.27057735 17.51  68.385566  61.146169  8.479
 34    19.617 53392.27057799 18.42  68.383226  61.143009  8.479
 35    19.864 53427.27057248 14.21  68.377197  61.148830  6.064
 35    19.893 53427.27057312 13.99  68.374857  61.145670  6.064
 35    18.809 53427.27057377 15.72  68.372517  61.142510  6.064
 36    22.745 53462.27058809  8.08  68.390010  61.146329  3.085
 36    22.180 53462.27058874  7.87  68.387670  61.143169  3.085
 36    23.441 53462.27058938  8.60  68.385330  61.140019  3.085
 37    61.368 53497.27066232  7.35  68.373428  61.149024  6.894
 37    85.221 53497.27066297  2.15  68.371088  61.145864  6.894
 37    84.140 53497.27066361  1.88  68.368748  61.142704  6.894
 38    85.047 53532.27064256  5.13  68.379034  61.148060  7.274
 38    86.087 53532.27064321  3.24  68.376694  61.144900  7.274
 38    85.002 53532.27064385  0.75  68.374354  61.141740  7.274
 40    19.852 53602.27060929 11.25  68.370727  61.147925 13.977
 40    21.256 53602.27060993 11.89  68.368387  61.144765 13.977
 40    23.707 53602.27061058 25.88  68.366047  61.141605 13.977
 41    49.624 53637.27060686  7.64  68.382270  61.146650 11.214
 41    57.200 53637.27060751  3.35  68.379930  61.143490 11.214
 44    19.252 53742.27047166 17.29  68.364705  61.148199  4.426
 44    20.423 53742.27047231 16.10  68.362365  61.145039  4.426
 45    18.299 53777.27049665  8.07  68.383968  61.145573  3.667
 45    17.360 53777.27049730  7.89  68.381628  61.142413  3.667
 45    19.254 53777.27049794  7.26  68.379288  61.139253  3.667
 46    21.527 53812.27047362  5.61  68.367782  61.149545  2.209
 46    23.486 53812.27047426  4.96  68.365452  61.146385  2.209
 46    24.800 53812.27047491  4.96  68.363112  61.143225  2.209
 47    23.605 53847.27052642  8.92  68.380780  61.145199  3.303
 47    24.364 53847.27052707  8.33  68.378440  61.142039  3.303
 47    25.639 53847.27052771  7.95  68.376100  61.138879  3.303
 52    21.845 54022.27059159 15.39  68.385826  61.146269 11.507
 52    22.655 54022.27059224 16.43  68.383486  61.143109 11.507
 52    20.557 54022.27059288 20.79  68.381146  61.139949 11.507
 53    20.065 54057.27058392 35.32  68.386229  61.146076  9.128
 53    19.434 54057.27058456 39.83  68.383889  61.142916  9.128
 53    19.952 54057.27058521 29.60  68.381549  61.139756  9.128
 55    20.774 54127.27050108 11.52  68.388193  61.143823  2.950
 55    23.311 54127.27050172 11.68  68.385853  61.140663  2.950
 55    23.370 54127.27050237 11.36  68.383513  61.137503  2.950
 56    24.036 54162.27053559  7.60  68.373676  61.146660  2.229
 56    24.418 54162.27053624  8.00  68.371346  61.143500  2.229
 56    24.781 54162.27053688  8.43  68.369006  61.140340  2.229
 57    23.568 54197.27050391  5.45  68.382277  61.142310  2.477
 57    23.970 54197.27050455  8.99  68.379939  61.139153 12.275
 58    87.369 54232.27054851  9.24  68.380189  61.146161  6.364
 58    86.235 54232.27054915  7.72  68.377849  61.143001  6.364
 58    86.100 54232.27054980  5.74  68.375509  61.139841  6.364
 59    86.758 54267.27056647  6.39  68.379043  61.147525  5.724
 59    86.150 54267.27056712  6.22  68.376703  61.144375  5.724
 59    86.229 54267.27056776  1.27  68.374373  61.141215  5.724
 60    57.894 54302.27057086  0.29  68.378853  61.147580  6.320
 60    26.131 54302.27057215 27.54  68.374183  61.141260  6.320
 61    24.426 54337.27055817 19.27  68.371847  61.144599  7.674
 61    24.625 54337.27055882 29.60  68.369507  61.141439  7.674
 62    49.449 54372.27050356 10.16  68.384802  61.147201  6.400
 62    55.748 54372.27050421  5.19  68.382462  61.144041  6.400
 63    61.103 54407.27050305  3.73  68.374105  61.146232  6.545
 63    59.811 54407.27050369  2.69  68.371773  61.143072 12.385
 65    20.103 54477.27049138 14.27  68.379154  61.146776  5.238
 65    23.436 54477.27049203 14.11  68.376814  61.143616  5.238
 65    23.592 54477.27049267 13.08  68.374474  61.140456  5.238
 66    19.535 54512.27047922 15.99  68.387549  61.144218  4.905
 66    23.220 54512.27047986 13.38  68.385219  61.141058  4.905
 66    24.456 54512.27048051 12.38  68.382879  61.137908  4.905
 67    23.770 54547.27050533  7.92  68.374261  61.147491  2.366
 67    24.763 54547.27050597  8.34  68.371921  61.144331  2.366
 67    25.060 54547.27050662  8.45  68.369591  61.141171  2.366
 68    18.393 54582.27047435 27.91  68.380835  61.146935 15.541
 68    19.260 54582.27047499 21.83  68.378495  61.143775 15.541
 68    19.227 54582.27047564 21.30  68.376155  61.140615 15.541
 69    85.833 54617.27049576  9.82  68.377683  61.145243  6.111
 69    83.871 54617.27049641  6.98  68.375353  61.142083  6.111
 71    23.525 54687.27049884 12.17  68.371683  61.146328 18.677
 71    24.167 54687.27049948 20.71  68.369343  61.143168 18.677
 74    18.745 54792.27044801 41.21  68.386931  61.145092 13.018
 74    18.260 54792.27044866 31.58  68.384591  61.141942 13.018
 74    17.558 54792.27044930 43.13  68.382251  61.138782 13.018
 76    19.722 54862.27044167 19.39  68.386732  61.145879  9.741
 76    18.841 54862.27044231 20.45  68.384392  61.142719  9.741
 76    20.463 54862.27044296 19.70  68.382052  61.139569  9.741
 77    18.581 54897.27047192 13.97  68.373825  61.147960  7.791
 77    18.262 54897.27047256 13.85  68.371485  61.144800  7.791
 77    17.982 54897.27047321 15.21  68.369155  61.141640  7.791
 78    36.847 54932.27043756  8.47  68.382959  61.146284  6.773
 78    20.827 54932.27043820  9.32  68.380629  61.143124  6.773
 78    19.104 54932.27043884  8.88  68.378289  61.139974  6.773
 79    87.019 54967.27047243  4.53  68.378027  61.147218  8.587
 79    86.659 54967.27047308  3.51  68.375687  61.144058  8.587
 79    85.598 54967.27047372  2.66  68.373347  61.140898  8.587
 82    40.339 55072.27046591 10.99  68.371002  61.146931 12.520
 82    40.646 55072.27046655 12.96  68.368662  61.143771 12.520
 83    48.994 55107.27041106 15.67  68.385662  61.146266 15.295
 83    51.577 55107.27041171  7.12  68.383322  61.143106 15.295
 85    20.498 55177.27038170 21.89  68.390293  61.145851 10.692
 85    20.277 55177.27038234 22.90  68.387953  61.142691 10.692
 85    20.429 55177.27038299 20.61  68.385613  61.139541 10.692
 87    22.729 55247.27038458  5.80  68.383642  61.145493  2.240
 87    21.680 55247.27038522  6.20  68.381302  61.142333  2.240
 87    22.045 55247.27038587  6.57  68.378962  61.139183  2.240
 89    85.715 55317.27037327  6.16  68.376461  61.147234  8.593
 89    86.374 55317.27037391  2.01  68.374131  61.144074  8.593
 89    85.690 55317.27037456  0.94  68.371791  61.140914  8.593
 91    49.483 55387.27037308  8.00  68.384476  61.146585 18.228
 91    49.211 55387.27037372  6.96  68.382136  61.143425 18.228
 92    22.405 55422.27039482 10.63  68.378308  61.147449 18.025
 92    23.788 55422.27039547 12.68  68.375968  61.144289 18.025
 92    23.504 55422.27039611 16.37  68.373628  61.141129 18.025
