-245145.986   113.209     0.00    4.66
-244774.786   112.579    -1.70    4.31
-244403.514   112.251    -0.88    4.11
-244032.171   113.809     4.19    5.30
-243660.757   116.436     7.07    6.43
-243289.271   119.056     7.05    6.55
-242917.714   121.728     7.19    6.05
-242546.085   122.831     2.97    6.06
-242174.385   122.789    -0.11    6.13
-241802.613   121.798    -2.66    5.54
-241430.769   120.676    -3.02    4.97
-241058.854   120.148    -1.42    4.24
-240686.867   119.641    -1.36    4.08
-240314.808   118.446    -3.21    4.93
-239942.677   116.702    -4.68    5.27
-239570.475   114.309    -6.43    5.27
-239198.200   112.062    -6.03    4.76
-238825.854   110.889    -3.15    4.94
-238453.435   109.796    -2.93    4.74
-238080.945   107.707    -5.61    5.26
-237708.382   106.095    -4.33    4.93
-237335.748   105.754    -0.91    3.81
-236963.041   105.291    -1.24    3.13
-236590.262   105.446     0.42    2.86
-236217.411   105.014    -1.16    2.84
-235844.487   104.605    -1.10    2.66
-235471.491   103.788    -2.19    2.46
-235098.423   103.832     0.12    2.96
-234725.282   104.214     1.02    3.78
-234352.069   104.597     1.03    3.82
-233978.784   105.121     1.40    3.60
-233605.426   105.252     0.35    2.81
-233231.995   105.093    -0.43    1.80
-232858.492   104.463    -1.69    1.93
-232484.916   104.013    -1.21    2.04
-232111.267   102.854    -3.10    2.08
-231737.546   101.173    -4.50    2.78
-231363.751    99.705    -3.93    3.34
-230989.884    97.900    -4.82    3.43
-230615.944    96.818    -2.89    3.08
-230241.931    96.468    -0.94    2.95
-229867.846    96.486     0.05    3.18
-229493.687    96.900     1.11    2.44
-229119.455    96.062    -2.24    3.20
-228745.150    94.798    -3.38    3.59
-228370.772    93.993    -2.15    3.12
-227996.321    94.162     0.45    3.01
-227621.796    95.725     4.17    3.66
-227247.199    97.582     4.96    3.46
-226872.528    98.342     2.03    3.18
-226497.783    97.301    -2.78    3.74
-226122.966    96.190    -2.96    3.43
-225748.075    95.809    -1.02    3.06
-225373.110    95.249    -1.50    2.61
-224998.072    94.429    -2.19    2.80
-224622.960    93.260    -3.11    3.25
-224247.775    91.968    -3.44    3.36
-223872.516    91.644    -0.86    3.36
-223497.183    90.741    -2.40    3.41
-223121.777    89.388    -3.60    2.99
-222746.297    88.105    -3.42    2.67
-222370.743    87.644    -1.23    2.11
-221995.115    88.451     2.15    2.15
-221619.414    88.504     0.14    2.17
-221243.638    88.798     0.78    2.14
-220867.788    88.993     0.52    2.10
-220491.865    88.541    -1.20    2.29
-220115.867    88.371    -0.45    2.79
-219739.795    87.327    -2.78    2.89
-219363.649    86.934    -1.04    2.41
-218987.429    87.204     0.72    1.97
-218611.135    86.866    -0.90    2.01
-218234.766    85.787    -2.87    2.33
-217858.323    84.659    -3.00    2.12
-217481.805    83.514    -3.04    1.77
-217105.213    82.957    -1.48    1.83
-216728.547    82.525    -1.15    1.75
-216351.806    82.429    -0.26    1.40
-215974.991    82.287    -0.38    1.24
-215598.101    82.457     0.45    1.52
-215221.136    82.518     0.16    1.80
-214844.097    81.980    -1.43    2.05
-214466.983    81.507    -1.25    2.10
-214089.794    80.684    -2.18    2.40
-213712.531    79.446    -3.28    2.09
-213335.192    77.541    -5.05    2.50
-212957.779    75.593    -5.16    3.47
-212580.290    73.990    -4.25    3.33
-212202.727    72.613    -3.65    2.91
-211825.089    71.923    -1.83    2.50
-211447.375    71.992     0.18    2.63
-211069.587    72.833     2.23    3.67
-210691.723    73.417     1.55    4.02
-210313.784    72.845    -1.51    3.97
-209935.770    70.728    -5.60    4.59
-209557.680    67.777    -7.80    4.82
-209179.515    64.751    -8.00    4.02
-208801.275    62.879    -4.95    3.14
-208422.959    61.241    -4.33    3.14
-208044.568    59.923    -3.48    3.20
-207666.101    59.152    -2.04    3.21
-207287.559    58.777    -0.99    3.37
-206908.941    60.164     3.66    5.91
-206530.247    61.400     3.26    8.03
-206151.478    62.471     2.83    8.77
-205772.633    62.201    -0.71    8.08
-205393.712    61.566    -1.68    6.04
-205014.715    63.423     4.90    5.34
-204635.643    67.245    10.08    6.83
-204256.494    71.556    11.37    5.78
-203877.270    72.911     3.57    4.76
-203497.969    70.968    -5.12    6.48
-203118.593    67.783    -8.39    6.19
-202739.140    66.204    -4.16    4.36
-202359.611    67.107     2.38    3.82
-201980.006    68.058     2.50    1.94
-201600.325    69.309     3.30    1.50
-201220.567    70.496     3.12    1.69
-200840.733    71.383     2.33    1.61
-200460.823    71.923     1.42    1.45
-200080.836    71.563    -0.95    1.97
-199700.773    71.521    -0.11    2.50
-199320.633    72.811     3.39    4.42
-198940.416    74.707     4.99    5.41
-198560.124    76.512     4.75    4.95
-198179.754    77.264     1.98    4.41
-197799.308    75.612    -4.34    5.31
-197418.784    73.730    -4.94    4.72
-197046.428    73.429    -0.81    3.27
-196680.475    74.006     1.58    2.62
-196314.452    75.687     4.59    2.55
-195948.359    77.314     4.44    2.89
-195582.195    79.105     4.89    2.91
-195215.961    81.332     6.08    3.99
-194849.657    83.969     7.20    4.14
-194483.282    86.563     7.08    3.80
-194116.837    89.016     6.69    1.76
-193750.322    89.150     0.37    1.44
-193383.736    88.369    -2.13    1.74
-193017.079    88.156    -0.58    1.80
-192650.352    88.768     1.67    2.36
-192283.555    89.378     1.66    2.58
-191916.687    88.957    -1.15    2.65
-191549.748    87.507    -3.95    3.32
-191182.738    85.923    -4.32    3.60
-190815.658    83.900    -5.51    3.39
-190448.507    82.732    -3.18    3.43
-190081.285    81.901    -2.26    3.55
-189713.992    81.305    -1.62    3.47
-189346.628    80.762    -1.48    2.94
-188979.193    79.301    -3.98    2.68
-188611.688    79.030    -0.74    2.93
-188244.111    81.196     5.89    6.14
-187876.463    84.068     7.81    7.14
-187508.744    87.676     9.81    6.54
-187140.954    90.865     8.67    5.37
-186773.093    91.590     1.97    5.55
-186405.160    92.291     1.91    5.40
-186037.156    91.743    -1.49    5.35
-185669.081    91.193    -1.50    5.55
-185300.934    89.321    -5.08    5.77
-184932.716    87.238    -5.66    5.14
-184564.427    84.314    -7.94    2.98
-184196.066    83.653    -1.79    2.62
-183827.634    82.711    -2.56    3.33
-183459.130    80.890    -4.94    3.91
-183090.554    79.030    -5.05    3.11
-182721.907    77.586    -3.92    2.10
-182353.188    76.667    -2.49    2.02
-181984.397    75.110    -4.22    2.47
-181615.534    73.647    -3.96    2.91
-181246.600    72.123    -4.13    2.92
-180877.594    70.544    -4.28    2.72
-180508.516    68.867    -4.54    2.60
-180139.366    67.890    -2.65    2.28
-179770.143    67.267    -1.68    2.14
-179400.849    66.867    -1.08    1.99
-179031.483    66.383    -1.31    2.08
-178662.045    65.734    -1.76    2.07
-178292.534    64.723    -2.74    2.09
-177922.952    64.215    -1.37    1.85
-177553.297    64.118    -0.26    1.87
-177183.570    63.080    -2.81    2.71
-176813.770    62.862    -0.59    2.96
-176443.898    62.384    -1.29    3.29
-176073.954    61.652    -1.98    2.72
-175703.937    60.615    -2.80    2.39
-175333.848    59.025    -4.30    2.82
-174963.686    57.534    -4.03    3.25
-174593.452    55.678    -5.01    3.27
-174223.145    53.723    -5.28    2.49
-173852.765    52.252    -3.97    2.71
-173482.312    51.002    -3.37    2.71
-173111.787    50.080    -2.49    3.39
-172741.189    50.271     0.52    3.66
-172370.519    49.945    -0.88    3.91
-171999.775    48.612    -3.60    4.57
-171628.958    47.451    -3.13    4.23
-171258.069    46.866    -1.58    3.67
-170887.106    46.516    -0.94    3.00
-170516.071    45.946    -1.54    2.74
-170144.962    44.645    -3.51    4.14
-169773.780    42.429    -5.97    4.73
-169402.525    39.631    -7.54    5.21
-169031.197    36.947    -7.23    4.67
-168659.795    34.305    -7.11    3.47
-168288.320    32.661    -4.42    2.78
-167916.772    32.518    -0.38    2.60
-167545.151    32.498    -0.06    2.33
-167173.456    31.934    -1.52    1.98
-166801.687    31.608    -0.88    1.87
-166429.845    31.345    -0.71    1.98
-166057.929    32.611     3.40    4.12
-165685.940    37.034    11.89    7.85
-165313.877    42.496    14.68    9.95
-164941.741    49.159    17.90    8.94
-164569.531    52.775     9.71    4.95
-164197.246    52.934     0.43    4.45
-163824.889    49.934    -8.06    6.16
-163452.457    45.417   -12.13    5.76
-163079.951    43.223    -5.89    4.50
-162707.371    42.260    -2.58    3.05
-162334.718    43.734     3.96    4.51
-161961.990    46.687     7.92    5.91
-161589.188    49.802     8.35    5.86
-161216.312    52.061     6.06    4.53
-160843.362    51.626    -1.17    3.84
-160470.338    50.376    -3.35    3.10
-160097.239    49.664    -1.91    2.88
-159724.066    49.203    -1.24    2.36
-159350.819    48.664    -1.44    2.69
-158977.497    47.744    -2.46    3.12
-158604.101    44.467    -8.78    4.82
-158230.631    42.054    -6.46    4.25
-157857.085    42.156     0.27    3.91
-157483.466    43.530     3.68    3.16
-157109.771    46.140     6.98    3.24
-156736.002    47.423     3.43    2.83
-156362.159    47.423     0.00    2.75
-155988.240    47.958     1.43    2.63
-155614.247    48.129     0.46    2.25
-155240.179    48.923     2.12    2.09
-154866.036    50.132     3.23    1.90
-154491.818    51.498     3.65    2.22
-154117.525    52.516     2.72    2.19
-153743.157    53.118     1.61    1.96
-153368.714    53.456     0.90    2.46
-152994.196    53.283    -0.46    2.70
-152619.603    54.473     3.18    3.14
-152244.934    56.150     4.47    3.30
-151870.191    57.067     2.45    3.19
-151495.372    57.337     0.72    3.09
-151120.477    56.637    -1.87    3.25
-150745.508    55.383    -3.35    2.59
-150370.462    55.634     0.67    2.84
-149995.342    57.563     5.14    3.88
-149620.146    59.330     4.71    3.73
-149244.874    60.417     2.90    2.56
-148869.527    60.623     0.55    2.18
-148494.104    58.880    -4.64    3.80
-148118.605    55.834    -8.11    5.71
-147743.031    52.184    -9.72    6.67
-147367.381    48.867    -8.83    5.84
-146991.655    47.056    -4.82    5.02
-146615.853    45.615    -3.83    4.44
-146239.975    44.389    -3.26    3.92
-145864.021    41.534    -7.59    5.17
-145487.992    38.164    -8.96    5.58
-145111.886    34.767    -9.03    4.51
-144735.704    31.968    -7.44    3.32
-144359.446    31.802    -0.44    4.00
-143983.111    33.968     5.76    5.40
-143606.701    38.264    11.41    7.38
-143230.214    43.264    13.28    7.54
-142853.651    47.578    11.46    6.74
-142477.011    50.934     8.91    5.96
-142100.295    52.490     4.13    4.57
-141723.503    52.670     0.48    3.84
-141346.634    49.967    -7.17    5.79
-140969.689    47.231    -7.26    5.30
-140592.666    44.780    -6.50    3.52
-140215.568    42.727    -5.44    2.84
-139838.392    41.212    -4.02    3.26
-139461.140    39.643    -4.16    3.36
-139083.811    38.712    -2.47    2.73
-138706.405    39.690     2.59    2.98
-138328.922    41.297     4.26    2.70
-137951.362    42.294     2.64    2.09
-137573.726    41.813    -1.27    2.50
-137196.012    40.968    -2.24    3.16
-136818.221    40.901    -0.18    4.23
-136440.353    41.525     1.65    5.52
-136062.408    43.032     3.99    5.58
-135684.386    44.562     4.05    4.41
-135306.286    45.045     1.28    3.47
-134928.110    46.458     3.74    4.40
-134549.855    47.467     2.67    4.85
-134171.524    47.093    -0.99    5.08
-133793.115    45.047    -5.41    6.11
-133414.628    41.946    -8.19    6.83
-133036.064    39.334    -6.90    7.16
-132657.422    36.260    -8.12    6.75
-132278.703    33.505    -7.27    4.86
-131899.906    31.076    -6.41    4.45
-131521.031    29.846    -3.25    5.10
-131142.078    29.625    -0.58    5.92
-130763.048    29.738     0.30    5.60
-130383.940    30.476     1.95    4.32
-130004.754    31.055     1.53    4.17
-129625.489    32.991     5.10    5.51
-129246.147    36.608     9.53    7.50
-128866.727    39.434     7.45    7.73
-128487.229    40.330     2.36    7.08
-128107.652    37.290    -8.01    8.55
-127727.997    31.156   -16.15    9.92
-127348.264    23.934   -19.02    8.91
-126968.453    18.323   -14.77    6.29
-126588.563    14.955    -8.86    2.68
-126208.595    15.312     0.94    3.40
-125828.549    18.198     7.59    6.25
-125448.424    23.323    13.48    8.12
-125068.220    28.745    14.26    7.70
-124687.938    34.048    13.94    7.23
-124307.578    38.814    12.53    7.08
-123927.138    42.193     8.88    6.18
-123546.620    43.747     4.08    3.93
-123166.023    43.345    -1.06    3.28
-122785.347    41.439    -5.01    3.72
-122408.298    39.545    -5.02    2.76
-122042.567    39.560     0.04    2.66
-121676.764    40.825     3.46    3.27
-121310.890    42.552     4.72    3.19
-120944.943    43.499     2.59    2.60
-120578.925    42.809    -1.88    3.24
-120212.834    40.978    -5.00    4.11
-119846.672    38.605    -6.48    3.87
-119480.437    37.601    -2.74    3.64
-119114.131    36.279    -3.61    4.86
-118747.752    33.670    -7.12    6.76
-118381.301    30.321    -9.14    7.97
-118014.777    26.330   -10.89    7.94
-117648.182    21.945   -11.96    6.37
-117281.514    20.271    -4.57    5.48
-116914.773    20.319     0.13    5.35
-116547.960    21.788     4.01    6.94
-116181.075    22.622     2.27    7.40
-115814.117    22.458    -0.45    7.34
-115447.087    19.608    -7.76    7.18
-115079.984    16.130    -9.47    4.93
-114712.808    14.434    -4.62    2.68
-114345.560    15.222     2.15    4.23
-113978.239    17.868     7.20    5.94
-113610.845    18.623     2.05    6.02
-113243.378    16.626    -5.43    7.72
-112875.839    13.275    -9.12    7.33
-112508.226    10.034    -8.81    4.06
-112140.541     9.772    -0.71    3.39
-111772.782    10.295     1.42    2.90
-111404.951    10.282    -0.04    2.10
-111037.047    10.551     0.73    1.62
-110669.069    11.127     1.57    1.71
-110301.018    11.823     1.89    2.14
-109932.894    13.395     4.27    4.97
-109564.697    17.364    10.78   10.35
-109196.426    24.123    18.35   13.74
-108828.083    31.271    19.40   14.09
-108459.665    38.912    20.74    9.79
-108091.175    43.021    11.15    4.53
-107722.611    44.716     4.60    4.37
-107353.973    45.334     1.68    4.38
-106985.262    45.504     0.46    3.71
-106616.477    45.782     0.75    2.85
-106247.619    44.601    -3.20    3.24
-105878.686    42.209    -6.48    4.08
-105509.681    40.582    -4.41    4.19
-105140.601    38.725    -5.03    4.74
-104771.448    39.252     1.43    5.74
-104402.220    41.129     5.08    6.40
-104032.919    41.567     1.19    6.38
-103663.544    40.934    -1.72    6.28
-103294.095    40.417    -1.40    5.50
-102924.572    40.312    -0.29    5.20
-102554.974    42.097     4.83    5.41
-102185.303    44.707     7.06    4.64
-101815.557    46.482     4.80    3.53
-101445.738    48.795     6.25    2.85
-101075.844    50.815     5.46    3.00
-100705.875    51.946     3.05    3.08
-100335.832    51.238    -1.91    3.96
 -99965.715    49.990    -3.37    4.55
 -99595.524    48.282    -4.61    5.01
 -99225.258    47.106    -3.18    4.71
 -98854.917    47.336     0.62    4.62
 -98484.502    48.780     3.90    3.95
 -98114.013    49.167     1.05    3.07
 -97743.448    48.401    -2.07    3.76
 -97372.809    46.494    -5.14    4.48
 -97002.095    44.108    -6.44    4.41
 -96631.307    40.025   -11.01    6.85
 -96260.443    33.858   -16.63    7.42
 -95889.505    30.735    -8.42    6.00
 -95518.491    31.412     1.83    6.04
 -95147.403    34.760     9.02    6.27
 -94776.240    37.590     7.62    4.12
 -94405.002    38.153     1.52    3.31
 -94033.688    36.575    -4.25    3.96
 -93662.300    34.552    -5.45    3.54
 -93290.836    32.956    -4.30    2.23
 -92919.297    32.345    -1.64    1.81
 -92547.682    32.216    -0.35    2.39
 -92175.993    31.590    -1.69    3.18
 -91804.228    29.934    -4.45    3.39
 -91432.387    28.325    -4.33    3.25
 -91060.471    27.213    -2.99    3.31
 -90688.480    25.923    -3.47    3.24
 -90316.413    24.373    -4.16    3.43
 -89944.270    22.794    -4.24    2.88
 -89572.052    21.434    -3.65    1.89
 -89199.758    20.838    -1.60    1.46
 -88827.388    20.366    -1.27    1.17
 -88454.942    20.106    -0.70    1.03
 -88082.421    19.946    -0.43    1.12
 -87709.824    19.267    -1.82    1.39
 -87337.151    18.388    -2.36    1.39
 -86964.401    17.792    -1.60    1.36
 -86591.576    17.365    -1.15    1.14
 -86218.675    17.195    -0.46    1.08
 -85845.697    17.412     0.58    1.22
 -85472.644    17.697     0.76    1.35
 -85099.514    17.879     0.49    1.26
 -84726.308    17.814    -0.17    1.05
 -84353.026    18.041     0.61    1.10
 -83979.667    18.220     0.48    1.30
 -83606.232    18.493     0.73    1.35
 -83232.721    18.501     0.02    1.36
 -82859.133    18.805     0.81    1.13
 -82485.468    18.845     0.11    1.03
 -82111.727    18.782    -0.17    1.00
 -81737.909    18.701    -0.22    0.93
 -81364.015    18.815     0.31    1.20
 -80990.044    19.218     1.08    1.61
 -80615.996    20.084     2.31    2.03
 -80241.872    21.162     2.88    2.30
 -79867.670    22.407     3.33    2.21
 -79493.392    23.612     3.22    1.75
 -79119.036    23.988     1.01    1.79
 -78744.604    23.401    -1.57    2.24
 -78370.094    22.890    -1.36    2.33
 -77995.508    21.912    -2.61    2.00
 -77620.844    21.159    -2.01    1.43
 -77246.103    20.639    -1.39    0.92
 -76871.285    20.551    -0.24    0.93
 -76496.390    20.360    -0.51    0.79
 -76121.417    20.149    -0.56    0.89
 -75746.367    19.808    -0.91    0.87
 -75371.240    20.289     1.28    1.40
 -74996.035    21.202     2.43    1.89
 -74620.752    22.944     4.64    2.37
 -74245.392    25.237     6.11    2.57
 -73869.955    27.923     7.15    3.81
 -73494.439    30.179     6.01    3.36
 -73118.846    31.579     3.73    2.52
 -72743.175    32.586     2.68    1.79
 -72367.427    32.445    -0.38    1.90
 -71991.600    31.659    -2.09    1.98
 -71615.696    30.814    -2.25    1.91
 -71239.714    29.934    -2.34    1.44
 -70863.653    29.740    -0.52    1.09
 -70487.515    29.856     0.31    1.09
 -70111.299    30.731     2.33    1.51
 -69735.004    31.456     1.93    1.20
 -69358.631    31.740     0.75    1.15
 -68982.180    31.667    -0.19    1.35
 -68605.651    31.510    -0.42    1.21
 -68229.043    31.290    -0.58    1.29
 -67852.357    31.390     0.27    1.29
 -67475.593    31.615     0.60    1.24
 -67098.750    31.890     0.73    1.23
 -66721.829    31.648    -0.64    1.20
 -66344.829    31.568    -0.21    1.36
 -65967.750    31.505    -0.17    1.37
 -65590.593    30.987    -1.37    1.49
 -65213.357    30.067    -2.44    1.71
 -64836.042    29.412    -1.74    1.82
 -64458.648    28.934    -1.27    1.62
 -64081.176    28.582    -0.93    1.23
 -63703.624    28.423    -0.42    0.82
 -63325.994    28.029    -1.04    1.28
 -62948.285    27.121    -2.41    1.87
 -62570.496    25.482    -4.34    2.50
 -62192.629    23.978    -3.98    2.25
 -61814.682    23.314    -1.76    1.60
 -61436.656    23.297    -0.05    1.74
 -61058.551    23.314     0.05    1.71
 -60680.366    23.523     0.55    1.58
 -60302.103    23.342    -0.48    1.46
 -59923.759    23.378     0.10    1.67
 -59545.337    23.870     1.30    2.00
 -59166.834    24.134     0.70    1.96
 -58788.253    25.104     2.56    1.68
 -58409.591    25.275     0.45    1.85
 -58030.850    24.547    -1.92    2.28
 -57652.029    23.559    -2.61    2.21
 -57273.129    22.572    -2.61    2.21
 -56894.149    21.616    -2.52    1.54
 -56515.088    21.912     0.78    1.66
 -56135.948    21.934     0.06    1.89
 -55756.728    21.976     0.11    1.73
 -55377.428    22.423     1.18    1.57
 -54998.048    22.572     0.39    1.32
 -54618.588    22.721     0.39    1.49
 -54239.048    23.298     1.52    1.76
 -53859.427    24.196     2.36    2.08
 -53479.727    24.933     1.94    2.26
 -53099.945    25.889     2.52    2.32
 -52720.084    26.434     1.43    2.22
 -52340.142    27.400     2.54    1.60
 -51960.120    27.114    -0.75    1.53
 -51580.017    26.967    -0.39    1.56
 -51199.834    26.815    -0.40    1.56
 -50819.570    26.845     0.08    1.52
 -50439.225    26.966     0.32    1.52
 -50058.800    27.345     1.00    1.41
 -49678.294    27.636     0.76    1.19
 -49297.707    27.231    -1.06    1.64
 -48917.039    26.235    -2.62    2.11
 -48536.290    25.504    -1.92    1.99
 -48155.461    25.246    -0.68    1.79
 -47774.550    25.009    -0.62    1.45
 -47407.837    25.189     0.49    1.43
 -47042.259    25.889     1.92    1.13
 -46676.607    26.114     0.62    1.13
 -46310.881    26.139     0.07    1.09
 -45945.082    25.826    -0.85    1.47
 -45579.209    25.412    -1.13    1.71
 -45213.262    24.639    -2.11    1.66
 -44847.241    24.066    -1.57    1.54
 -44481.147    23.547    -1.42    1.60
 -44114.978    23.095    -1.23    1.46
 -43748.736    22.879    -0.59    1.50
 -43382.419    22.385    -1.35    1.74
 -43016.029    21.911    -1.29    1.55
 -42649.564    21.902    -0.03    1.66
 -42283.025    22.330     1.17    2.01
 -41916.412    22.660     0.90    2.10
 -41549.725    23.086     1.16    2.07
 -41182.964    22.977    -0.30    2.05
 -40816.128    22.450    -1.44    2.25
 -40449.218    21.681    -2.09    1.96
 -40082.234    21.891     0.57    1.86
 -39715.175    22.394     1.37    1.93
 -39348.041    22.385    -0.02    2.04
 -38980.834    22.653     0.73    2.13
 -38613.551    22.482    -0.47    2.29
 -38246.194    21.923    -1.52    2.22
 -37878.762    21.040    -2.40    1.25
 -37511.255    21.140     0.27    1.13
 -37143.674    21.708     1.54    1.61
 -36776.018    22.327     1.68    1.96
 -36408.287    23.193     2.35    2.00
 -36040.481    23.678     1.32    1.60
 -35672.600    24.071     1.07    1.32
 -35304.645    24.072     0.00    1.27
 -34936.614    23.879    -0.52    1.21
 -34568.508    24.200     0.87    1.73
 -34200.327    25.023     2.24    1.90
 -33832.071    25.944     2.50    1.84
 -33463.739    26.695     2.04    1.37
 -33095.333    27.493     2.17    1.77
 -32726.851    29.061     4.26    5.30
 -32358.293    31.223     5.87    8.84
 -31989.661    34.880     9.92   12.46
 -31620.952    39.767    13.25   16.07
 -31252.169    44.860    13.81   18.13
 -30883.309    51.110    16.94   17.22
 -30514.375    60.291    24.89   16.54
 -30145.364    69.312    24.44   16.14
 -29776.278    80.614    30.62   15.54
 -29407.116    89.785    24.84   11.46
 -29037.879    96.040    16.94    7.96
 -28668.565    97.828     4.84    7.66
 -28299.176    98.988     3.14    6.66
 -27929.711    99.723     1.99    5.40
 -27560.170   101.127     3.80    3.68
 -27190.552   102.284     3.13    2.95
 -26820.859   103.045     2.06    2.28
 -26451.090   103.544     1.35    2.38
 -26081.245   104.835     3.49    3.75
 -25711.323   108.348     9.50    5.99
 -25341.325   112.678    11.70    6.61
 -24971.251   115.030     6.36    5.27
 -24601.100   113.519    -4.08    6.16
 -24230.874   108.351   -13.96    7.57
 -23860.570   102.955   -14.57    6.11
 -23490.191    98.945   -10.83    4.40
 -23119.734    95.976    -8.01    4.99
 -22749.202    92.343    -9.80    6.21
 -22378.592    88.643    -9.98    7.72
 -22007.906    85.969    -7.21    6.88
 -21637.143    87.497     4.12    7.15
 -21266.304    90.170     7.21    6.37
 -20895.388    91.170     2.70    4.88
 -20524.394    88.445    -7.35    8.94
 -20153.324    79.386   -24.41   14.27
 -19782.177    71.456   -21.37   13.65
 -19410.953    65.072   -17.20    9.77
 -19039.652    64.093    -2.64    9.63
 -18668.274    67.912    10.28   11.26
 -18296.819    71.285     9.08    9.94
 -17925.287    74.692     9.17    7.39
 -17553.677    76.192     4.04    5.70
 -17181.990    77.629     3.87    5.86
 -16810.226    79.665     5.48    5.28
 -16438.385    81.956     6.16    4.63
 -16066.466    84.590     7.08    4.36
 -15694.469    86.743     5.79    3.06
 -15322.395    88.049     3.51    3.16
 -14950.244    88.053     0.01    5.72
 -14578.015    86.523    -4.11    8.37
 -14205.708    86.095    -1.15    9.35
 -13833.323    85.274    -2.20    8.97
 -13460.861    83.646    -4.37    7.90
 -13088.321    81.572    -5.57    6.51
 -12715.703    78.923    -7.11    7.94
 -12343.007    75.604    -8.91    9.05
 -11970.234    74.657    -2.54    8.15
 -11597.382    75.434     2.08    6.83
 -11224.452    77.370     5.19    6.06
 -10851.444    79.154     4.78    4.38
 -10478.358    74.955   -11.26   10.29
 -10105.194    63.467   -30.78   19.78
  -9731.952    45.923   -47.01   24.19
  -9358.631    30.532   -41.23   14.99
  -8985.232    23.748   -18.17    6.54
  -8611.755    22.545    -3.22    3.36
  -8238.199    25.555     8.06    5.09
  -7864.565    29.178     9.70    5.95
  -7490.852    32.267     8.26    5.99
  -7117.060    34.945     7.16    4.91
  -6743.190    36.333     3.71    3.71
  -6369.242    35.837    -1.33    3.40
  -5995.214    34.104    -4.63    3.45
  -5621.108    31.353    -7.35    4.08
  -5246.923    28.502    -7.62    3.74
  -4872.659    26.934    -4.19    2.94
  -4498.316    26.838    -0.26    2.54
  -4123.895    28.434     4.26    2.91
  -3749.394    30.253     4.86    3.26
  -3374.814    32.218     5.25    2.93
  -3000.155    34.127     5.10    2.85
  -2625.417    35.218     2.91    3.38
  -2250.599    34.934    -0.76    3.50
  -1875.703    32.838    -5.59    6.49
  -1500.727    27.220   -14.98   11.26
  -1125.672    19.965   -19.34   14.66
   -750.537    12.024   -21.17   14.31
   -375.323     5.997   -16.06   11.10
     -0.029     0.819   -13.80    2.68
    375.344     1.295     1.27    2.02
    750.797     2.167     2.32    2.12
   1126.330     2.964     2.12    1.68
   1501.942     3.227     0.70    1.28
   1877.634     2.727    -1.33    1.23
   2253.406     2.390    -0.90    0.86
   2629.258     2.765     1.00    1.21
   3005.190     3.282     1.38    1.36
   3381.201     3.954     1.79    1.24
   3757.293     4.022     0.18    1.41
   4133.464     3.121    -2.40    2.26
   4509.716     2.108    -2.69    2.38
   4886.048     0.944    -3.09    1.89
   5262.461     0.231    -1.89    1.07
   5638.953    -0.003    -0.62    0.55
   6015.526    -0.013    -0.02    0.38
   6392.179     0.628     1.70    1.45
   6768.913     1.380     2.00    1.88
   7145.727     2.281     2.39    1.99
   7522.621     2.955     1.79    1.74
   7899.596     3.365     1.09    1.20
   8276.652     3.274    -0.24    1.10
   8653.789     3.423     0.39    1.15
   9031.006     3.700     0.73    1.25
   9408.304     4.329     1.67    1.41
   9785.683     5.039     1.88    1.52
  10163.142     5.668     1.67    1.44
  10540.683     5.933     0.70    1.60
  10918.305     6.081     0.39    1.72
  11296.007     6.365     0.75    1.85
  11673.791     6.323    -0.11    2.03
  12051.656     5.755    -1.50    2.09
  12429.602     5.019    -1.95    1.92
  12807.629     4.133    -2.34    1.35
  13185.738     3.712    -1.11    0.87
  13563.928     3.704    -0.02    0.93
  13942.199     3.593    -0.29    1.05
  14320.552     3.636     0.11    1.09
  14698.986     3.597    -0.10    1.07
  15077.502     3.459    -0.36    1.04
  15456.100     3.165    -0.78    0.94
  15834.779     3.104    -0.16    0.92
  16213.540     3.253     0.39    0.90
  16592.382     3.371     0.31    0.88
  16971.307     3.502     0.35    0.87
  17350.313     3.527     0.07    0.91
  17729.401     3.497    -0.08    0.86
  18108.571     3.423    -0.20    0.91
  18487.824     3.365    -0.15    0.88
  18867.158     3.340    -0.07    0.85
  19246.574     3.386     0.12    0.78
  19626.073     3.455     0.18    0.74
  20005.654     3.519     0.17    0.85
  20385.317     3.497    -0.06    0.84
  20765.062     3.428    -0.18    0.84
  21144.890     3.529     0.27    0.87
  21524.800     3.476    -0.14    0.90
  21904.793     3.439    -0.10    0.81
  22284.868     3.533     0.25    1.04
  22665.026     3.253    -0.74    1.31
  23045.267     3.306     0.14    1.35
  23425.590     3.370     0.17    1.38
  23805.996     3.346    -0.06    1.38
  24186.485     3.323    -0.06    1.30
  24567.057     3.397     0.19    1.10
  24947.711     3.721     0.85    1.00
  25328.449     2.923    -2.10    1.77
  25709.270     2.604    -0.84    1.92
  26090.173     2.861     0.68    2.14
  26471.160     3.332     1.23    2.04
  26852.230     4.312     2.57    1.50
  27224.008     4.607     0.79    1.38
  27589.357     4.475    -0.36    1.22
  27954.781     4.412    -0.17    1.23
  28320.281     4.327    -0.23    1.11
  28685.856     4.376     0.13    1.16
  29051.506     4.086    -0.79    1.45
  29417.233     3.850    -0.65    1.57
  29783.034     4.086     0.65    1.51
  30148.911     3.723    -0.99    1.72
  30514.864     2.923    -2.19    1.96
  30880.893     2.508    -1.13    2.12
  31246.997     2.511     0.01    2.17
  31613.178     2.564     0.15    2.07
  31979.434     2.987     1.15    1.84
  32345.766     3.530     1.48    1.58
  32712.174     3.541     0.03    1.36
  33078.658     3.344    -0.54    1.16
  33445.217     3.108    -0.64    1.13
  33811.853     3.228     0.33    1.14
  34178.566     3.256     0.08    1.12
  34545.354     3.249    -0.02    1.10
  34912.219     3.640     1.07    1.29
  35279.159     3.974     0.91    1.54
  35646.177     4.267     0.80    1.88
  36013.270     4.552     0.77    1.94
  36380.440     4.165    -1.05    1.71
  36747.686     3.996    -0.46    1.39
  37115.009     4.049     0.15    1.21
  37482.409     3.827    -0.60    1.04
  37849.885     4.788     2.61    3.77
  38217.438     8.110     9.04    7.81
  38585.067    14.150    16.43   10.95
  38952.773    21.347    19.57   10.82
  39320.556    27.607    17.02   11.78
  39688.416    34.572    18.93   11.87
  40056.353    41.798    19.64    8.67
  40424.367    46.028    11.50    4.70
  40792.457    47.590     4.24    2.39
  41160.625    47.511    -0.21    2.51
  41528.870    47.373    -0.37    2.79
  41897.192    47.200    -0.47    4.06
  42265.591    46.241    -2.60    4.82
  42634.067    41.593   -12.61    9.72
  43002.621    38.370    -8.75   10.52
  43371.252    36.744    -4.41    9.33
  43739.960    37.439     1.88    9.21
  44108.746    41.186    10.16    9.13
  44477.609    44.746     9.65    6.95
  44846.549    47.756     8.16    5.04
  45215.568    49.350     4.32    3.73
  45584.663    50.156     2.18    2.10
  45953.837    49.902    -0.69    2.13
  46323.088    49.833    -0.19    2.41
  46692.417    49.670    -0.44    2.46
  47061.824    49.976     0.83    2.61
  47431.309    48.593    -3.74    4.38
  47800.871    47.512    -2.92    5.29
  48170.512    45.221    -6.20    6.46
  48540.230    40.965   -11.51    8.34
  48910.027    37.808    -8.54    7.65
  49279.902    37.170    -1.72    6.89
  49649.854    38.678     4.08    7.20
  50019.885    43.210    12.25    7.17
  50389.995    46.114     7.85    4.65
  50760.182    46.239     0.34    5.37
  51130.448    44.600    -4.43    6.64
  51500.793    42.746    -5.01    6.86
  51871.215    41.733    -2.73    6.41
  52241.717    41.319    -1.12    5.99
  52612.296    42.902     4.27    6.41
  52982.955    45.366     6.65    6.03
  53353.692    46.026     1.78    5.62
  53724.507    47.725     4.58    5.60
  54095.402    49.060     3.60    5.59
  54466.375    51.467     6.49    5.38
  54837.427    54.178     7.31    4.79
  55208.558    56.870     7.25    4.81
  55579.768    59.881     8.11    4.30
  55951.057    62.660     7.48    3.36
  56322.425    64.715     5.53    2.57
  56693.872    66.576     5.01    2.99
  57065.398    69.639     8.25    4.55
  57437.004    73.590    10.63    6.47
  57808.688    79.418    15.68    8.12
  58180.452    83.655    11.40    8.56
  58552.295    88.116    12.00    8.19
  58924.218    90.985     7.71    8.26
  59296.220    93.858     7.72    9.63
  59668.302   100.147    16.90   11.54
  60040.463   109.209    24.35   12.95
  60412.704   120.284    29.75   14.85
  60785.024   131.401    29.86   13.67
  61157.424   141.525    27.19   10.56
  61529.904   149.277    20.81    8.84
  61902.463   155.995    18.03    8.57
  62275.103   161.610    15.07    8.90
  62647.822   167.903    16.88    8.68
  63020.621   174.170    16.81    8.37
  63393.501   181.670    20.11   10.09
  63766.460   187.178    14.77    9.47
  64139.499   191.751    12.26    8.48
  64512.619   194.005     6.04    7.78
  64885.819   195.597     4.26    6.86
  65259.099   197.226     4.36    5.71
  65632.459   196.901    -0.87    5.89
  66005.900   195.596    -3.49    6.99
  66379.421   193.154    -6.54    8.14
  66753.022   188.273   -13.06    9.73
  67126.704   183.502   -12.77   10.08
  67500.467   175.100   -22.48   14.42
  67874.310   165.057   -26.87   17.55
  68248.234   149.871   -40.61   20.20
  68622.239   138.288   -30.97   21.75
  68996.324   125.851   -33.25   23.20
  69370.490   118.933   -18.49   21.80
  69744.737   112.797   -16.40   18.16
  70119.065   111.903    -2.39   13.78
  70493.474   113.206     3.48   13.26
  70867.964   118.851    15.08   14.00
  71242.535   126.646    20.81   11.67
  71617.188   134.821    21.82   12.23
  71991.921   142.878    21.50   13.61
  72366.736   153.263    27.71   15.14
  72741.631   164.101    28.91   10.47
  73116.609   170.851    18.00    9.21
  73491.667   174.782    10.48    7.99
  73866.807   175.737     2.55    7.67
  74242.029   175.955     0.58    6.98
  74617.332   176.566     1.63    6.08
  74992.717   177.614     2.79    5.41
  75368.183   178.841     3.27    6.15
  75743.731   179.954     2.96    6.44
  76119.361   181.995     5.44    6.37
  76495.073   184.485     6.63    5.91
  76870.866   188.362    10.32    5.14
  77246.741   192.163    10.11    5.16
  77622.699   196.038    10.31    4.06
  77998.738   198.096     5.48    3.64
  78374.860   200.955     7.60    4.10
  78751.063   202.913     5.21    4.57
  79127.349   204.913     5.32    4.41
  79503.717   206.015     2.93    3.58
  79880.167   208.423     6.40    3.72
  80256.700   211.280     7.59    5.00
  80633.315   214.934     9.70    6.00
  81010.013   218.811    10.29    6.97
  81386.793   222.053     8.61    7.79
  81763.655   223.270     3.23    8.22
  82140.600   224.022     1.99    7.95
  82517.628   223.723    -0.79    7.48
  82894.739   225.190     3.89    6.84
  83271.932   227.813     6.96    6.47
  83649.208   230.782     7.87    5.74
  84026.567   232.974     5.81    5.99
  84404.009   238.121    13.64    7.45
  84781.534   243.005    12.94    7.76
  85159.142   245.391     6.32    7.24
  85536.833   247.698     6.11    8.46
  85914.607   248.700     2.65   10.42
  86292.464   251.933     8.56   12.74
  86670.405   256.482    12.04   14.52
  87048.429   262.832    16.80   15.22
  87426.536   269.913    18.73   14.38
  87804.727   278.291    22.16   14.54
  88183.001   284.727    17.01   17.31
  88561.359   293.954    24.39   25.92
  88939.800   296.186     5.90   33.79
  89318.325   293.270    -7.70   40.09
  89696.934   284.319   -23.64   39.94
  90075.626   270.480   -36.55   31.60
  90454.402   259.631   -28.64   22.65
  90833.262   252.387   -19.12   15.02
  91212.206   247.291   -13.45    9.08
  91591.234   245.862    -3.77    7.01
  91970.346   246.822     2.53    8.04
  92349.542   249.005     5.76    7.42
  92728.822   250.673     4.40    7.15
  93108.187   253.300     6.93    7.38
  93487.635   256.798     9.22    9.78
  93867.168   265.366    22.58   14.57
  94246.785   272.913    19.88   14.25
  94626.487   280.311    19.48   11.42
  95006.273   284.555    11.17    9.27
  95386.143   289.586    13.25   17.57
  95766.098   301.054    30.18   33.31
  96146.138   328.511    72.25   53.57
  96526.263   353.761    66.43   57.79
  96906.472   367.954    37.33   44.72
  97286.766   364.533    -8.99   35.40
  97667.145   340.525   -63.12   37.44
  98047.608   315.647   -65.39   35.43
  98428.157   290.067   -67.22   27.82
  98808.791   272.954   -44.96   23.32
  99189.510   259.413   -35.57   18.77
  99570.314   251.600   -20.52   13.38
  99951.203   247.454   -10.89    7.63
 100332.177   248.782     3.49    8.60
 100713.237   254.026    13.76   14.19
 101094.382   258.481    11.69   18.27
 101475.612   259.260     2.04   20.79
 101852.868   256.458    -7.43   20.68
 102217.980   249.428   -19.26   14.13
 102583.170   246.617    -7.70    7.18
 102948.437   247.763     3.14    5.46
 103313.781   253.633    16.07    8.48
 103679.203   261.805    22.36   10.84
 104044.702   273.317    31.50   14.64
 104410.278   287.239    38.09   20.08
 104775.931   308.102    57.06   26.10
 105141.662   332.216    65.94   33.11
 105507.470   363.155    84.58   39.53
 105873.356   397.327    93.40   45.36
 106239.320   437.471   109.70   48.86
 106605.361   482.753   123.72   55.13
 106971.480   522.183   107.71   50.19
 107337.676   561.583   107.60   38.36
 107703.950   583.872    60.86   24.34
 108070.303   593.194    25.45   13.30
 108436.733   582.503   -29.18   27.98
 108803.240   556.314   -71.46   45.38
 109169.826   519.761   -99.72   54.12
 109536.490   485.593   -93.19   45.17
 109903.232   455.727   -81.44   33.02
 110270.052   441.749   -38.11   27.04
 110636.951   431.538   -27.84   30.63
 111003.927   429.484    -5.60   34.61
 111370.982   434.129    12.66   37.01
 111738.115   449.691    42.39   35.41
 112105.327   469.396    53.67   33.78
 112472.617   492.105    61.83   28.15
 112839.985   506.398    38.91   22.37
 113207.432   509.485     8.40   26.45
 113574.957   503.249   -16.97   34.54
 113942.562   486.965   -44.30   41.28
 114310.244   466.276   -56.27   47.21
 114678.006   445.611   -56.20   45.66
 115045.846   429.053   -45.02   43.95
 115413.765   417.954   -30.17   37.07
 115781.763   413.923   -10.95   27.84
 116149.840   418.236    11.72   23.04
 116517.996   433.771    42.20   28.55
 116886.231   458.209    66.37   34.53
 117254.545   490.376    87.34   36.09
 117622.938   520.484    81.74   33.98
 117991.410   545.010    66.57   21.51
 118359.962   551.851    18.56   13.35
 118728.593   540.562   -30.63   29.51
 119097.303   505.311   -95.62   52.44
 119466.092   463.119  -114.42   57.47
 119834.961   415.225  -129.85   51.94
 120203.909   381.283   -92.00   49.10
 120572.937   349.986   -84.82   47.13
 120942.045   337.287   -34.41   39.36
 121311.232   342.249    13.44   42.37
 121680.499   385.083   116.01   63.63
 122049.845   439.694   147.87   65.22
 122419.272   484.307   120.77   47.59
 122788.778   503.933    53.12   39.12
 123158.364   497.321   -17.89   55.44
 123528.030   473.723   -63.84   63.52
 123897.776   443.923   -80.60   55.50
 124267.602   432.223   -31.64   40.54
 124637.508   430.051    -5.87   25.05
 125007.494   437.383    19.82   26.07
 125377.561   445.173    21.05   35.32
 125747.707   437.812   -19.89   50.70
 126117.934   416.975   -56.29   65.94
 126488.242   357.519  -160.57   97.79
 126858.629   284.147  -198.11  118.67
 127229.098   197.160  -234.82  111.71
 127599.646   133.025  -173.10   85.63
 127970.276    84.772  -130.20   35.23
 128340.986    84.203    -1.54   31.94
 128711.776   107.785    63.60   60.29
 129082.647   182.529   201.55  116.87
 129453.599   269.603   234.75  143.87
 129824.632   376.943   289.33  141.11
 130195.746   456.691   214.91  106.12
 130566.941   508.453   139.46   71.28
 130938.216   517.307    23.85   66.97
 131309.573   503.397   -37.46   69.06
 131681.010   476.216   -73.19   69.27
 132052.529   441.379   -93.78   79.04
 132424.129   396.023  -122.07   83.63
 132795.811   354.788  -110.95   77.05
 133167.573   313.246  -111.75   54.65
 133539.417   290.645   -60.79   34.12
 133911.342   290.367    -0.75   42.58
 134283.349   297.016    17.87   52.19
 134655.437   316.403    52.11   62.44
 135027.607   358.923   114.26   71.14
 135399.859   413.035   145.38   87.30
 135772.192   473.367   162.05   85.51
 136144.607   542.449   185.51   77.52
 136517.103   596.043   143.89   64.18
 136889.682   628.340    86.69   46.06
 137262.342   653.323    67.05   50.34
 137635.084   647.999   -14.28   68.89
 138007.908   610.483  -100.64   88.19
 138380.814   557.302  -142.63   95.75
 138753.803   511.337  -123.25   74.58
 139126.873   482.673   -76.84   56.02
 139500.026   470.083   -33.74   43.64
 139873.261   477.135    18.90   37.64
 140246.578   504.535    73.40   48.32
 140619.977   544.639   107.41   70.15
 140993.459   607.717   168.91   76.08
 141367.024   655.523   127.99   65.81
 141740.671   689.514    90.98   40.49
 142114.400   691.193     4.49   38.62
 142488.212   677.136   -37.61   52.09
 142862.107   626.063  -136.61   79.50
 143236.084   568.081  -155.06   93.70
 143610.145   518.293  -133.11   78.01
 143984.288   499.576   -50.03   53.49
 144358.514   526.014    70.65   71.00
 144732.823   575.333   131.77   70.76
 145107.215   610.223    93.20   44.43
 145481.690   611.559     3.57   45.83
 145856.248   601.045   -28.07   48.37
 146230.890   604.725     9.82   53.39
 146605.614   624.634    53.14   53.57
 146980.422   630.283    15.07   47.59
 147355.313   618.091   -32.52   54.03
 147730.288   600.073   -48.06   54.90
 148105.346   599.542    -1.41   58.38
 148480.487   614.359    39.50   55.27
 148855.713   624.423    26.82   44.48
 149231.021   608.707   -41.88   48.96
 149606.414   586.572   -58.97   55.22
 149981.890   565.467   -56.21   52.82
 150357.449   541.811   -63.00   49.89
 150733.093   514.193   -73.53   63.48
 151108.821   484.064   -80.20   78.72
 151484.632   457.004   -72.01   79.08
 151860.528   424.173   -87.35   91.62
 152236.507   383.983  -106.91   89.69
 152612.571   354.105   -79.46   76.63
 152988.719   321.892   -85.65   59.52
 153364.951   301.266   -54.83   46.05
 153741.267   285.392   -42.19   36.23
 154117.668   277.443   -21.12   40.96
 154494.153   267.727   -25.81   50.35
 154870.722   245.125   -60.03   56.03
 155247.376   221.966   -61.49   52.03
 155624.115   198.163   -63.19   31.11
 156000.938   193.079   -13.49   20.96
 156377.846   193.783     1.87   16.91
 156754.838   183.956   -26.07   19.88
 157131.915   169.193   -39.15   22.32
 157509.078   163.883   -14.08   22.41
 157886.325   189.003    66.60   55.13
 158263.657   234.035   119.36   73.35
 158641.073   299.323   173.00   75.63
 159018.576   355.367   148.48   64.73
 159396.163   407.893   139.12   57.58
 159773.835   440.943    87.52   44.75
 160151.593   459.973    50.38   23.84
 160529.435   460.882     2.41   23.57
 160907.364   449.893   -29.08   30.15
 161285.377   442.703   -19.02   31.56
 161663.476   438.113   -12.14   31.23
 162041.661   437.803    -0.82   30.35
 162419.931   430.127   -20.29   31.92
 162798.287   428.123    -5.30   34.17
 163176.728   433.851    15.14   34.14
 163555.255   447.165    35.18   31.16
 163933.868   458.511    29.97   23.16
 164312.567   460.643     5.63   20.35
 164691.352   442.881   -46.90   36.29
 165070.223   404.161  -102.21   53.72
 165449.180   360.074  -116.35   50.83
 165828.223   326.725   -87.99   37.32
 166207.352   308.434   -48.25   16.06
 166586.567   312.042     9.52   19.93
 166965.868   332.246    53.27   33.84
 167345.256   369.943    99.37   46.97
 167724.730   413.662   115.22   49.86
 168104.291   460.207   122.64   56.21
 168483.938   498.788   101.63   45.39
 168863.672   530.240    82.84   36.35
 169243.492   560.579    79.89   43.10
 169623.399   607.170   122.65   75.62
 170003.393   669.178   163.20   94.70
 170383.474   724.250   144.91   88.19
 170763.641   767.412   113.55   67.53
 171143.895   785.737    48.20   62.44
 171524.236   794.146    22.11   62.49
 171904.665   798.804    12.24   52.30
 172285.180   796.975    -4.81   39.96
 172665.782   772.448   -64.45   51.72
 173046.472   722.765  -130.52   71.32
 173427.249   662.378  -158.61   76.16
 173808.113   617.175  -118.70   60.38
 174189.065   585.557   -83.01   54.11
 174570.104   570.381   -39.83   58.67
 174951.231   550.603   -51.90   69.15
 175332.445   525.196   -66.66   72.15
 175713.746   488.913   -95.17   62.19
 176095.136   472.506   -43.02   52.92
 176476.613   493.727    55.63   80.99
 176843.174   534.107   110.17  100.00
 177208.126   606.761   199.10  113.17
 177573.156   671.413   177.13  112.95
 177938.265   722.017   138.62  105.29
 178303.453   712.364   -26.43  111.69
 178668.720   677.535   -95.36  128.29
 179034.066   621.893  -152.32  114.31
 179399.492   566.553  -151.46   85.40
 179764.996   529.992  -100.04   63.22
 180130.580   526.883    -8.50   54.72
 180496.243   547.147    55.42   63.02
 180861.986   560.179    35.64   64.30
