# NaN NaN NaN ;Mean Elev.(m), Avg Gradient(m/km), RMS Gradient(m/km) - SRTM1     
#    6.121  -1.559  13.743 ;Mean Elev.(m), Avg Gradient(m/km), RMS Gradient(m/km) - ASTER GDEM
#    5.378  -1.895  14.531 ;Mean Elev.(m), Avg Gradient(m/km), RMS Gradient(m/km) - GMTED2010 
  7  65.361006  62.811541    19.185    19.226  8 52456.28217092 22.204
 10  65.377449  62.820291    15.103    15.022  4 52561.28217056 16.762
 12  65.369578  62.806169    15.313    15.277  8 52631.28212341 20.562
 15  65.364786  62.813755    16.761    16.921 11 52736.28215481  9.428
 17  65.367449  62.804002    25.780    26.040  8 52806.28218016 17.641
 18  65.374277  62.813084    17.673    17.834  5 52841.28223812 18.050
 19  65.365563  62.808686    16.395    16.531  8 52876.28227801 17.104
 20  65.365297  62.814242    16.803    16.639 10 52911.28224063 18.263
 23  65.363290  62.820059    14.608    14.748  8 53016.28222854 14.057
 24  65.371564  62.805650    15.216    15.411  9 53051.28220799 12.839
 25  65.359251  62.823703    15.937    15.931  8 53086.28224164  9.809
 26  65.363046  62.803277    16.788    16.725  6 53121.28221523 10.417
 28  65.368917  62.811083    18.139    18.189 10 53191.28225989 22.502
 29  65.370196  62.819469    14.280    14.171  7 53226.28226319 19.576
 30  65.357912  62.821343    16.597    13.393  6 53261.28223712 39.667
 31  65.369367  62.820875    14.146    13.985  6 53296.28226959 19.096
 32  65.365863  62.813115    15.746    15.851 10 53331.28224355 22.333
 35  65.364094  62.818613    14.363    14.539  9 53436.28220600 13.195
 36  65.367769  62.810991    17.012    16.878 10 53471.28225684  4.608
 37  65.362007  62.813279    36.733    37.548 10 53506.28229078 25.326
 38  65.363326  62.814869    20.849    18.254  8 53541.28229456 23.787
 39  65.359808  62.817211    15.182    15.181  6 53576.28228468 29.289
 41  65.366934  62.802424    12.879    12.808  6 53646.28224278 27.174
 42  65.362720  62.820415    15.681    15.648  4 53681.28225607 15.947
 43  65.363783  62.817577    13.610    13.482  9 53716.28218423 21.598
 44  65.375824  62.803931    13.784    13.903  8 53751.28210440 13.696
 45  65.366232  62.813057    14.599    14.872 10 53786.28213326 10.896
 47  65.368293  62.814772    14.733    15.425  8 53856.28217730 15.763
 48  65.371616  62.810507    66.136    70.724  6 53891.28218973  7.695
 49  65.363010  62.820081    18.435    18.587  8 53926.28225055 13.415
 50  65.358661  62.820777    16.136    16.046  7 53961.28223686 14.473
 51  65.374097  62.797229    13.721    13.630  9 53996.28218097 18.415
 53  65.366520  62.814852    16.068    15.938  9 54066.28222572 21.303
 55  65.370187  62.809359    15.840    16.266  9 54136.28215333  8.935
 57  65.365121  62.803300    13.209    12.824  6 54206.28215966 19.496
 58  65.367591  62.814378    69.772    69.997  9 54241.28219052  3.825
 59  65.356912  62.801741    56.101    63.464  3 54276.28220820  2.261
 61  65.362224  62.820353    17.191    17.213  8 54346.28217971 24.453
 62  65.365454  62.804410    13.863    13.752  6 54381.28214532 25.455
 63  65.368485  62.822853    13.827    13.843  6 54416.28212808 40.974
 64  65.374380  62.811857    13.596    13.458  6 54451.28211234 19.453
 65  65.367952  62.813941    15.687    15.705 10 54486.28212598 11.719
 66  65.370710  62.810882    15.685    15.764  9 54521.28212601 11.377
 67  65.362983  62.818771    16.161    16.060  9 54556.28213584 14.519
 68  65.368402  62.813535    15.472    15.421 10 54591.28212138 22.353
 69  65.362135  62.811797    30.253    20.868  9 54626.28213805 17.514
 70  65.368365  62.817597    18.038    18.105  7 54661.28214475 15.996
 71  65.361775  62.815143    13.845    13.894  7 54696.28212227 29.973
 72  65.365979  62.805164    13.026    12.860  7 54731.28210284 34.344
 73  65.369493  62.818011    14.781    14.600  8 54766.28210056 19.100
 75  65.363633  62.811833    18.166    16.289  9 54836.28209365 14.877
 76  65.369024  62.807234    15.722    15.758  8 54871.28209444 12.363
 78  65.369634  62.811241    18.598    18.341 10 54941.28208585  8.392
 79  65.366543  62.813929    64.680    69.665  9 54976.28211411 11.229
 80  65.356672  62.806153    29.236    26.087  5 55011.28212569 25.732
 81  65.372010  62.818793    15.790    16.025  7 55046.28211429 29.185
 82  65.361327  62.819365    17.738    13.765  8 55081.28208779 31.647
 83  65.365743  62.805511    15.662    13.297  8 55116.28204907 23.375
 85  65.370120  62.809744    15.049    14.929  9 55186.28203378 14.809
 86  65.358434  62.808732    19.206    16.693  6 55221.28204561 11.151
 87  65.366106  62.806637    15.712    15.842  8 55256.28203067 10.459
 88  65.363099  62.822189    17.920    18.011  8 55291.28203156  4.382
 89  65.366529  62.815715    42.930    42.758  8 55326.28201372 32.506
 90  65.362521  62.814529    17.578    17.569  8 55361.28201098 33.105
 91  65.371743  62.813691    17.110    17.080  8 55396.28201722 29.963
 92  65.370481  62.816443    15.149    15.256  7 55431.28202547 31.941
 93  65.361298  62.820658    14.382    14.061  7 55466.28198562 17.208
