# NaN NaN NaN ;Mean Elev.(m), Avg Gradient(m/km), RMS Gradient(m/km) - SRTM1     
#   -5.671   1.661   7.941 ;Mean Elev.(m), Avg Gradient(m/km), RMS Gradient(m/km) - ASTER GDEM
#    2.000   0.230   7.840 ;Mean Elev.(m), Avg Gradient(m/km), RMS Gradient(m/km) - GMTED2010 
  7  65.592459  64.706375    11.844    11.838  6 52459.28576064 38.525
 11  65.598489  64.726942     7.252     7.215  5 52599.28577737 32.628
 12  65.591576  64.700094     7.144     7.070  6 52634.28573519 15.597
 13  65.594052  64.713074     7.578     7.672  6 52669.28574492 11.301
 14  65.594195  64.695800     8.166     8.575  5 52704.28573228 10.532
 15  65.596319  64.718925    32.166    32.403  5 52739.28576517  6.132
 16  65.597926  64.723226     9.449     9.466  5 52774.28571418 37.614
 17  65.590316  64.697428    10.686    10.715  6 52809.28579129 25.209
 18  65.596024  64.702016    10.637    10.606  3 52844.28584711 25.132
 19  65.592060  64.707204     7.812     7.631  6 52879.28588424 20.462
 20  65.596779  64.718661     8.963     9.127  4 52914.28583993 16.957
 22  65.591576  64.698215     4.625     4.599  6 52984.28583090 15.872
 23  65.597023  64.719910     7.218     7.130  4 53019.28581854  7.331
 24  65.592693  64.694189     5.782     5.346  5 53054.28580784 11.541
 25  65.595479  64.731469    29.899    30.247  5 53089.28583840  7.417
 26  65.591993  64.698003    30.241    33.355  6 53124.28581462  8.397
 27  65.595267  64.714617    10.558    10.491  5 53159.28587072 24.197
 28  65.590617  64.703724    10.381    10.261  6 53194.28586808 22.186
 29  65.591822  64.706331     7.238     7.170  6 53229.28585949 23.171
 30  65.596523  64.731096     7.226     7.378  6 53264.28582656 23.511
 31  65.594457  64.713635     5.657     5.539  7 53299.28587404 25.964
 33  65.596780  64.725731     6.095     6.070  5 53369.28578342 14.664
 34  65.590743  64.699874     5.133     5.227  6 53404.28581987 12.778
 35  65.597527  64.725010     4.721     4.741  4 53439.28580307  9.844
 36  65.591599  64.705827    11.878    10.888  6 53474.28586683  9.116
 37  65.593674  64.710077    11.058    11.023  7 53509.28588584 35.424
 38  65.597123  64.720877    10.457    10.430  5 53544.28589779 20.748
 40  65.597504  64.730966     5.485     5.457  5 53614.28582961 52.314
 41  65.591955  64.698017     5.514     5.566  6 53649.28584265 28.406
 42  65.597883  64.722701     4.802     4.757  5 53684.28585171 48.288
 43  65.597678  64.722755     4.560     4.563  5 53719.28577843 25.453
 45  65.592786  64.707874     4.675     4.572  6 53789.28573391 11.706
 47  65.592093  64.706224     7.731     7.357  6 53859.28578289  8.049
 48  65.591142  64.699622    10.670    10.626  6 53894.28580069 21.758
 49  65.598286  64.725776     9.997    10.050  5 53929.28585128 50.385
 50  65.597602  64.727845     7.793     7.753  5 53964.28583101 52.559
 54  65.596539  64.727869     8.493     8.447  5 54104.28578021  8.692
 55  65.590431  64.699582     8.202     8.522  6 54139.28575989 11.443
 56  65.597986  64.723534    30.373    30.585  5 54174.28575999  9.349
 57  65.590848  64.701287     4.984     4.886  5 54209.28576586 21.939
 58  65.591823  64.706716    14.894    10.933  6 54244.28579579 27.108
 59  65.592059  64.707029    11.464    11.460  6 54279.28580797 27.194
 60  65.594275  64.711315    11.471    11.469  6 54314.28580696 29.297
 61  65.597595  64.724362    10.468    10.494  4 54349.28577425 19.395
 62  65.590685  64.699879     8.851     8.845  7 54384.28574727 20.583
 63  65.597684  64.722651     5.357     5.357  4 54419.28572426 35.733
 64  65.592859  64.695437     5.336     5.335  6 54454.28571906 18.922
 65  65.593210  64.711837     8.534     8.555  6 54489.28572567 10.998
 66  65.591430  64.700152     8.732     8.790  7 54524.28573130 12.967
 67  65.597022  64.721868    29.846    29.961  4 54559.28573297  3.672
 68  65.592644  64.708597     6.892     6.818  6 54594.28572555 25.076
 69  65.594308  64.712414    10.627    10.605  6 54629.28573944 23.565
 70  65.594168  64.711583    10.197    10.224  6 54664.28574653 21.082
 71  65.597327  64.722754     7.227     7.458  5 54699.28571625 45.023
 72  65.592565  64.699418     6.653     6.640  6 54734.28570686 21.908
 73  65.593768  64.712161     6.051     6.011  6 54769.28569850 46.186
 74  65.591359  64.699991     6.271     6.237  7 54804.28570076 20.011
 75  65.592993  64.708973     7.634     7.668  6 54839.28569303 11.530
 76  65.592633  64.703979     6.763     6.803  6 54874.28570005 10.535
 77  65.598339  64.727825    25.923    28.004  5 54909.28569603 11.004
 78  65.591464  64.701772    24.970    23.898  6 54944.28569304 10.610
 79  65.594717  64.713068    14.620    10.763  6 54979.28571785 25.688
 80  65.594646  64.712582    10.598    10.563  6 55014.28572247 20.478
 81  65.594040  64.709545     9.286     9.112  6 55049.28571641 15.663
 82  65.596252  64.726333    10.784     9.690  5 55084.28568162 14.544
 83  65.592843  64.699349     6.087     6.106  6 55119.28565036 24.322
 84  65.597596  64.720401     4.485     4.454  5 55154.28564200 38.567
 85  65.591196  64.699248     5.466     5.421  7 55189.28563957 15.185
 87  65.593209  64.706451     5.867     5.779  6 55259.28563423 11.405
 88  65.596803  64.723693    17.778    19.566  5 55294.28562745 10.571
 89  65.594852  64.713016    10.286    10.260  6 55329.28561506 48.464
 90  65.595704  64.717903    10.219    10.231  5 55364.28560884 49.096
 91  65.591684  64.699600     9.658     9.630  6 55399.28562246 16.800
 92  65.592607  64.708709     8.197     8.214  6 55434.28562672 23.223
 93  65.596047  64.726717     9.016     9.095  5 55469.28557885 19.989
