-268278.638    42.951     0.00    1.37
-267910.153    42.752    -0.54    1.07
-267541.606    42.892     0.38    0.99
-267172.998    42.987     0.26    1.09
-266804.329    43.004     0.05    1.13
-266435.599    42.989    -0.04    1.31
-266066.808    42.370    -1.68    1.76
-265697.955    41.030    -3.63    2.27
-265329.041    39.958    -2.90    2.11
-264960.066    39.155    -2.18    1.82
-264591.029    38.883    -0.74    1.41
-264221.930    38.611    -0.74    1.16
-263852.771    38.389    -0.60    1.32
-263483.549    38.628     0.65    1.96
-263114.267    38.934     0.83    2.39
-262744.922    38.827    -0.29    2.37
-262375.516    38.721    -0.29    2.32
-262006.049    37.950    -2.09    2.79
-261636.520    37.633    -0.86    2.85
-261266.929    37.854     0.60    2.96
-260897.276    38.220     0.99    2.86
-260527.562    38.442     0.60    2.71
-260157.786    38.225    -0.59    2.31
-259787.948    36.571    -4.47    2.30
-259418.048    35.258    -3.55    2.98
-259048.086    34.566    -1.87    3.54
-258678.063    33.933    -1.71    3.37
-258307.977    33.530    -1.09    2.91
-257937.830    34.207     1.83    2.55
-257567.620    34.162    -0.12    2.18
-257197.349    34.908     2.02    2.03
-256827.015    35.922     2.74    0.85
-256456.620    36.271     0.94    0.98
-256086.162    36.319     0.13    1.04
-255715.642    35.758    -1.51    1.84
-255345.060    35.435    -0.87    1.95
-254974.416    35.194    -0.65    1.78
-254603.709    34.989    -0.55    1.59
-254232.940    34.946    -0.12    1.47
-253862.109    35.071     0.33    1.38
-253491.216    34.433    -1.72    1.55
-253120.260    33.665    -2.07    1.31
-252749.242    33.196    -1.26    1.12
-252378.161    33.111    -0.23    1.09
-252007.018    33.753     1.73    1.73
-251635.812    34.571     2.20    2.00
-251264.544    34.858     0.78    1.76
-250893.213    35.165     0.83    1.41
-250521.820    34.596    -1.53    1.65
-250150.364    33.881    -1.92    1.13
-249778.845    33.958     0.21    1.25
-249407.264    34.369     1.10    1.60
-249035.620    34.818     1.21    1.43
-248663.913    35.057     0.64    1.22
-248292.143    34.521    -1.44    1.61
-247920.311    33.773    -2.01    1.70
-247548.415    32.946    -2.22    1.16
-247176.457    32.368    -1.55    0.85
-246804.436    32.033    -0.90    0.93
-246432.352    31.816    -0.58    0.85
-246060.205    31.579    -0.64    0.81
-245687.995    31.282    -0.80    0.69
-245315.722    31.146    -0.36    0.72
-244943.385    31.106    -0.11    0.80
-244570.986    31.108     0.01    0.93
-244198.524    30.615    -1.32    1.53
-243825.998    28.870    -4.68    3.16
-243453.409    26.402    -6.62    3.62
-243080.757    25.212    -3.19    2.96
-242708.042    24.961    -0.67    2.63
-242335.263    26.196     3.31    2.70
-241962.421    27.870     4.49    2.41
-241589.515    28.719     2.28    2.21
-241216.547    29.946     3.29    1.81
-240843.514    30.696     2.01    1.51
-240470.419    30.415    -0.75    1.30
-240097.259    30.194    -0.59    0.96
-239724.037    29.831    -0.97    1.24
-239350.750    29.767    -0.17    1.44
-238977.400    30.111     0.92    1.74
-238603.987    30.579     1.25    1.66
-238230.510    31.171     1.58    1.75
-237856.969    31.733     1.51    1.20
-237483.364    31.389    -0.92    1.38
-237109.696    30.921    -1.25    1.47
-236735.963    30.596    -0.87    1.59
-236362.167    30.246    -0.94    2.05
-235988.307    29.782    -1.24    2.71
-235614.383    28.857    -2.47    2.81
-235240.396    27.782    -2.87    2.05
-234866.344    27.335    -1.19    1.20
-234492.228    27.658     0.86    1.08
-234118.049    27.856     0.53    1.01
-233743.805    28.221     0.98    0.94
-233369.497    28.611     1.04    1.09
-232995.125    29.083     1.26    1.19
-232620.688    29.935     2.28    1.40
-232246.188    30.402     1.25    1.36
-231871.623    30.652     0.67    1.36
-231496.995    30.033    -1.65    1.76
-231122.301    29.415    -1.65    1.86
-230747.544    28.383    -2.75    1.70
-230372.722    27.870    -1.37    1.64
-229997.836    27.643    -0.61    1.35
-229622.885    27.370    -0.73    1.09
-229247.870    27.060    -0.83    1.03
-228872.790    26.882    -0.47    0.90
-228497.646    26.946     0.17    1.02
-228122.437    26.921    -0.07    1.09
-227747.164    26.583    -0.90    1.46
-227371.826    25.982    -1.60    1.99
-226996.423    24.983    -2.66    1.97
-226620.956    23.844    -3.03    1.34
-226245.423    23.571    -0.73    0.99
-225869.827    23.496    -0.20    0.91
-225494.165    23.132    -0.97    1.15
-225118.438    22.402    -1.94    1.58
-224742.647    21.571    -2.21    1.79
-224366.791    20.508    -2.83    1.29
-223990.870    19.895    -1.63    0.93
-223614.883    19.847    -0.13    0.84
-223238.832    19.881     0.09    0.81
-222862.716    20.033     0.40    0.79
-222486.535    19.658    -1.00    1.42
-222110.288    18.946    -1.89    1.74
-221733.977    18.090    -2.27    2.02
-221357.600    18.208     0.31    2.00
-220981.158    18.485     0.74    1.98
-220604.651    18.579     0.25    1.95
-220228.078    19.037     1.21    1.78
-219851.441    18.921    -0.31    1.81
-219474.738    18.258    -1.76    1.48
-219097.969    18.280     0.06    1.24
-218721.135    18.946     1.77    1.27
-218344.236    19.729     2.08    1.76
-217967.271    22.133     6.38    3.61
-217590.241    25.028     7.68    4.11
-217213.145    27.554     6.70    3.11
-216835.983    29.474     5.09    1.45
-216458.756    30.421     2.51    1.68
-216081.464    30.814     1.04    1.72
-215704.105    31.296     1.28    1.53
-215326.681    32.040     1.97    1.00
-214949.191    32.035    -0.01    1.00
-214571.636    31.225    -2.15    1.79
-214194.014    30.780    -1.18    2.40
-213816.327    29.985    -2.10    2.82
-213438.573    29.280    -1.87    3.00
-213060.754    28.549    -1.93    3.05
-212682.869    27.857    -1.83    2.77
-212304.918    27.971     0.30    3.26
-211926.901    28.465     1.31    3.43
-211548.817    28.296    -0.45    3.35
-211170.668    27.843    -1.20    2.69
-210792.452    27.333    -1.35    2.35
-210414.171    26.300    -2.73    1.10
-210035.823    25.958    -0.91    0.31
-209657.409    26.038     0.21    0.66
-209278.928    26.242     0.54    1.02
-208900.382    26.474     0.61    1.25
-208521.769    26.796     0.85    1.39
-208143.089    27.229     1.14    1.41
-207764.343    27.541     0.82    1.31
-207385.531    27.933     1.03    1.16
-207006.652    28.196     0.69    1.12
-206627.707    29.883     4.45    3.31
-206248.695    31.155     3.35    4.12
-205869.616    32.983     4.82    4.71
-205490.471    35.260     6.00    4.41
-205111.259    35.180    -0.21    4.34
-204731.981    35.422     0.64    4.89
-204352.636    34.608    -2.14    6.19
-203973.224    34.119    -1.29    6.89
-203593.745    35.271     3.04    7.42
-203214.199    34.806    -1.23    7.21
-202834.587    34.513    -0.77    6.13
-202454.907    34.908     1.04    4.70
-202075.161    34.671    -0.63    4.65
-201695.347    32.733    -5.10    5.99
-201324.524    30.896    -4.96    6.26
-200957.506    28.821    -5.65    5.32
-200590.425    27.383    -3.92    4.32
-200223.282    26.921    -1.26    3.47
-199856.077    26.378    -1.48    3.00
-199488.810    26.783     1.10    3.28
-199121.481    28.075     3.52    5.66
-198754.089    28.185     0.30    6.49
-198386.636    27.331    -2.32    5.99
-198019.120    26.643    -1.87    4.33
-197651.542    27.069     1.16    4.01
-197283.902    28.037     2.63    4.08
-196916.199    29.508     4.00    3.70
-196548.434    31.237     4.70    2.93
-196180.606    30.296    -2.56    3.11
-195812.716    29.025    -3.45    4.20
-195444.764    28.271    -2.05    4.63
-195076.749    28.701     1.17    5.76
-194708.671    31.847     8.55    6.84
-194340.531    34.495     7.19    6.44
-193972.329    35.723     3.33    5.41
-193604.064    34.287    -3.90    6.07
-193235.736    31.681    -7.07    5.02
-192867.345    29.869    -4.92    2.70
-192498.892    30.723     2.32    2.58
-192130.376    32.082     3.69    2.37
-191761.797    32.708     1.70    2.14
-191393.155    32.842     0.36    2.00
-191024.451    32.997     0.42    2.13
-190655.683    33.649     1.77    1.92
-190286.853    34.180     1.44    1.50
-189917.959    34.402     0.60    1.24
-189549.003    33.971    -1.17    1.18
-189179.984    33.498    -1.28    1.05
-188810.902    32.921    -1.56    1.07
-188441.756    32.757    -0.45    1.06
-188072.548    32.608    -0.40    1.13
-187703.276    32.729     0.33    1.11
-187333.941    33.171     1.20    1.27
-186964.543    33.364     0.52    1.11
-186595.082    33.637     0.74    0.95
-186225.557    34.158     1.41    0.85
-185855.969    34.668     1.38    1.22
-185486.318    34.844     0.48    1.32
-185116.603    34.571    -0.74    1.48
-184746.825    34.308    -0.71    1.40
-184376.984    34.402     0.25    1.60
-184007.079    35.020     1.67    1.64
-183637.110    35.279     0.70    1.43
-183267.078    35.675     1.07    1.61
-182896.983    35.870     0.53    1.71
-182526.824    35.884     0.04    2.26
-182156.601    35.797    -0.23    2.53
-181786.314    35.378    -1.13    2.83
-181415.964    35.316    -0.17    3.24
-181045.550    35.263    -0.14    2.78
-180675.072    36.396     3.06    3.08
-180304.531    37.526     3.05    2.85
-179933.926    37.402    -0.33    2.30
-179563.256    36.958    -1.20    1.71
-179192.523    36.997     0.10    1.56
-178821.726    35.996    -2.70    2.63
-178450.865    34.485    -4.07    3.01
-178079.940    34.242    -0.66    3.43
-177708.951    34.476     0.63    3.64
-177337.898    35.736     3.39    3.31
-176966.781    36.908     3.16    2.45
-176595.599    36.246    -1.78    3.26
-176224.354    35.453    -2.14    3.33
-175853.044    36.118     1.79    4.65
-175481.670    37.390     3.42    4.92
-175110.232    38.563     3.16    4.13
-174738.729    40.011     3.90    3.87
-174367.162    40.221     0.56    3.77
-173995.531    40.133    -0.24    3.90
-173623.835    40.205     0.19    5.01
-173252.075    38.982    -3.29    6.17
-172880.250    38.279    -1.89    7.62
-172508.361    36.037    -6.03    9.13
-172136.407    33.008    -8.14    9.50
-171764.389    28.834   -11.22    9.22
-171392.306    25.896    -7.90    7.95
-171020.159    22.859    -8.16    6.19
-170647.947    20.958    -5.11    3.80
-170275.670    19.363    -4.28    3.28
-169903.328    18.541    -2.21    3.10
-169530.922    18.575     0.09    2.59
-169158.451    18.353    -0.60    2.82
-168785.915    18.501     0.40    2.63
-168413.314    18.780     0.75    2.48
-168040.648    18.508    -0.73    2.00
-167667.917    18.158    -0.94    1.84
-167295.121    17.982    -0.47    2.94
-166922.260    17.192    -2.12    3.81
-166549.334    16.834    -0.96    3.87
-166176.344    16.985     0.40    3.45
-165803.287    17.371     1.03    2.72
-165430.166    18.008     1.71    2.51
-165056.980    18.513     1.35    2.46
-164683.728    19.086     1.53    2.38
-164310.411    19.674     1.58    2.15
-163937.029    20.370     1.86    2.14
-163563.582    21.736     3.66    2.54
-163190.069    23.010     3.41    2.84
-162816.490    24.530     4.07    2.90
-162442.847    25.971     3.85    2.47
-162069.138    27.121     3.08    1.85
-161695.363    27.895     2.07    1.38
-161321.523    28.079     0.49    1.26
-160947.617    28.129     0.13    1.22
-160573.646    28.007    -0.33    1.19
-160199.609    27.733    -0.73    1.03
-159825.506    28.254     1.39    1.12
-159451.338    28.827     1.53    1.42
-159077.103    29.254     1.14    1.29
-158702.804    29.408     0.41    1.32
-158328.438    29.896     1.30    1.69
-157954.006    29.775    -0.32    2.23
-157579.509    29.771    -0.01    2.15
-157204.945    29.532    -0.64    1.32
-156830.316    30.067     1.43    1.82
-156455.621    31.229     3.10    2.31
-156080.860    32.094     2.31    2.42
-155706.032    32.922     2.21    2.35
-155331.139    33.341     1.12    2.36
-154956.179    34.060     1.92    2.24
-154581.153    33.205    -2.28    2.97
-154206.061    32.208    -2.66    4.00
-153830.903    31.146    -2.83    4.39
-153455.679    29.011    -5.69    4.10
-153080.388    27.452    -4.15    3.49
-152705.031    26.205    -3.32    2.01
-152329.608    25.884    -0.85    2.02
-151954.118    25.624    -0.69    1.70
-151578.561    25.769     0.39    1.49
-151202.939    26.358     1.57    1.64
-150827.249    26.757     1.06    1.43
-150451.493    27.201     1.18    1.06
-150075.671    27.096    -0.28    1.17
-149699.782    27.558     1.23    1.86
-149323.826    28.467     2.42    2.04
-148947.804    29.205     1.96    2.08
-148571.715    29.402     0.52    2.33
-148195.559    29.020    -1.02    2.57
-147819.336    28.369    -1.73    2.57
-147443.047    27.378    -2.63    2.17
-147066.690    27.448     0.19    2.64
-146690.267    28.571     2.98    3.57
-146313.777    29.972     3.72    3.85
-145937.219    31.143     3.11    4.68
-145560.595    31.693     1.46    5.02
-145183.904    30.783    -2.41    5.21
-144807.145    26.808   -10.55    7.48
-144430.320    22.847   -10.51    7.04
-144053.427    19.649    -8.48    5.11
-143676.467    18.434    -3.22    3.79
-143299.440    18.353    -0.22    3.99
-142922.346    15.896    -6.51    4.31
-142545.184    13.957    -5.14    4.62
-142167.955    11.958    -5.30    4.47
-141790.659    10.283    -4.44    2.05
-141413.295    10.729     1.18    2.45
-141035.864    10.291    -1.16    3.16
-140658.365    10.363     0.19    3.62
-140280.799     9.168    -3.17    3.77
-139903.165     7.579    -4.21    3.02
-139525.464     7.225    -0.94    2.67
-139147.695     6.614    -1.62    1.81
-138769.858     6.234    -1.01    1.14
-138391.954     6.008    -0.60    0.56
-138013.982     6.671     1.75    2.30
-137635.942     8.858     5.78    4.40
-137257.834    11.091     5.91    5.30
-136879.659    13.550     6.50    5.07
-136501.415    14.921     3.62    4.22
-136123.104    15.921     2.64    2.58
-135744.725    15.108    -2.15    3.19
-135366.277    12.555    -6.75    4.76
-134987.762     9.972    -6.82    5.03
-134609.179     7.725    -5.93    4.38
-134230.527     7.145    -1.53    4.01
-133851.808     6.250    -2.36    3.31
-133473.020     5.053    -3.16    0.98
-133094.164     5.186     0.35    1.46
-132715.240     5.769     1.54    2.80
-132336.247     6.501     1.93    3.82
-131957.186     6.846     0.91    4.17
-131578.057     6.847     0.00    4.15
-131198.859     6.427    -1.11    3.36
-130819.593     6.908     1.27    3.39
-130440.259     7.439     1.40    3.19
-130060.856     8.371     2.46    3.15
-129681.384     8.933     1.48    2.82
-129301.844     8.427    -1.33    2.21
-128922.235     8.433     0.01    2.30
-128542.557     8.329    -0.27    2.37
-128162.811     7.860    -1.24    2.28
-127782.996     7.672    -0.50    2.20
-127403.113     6.692    -2.58    2.04
-127023.160     6.098    -1.56    1.94
-126648.647     5.760    -0.90    1.44
-126281.827     5.830     0.19    1.42
-125914.944     6.518     1.87    2.21
-125547.998     6.805     0.78    2.27
-125180.987     6.433    -1.01    2.14
-124813.913     5.777    -1.79    1.90
-124446.776     5.306    -1.28    1.55
-124079.574     4.908    -1.08    0.00
-123712.309     4.908     0.00    0.00
-123344.980     4.908     0.00    0.00
-122977.587     4.908     0.00    0.00
-122610.131     4.908     0.00    0.00
-122242.610     4.908     0.00    0.00
-121875.026     4.959     0.14    0.27
-121507.377     5.360     1.09    0.89
-121139.665     5.533     0.47    1.04
-120771.889     5.736     0.55    1.10
-120404.048     6.457     1.96    1.95
-120036.144     7.433     2.65    2.66
-119668.175     9.032     4.35    2.96
-119300.142     9.658     1.70    2.62
-118932.045     9.282    -1.02    2.64
-118563.884     8.558    -1.96    2.86
-118195.658     7.067    -4.05    2.03
-117827.368     6.192    -2.37    1.77
-117459.014     5.358    -2.26    1.43
-117090.596     4.464    -2.43    1.07
-116722.113     4.342    -0.33    0.87
-116353.565     4.225    -0.32    0.81
-115984.954     3.908    -0.86    0.87
-115616.277     3.623    -0.77    0.86
-115247.536     3.238    -1.04    0.63
-114878.731     2.947    -0.79    0.19
-114509.861     4.797     5.02    6.82
-114140.926    14.158    25.37   21.74
-113771.927    32.740    50.35   34.82
-113402.863    53.948    57.46   36.26
-113033.734    79.194    68.39   29.22
-112664.541    99.685    55.50   16.82
-112295.282   109.046    25.35   14.70
-111925.959   115.908    18.58   11.85
-111556.571   118.492     6.99    8.95
-111187.118   110.313   -22.13   19.81
-110817.600    90.020   -54.92   29.20
-110448.017    74.960   -40.74   22.69
-110078.369    71.538    -9.26   16.15
-109708.656    78.896    19.90   18.67
-109338.878    94.776    42.94   22.57
-108969.035   106.378    31.37   20.46
-108599.127   119.723    36.08   15.18
-108229.154   126.390    18.02   12.06
-107859.115   131.482    13.76   11.57
-107489.011   136.661    13.99   11.10
-107118.842   142.155    14.84    9.21
-106748.607   146.083    10.61    9.70
-106378.307   149.640     9.60    9.92
-106007.942   155.055    14.62    9.06
-105637.511   157.538     6.70    7.89
-105267.015   157.633     0.26    8.00
-104896.453   153.652   -10.74   15.16
-104525.826   151.067    -6.98   19.01
-104155.133   153.482     6.51   19.98
-103784.375   158.774    14.27   16.73
-103413.551   163.143    11.78   12.00
-103042.661   165.189     5.52    8.56
-102671.706   165.612     1.14    5.56
-102300.684   162.445    -8.54    5.49
-101929.597   157.624   -12.99    9.53
-101558.445   150.161   -20.11   15.50
-101187.226   140.291   -26.59   17.51
-100815.942   127.482   -34.50   20.86
-100444.591   111.637   -42.66   19.63
-100073.175    98.291   -35.93   16.68
 -99701.693    85.624   -34.09   10.55
 -99330.144    80.294   -14.35    8.44
 -98958.530    78.736    -4.19    8.09
 -98586.849    77.674    -2.86    7.72
 -98215.103    76.736    -2.52    8.30
 -97843.290    72.017   -12.69   12.20
 -97471.411    71.263    -2.03   18.10
 -97099.466    80.250    24.16   28.41
 -96727.454   100.649    54.83   34.64
 -96355.376   121.165    55.13   30.74
 -95983.232   141.200    53.83   16.28
 -95611.022   152.234    29.64   12.95
 -95238.745   156.871    12.46    8.77
 -94866.401   155.415    -3.91    8.78
 -94493.991   150.921   -12.07    9.25
 -94121.515   144.677   -16.76    9.24
 -93748.972   137.725   -18.66   11.92
 -93376.362   129.771   -21.35   14.95
 -93003.686   119.402   -27.82   12.60
 -92630.943   114.323   -13.63   11.49
 -92258.134   111.229    -8.30   11.75
 -91885.258   112.365     3.05   12.86
 -91512.314   116.575    11.29   11.84
 -91139.305   119.786     8.61    9.99
 -90766.228   124.116    11.60    8.47
 -90393.084   126.704     6.93    9.60
 -90019.874   128.674     5.28    8.39
 -89646.596   130.945     6.08    7.61
 -89273.252   134.933    10.68    7.69
 -88899.840   137.567     7.05    7.66
 -88526.362   137.994     1.14    6.66
 -88152.816   136.847    -3.07    6.28
 -87779.204   133.933    -7.80    6.15
 -87405.524   131.250    -7.18    6.53
 -87031.777   131.689     1.17    6.93
 -86657.962   136.365    12.51    8.65
 -86284.081   141.372    13.39    9.28
 -85910.132   145.427    10.84    8.03
 -85536.115   146.604     3.15    6.48
 -85162.032   142.872    -9.97    7.07
 -84787.880   138.694   -11.17    6.18
 -84413.662   136.957    -4.64    7.04
 -84039.376   137.679     1.93    9.11
 -83665.022   138.452     2.06    9.22
 -83290.601   137.279    -3.13    8.21
 -82916.112   133.596    -9.83    8.73
 -82541.556   126.420   -19.16   10.01
 -82166.932   119.513   -18.44    9.51
 -81792.240   113.612   -15.75    8.52
 -81417.480   111.094    -6.72    7.25
 -81042.653   109.555    -4.10    7.39
 -80667.758   108.933    -1.66    8.38
 -80292.795   107.020    -5.10    8.72
 -79917.764   105.313    -4.55    9.79
 -79542.665   108.099     7.43   14.89
 -79167.498   112.285    11.16   16.69
 -78792.263   117.250    13.23   14.69
 -78416.960   122.434    13.81   10.29
 -78041.589   123.740     3.48   10.87
 -77666.150   125.370     4.34   10.97
 -77290.643   123.665    -4.54   10.77
 -76915.067   122.649    -2.70   11.91
 -76539.424   123.679     2.74   11.28
 -76163.712   124.447     2.04    9.55
 -75787.931   125.468     2.72    6.53
 -75412.083   125.665     0.52    5.51
 -75036.166   122.299    -8.95    7.70
 -74660.180   118.794    -9.32    9.04
 -74284.126   113.385   -14.39    9.84
 -73908.004   109.526   -10.26    8.94
 -73531.813   107.559    -5.23    8.28
 -73155.554   102.079   -14.56   11.19
 -72779.226    94.908   -19.05   14.63
 -72402.829    83.762   -29.61   14.49
 -72026.363    75.575   -21.75   10.70
 -71649.829    69.908   -15.05    9.00
 -71273.226    67.104    -7.45    9.46
 -70896.555    62.694   -11.71    9.83
 -70519.814    58.652   -10.73    8.94
 -70143.005    54.149   -11.95    7.33
 -69766.126    49.769   -11.62    7.89
 -69389.179    45.539   -11.22    7.92
 -69012.163    40.690   -12.86    7.21
 -68635.078    34.408   -16.66    7.33
 -68257.923    29.755   -12.34    6.06
 -67880.700    29.246    -1.35    7.29
 -67503.407    32.742     9.27   11.71
 -67126.046    41.933    24.35   16.01
 -66748.615    49.532    20.13   14.39
 -66371.114    52.373     7.53   15.32
 -65993.545    51.316    -2.80   16.94
 -65615.906    45.624   -15.07   14.97
 -65238.198    41.371   -11.26   10.13
 -64860.420    40.378    -2.63    6.94
 -64482.573    43.043     7.05    8.21
 -64104.657    48.101    13.38   11.58
 -63726.671    54.140    15.98   13.78
 -63348.615    60.969    18.06   15.07
 -62970.490    69.099    21.50   15.74
 -62592.295    77.933    23.36   14.75
 -62214.031    83.920    15.83   13.54
 -61835.697    90.275    16.80   12.12
 -61457.293    98.725    22.33   10.96
 -61078.819   105.733    18.52    9.39
 -60700.276   112.308    17.37    6.47
 -60321.662   116.524    11.13    4.24
 -59942.979   115.725    -2.11    7.67
 -59564.226   113.168    -6.75    9.37
 -59185.403   109.956    -8.48    9.01
 -58806.509   107.162    -7.37    8.72
 -58427.546   106.740    -1.11    9.94
 -58048.513   109.063     6.13    9.10
 -57669.409   110.897     4.84    6.78
 -57290.235   108.354    -6.70    8.41
 -56910.992   102.628   -15.10   11.56
 -56531.677    97.762   -12.83   10.20
 -56152.293    96.600    -3.06    7.99
 -55772.838    96.026    -1.51    8.48
 -55393.313    96.538     1.35    9.99
 -55013.718    96.884     0.91    9.59
 -54634.052    98.440     4.10    9.41
 -54254.315   104.085    14.86    9.94
 -53874.508   110.453    16.77    8.43
 -53494.631   116.170    15.05    7.33
 -53114.682   121.007    12.73    5.04
 -52734.664   123.594     6.81    4.09
 -52354.574   126.773     8.36    4.78
 -51976.043   128.506     4.58    5.56
 -51609.427   127.254    -3.41    8.04
 -51242.745   123.048   -11.47   11.51
 -50875.999   115.946   -19.36   12.52
 -50509.187   108.872   -19.28    9.23
 -50142.310   105.819    -8.32    5.51
 -49775.368   105.991     0.47    6.18
 -49408.361   107.643     4.50    7.62
 -49041.288   109.186     4.20    7.18
 -48674.150   111.596     6.57    6.74
 -48306.946   113.862     6.17    6.44
 -47939.677   116.020     5.87    5.75
 -47572.342   117.482     3.98    4.66
 -47204.942   118.238     2.06    4.11
 -46837.477   117.402    -2.27    3.26
 -46469.945   115.847    -4.23    4.11
 -46102.349   111.967   -10.56    7.47
 -45734.686   107.848   -11.20    9.92
 -45366.958   102.981   -13.24   10.60
 -44999.164    99.908    -8.35   10.93
 -44631.304    96.254    -9.93   11.82
 -44263.379    90.426   -15.84   11.79
 -43895.388    85.693   -12.86   12.08
 -43527.331    83.527    -5.88   12.54
 -43159.208    81.711    -4.93   13.72
 -42791.019    79.779    -5.25   12.59
 -42422.764    77.883    -5.15   10.09
 -42054.443    77.152    -1.98   11.43
 -41686.056    77.229     0.21   15.04
 -41317.603    75.391    -4.99   16.59
 -40949.084    70.806   -12.44   15.57
 -40580.498    69.812    -2.70   11.79
 -40211.847    71.571     4.77   10.41
 -39843.129    76.755    14.06   12.20
 -39474.345    84.859    21.97   13.35
 -39105.495    94.414    25.91   14.51
 -38736.578   104.354    26.94   13.48
 -38367.595   110.614    16.97    9.49
 -37998.546   110.785     0.46    8.71
 -37629.430   103.123   -20.76   14.94
 -37260.248    92.234   -29.49   17.00
 -36890.999    79.701   -33.94   13.41
 -36521.683    69.799   -26.81    9.06
 -36152.302    62.872   -18.75    8.99
 -35782.853    57.039   -15.79   10.44
 -35413.338    49.396   -20.68    9.58
 -35043.756    43.397   -16.23    7.73
 -34674.107    38.861   -12.27    5.04
 -34304.392    39.041     0.49    5.46
 -33934.610    42.483     9.31    8.04
 -33564.761    49.077    17.83    9.72
 -33194.845    57.279    22.17    9.82
 -32824.862    64.432    19.33    9.36
 -32454.813    70.845    17.33    8.81
 -32084.696    77.813    18.83    7.31
 -31714.512    83.832    16.26    7.42
 -31344.261    90.603    18.28    9.94
 -30973.944    96.383    15.61    9.34
 -30603.559   100.433    10.93    8.44
 -30233.107   103.396     8.00    6.92
 -29862.587   107.061     9.89    8.14
 -29492.001   111.114    10.93    8.45
 -29121.347   114.218     8.38    6.99
 -28750.626   114.485     0.72    6.92
 -28379.837   110.261   -11.39    9.20
 -28008.981   103.524   -18.17    9.98
 -27638.058    95.210   -22.41    8.45
 -27267.067    90.533   -12.60    7.68
 -26896.009    90.414    -0.32    8.91
 -26524.883    90.661     0.67    8.98
 -26153.690    90.738     0.21    7.82
 -25782.429    88.205    -6.82    7.48
 -25411.101    83.734   -12.04    7.31
 -25039.704    79.043   -12.63    6.47
 -24668.240    75.286   -10.11    5.21
 -24296.709    72.353    -7.90    4.92
 -23925.109    69.350    -8.08    5.37
 -23553.442    65.366   -10.72    6.84
 -23181.707    61.366   -10.76    7.33
 -22809.904    59.971    -3.75    7.52
 -22438.033    60.450     1.29    8.08
 -22066.094    60.344    -0.28    8.44
 -21694.087    55.718   -12.43   11.28
 -21322.012    47.822   -21.22   12.96
 -20949.869    40.135   -20.66    9.97
 -20577.657    36.414    -9.99    6.59
 -20205.378    37.420     2.70    7.40
 -19833.030    40.246     7.59    7.28
 -19460.615    41.611     3.67    5.97
 -19088.131    39.050    -6.88    7.68
 -18715.578    31.920   -19.14   11.77
 -18342.957    21.884   -26.93   14.43
 -17970.268    11.708   -27.30   13.64
 -17597.511     4.234   -20.05    8.82
 -17224.685     0.234   -10.73    0.88
 -16851.790     0.550     0.85    0.90
 -16478.827     1.147     1.60    0.95
 -16105.796     1.616     1.26    0.68
 -15732.695     1.896     0.75    0.11
 -15359.526     1.908     0.03    0.00
 -14986.289     1.908     0.00    0.00
 -14612.983     1.908     0.00    0.00
 -14239.608     1.908     0.00    0.00
 -13866.164     1.908     0.00    0.00
 -13492.651     1.908     0.00    0.00
 -13119.069     1.908     0.00    0.00
 -12745.419     1.908     0.00    0.00
 -12371.700     1.908     0.00    0.00
 -11997.911     1.908     0.00    0.00
 -11624.054     1.908     0.00    0.00
 -11250.127     1.908     0.00    0.00
 -10876.132     1.908     0.00    0.00
 -10502.067     1.908     0.00    0.00
 -10127.933     1.908     0.00    0.00
  -9753.730     1.908     0.00    0.00
  -9379.457     1.908     0.00    0.00
  -9005.116     1.908     0.00    0.00
  -8630.705     1.908     0.00    0.00
  -8256.224     1.908     0.00    0.00
  -7881.674     1.908     0.00    0.00
  -7507.055     1.908     0.00    0.00
  -7132.366     1.908     0.00    0.00
  -6757.608     1.908     0.00    0.00
  -6382.780     1.908     0.00    0.00
  -6007.883     1.908     0.00    0.00
  -5632.915     1.908     0.00    0.00
  -5257.879     1.908     0.00    0.00
  -4882.772     1.908     0.00    0.00
  -4507.596     1.908     0.00    0.00
  -4132.350     1.908     0.00    0.00
  -3757.034     1.908     0.00    0.00
  -3381.648     1.858    -0.13    0.22
  -3006.192     1.694    -0.44    0.56
  -2630.667     1.658    -0.10    0.58
  -2255.071     1.638    -0.05    0.61
  -1879.405     1.408    -0.61    0.83
  -1503.670     0.873    -1.43    0.99
  -1127.864     0.351    -1.39    0.81
   -751.988     0.014    -0.90    0.44
   -376.042    -0.092    -0.28    0.00
     -0.025     0.214     0.81    0.69
    376.062     0.671     1.21    0.94
    752.219     1.203     1.41    0.94
   1128.446     1.701     1.33    0.58
   1504.744     1.908     0.55    0.00
   1881.112     1.908     0.00    0.00
   2257.551     1.908     0.00    0.00
   2634.060     1.908     0.00    0.00
   3010.639     1.908     0.00    0.00
   3387.290     1.908     0.00    0.00
   3764.010     1.908     0.00    0.00
   4140.802     1.908     0.00    0.00
   4517.664     1.908     0.00    0.00
   4894.597     1.908     0.00    0.00
   5271.601     1.908     0.00    0.00
   5648.676     1.908     0.00    0.00
   6025.821     1.908     0.00    0.00
   6403.037     1.932     0.06    0.15
   6780.325     2.489     1.48    1.72
   7157.683     3.544     2.80    3.25
   7535.112     6.349     7.43    6.74
   7912.613     9.226     7.62    8.87
   8290.184    11.946     7.20    9.91
   8667.827    13.685     4.60   10.07
   9045.540    15.592     5.05   10.69
   9423.325    16.708     2.96   10.90
   9801.182    17.908     3.18   11.45
  10179.109    19.194     3.40   11.58
  10557.108    19.296     0.27   10.95
  10935.178    20.594     3.43   10.26
  11313.320    22.628     5.38    8.90
  11691.533    24.099     3.89    6.51
  12069.818    24.402     0.80    5.22
  12448.174    23.544    -2.27    4.58
  12826.602    22.571    -2.57    4.57
  13205.101    22.254    -0.84    5.22
  13583.672    21.173    -2.85    5.77
  13962.315    19.292    -4.97    4.41
  14341.030    17.571    -4.54    2.17
  14719.816    16.896    -1.78    2.33
  15098.674    16.673    -0.59    2.17
  15477.604    16.803     0.34    1.95
  15856.606    17.385     1.54    2.09
  16235.680    17.457     0.19    2.09
  16614.826    16.299    -3.06    3.12
  16994.043    13.959    -6.17    3.84
  17373.333    12.050    -5.03    3.60
  17752.695    11.183    -2.28    3.39
  18132.130    11.560     0.99    3.56
  18511.636    12.180     1.63    3.63
  18891.215    12.397     0.57    3.80
  19270.865    12.591     0.51    3.20
  19650.589    10.525    -5.44    5.04
  20030.384     7.018    -9.23    5.54
  20410.252     4.222    -7.36    4.77
  20790.193     1.981    -5.90    2.31
  21170.206     1.451    -1.40    0.83
  21550.291     1.544     0.25    0.81
  21930.449     1.697     0.40    0.67
  22310.680     1.897     0.53    0.11
  22690.983     1.908     0.03    0.00
  23059.959     1.908     0.00    0.00
  23426.432     1.908     0.00    0.00
  23792.971     1.908     0.00    0.00
  24159.577     1.908     0.00    0.00
  24526.251     1.908     0.00    0.00
  24892.991     1.908     0.00    0.00
  25259.797     1.908     0.00    0.00
  25626.671     1.908     0.00    0.00
  25993.612     1.945     0.10    0.19
  26360.620     2.013     0.19    0.31
  26727.695     2.118     0.29    0.41
  27094.837     2.199     0.22    0.46
  27462.046     2.258     0.16    0.48
  27829.322     2.206    -0.14    0.46
  28196.666     2.108    -0.27    0.40
  28564.077     1.989    -0.33    0.27
  28931.555     1.908    -0.22    0.00
  29299.100     1.908     0.00    0.00
  29666.713     1.908     0.00    0.00
  30034.393     1.908     0.00    0.00
  30402.140     1.932     0.06    0.15
  30769.955     1.993     0.17    0.28
  31137.838     2.061     0.19    0.36
  31505.788     2.176     0.31    0.45
  31873.806     2.273     0.26    0.48
  32241.891     2.378     0.28    0.50
  32610.044     2.480     0.28    0.50
  32978.264     2.587     0.29    0.47
  33346.553     2.699     0.30    0.41
  33714.909     2.773     0.20    0.34
  34083.332     2.862     0.24    0.21
  34451.824     2.908     0.12    0.00
  34820.384     2.908     0.00    0.00
  35189.011     2.908     0.00    0.00
  35557.707     2.908     0.00    0.00
  35926.470     2.908     0.00    0.00
  36295.301     2.908     0.00    0.00
  36664.201     2.908     0.00    0.00
  37033.169     2.908     0.00    0.00
  37402.204     2.908     0.00    0.00
  37771.308     2.908     0.00    0.00
  38140.480     2.908     0.00    0.00
  38509.721     2.908     0.00    0.00
  38879.029     2.908     0.00    0.00
  39248.406     2.908     0.00    0.00
  39617.852     2.908     0.00    0.00
  39987.365     2.908     0.00    0.00
  40356.948     2.908     0.00    0.00
  40726.598     2.908     0.00    0.00
  41096.318     2.908     0.00    0.00
  41466.105     2.908     0.00    0.00
  41835.962     2.908     0.00    0.00
  42205.887     2.908     0.00    0.00
  42575.880     2.908     0.00    0.00
  42945.943     2.908     0.00    0.00
  43316.074     2.885    -0.06    0.15
  43686.274     2.421    -1.25    1.19
  44056.542     1.850    -1.54    1.66
  44426.880     1.094    -2.04    1.90
  44797.286     0.362    -1.98    1.83
  45167.762    -0.277    -1.72    1.49
  45538.306    -0.313    -0.10    1.39
  45908.919     0.194     1.37    1.74
  46279.602     1.115     2.49    1.92
  46650.353     2.706     4.29    3.34
  47021.174     5.313     7.03    5.61
  47392.064     7.390     5.60    6.83
  47763.023     8.525     3.06    7.43
  48134.051     8.722     0.53    7.52
  48505.149     8.004    -1.94    6.97
  48876.316     8.527     1.41    7.63
  49247.552     9.954     3.84    9.08
  49618.858    11.908     5.26    9.75
  49990.233    12.349     1.19    9.16
  50361.677    12.477     0.34    7.78
  50733.191    14.106     4.39    7.80
  51104.775    17.766     9.85    7.84
  51476.428    22.850    13.68    7.63
  51848.151    25.804     7.95    5.77
  52219.944    25.555    -0.67    4.33
  52591.806    25.073    -1.30    4.38
  52963.738    25.532     1.23    4.65
  53335.740    26.931     3.76    4.80
  53707.811    28.676     4.69    4.60
  54079.953    29.273     1.61    3.71
  54452.164    30.824     4.17    2.84
  54824.445    32.164     3.60    3.01
  55196.797    32.623     1.23    3.66
  55569.218    33.046     1.14    3.93
  55941.709    33.506     1.23    4.29
  56314.271    33.664     0.42    4.42
  56686.903    33.306    -0.96    4.24
  57059.604    32.083    -3.28    3.68
  57432.376    30.270    -4.86    2.11
  57805.219    30.874     1.62    2.44
  58178.131    31.217     0.92    2.58
  58551.114    31.629     1.11    2.16
  58924.168    31.996     0.98    1.49
  59297.292    31.862    -0.36    1.49
  59670.486    32.538     1.81    1.89
  60043.750    33.327     2.11    2.52
  60417.086    33.883     1.49    2.41
  60790.492    34.839     2.56    2.76
  61163.968    35.671     2.23    2.72
  61537.515    35.269    -1.08    2.76
  61911.133    35.433     0.44    2.63
  62284.822    34.426    -2.70    3.22
  62658.581    33.946    -1.28    3.44
  63032.411    33.594    -0.94    3.12
  63406.312    32.683    -2.44    3.66
  63780.284    32.676    -0.02    3.74
  64154.327    33.008     0.89    3.60
  64528.441    33.276     0.72    3.20
  64902.626    33.646     0.99    2.36
  65276.882    33.118    -1.41    2.75
  65651.209    31.308    -4.83    4.66
  66025.607    26.071   -13.99    9.36
  66400.076    20.254   -15.54    9.72
  66774.617    21.644     3.71   11.65
  67149.229    25.328     9.84   13.32
  67523.912    31.908    17.56   11.35
  67898.666    37.637    15.29    4.39
  68273.492    37.443    -0.52    3.40
  68648.389    36.699    -1.99    2.92
  69023.358    35.885    -2.17    2.99
  69398.398    34.044    -4.91    1.92
  69773.510    32.770    -3.40    2.25
  70148.694    30.032    -7.30    4.08
  70523.949    26.219   -10.16    5.43
  70899.275    22.222   -10.65    5.55
  71274.674    19.081    -8.37    4.14
  71650.144    18.342    -1.97    3.40
  72025.686    21.115     7.38    5.38
  72401.300    25.201    10.88    5.34
  72776.985    29.265    10.82    5.13
  73152.743    33.313    10.77    3.69
  73528.573    35.713     6.39    3.28
  73904.474    37.896     5.81    3.41
  74280.448    40.129     5.94    3.40
  74656.493    42.897     7.36    3.72
  75032.611    46.138     8.62    4.88
  75408.801    50.978    12.87    5.64
  75785.063    56.094    13.60    7.16
  76161.398    62.583    17.24    7.27
  76537.804    67.181    12.22    6.51
  76914.283    71.598    11.73    4.04
  77290.835    74.742     8.35    4.03
  77667.458    78.222     9.24    5.01
  78044.155    82.297    10.82    5.33
  78420.923    87.708    14.36    5.69
  78797.765    93.090    14.28    7.67
  79174.678    99.708    17.56    8.74
  79551.665   105.885    16.39    7.44
  79928.724   111.363    14.53    4.24
  80305.856   114.038     7.09    3.09
  80683.060   116.676     6.99    5.46
  81060.338   119.025     6.23    7.00
  81437.688   122.874    10.20    8.65
  81815.111   124.504     4.32    8.91
  82192.607   121.667    -7.51   11.85
  82570.176   116.777   -12.95   13.37
  82947.818   112.702   -10.79   11.25
  83325.533   111.957    -1.97    9.50
  83703.321   116.552    12.16    8.84
  84081.182   123.250    17.73    6.20
  84459.116   128.863    14.85    6.03
  84837.124   133.786    13.03    6.10
  85215.204   138.931    13.61    7.02
  85593.358   143.799    12.87    6.11
  85971.586   147.391     9.50    6.83
  86349.887   146.421    -2.57   10.73
  86728.261   139.955   -17.09   17.21
  87106.708   130.801   -24.19   19.48
  87485.230   123.897   -18.24   16.06
  87863.824   120.792    -8.20   12.32
  88242.493   118.403    -6.31    8.62
  88621.234   116.990    -3.73    6.85
  89000.050   115.932    -2.79    5.65
  89378.939   115.873    -0.16    6.05
  89757.902   116.829     2.52    6.10
  90136.939   117.850     2.69    4.42
  90516.050   118.610     2.00    4.27
  90895.235   119.715     2.92    5.18
  91274.493   121.897     5.75    6.04
  91653.826   123.610     4.52    5.54
  92033.232   123.814     0.54    4.93
  92412.713   124.023     0.55    4.90
  92792.267   124.511     1.28    5.42
  93171.896   127.242     7.19    6.33
  93551.599   132.116    12.84    5.55
  93931.376   136.749    12.20    6.10
  94311.228   141.006    11.21    5.13
  94691.154   144.196     8.40    4.39
  95071.154   147.728     9.30    4.31
  95451.229   150.153     6.38    4.95
  95831.378   152.277     5.59    4.64
  96211.601   153.533     3.30    4.19
  96591.899   155.513     5.21    6.18
  96972.272   158.827     8.71    8.21
  97352.719   162.874    10.64    7.86
  97726.037   166.073     8.57    5.97
  98092.296   168.397     6.34    4.35
  98458.625   169.001     1.65    4.44
  98825.021   170.194     3.26    4.34
  99191.486   171.725     4.18    3.59
  99558.020   172.550     2.25    2.76
  99924.622   173.144     1.62    2.47
 100291.293   172.969    -0.48    2.89
 100658.032   171.943    -2.80    3.74
 101024.840   170.182    -4.80    4.18
 101391.717   168.749    -3.91    3.63
 101758.662   167.414    -3.64    2.43
 102125.677   165.544    -5.10    2.72
 102492.760   163.783    -4.80    3.55
 102859.912   162.138    -4.48    3.80
 103227.133   160.618    -4.14    3.88
 103594.422   159.281    -3.64    3.90
 103961.781   158.443    -2.28    2.56
 104329.209   158.113    -0.90    1.47
 104696.706   158.181     0.18    1.40
 105064.272   158.396     0.59    1.51
 105431.907   159.215     2.23    1.90
 105799.611   159.982     2.08    2.08
 106167.385   160.908     2.52    2.05
 106535.227   161.789     2.40    1.34
 106903.139   162.242     1.23    1.22
 107271.121   162.308     0.18    1.23
 107639.171   162.488     0.49    1.92
 108007.291   161.990    -1.35    2.53
 108375.481   159.966    -5.50    2.92
 108743.740   158.661    -3.54    2.63
 109112.068   157.203    -3.96    2.38
 109480.467   155.222    -5.38    2.52
 109848.934   153.661    -4.24    3.09
 110217.472   152.920    -2.01    2.86
 110586.079   152.993     0.20    2.71
 110954.755   153.460     1.27    2.48
 111323.502   153.847     1.05    2.36
 111692.318   153.706    -0.38    2.23
 112061.204   153.667    -0.10    2.48
 112430.160   154.161     1.34    2.93
 112799.186   154.754     1.61    2.89
 113168.282   156.329     4.27    2.97
 113537.448   158.196     5.06    3.41
 113906.684   160.136     5.25    3.74
 114275.990   162.294     5.84    2.49
 114645.366   163.077     2.12    1.80
 115014.812   162.965    -0.30    1.94
 115384.329   162.013    -2.58    3.01
 115753.915   159.943    -5.60    3.64
 116123.572   156.525    -9.25    4.01
 116493.300   152.943    -9.69    4.79
 116863.097   148.839   -11.10    5.34
 117232.965   145.207    -9.82    6.14
 117602.904   140.539   -12.62    6.12
 117972.913   137.219    -8.98    6.37
 118342.992   133.262   -10.69    5.79
 118713.142   130.442    -7.62    7.46
 119083.363   127.616    -7.63    8.03
 119453.654   125.318    -6.21    7.70
 119824.016   124.299    -2.75    6.65
 120194.449   125.181     2.38    5.91
 120564.952   126.824     4.43    5.01
 120935.526   128.483     4.48    3.44
 121306.171   129.344     2.32    2.97
 121676.887   129.306    -0.10    2.78
 122047.674   128.920    -1.04    2.90
 122418.532   128.115    -2.17    2.99
 122789.461   127.211    -2.44    2.76
 123160.460   126.127    -2.92    2.35
 123531.531   125.636    -1.32    3.05
 123902.673   124.178    -3.93    3.88
 124273.886   123.979    -0.54    3.61
 124645.171   122.068    -5.15    4.90
 125016.526   118.818    -8.75    7.25
 125387.953   113.747   -13.65    7.91
 125759.452   110.740    -8.10    6.36
 126131.021   111.614     2.35    6.23
 126502.662   114.138     6.79    5.77
 126874.375   115.490     3.64    4.34
 127246.159   113.000    -6.70    6.49
 127618.014   106.480   -17.54    9.07
 127989.941    99.818   -17.91   10.93
 128361.940    92.492   -19.69   12.95
 128734.010    85.831   -17.90   13.90
 129106.152    79.981   -15.72   13.26
 129478.366    75.908   -10.94    9.89
 129850.651    73.969    -5.21    7.24
 130223.009    76.391     6.50   10.98
 130595.438    80.043     9.81   12.78
 130967.939    84.602    12.24   13.66
 131340.512    91.039    17.28   11.85
 131713.157    95.249    11.30    9.02
 132085.874    98.101     7.65    5.76
 132458.663    98.829     1.95    4.39
 132831.524    98.579    -0.67    3.55
 133204.458    97.408    -3.14    3.89
 133577.463    95.611    -4.82    5.52
 133950.541    92.954    -7.12    5.17
 134323.691    90.861    -5.61    3.65
 134696.914    89.624    -3.31    2.35
 135070.208    88.897    -1.95    2.29
 135443.575    87.661    -3.31    2.64
 135817.015    85.769    -5.07    2.91
 136190.527    83.806    -5.26    3.16
 136564.112    82.129    -4.49    3.00
 136937.769    80.011    -5.67    2.46
 137311.499    78.127    -5.04    3.38
 137685.301    75.170    -7.91    4.47
 138059.176    71.699    -9.28    5.43
 138433.124    67.545   -11.11    5.87
 138807.145    63.472   -10.89    5.99
 139181.238    58.368   -13.64    6.08
 139555.405    53.699   -12.48    7.46
 139929.644    45.443   -22.06   11.07
 140303.956    38.012   -19.85   11.52
 140678.341    30.568   -19.89    8.46
 141052.799    27.644    -7.81    6.19
 141427.331    32.608    13.26   13.55
 141801.935    42.472    26.33   17.59
 142176.612    54.613    32.41   14.92
 142551.363    62.759    21.74    9.57
 142926.187    65.420     7.10    9.31
 143301.084    65.722     0.81    9.01
 143676.055    65.943     0.59    7.65
 144051.099    67.295     3.61    6.71
 144426.216    70.717     9.13    8.75
 144801.407    75.789    13.52    9.85
 145176.672    82.425    17.69    8.66
 145552.010    87.488    13.49    5.24
 145927.421    91.242    10.00    2.76
 146302.906    93.299     5.48    2.95
 146678.465    95.874     6.86    3.33
 147054.098    98.127     6.00    3.37
 147429.804    98.886     2.02    3.21
 147805.584    98.977     0.24    3.08
 148181.438    97.897    -2.87    3.25
 148557.366    96.610    -3.43    2.41
 148933.367    95.011    -4.25    2.72
 149309.443    93.702    -3.48    2.84
 149685.593    93.227    -1.26    2.76
 150061.817    92.315    -2.42    2.60
 150438.115    91.443    -2.32    3.63
 150814.487    89.759    -4.47    4.87
 151190.933    85.363   -11.68    7.55
 151567.453    78.955   -17.02    9.42
 151944.048    71.099   -20.86    9.21
 152320.717    64.094   -18.60    7.61
 152697.461    58.686   -14.36    6.08
 153074.279    54.827   -10.24    4.47
 153451.171    51.693    -8.32    4.18
 153828.138    50.777    -2.43    3.46
 154205.179    51.329     1.46    3.16
 154582.295    52.885     4.13    3.96
 154959.486    55.620     7.25    4.96
 155336.751    58.313     7.14    5.38
 155714.091    60.183     4.96    5.15
 156091.505    61.277     2.90    3.78
 156468.995    62.079     2.12    3.08
 156846.559    63.030     2.52    3.01
 157224.199    64.352     3.50    2.65
 157601.913    65.713     3.61    1.87
 157979.702    66.999     3.40    1.66
 158357.566    67.766     2.03    2.07
 158735.506    68.875     2.94    1.81
 159113.520    69.547     1.78    1.57
 159491.610    69.656     0.29    2.22
 159869.774    70.003     0.92    2.56
 160248.014    70.605     1.59    2.79
 160626.330    71.650     2.76    3.21
 161004.720    72.538     2.35    2.97
 161383.186    73.339     2.12    2.26
 161761.728    73.681     0.90    1.96
 162140.345    73.472    -0.55    1.81
 162519.037    72.806    -1.76    1.88
 162897.805    71.647    -3.06    1.85
 163276.649    70.853    -2.10    1.95
 163655.568    69.897    -2.52    2.40
 164034.563    67.436    -6.49    3.46
 164413.634    64.272    -8.35    4.22
 164792.780    61.115    -8.33    4.58
 165172.003    56.620   -11.86    5.13
 165551.301    52.283   -11.43    5.40
 165930.675    45.829   -17.02    7.41
 166310.125    39.104   -17.73    8.10
 166689.651    32.931   -16.27    6.86
 167069.253    29.222    -9.77    4.28
 167448.932    27.054    -5.71    0.51
 167828.686    26.908    -0.38    0.00
 168208.517    25.306    -4.22    4.73
 168588.424    24.480    -2.18    7.33
 168968.407    24.952     1.24    8.73
 169348.466    25.337     1.01    9.60
 169728.602    25.431     0.25    9.57
 170108.814    23.849    -4.16    8.69
 170489.103    22.704    -3.01    7.97
 170869.468    22.218    -1.28    7.35
 171249.910    21.819    -1.05    7.31
 171630.428    22.437     1.63    6.81
 172011.023    23.842     3.69    5.85
 172389.036    26.483     6.99    6.17
 172755.077    30.408    10.73    7.69
 173121.187    35.246    13.21    7.41
 173487.368    37.843     7.09    6.55
 173853.618    40.289     6.68    5.82
 174219.939    41.242     2.60    5.35
 174586.330    40.781    -1.26    4.99
 174952.792    40.522    -0.71    4.88
 175319.323    40.426    -0.26    5.30
 175685.926    39.702    -1.98    5.94
 176052.598    39.774     0.20    6.75
 176419.341    38.693    -2.95    8.55
 176786.154    36.594    -5.72    8.56
 177153.038    31.967   -12.61    7.72
 177519.992    27.122   -13.20    7.49
 177887.017    24.113    -8.20    5.94
 178254.113    23.874    -0.65    5.95
 178621.279    23.149    -1.97    6.41
 178988.516    23.008    -0.38    6.44
 179355.824    24.449     3.92    7.86
 179723.202    26.453     5.46   10.81
 180090.651    29.475     8.23   14.05
 180458.172    34.054    12.46   14.88
 180825.763    36.227     5.91   14.74
 181193.425    36.499     0.74   14.82
 181561.158    35.066    -3.90   14.39
 181928.962    31.761    -8.99   12.84
 182296.837    30.386    -3.74   10.82
 182664.783    29.385    -2.72   10.23
 183032.801    31.131     4.75   10.51
 183400.889    33.885     7.48    9.71
 183769.049    33.295    -1.60   10.61
 184137.280    29.682    -9.81   12.21
 184505.583    27.481    -5.98   10.97
 184873.957    25.552    -5.24    8.93
 185242.402    23.032    -6.84    6.44
 185610.919    24.545     4.11    6.24
 185979.507    24.999     1.23    6.82
 186348.167    25.431     1.17    7.76
 186716.898    24.920    -1.39    7.58
 187085.701    23.189    -4.69    7.59
 187454.575    22.932    -0.70    6.33
 187823.521    23.908     2.65    5.76
 188192.539    26.623     7.36    6.59
 188561.629    32.436    15.75    7.32
 188930.791    38.527    16.50    8.46
 189300.024    43.767    14.19    8.48
 189669.329    47.827    11.00    7.69
 190038.707    51.090     8.83    6.54
