-171094.525    19.959     0.00    0.77
-170721.481    19.954    -0.01    0.81
-170348.375    19.621    -0.89    0.96
-169975.208    19.271    -0.94    1.00
-169601.978    18.998    -0.73    0.94
-169228.687    19.131     0.36    1.06
-168855.333    19.622     1.31    1.27
-168481.918    20.152     1.42    1.28
-168108.440    20.642     1.31    0.95
-167734.900    20.860     0.58    0.75
-167361.298    21.104     0.65    0.67
-166987.634    21.347     0.65    0.62
-166613.908    21.554     0.56    0.61
-166240.120    21.911     0.95    0.70
-165866.269    22.285     1.00    0.75
-165492.356    22.569     0.76    0.74
-165118.381    22.703     0.36    0.71
-164744.343    22.587    -0.31    1.06
-164370.243    22.109    -1.28    1.43
-163996.081    21.492    -1.65    1.44
-163621.856    20.931    -1.50    1.49
-163247.568    20.685    -0.66    1.46
-162873.219    20.450    -0.63    1.35
-162498.806    20.478     0.08    1.31
-162124.331    20.562     0.22    1.37
-161749.794    20.883     0.86    1.45
-161375.194    21.199     0.85    1.28
-161000.531    21.611     1.10    1.02
-160625.805    21.938     0.87    0.68
-160251.017    22.017     0.21    0.68
-159876.166    22.009    -0.02    0.80
-159501.252    21.879    -0.35    0.82
-159126.276    21.450    -1.14    0.97
-158751.236    20.291    -3.09    1.95
-158376.134    18.898    -3.71    2.46
-158000.968    17.204    -4.52    2.03
-157625.740    15.938    -3.37    1.29
-157250.449    15.074    -2.30    1.01
-156875.095    14.645    -1.14    0.98
-156499.677    14.024    -1.65    0.93
-156124.197    14.022    -0.01    1.03
-155748.654    14.022     0.00    1.08
-155373.047    14.264     0.65    1.24
-154997.377    14.837     1.52    1.22
-154621.644    15.133     0.79    1.08
-154245.848    15.299     0.44    0.97
-153869.988    15.114    -0.49    1.22
-153494.066    14.762    -0.93    1.29
-153118.079    14.306    -1.21    1.30
-152742.030    14.214    -0.24    1.37
-152365.917    13.684    -1.41    1.53
-151989.741    13.219    -1.24    2.03
-151613.501    11.517    -4.53    3.84
-151237.197     9.267    -5.98    4.38
-150860.831     6.885    -6.33    4.26
-150484.400     4.951    -5.14    3.14
-150107.906     3.360    -4.23    1.33
-149731.349     2.269    -2.90    1.62
-149354.727     0.931    -3.55    2.48
-148978.042    -0.069    -2.65    2.36
-148601.293    -0.628    -1.48    2.39
-148224.481     0.411     2.76    3.27
-147847.605     2.099     4.48    3.31
-147470.665     3.619     4.03    2.79
-147093.661     4.449     2.20    1.71
-146716.593     5.278     2.20    1.35
-146339.461     6.671     3.69    1.95
-145962.265     8.502     4.85    2.44
-145585.006     9.977     3.91    2.37
-145207.682    11.204     3.25    1.77
-144830.294    11.788     1.55    1.77
-144452.842    12.191     1.07    2.01
-144075.326    12.951     2.01    2.20
-143697.746    14.589     4.34    3.10
-143320.102    16.569     5.24    3.13
-142942.393    18.658     5.53    2.11
-142564.620    20.051     3.69    1.08
-142186.783    21.126     2.84    2.33
-141808.882    23.546     6.40    5.34
-141430.916    26.149     6.89    6.63
-141052.886    27.744     4.22    6.61
-140674.791    26.949    -2.10    5.61
-140296.632    24.898    -5.42    3.78
-139918.409    23.165    -4.58    2.70
-139540.121    21.488    -4.43    1.66
-139161.768    20.462    -2.71    1.44
-138783.351    19.645    -2.16    1.46
-138404.869    19.451    -0.51    1.39
-138026.323    19.918     1.23    1.48
-137647.711    20.771     2.25    1.42
-137269.036    21.649     2.32    0.93
-136890.295    22.168     1.37    0.50
-136511.490    22.399     0.61    0.16
-136132.619    22.465     0.17    0.20
-135753.684    22.556     0.24    0.34
-135374.684    22.632     0.20    0.41
-134995.619    22.723     0.24    0.46
-134616.490    22.872     0.39    0.53
-134237.295    23.135     0.69    0.69
-133858.035    23.450     0.83    0.89
-133478.710    23.704     0.67    0.97
-133099.320    23.814     0.29    0.99
-132719.865    23.864     0.13    1.04
-132340.345    23.866     0.00    1.01
-131960.759    23.965     0.26    1.02
-131581.109    24.062     0.26    1.02
-131201.393    24.024    -0.10    1.04
-130831.477    24.037     0.03    0.99
-130464.243    24.264     0.62    1.03
-130096.948    24.931     1.81    1.31
-129729.593    25.965     2.81    1.84
-129362.177    27.463     4.08    2.07
-128994.700    28.863     3.81    1.36
-128627.163    29.374     1.39    0.88
-128259.565    29.438     0.17    0.84
-127891.906    28.762    -1.84    1.21
-127524.186    27.924    -2.28    1.24
-127156.406    26.912    -2.75    1.42
-126788.565    26.027    -2.41    1.26
-126420.663    25.334    -1.89    1.05
-126052.700    24.884    -1.22    0.74
-125684.676    24.602    -0.77    0.42
-125316.591    24.451    -0.41    0.16
-124948.445    24.424    -0.07    0.00
-124580.238    24.424     0.00    0.00
-124211.971    24.538     0.31    0.32
-123843.642    24.819     0.76    0.73
-123475.252    25.230     1.11    1.05
-123106.800    25.899     1.82    1.43
-122738.288    26.771     2.37    1.53
-122369.715    27.174     1.10    1.23
-122001.080    26.905    -0.73    1.37
-121632.384    26.100    -2.19    1.63
-121263.627    25.348    -2.04    1.35
-120894.808    25.553     0.55    1.78
-120525.928    26.587     2.80    2.40
-120156.987    27.893     3.54    2.03
-119787.984    28.514     1.68    1.28
-119418.920    28.853     0.92    0.97
-119049.794    28.950     0.26    0.88
-118680.607    28.464    -1.32    1.68
-118311.358    27.308    -3.13    2.55
-117942.048    26.335    -2.63    2.57
-117572.676    25.387    -2.57    2.26
-117203.242    24.787    -1.62    2.06
-116833.747    24.630    -0.43    2.16
-116464.190    24.347    -0.77    1.89
-116094.571    23.622    -1.96    1.96
-115724.891    22.710    -2.47    2.15
-115355.149    22.204    -1.37    2.30
-114985.345    21.899    -0.82    2.88
-114615.479    20.937    -2.60    3.63
-114245.551    18.962    -5.34    4.81
-113875.562    16.014    -7.97    4.43
-113505.510    13.437    -6.96    2.66
-113135.397    11.688    -4.73    1.25
-112765.221    11.065    -1.68    1.22
-112394.983    10.308    -2.05    1.22
-112024.684     9.873    -1.17    1.16
-111654.322     9.612    -0.71    1.15
-111283.898     9.749     0.37    1.24
-110913.412    10.181     1.16    1.34
-110542.864    10.655     1.28    1.30
-110172.253    10.569    -0.23    1.54
-109801.581     9.886    -1.84    2.15
-109430.846     9.256    -1.70    2.30
-109060.048     8.792    -1.25    2.37
-108689.189     8.486    -0.82    2.59
-108318.266     8.137    -0.94    2.57
-107947.282     7.814    -0.87    2.67
-107576.235     7.899     0.23    2.67
-107205.125     7.780    -0.32    2.59
-106833.953     7.809     0.08    2.57
-106462.719     7.437    -1.00    2.49
-106091.422     7.299    -0.37    2.47
-105720.062     7.412     0.30    3.15
-105348.640     7.719     0.83    3.92
-104977.155     7.642    -0.21    4.06
-104605.607     7.191    -1.22    3.06
-104233.997     6.645    -1.47    1.94
-103862.323     6.553    -0.25    1.62
-103490.587     6.741     0.51    1.54
-103118.788     7.087     0.93    1.47
-102746.927     7.062    -0.07    1.44
-102375.002     7.022    -0.11    1.55
-102003.015     7.014    -0.02    1.83
-101630.964     7.359     0.93    2.22
-101258.850     7.956     1.61    2.36
-100886.674     8.745     2.12    2.95
-100514.434     9.624     2.36    4.07
-100142.132    10.488     2.32    4.80
 -99769.766    10.655     0.45    5.04
 -99397.337    10.451    -0.55    4.65
 -99024.845    10.024    -1.14    4.05
 -98652.289     9.655    -0.99    3.13
 -98279.671     9.159    -1.33    2.36
 -97906.989     8.918    -0.65    2.11
 -97534.243     8.488    -1.15    1.90
 -97161.435     8.258    -0.62    1.78
 -96788.563     8.133    -0.33    1.88
 -96415.627     8.091    -0.11    2.04
 -96042.628     8.549     1.23    2.68
 -95669.566     9.624     2.88    3.81
 -95296.440    10.830     3.23    4.25
 -94923.251    12.424     4.27    4.56
 -94549.998    12.905     1.29    4.18
 -94176.681    13.249     0.92    3.95
 -93803.301    13.274     0.07    3.66
 -93429.857    13.688     1.11    3.56
 -93056.349    15.112     3.81    3.73
 -92682.778    16.884     4.74    3.51
 -92309.143    19.197     6.19    2.50
 -91935.444    20.951     4.69    1.80
 -91561.681    22.212     3.37    1.55
 -91187.854    22.845     1.69    1.18
 -90813.964    22.749    -0.26    1.12
 -90440.009    22.091    -1.76    1.34
 -90065.990    21.083    -2.70    1.26
 -89691.908    20.219    -2.31    0.86
 -89317.761    19.749    -1.26    0.50
 -88943.551    19.526    -0.60    0.30
 -88569.276    19.475    -0.14    0.22
 -88194.937    19.606     0.35    0.66
 -87820.534    20.091     1.29    1.26
 -87446.067    20.617     1.40    1.61
 -87071.535    20.887     0.72    2.10
 -86696.939    21.412     1.40    1.71
 -86322.279    21.526     0.30    1.39
 -85947.555    20.981    -1.45    1.61
 -85572.766    20.100    -2.35    2.04
 -85197.913    18.912    -3.17    1.76
 -84822.995    18.345    -1.51    0.86
 -84448.013    18.361     0.04    0.29
 -84072.966    18.424     0.17    0.00
 -83697.855    18.424     0.00    0.00
 -83322.679    18.424     0.00    0.00
 -82947.439    18.487     0.17    0.24
 -82572.133    18.722     0.63    0.74
 -82196.764    19.024     0.81    1.51
 -81821.329    19.451     1.14    2.43
 -81445.830    19.918     1.24    2.65
 -81070.266    20.411     1.31    2.83
 -80694.637    21.012     1.60    2.37
 -80318.944    21.661     1.73    1.28
 -79943.185    22.037     1.00    0.92
 -79567.362    22.360     0.86    0.34
 -79191.473    22.424     0.17    0.00
 -78815.520    22.424     0.00    0.00
 -78439.502    22.424     0.00    0.00
 -78063.418    22.424     0.00    0.00
 -77687.270    22.530     0.28    0.39
 -77311.056    23.399     2.31    1.54
 -76934.777    24.604     3.20    2.17
 -76558.434    26.424     4.84    2.38
 -76182.024    28.450     5.38    1.91
 -75805.550    30.212     4.68    1.80
 -75429.010    31.503     3.43    1.57
 -75052.405    32.462     2.55    1.47
 -74675.735    33.235     2.05    1.47
 -74298.999    33.931     1.85    1.82
 -73922.198    34.543     1.62    1.90
 -73545.331    35.012     1.24    1.79
 -73168.399    35.556     1.44    1.68
 -72791.401    35.899     0.91    1.62
 -72414.338    36.437     1.43    1.49
 -72037.209    36.779     0.91    1.39
 -71660.015    37.146     0.97    1.18
 -71282.755    37.313     0.44    0.99
 -70905.429    37.212    -0.27    0.90
 -70528.037    36.745    -1.24    1.20
 -70150.580    35.624    -2.97    2.04
 -69773.057    33.918    -4.52    3.09
 -69395.468    30.149    -9.98    5.08
 -69017.813    25.057   -13.48    6.76
 -68640.092    16.386   -22.95    9.96
 -68262.305     8.803   -20.07    8.71
 -67884.453     4.612   -11.09    5.65
 -67506.534     2.811    -4.76    2.54
 -67128.549     4.215     3.71    1.77
 -66750.498     4.996     2.07    0.88
 -66372.381     5.202     0.55    1.02
 -65994.198     5.232     0.08    1.09
 -65615.949     4.462    -2.03    1.56
 -65237.633     2.740    -4.55    2.55
 -64859.252     1.668    -2.83    2.49
 -64480.804     2.012     0.91    2.95
 -64102.289     3.298     3.40    3.27
 -63723.709     4.362     2.81    2.64
 -63345.061     4.038    -0.86    2.88
 -62966.348     2.974    -2.81    3.04
 -62587.568     1.918    -2.79    2.58
 -62208.721     1.849    -0.18    2.57
 -61829.808     1.727    -0.32    2.70
 -61450.829     1.662    -0.17    2.65
 -61071.782     1.976     0.83    2.65
 -60692.669     2.324     0.92    2.62
 -60313.490     3.168     2.22    2.28
 -59934.244     4.283     2.94    0.64
 -59554.930     3.199    -2.86    2.10
 -59175.551     1.573    -4.29    2.72
 -58796.104     0.121    -3.83    2.32
 -58416.591    -0.852    -2.56    1.42
 -58037.010    -0.963    -0.29    1.32
 -57657.363    -0.332     1.66    1.75
 -57277.649     0.252     1.54    1.86
 -56897.867     0.898     1.70    1.79
 -56518.019     1.197     0.79    1.69
 -56144.741     1.135    -0.17    1.71
 -55777.698     1.212     0.21    1.66
 -55410.594     1.091    -0.33    1.64
 -55043.427     0.449    -1.75    1.79
 -54676.198     0.109    -0.93    1.76
 -54308.907     0.230     0.33    1.95
 -53941.553     0.569     0.92    2.14
 -53574.138     0.671     0.28    2.05
 -53206.660     0.478    -0.52    1.82
 -52839.120     0.012    -1.27    1.51
 -52471.517    -0.473    -1.32    1.16
 -52103.853    -0.464     0.02    1.18
 -51736.126    -0.145     0.87    1.39
 -51368.336     0.224     1.00    1.54
 -51000.484     0.412     0.51    1.57
 -50632.570     0.824     1.12    1.50
 -50264.593     1.374     1.49    1.29
 -49896.553     1.807     1.18    1.04
 -49528.451     2.116     0.84    0.68
 -49160.286     2.159     0.12    0.78
 -48792.059     1.970    -0.51    0.98
 -48423.769     1.526    -1.21    1.13
 -48055.416     0.597    -2.52    1.39
 -47687.001    -0.292    -2.41    1.23
 -47318.523    -0.563    -0.74    0.97
 -46949.982    -0.398     0.45    0.87
 -46581.378    -0.013     1.05    0.74
 -46212.711     0.100     0.31    0.72
 -45843.982    -0.101    -0.54    0.84
 -45475.189    -0.297    -0.53    1.02
 -45106.334    -0.213     0.23    1.46
 -44737.415     0.295     1.38    1.44
 -44368.434     0.962     1.81    1.52
 -43999.389     1.762     2.17    1.98
 -43630.282     3.474     4.64    2.62
 -43261.111     6.309     7.68    3.43
 -42891.877     9.724     9.25    5.17
 -42522.580    13.891    11.28    6.83
 -42153.220    18.037    11.22    7.72
 -41783.796    21.064     8.19    8.12
 -41414.309    22.721     4.48    8.28
 -41044.759    24.411     4.57    8.22
 -40675.145    26.912     6.77    6.37
 -40305.469    28.627     4.64    3.87
 -39935.728    29.758     3.06    1.12
 -39565.924    29.397    -0.97    1.33
 -39196.057    27.116    -6.17    4.05
 -38826.126    23.490    -9.80    5.97
 -38456.132    18.005   -14.83    7.77
 -38086.074    12.587   -14.64    6.12
 -37715.953    10.511    -5.61    4.21
 -37345.767    11.816     3.53    5.95
 -36975.518    16.894    13.71    7.97
 -36605.206    22.293    14.58    6.23
 -36234.830    25.807     9.49    3.78
 -35864.389    27.100     3.49    2.51
 -35493.886    27.124     0.07    2.26
 -35123.318    26.465    -1.78    2.89
 -34752.686    25.252    -3.27    4.09
 -34381.991    24.753    -1.34    4.35
 -34011.231    24.622    -0.35    3.97
 -33640.407    24.506    -0.31    3.47
 -33269.520    24.499    -0.02    2.78
 -32898.568    24.198    -0.81    2.17
 -32527.553    23.762    -1.17    2.04
 -32156.473    23.360    -1.08    2.01
 -31785.329    22.681    -1.83    2.27
 -31414.121    21.767    -2.46    2.38
 -31042.849    20.787    -2.64    2.37
 -30671.512    19.824    -2.59    1.84
 -30300.111    19.137    -1.85    1.48
 -29928.646    18.580    -1.50    1.24
 -29557.117    18.034    -1.47    1.14
 -29185.523    17.398    -1.71    1.10
 -28813.864    16.537    -2.32    1.69
 -28442.142    15.632    -2.43    2.41
 -28070.355    14.778    -2.30    2.83
 -27698.503    14.091    -1.85    2.85
 -27326.586    12.668    -3.83    3.64
 -26954.606    10.069    -6.99    4.75
 -26582.560     6.054   -10.79    6.56
 -26210.450     1.727   -11.63    5.45
 -25838.275    -1.822    -9.54    4.67
 -25466.035    -4.865    -8.17    2.21
 -25093.731    -5.860    -2.67    2.10
 -24721.362    -5.707     0.41    2.31
 -24348.928    -6.020    -0.84    2.20
 -23976.429    -6.168    -0.40    2.19
 -23603.866    -5.884     0.76    2.18
 -23231.237    -5.523     0.97    2.09
 -22858.543    -4.185     3.59    2.27
 -22485.785    -3.049     3.05    1.89
 -22112.961    -2.230     2.20    1.51
 -21740.073    -1.913     0.85    1.38
 -21367.119    -1.613     0.81    1.32
 -20994.100    -1.386     0.61    1.25
 -20621.016    -0.863     1.40    1.17
 -20247.867    -0.562     0.81    1.01
 -19874.652    -0.625    -0.17    1.07
 -19501.373    -0.082     1.45    2.18
 -19128.027     0.254     0.90    2.62
 -18754.617     1.152     2.40    2.97
 -18381.141     2.362     3.24    2.78
 -18007.600     1.893    -1.26    3.26
 -17633.994     1.099    -2.12    3.86
 -17260.322     1.766     1.79    4.48
 -16886.584     2.782     2.72    4.50
 -16512.781     4.796     5.39    3.80
 -16138.912     6.684     5.05    1.27
 -15764.978     7.602     2.45    2.65
 -15390.978     8.573     2.60    3.20
 -15016.912     8.287    -0.76    3.98
 -14642.781     7.274    -2.71    4.51
 -14268.584     5.053    -5.94    4.63
 -13894.321     3.227    -4.88    3.72
 -13519.992     3.116    -0.30    2.63
 -13145.597     3.327     0.56    2.45
 -12771.137     3.674     0.93    2.32
 -12396.611     3.981     0.82    2.52
 -12022.018     3.869    -0.30    2.64
 -11647.360     3.708    -0.43    2.81
 -11272.635     4.239     1.42    2.36
 -10897.845     4.337     0.26    2.03
 -10522.988     2.774    -4.17    3.02
 -10148.066     1.324    -3.87    3.20
  -9773.077     0.301    -2.73    2.42
  -9398.022     0.184    -0.31    2.25
  -9022.900     1.168     2.62    2.76
  -8647.713     2.424     3.35    3.94
  -8272.459     4.212     4.76    6.66
  -7897.139     4.148    -0.17    6.70
  -7521.752     3.412    -1.96    5.43
  -7146.299     1.990    -3.79    3.07
  -6770.779     1.375    -1.64    1.69
  -6395.193     1.345    -0.08    1.20
  -6019.541     1.485     0.37    1.61
  -5643.822     0.950    -1.42    2.00
  -5268.036     0.205    -1.98    2.04
  -4892.184    -0.474    -1.81    1.83
  -4516.265    -0.463     0.03    1.46
  -4140.279    -0.234     0.61    1.54
  -3764.227    -0.307    -0.20    1.53
  -3388.107    -0.664    -0.95    1.50
  -3011.921    -1.242    -1.54    1.16
  -2635.669    -0.755     1.29    1.99
  -2259.349     1.037     4.76    3.65
  -1882.962     3.659     6.97    4.13
  -1506.509     5.140     3.94    4.11
  -1129.988     4.851    -0.77    4.44
   -753.400     2.812    -5.42    4.64
   -376.746     0.962    -4.91    3.68
     -0.024     0.560    -1.07    2.71
    376.765     0.750     0.50    2.75
    753.621     0.412    -0.90    1.92
   1130.544     0.315    -0.26    1.89
   1507.535     0.240    -0.20    1.98
   1884.593     0.103    -0.36    1.98
   2261.718     1.476     3.64    6.03
   2638.910    15.132    36.20   26.19
   3016.170    34.501    51.34   32.51
   3393.498    53.162    49.45   29.60
   3770.892    68.837    41.53   15.06
   4148.354    70.003     3.09   16.03
   4525.884    69.737    -0.70   14.92
   4903.482    72.548     7.44   14.15
   5281.147    80.893    22.10   15.31
   5658.879    91.820    28.93   18.05
   6036.679   105.266    35.59   22.13
   6414.547   116.799    30.52   20.21
   6792.483   123.278    17.14   18.47
   7170.486   121.642    -4.33   21.86
   7548.558   113.499   -21.54   18.43
   7926.697   112.219    -3.38   15.87
   8304.904   117.244    13.28   16.65
   8683.179   126.003    23.16   15.57
   9061.522   127.128     2.97   16.15
   9439.933   121.504   -14.86   18.93
   9818.412   114.242   -19.19   18.07
  10196.959   110.538    -9.78   14.24
  10575.574   115.790    13.87   14.89
  10954.258   124.012    21.71   16.17
  11333.009   133.424    24.85   16.03
  11711.829   141.181    20.47   12.95
  12090.717   144.659     9.18    9.39
  12469.673   146.338     4.43   10.37
  12848.698   148.637     6.07   12.28
  13227.791   154.992    16.76   14.39
  13606.953   159.754    12.56   14.30
  13986.182   161.557     4.76   12.27
  14365.481   157.056   -11.87   13.53
  14744.848   145.196   -31.26   19.25
  15124.283   135.885   -24.54   16.34
  15503.787   130.461   -14.29   10.65
  15883.360   128.792    -4.40    7.24
  16263.001   127.059    -4.56    7.18
  16642.711   123.862    -8.42    7.79
  17022.490   122.955    -2.39    8.15
  17402.338   123.546     1.56    8.12
  17782.254   124.548     2.64    7.42
  18162.240   123.005    -4.06    8.56
  18539.176   118.057   -13.13   10.75
  18906.019   115.721    -6.37   12.43
  19272.926   113.560    -5.89   14.18
  19639.896   111.190    -6.46   14.98
  20006.930   106.918   -11.64   18.24
  20374.028    99.095   -21.31   21.98
  20741.190    90.290   -23.98   21.30
  21108.415    77.968   -33.56   19.64
  21475.704    69.156   -23.99   19.01
  21843.057    62.546   -17.99   16.89
  22210.474    61.037    -4.11   16.98
  22577.954    58.412    -7.14   16.32
  22945.499    57.270    -3.11   16.50
  23313.108    55.565    -4.64   15.74
  23680.780    48.827   -18.33   17.90
  24048.517    40.095   -23.74   18.23
  24416.318    30.918   -24.95   16.20
  24784.183    22.386   -23.19   12.65
  25152.111    14.931   -20.26    7.74
  25520.105    17.293     6.42   13.97
  25888.162    26.324    24.54   22.16
  26256.283    42.574    44.14   28.08
  26624.469    61.484    51.36   28.38
  26992.719    74.699    35.89   24.65
  27361.034    84.363    26.24   19.76
  27729.413    90.662    17.10   18.00
  28097.856    96.039    14.59   17.38
  28466.364   100.830    13.00   14.32
  28834.936   106.400    15.12   11.11
  29203.573   107.962     4.24    9.96
  29572.274   107.351    -1.66    9.03
  29941.040   107.193    -0.43    7.87
  30309.870   107.742     1.49    6.60
  30678.765   106.202    -4.17    8.17
  31047.725   100.362   -15.83   13.38
  31416.749    94.111   -16.94   15.95
  31785.838    84.099   -27.13   17.36
  32154.992    81.132    -8.04   18.22
  32524.211    77.227   -10.58   19.52
  32893.495    73.187   -10.94   21.43
  33262.843    69.190   -10.82   22.25
  33632.257    63.742   -14.75   19.66
  34001.735    60.338    -9.21   17.59
  34371.278    59.165    -3.17   17.93
  34740.887    50.893   -22.38   18.61
  35110.560    47.365    -9.54   17.41
  35480.299    47.065    -0.81   17.45
  35850.102    51.546    12.12   18.42
  36219.971    60.188    23.36   16.91
  36589.905    63.168     8.06   17.07
  36959.904    61.100    -5.59   18.10
  37329.969    54.087   -18.95   19.20
  37700.099    46.630   -20.15   16.40
  38070.294    41.015   -15.17   11.59
  38440.554    39.595    -3.83    9.17
  38810.880    48.107    22.98   15.81
  39181.272    60.069    32.30   20.11
  39551.729    75.607    41.94   20.45
  39922.251    87.282    31.51   16.77
  40292.839    89.022     4.70   14.21
  40663.492    84.606   -11.91   14.92
  41034.211    79.168   -14.67   11.47
  41404.996    75.345   -10.31    7.21
  41775.846    72.290    -8.24    9.08
  42146.762    69.437    -7.69    9.23
  42517.744    71.079     4.43   10.12
  42888.792    75.716    12.50   14.25
  43259.905    84.326    23.20   12.97
  43631.085    91.587    19.56    9.73
  44002.330    92.813     3.30    9.34
  44373.641    90.937    -5.05   10.18
  44745.018    91.486     1.48    9.82
  45116.461    92.649     3.13    9.30
  45487.970    95.091     6.57    9.34
  45859.545    99.589    12.11    9.34
  46231.187   106.387    18.29   10.14
  46602.894   111.540    13.86   10.87
  46974.668   115.533    10.74    7.96
  47346.508   116.500     2.60    6.29
  47718.414   114.509    -5.36    7.78
  48090.386   109.526   -13.40    8.25
  48462.425   105.140   -11.79    9.09
  48834.530   101.500    -9.78   10.52
  49206.701    95.913   -15.01    9.10
  49578.939    87.881   -21.58   10.41
  49951.243    81.375   -17.48   11.04
  50323.614    82.536     3.12   12.37
  50696.051    86.613    10.95   12.96
  51068.555    92.103    14.74   11.97
  51441.126    92.782     1.82   12.90
  51813.763    86.178   -17.73   13.32
  52186.466    84.460    -4.61   11.86
  52559.237    85.804     3.61   11.74
  52932.074    87.968     5.80   12.49
  53304.978    92.956    13.38   12.91
  53677.949    95.746     7.48   14.74
  54050.987    99.627    10.40   15.70
  54424.091   107.183    20.25   14.73
  54797.263   114.950    20.81   15.15
  55170.501   123.066    21.75   14.75
  55543.807   129.209    16.46   12.94
  55917.179   134.151    13.24    9.20
  56290.619   137.762     9.67    8.17
  56664.125   139.758     5.34    9.06
  57037.699   140.758     2.68    9.03
  57411.340   143.341     6.91    6.75
  57785.048   143.074    -0.72    5.43
  58158.824   141.327    -4.67    5.10
  58532.667   138.578    -7.35    5.50
  58906.577   135.495    -8.25    5.22
  59280.554   133.061    -6.51    5.38
  59654.599   130.099    -7.92    6.61
  60028.711   124.886   -13.94    8.79
  60402.891   121.067   -10.21    9.50
  60777.138   121.912     2.26   12.19
  61151.453   123.754     4.92   12.05
  61525.835   123.873     0.32   11.43
  61900.285   121.617    -6.02   12.81
  62274.803   118.424    -8.53   11.82
  62649.388   116.437    -5.31   11.73
  63024.041   116.885     1.20   11.26
  63398.762   122.010    13.68   11.95
  63773.551   125.796    10.10   14.64
  64148.407   127.151     3.61   14.56
  64523.331   130.437     8.77   13.13
  64898.324   134.227    10.11   15.82
  65273.384   132.937    -3.44   17.67
  65648.512   133.746     2.16   18.03
  66023.708   137.656    10.42   17.55
  66398.972   136.844    -2.16   15.27
  66774.305   141.375    12.07   13.50
  67149.705   146.229    12.93   10.81
  67525.174   148.079     4.93   11.04
  67900.711   148.992     2.43   12.19
  68276.316   149.351     0.96   13.26
  68651.989   153.196    10.23   15.45
  69027.731   152.912    -0.75   15.86
  69403.541   153.010     0.26   16.97
  69779.419   155.734     7.25   19.59
  70155.366   156.103     0.98   19.68
  70531.381   159.555     9.18   23.36
  70907.465   162.437     7.66   25.48
  71283.618   162.190    -0.66   25.83
  71659.838   158.103   -10.86   24.78
  72036.128   148.624   -25.19   22.79
  72412.486   138.659   -26.48   18.55
  72788.913   133.863   -12.74   13.06
  73165.409   131.950    -5.08   13.39
  73541.973   129.483    -6.55   12.29
  73918.606   126.796    -7.13   14.46
  74295.309   122.135   -12.37   14.08
  74672.079   119.412    -7.23   12.63
  75048.919   118.777    -1.68   11.59
  75425.828   123.589    12.77   12.81
  75802.806   130.839    19.23   11.93
  76179.853   134.597     9.97    9.87
  76556.969   133.495    -2.92   10.94
  76934.154   134.144     1.72   11.63
  77311.408   131.128    -7.99   13.31
  77688.731   128.103    -8.02   14.35
  78066.124   122.607   -14.56   16.85
  78443.586   117.571   -13.34   14.24
  78821.117   117.607     0.10   13.42
  79198.717   116.936    -1.78   12.32
  79576.387   112.696   -11.23   16.14
  79954.126   103.639   -23.98   17.17
  80331.935    96.979   -17.63   17.91
  80709.813    95.375    -4.24   18.10
  81087.761    97.874     6.61   18.32
  81465.778   100.789     7.71   16.27
  81843.865   103.450     7.04   13.42
  82222.022   105.690     5.92   12.33
  82600.248   107.348     4.38   10.06
  82978.544   104.554    -7.39   11.79
  83356.910   101.999    -6.75   11.64
  83735.345    99.906    -5.53   10.99
  84113.851    97.178    -7.21   13.07
  84492.426    95.754    -3.76   13.94
  84871.071    89.046   -17.72   17.34
  85249.786    82.242   -17.97   15.00
  85628.571    80.363    -4.96   14.67
  86007.426    82.693     6.15   15.31
  86386.351    90.829    21.47   16.09
  86765.347    92.521     4.46   15.07
  87144.412    94.877     6.22   13.28
  87523.548    96.488     4.25   14.33
  87902.753    96.770     0.74   15.97
  88282.030    96.100    -1.77   15.92
  88661.376   101.913    15.32   15.78
  89040.793   104.950     8.01   17.09
  89420.280   110.315    14.14   16.66
  89799.837   116.619    16.61   12.94
  90179.465   120.615    10.53   13.73
  90559.164   123.222     6.87   12.66
  90938.933   124.186     2.54   11.79
  91318.772   122.293    -4.98   13.63
  91698.682   117.858   -11.68   14.76
  92078.663   114.436    -9.01   15.08
  92458.715   112.499    -5.10   14.77
  92838.837   109.290    -8.44   12.41
  93219.030   108.708    -1.53   10.28
  93586.384   110.039     3.62    9.19
  93953.091   115.091    13.78    9.94
  94319.863   120.822    15.63    7.53
  94686.700   123.217     6.53    5.53
  95053.603   122.171    -2.85    6.14
  95420.571   118.151   -10.96    8.77
  95787.604   112.591   -15.15   10.33
  96154.703   106.210   -17.38    9.06
  96521.867   100.070   -16.72   10.58
  96889.097    94.246   -15.86   10.91
  97256.392    87.862   -17.38    8.00
  97623.753    84.672    -8.69    6.53
  97991.179    83.206    -3.99    7.32
  98358.671    83.051    -0.42    7.38
  98726.228    81.924    -3.07    6.83
  99093.851    80.177    -4.75    6.51
  99461.540    78.476    -4.63    7.01
  99829.294    76.593    -5.12    7.12
 100197.114    76.802     0.57    7.12
 100565.000    76.555    -0.67    6.93
 100932.952    77.387     2.26    7.42
 101300.970    79.674     6.22    8.61
 101669.054    82.099     6.59    8.78
 102037.203    85.485     9.20    7.10
 102405.419    87.046     4.24    6.29
 102773.701    89.593     6.92    4.81
 103142.048    90.436     2.29    5.69
 103510.462    88.511    -5.23    8.40
 103878.942    84.954    -9.65    9.74
 104247.488    77.943   -19.03   10.45
 104616.100    73.039   -13.30    8.78
 104984.778    69.745    -8.93    6.29
 105353.523    67.095    -7.19    6.12
 105722.334    66.893    -0.55    6.40
 106091.212    67.810     2.49    7.54
 106460.155    69.527     4.65    8.56
 106829.165    73.877    11.79    8.62
 107198.242    77.283     9.23    7.64
 107567.385    75.123    -5.85    9.19
 107936.595    73.437    -4.57   10.09
 108305.871    70.189    -8.80   11.29
 108675.214    65.924   -11.55   11.65
 109044.623    61.889   -10.93   11.96
 109414.099    57.437   -12.05   11.32
 109783.642    53.702   -10.11    9.78
 110153.251    54.793     2.95   10.96
 110522.927    58.401     9.76   13.09
 110892.670    65.749    19.88   13.07
 111262.480    71.567    15.73    9.96
 111632.357    76.305    12.81    9.61
 112002.301    80.930    12.50   10.06
 112372.311    84.339     9.21    9.10
 112742.389    85.520     3.19    9.01
 113112.533    86.292     2.09   10.94
 113482.745    82.171   -11.13   13.56
 113853.024    77.424   -12.82   13.55
 114223.370    77.201    -0.60   14.30
 114593.783    78.365     3.14   12.62
 114964.263    76.473    -5.11   12.35
 115334.811    74.460    -5.43   12.26
 115705.426    67.186   -19.63   14.06
 116076.108    57.127   -27.14   15.05
 116446.857    48.224   -24.01   14.33
 116817.674    41.557   -17.98   11.25
 117188.558    36.268   -14.26    7.18
 117559.510    33.506    -7.45    6.29
 117930.529    31.597    -5.14    6.26
 118301.616    31.032    -1.52    7.52
 118672.771    31.943     2.46    9.11
 119043.993    32.483     1.46   10.80
 119415.282    31.994    -1.32   11.59
 119786.640    29.328    -7.18   11.08
 120158.065    27.112    -5.97   11.01
 120529.557    25.848    -3.40   10.89
 120901.118    24.184    -4.48    9.72
 121272.747    27.151     7.98   11.18
 121644.443    30.298     8.47   12.64
 122016.207    31.260     2.59   13.52
 122388.039    29.706    -4.18   14.55
 122759.939    22.282   -19.97   12.56
 123131.908    17.924   -11.71    7.86
 123503.944    21.377     9.28   10.74
 123876.048    26.937    14.94   11.18
 124248.220    33.111    16.59   10.59
 124620.461    36.796     9.90    9.33
 124992.770    40.166     9.05    8.11
 125365.147    44.562    11.81    6.80
 125737.592    45.848     3.45    5.85
 126110.106    45.040    -2.17    6.33
 126482.688    42.984    -5.52    7.26
 126855.338    43.171     0.50    9.01
 127228.057    50.530    19.75   14.91
 127600.845    60.361    26.37   15.91
 127973.700    71.293    29.32   14.10
 128346.625    78.323    18.85   12.27
 128719.618    78.224    -0.26   14.54
 129092.679    77.576    -1.74   15.71
 129465.810    79.008     3.84   14.01
 129839.009    79.943     2.51   11.00
 130212.276    79.436    -1.36   10.29
 130585.613    76.867    -6.88   12.39
 130959.018    69.413   -19.97   12.96
 131332.492    63.146   -16.78   10.53
 131706.035    58.192   -13.26   12.24
 132079.647    54.374   -10.22   12.33
 132453.328    52.948    -3.82    9.84
 132827.078    54.437     3.98    9.10
 133200.897    60.142    15.26    9.74
 133574.785    66.937    18.18    8.20
 133948.742    71.742    12.85    7.18
 134322.768    75.476     9.98    4.42
 134696.863    75.282    -0.52    6.05
 135071.028    73.348    -5.17    8.28
 135445.262    69.495   -10.30    9.50
 135819.565    66.824    -7.14    9.45
 136193.938    67.198     1.00    8.31
 136568.380    66.171    -2.74    7.15
 136942.891    64.766    -3.75    6.90
 137317.472    64.475    -0.78    7.29
 137692.122    68.882    11.76    9.40
 138066.842    74.247    14.32    7.65
 138441.632    72.930    -3.51    8.46
 138816.491    69.276    -9.75    9.16
 139191.420    66.201    -8.20    7.88
 139566.418    66.012    -0.50    7.51
 139941.486    71.036    13.40    9.20
 140316.624    77.846    18.16    8.38
 140691.832    81.459     9.63    6.67
 141067.110    81.671     0.57    6.07
 141442.457    79.127    -6.78    6.04
 141817.874    77.522    -4.28    4.31
 142193.362    77.866     0.92    3.24
 142568.919    79.244     3.67    2.78
 142944.547    78.841    -1.07    3.83
 143320.244    74.559   -11.40    8.08
 143696.012    68.824   -15.26    9.38
 144071.850    62.107   -17.88    7.47
 144447.758    57.198   -13.06    5.45
 144823.736    53.400   -10.10    5.44
 145199.784    50.906    -6.63    6.35
 145575.903    48.041    -7.62    7.31
 145952.092    46.644    -3.71    7.67
 146328.352    45.497    -3.05    9.05
 146704.682    43.883    -4.29    9.49
 147081.082    42.213    -4.44    9.09
 147457.553    41.087    -2.99    8.50
 147834.095    38.555    -6.72    8.99
 148210.707    35.622    -7.79    8.81
 148587.390    35.145    -1.27   10.18
 148964.143    36.486     3.56   10.65
 149340.967    36.686     0.53    9.71
 149717.862    33.758    -7.77    9.77
 150094.828    29.287   -11.86    9.49
 150471.865    23.678   -14.88   10.03
 150848.972    17.591   -16.14    9.31
 151226.150    13.137   -11.81    5.81
 151603.400    11.377    -4.66    4.36
 151980.720    11.049    -0.87    4.40
 152358.111    10.695    -0.94    3.73
 152735.574    10.830     0.36    4.50
 153113.107    13.215     6.32    6.71
 153490.712    15.714     6.62    7.28
 153868.388    16.273     1.48    7.46
 154246.135    16.227    -0.12    7.85
 154623.953    15.710    -1.37    8.70
 155001.843    14.351    -3.60    9.92
 155379.804    11.603    -7.27   11.08
 155757.836     6.872   -12.52   12.00
 156135.940     2.189   -12.39    9.29
 156514.115    -0.997    -8.43    4.47
 156892.362     0.461     3.85    6.16
 157270.680     3.529     8.11    6.55
 157649.070     5.998     6.52    7.03
 158027.532     5.072    -2.45    9.49
 158406.065     0.707   -11.53   12.19
 158784.670    -5.401   -16.13   12.69
 159163.347   -10.877   -14.46    9.32
 159542.095   -14.529    -9.64    1.95
 159920.916   -14.151     1.00    1.11
 160299.808   -13.623     1.39    0.26
 160678.772   -13.576     0.12    0.00
 161057.808   -13.576     0.00    0.00
 161436.916   -13.576     0.00    0.00
 161816.096   -13.576     0.00    0.00
 162195.349   -13.576     0.00    0.00
 162574.673   -13.576     0.00    0.00
 162954.069   -13.576     0.00    0.00
 163333.538   -13.576     0.00    0.00
 163713.079   -13.576     0.00    0.00
 164092.692   -13.599    -0.06    0.15
 164472.378   -13.945    -0.91    0.89
 164852.136   -14.436    -1.29    1.27
 165231.966   -14.976    -1.42    1.43
 165611.869   -15.539    -1.48    1.36
 165991.845   -15.921    -1.00    1.09
 166371.892   -15.954    -0.09    1.07
 166752.013   -15.773     0.47    1.22
 167132.206   -15.563     0.55    1.34
 167512.472   -15.421     0.37    1.38
 167892.810   -15.401     0.05    1.39
 168264.082   -15.494    -0.25    1.31
 168630.580   -15.326     0.46    1.34
 168997.144   -15.277     0.13    1.35
 169363.776   -15.126     0.41    1.39
 169730.474   -14.728     1.08    1.38
 170097.239   -14.238     1.34    1.16
 170464.072   -13.820     1.14    0.70
 170830.971   -13.576     0.67    0.00
 171197.937   -13.576     0.00    0.00
 171564.971   -13.576     0.00    0.00
 171932.071   -13.576     0.00    0.00
 172299.239   -13.576     0.00    0.00
 172666.474   -13.576     0.00    0.00
 173033.776   -13.576     0.00    0.00
 173401.145   -13.576     0.00    0.00
 173768.581   -13.576     0.00    0.00
 174136.085   -13.576     0.00    0.00
 174503.657   -13.576     0.00    0.00
 174871.295   -13.576     0.00    0.00
 175239.001   -13.576     0.00    0.00
 175606.775   -13.576     0.00    0.00
 175974.616   -13.576     0.00    0.00
 176342.524   -13.576     0.00    0.00
 176710.501   -13.576     0.00    0.00
 177078.544   -13.576     0.00    0.00
 177446.656   -13.576     0.00    0.00
 177814.835   -13.576     0.00    0.00
 178183.082   -13.576     0.00    0.00
 178551.397   -13.576     0.00    0.00
 178919.779   -13.576     0.00    0.00
 179288.229   -13.576     0.00    0.00
 179656.748   -13.576     0.00    0.00
 180025.334   -13.576     0.00    0.00
 180393.988   -13.576     0.00    0.00
 180762.710   -13.576     0.00    0.00
 181131.500   -13.576     0.00    0.00
 181500.358   -13.576     0.00    0.00
 181869.285   -13.576     0.00    0.00
 182238.279   -13.576     0.00    0.00
 182607.342   -13.576     0.00    0.00
 182976.472   -13.576     0.00    0.00
 183345.672   -13.576     0.00    0.00
 183714.939   -13.576     0.00    0.00
 184084.275   -13.576     0.00    0.00
 184453.679   -13.576     0.00    0.00
 184823.151   -13.576     0.00    0.00
 185192.692   -13.576     0.00    0.00
 185562.302   -13.576     0.00    0.00
 185931.980   -13.576     0.00    0.00
 186301.726   -13.576     0.00    0.00
 186671.541   -13.689    -0.31    0.47
 187041.425   -13.980    -0.79    0.92
 187411.378   -14.190    -0.57    1.09
 187781.399   -14.392    -0.55    1.24
 188151.489   -14.419    -0.07    1.24
 188521.648   -14.413     0.02    1.22
 188891.875   -14.343     0.19    1.19
 189262.172   -14.346    -0.01    1.21
 189632.537   -14.274     0.19    1.19
 190002.971   -14.285    -0.03    1.20
 190373.474   -14.443    -0.43    1.30
 190744.047   -14.690    -0.67    1.39
 191114.688   -14.971    -0.76    1.44
 191485.398   -15.150    -0.48    1.43
 191856.178   -15.313    -0.44    1.40
 192227.027   -15.541    -0.62    1.33
 192597.945   -15.763    -0.60    1.23
 192968.932   -16.110    -0.94    0.94
 193339.989   -16.076     0.09    0.98
 193711.114   -15.740     0.90    1.27
 194082.310   -15.218     1.41    1.43
 194453.574   -14.703     1.38    1.37
 194824.908   -14.242     1.24    1.15
 195196.312   -13.782     1.24    0.65
 195567.785   -13.600     0.49    0.15
 195939.328   -13.576     0.06    0.00
 196310.940   -13.576     0.00    0.00
 196682.622   -13.576     0.00    0.00
 197054.373   -13.576     0.00    0.00
 197426.195   -13.576     0.00    0.00
 197798.086   -13.576     0.00    0.00
 198170.047   -13.576     0.00    0.00
 198542.077   -13.576     0.00    0.00
 198914.178   -13.576     0.00    0.00
 199286.348   -13.576     0.00    0.00
 199658.589   -13.702    -0.34    0.43
 200030.899   -14.094    -1.05    0.99
 200403.280   -14.541    -1.20    1.15
 200775.730   -14.831    -0.78    1.09
 201148.251   -14.985    -0.41    0.92
 201520.842   -14.890     0.26    0.71
 201893.503   -14.576     0.84    0.00
 202266.234   -14.576     0.00    0.00
 202639.036   -14.576     0.00    0.00
 203011.908   -14.576     0.00    0.00
 203384.850   -14.576     0.00    0.00
 203757.862   -14.576     0.00    0.00
 204130.945   -14.576     0.00    0.00
 204504.099   -14.576     0.00    0.00
 204877.323   -14.576     0.00    0.00
 205250.617   -14.576     0.00    0.00
 205623.982   -14.576     0.00    0.00
 205997.418   -14.576     0.00    0.00
 206370.925   -14.576     0.00    0.00
 206744.502   -14.576     0.00    0.00
 207118.150   -14.576     0.00    0.00
 207491.868   -14.576     0.00    0.00
 207865.658   -14.576     0.00    0.00
 208239.518   -14.576     0.00    0.00
 208613.449   -14.576     0.00    0.00
 208987.452   -14.576     0.00    0.00
 209361.525   -14.576     0.00    0.00
 209735.669   -14.576     0.00    0.00
 210109.884   -14.576     0.00    0.00
 210484.171   -14.576     0.00    0.00
 210858.528   -14.576     0.00    0.00
 211232.957   -14.576     0.00    0.00
 211607.457   -14.576     0.00    0.00
 211982.029   -14.576     0.00    0.00
 212356.671   -14.504     0.19    0.34
 212731.385   -14.342     0.43    0.56
 213106.170   -14.201     0.38    0.65
