# NaN NaN NaN ;Mean Elev.(m), Avg Gradient(m/km), RMS Gradient(m/km) - SRTM1     
#  -10.604  -1.791  15.021 ;Mean Elev.(m), Avg Gradient(m/km), RMS Gradient(m/km) - ASTER GDEM
#    0.064  -1.231  17.232 ;Mean Elev.(m), Avg Gradient(m/km), RMS Gradient(m/km) - GMTED2010 
 12  68.533075  66.647422    76.475    76.475  2 52632.67003777  1.919
 16  68.553125  66.654154   110.287   110.398  5 52772.67003440  4.023
 17  68.540352  66.636459   109.612   109.612  2 52807.67009140  0.470
 18  68.537537  66.643081    87.564    87.564  2 52842.67015092  0.881
 19  68.541466  66.643301     3.422     4.712  5 52877.67018926 30.507
 21  68.533276  66.644882    79.586    66.420  3 52947.67010540  8.371
 27  68.539568  66.640500   110.205   109.519  5 53157.67017829  2.761
 28  68.549630  66.646818    82.694    78.822  3 53192.67017234  1.390
 31  68.530987  66.643909    76.215    66.810  4 53297.67018212 13.051
 33  68.550547  66.656647    95.548    95.548  2 53367.67009974  0.030
 37  68.544359  66.644936   108.886   108.994  5 53507.67019786  9.787
 42  68.548693  66.641274   110.001   110.001  2 53682.67016404  0.081
 48  68.546740  66.644841   109.829   109.871  4 53892.67010286  1.338
 49  68.542395  66.637810    70.131    70.131  2 53927.67016105  2.896
 50  68.547528  66.644925    88.687    90.560  4 53962.67014534  1.721
 51  68.532270  66.639470   100.536   103.563  7 53997.67009102  1.530
 52  68.543576  66.643187    92.221    93.630  4 54032.67014143  5.042
 58  68.546002  66.645188   103.583   102.775  4 54242.67010218  5.304
 60  68.547085  66.646489     6.653     7.058  5 54312.67011643 20.410
 61  68.553984  66.649778   109.975   109.975  2 54347.67008880  3.695
 63  68.547759  66.650650   106.826   107.266  3 54417.67003833  1.301
 69  68.546434  66.646654   109.236   109.302  5 54627.67004802  7.286
 72  68.535287  66.646907    73.558    73.558  2 54732.67001277  2.616
 73  68.546257  66.647384    68.385    68.436  4 54767.67000955 13.424
 75  68.541012  66.651100    89.841    89.841  2 54837.67000340  1.606
 81  68.544314  66.646348     5.541     5.557  5 55047.67002537 23.487
 85  68.533459  66.647855    77.799    78.382  3 55187.66994524  1.681
 89  68.544158  66.644499   108.910   108.820  5 55327.66992416  3.044
 91  68.539728  66.643248     5.739     6.033  6 55397.66992784 31.884
