# NaN NaN NaN ;Mean Elev.(m), Avg Gradient(m/km), RMS Gradient(m/km) - SRTM1     
#   -8.786  -1.935  12.248 ;Mean Elev.(m), Avg Gradient(m/km), RMS Gradient(m/km) - ASTER GDEM
#    0.077  -4.037  12.831 ;Mean Elev.(m), Avg Gradient(m/km), RMS Gradient(m/km) - GMTED2010 
  6  67.956273  66.516425     4.909     4.928  3 52441.67206553 28.744
  7  67.960761  66.516551     5.072     4.402  3 52476.67206166 31.136
  8  67.984290  66.515320     4.405     4.518  3 52511.67200947 21.656
  9  67.954766  66.516499     4.120     4.112  3 52546.67203799 21.962
 11  67.976863  66.514878     2.673     2.865  3 52616.67202458 15.993
 12  67.969113  66.515065     2.229     2.229  2 52651.67200093 12.956
 13  67.981759  66.514752     2.289     2.289  2 52686.67199361 10.295
 14  67.964497  66.516663     3.909     3.909  2 52721.67204311  9.249
 18  67.962620  66.516077     3.662     3.662  2 52861.67213066 25.222
 19  67.970083  66.515102     3.752     3.752  2 52896.67216035 22.026
 20  67.980729  66.514771     3.157     3.157  2 52931.67210734 20.075
 21  67.956006  66.517329     2.091     2.227  3 52966.67210820 20.061
 22  67.961708  66.516828     1.778     1.778  2 53001.67213639 14.991
 26  67.959350  66.516803    42.208    42.342  3 53141.67211663  6.147
 27  67.965737  66.516860     5.122     5.122  2 53176.67214390 29.251
 28  67.966991  66.515975     3.763     3.707  3 53211.67216313 27.661
 29  67.976481  66.515774     3.378     3.460  3 53246.67213121 22.645
 30  67.948813  66.518161     3.362     3.417  3 53281.67211925 23.066
 31  67.965296  66.515586     2.194     2.194  2 53316.67212679 36.444
 32  67.981217  66.513977     1.895     1.895  3 53351.67209167 19.139
 33  67.950586  66.518660     2.231     2.060  3 53386.67208116 14.452
 34  67.977262  66.514963     1.495     1.495  2 53421.67208234 11.546
 37  67.973177  66.514681     4.797     4.797  2 53526.67215475 17.553
 38  67.965528  66.516603     3.919     3.919  2 53561.67218388 26.164
 39  67.984582  66.514062     2.944     2.949  3 53596.67212200 17.150
 40  67.941067  66.520453     3.821     3.835  3 53631.67211901 21.696
 41  67.960843  66.516656     3.384     3.477  3 53666.67214045 21.778
 42  67.978426  66.514815    43.134    43.134  2 53701.67208859  2.303
 43  67.995366  66.513475     1.653     1.596  3 53736.67199798 13.830
 47  67.964935  66.515987     3.106     3.106  2 53876.67206413 35.419
 50  67.978046  66.514903     3.124     3.124  2 53981.67207464 18.859
 51  67.954707  66.516884     3.184     3.224  3 54016.67209956 30.126
 52  67.974195  66.515981    43.336    43.346  3 54051.67209673  1.797
 53  67.975981  66.515183    44.602    44.403  3 54086.67208854  0.403
 54  67.992661  66.515007    45.732    45.825  3 54121.67201310  2.880
 55  67.966574  66.516581    43.376    43.376  2 54156.67204938  0.776
 57  67.964601  66.515579     4.232     4.232  2 54226.67206086 18.051
 59  67.971116  66.515233     4.896     4.583  3 54296.67208458 42.297
 60  67.978056  66.514659     4.221     4.221  2 54331.67207546 21.285
 62  67.971875  66.515176     3.580     3.624  3 54401.67201809 21.136
 63  67.979120  66.515959     1.304     1.383  3 54436.67197523 21.462
 65  67.983748  66.514606     2.035     2.035  2 54506.67198710  9.852
 68  67.970818  66.515362     4.369     4.113  3 54611.67200903 32.141
 69  67.969131  66.515191     4.391     4.421  3 54646.67201616 23.616
 70  67.973169  66.514766     3.484     3.396  3 54681.67201697 22.981
 72  67.960425  66.518151     2.527     2.527  2 54751.67198948 33.908
 74  67.961976  66.516796     3.113     3.198  3 54821.67198306 11.856
 75  67.979938  66.514704     2.328     2.328  2 54856.67195150 10.460
 76  67.970779  66.515627     1.835     1.835  2 54891.67198578  8.312
 78  67.963438  66.516390    42.922    42.922  2 54961.67198514  3.715
 79  67.966951  66.516233    42.037    42.037  2 54996.67200610  5.275
 80  67.970869  66.514862     3.832     3.891  3 55031.67199535 27.323
 81  67.977366  66.514716     3.127     3.127  2 55066.67198464 19.452
 82  67.986037  66.514500     2.290     2.569  3 55101.67192503 41.051
 83  67.965927  66.515235     1.842     1.842  2 55136.67193086 44.258
 84  67.980577  66.515794     2.058     2.249  3 55171.67189283 19.620
 85  67.963852  66.515768     1.624     1.624  2 55206.67192492 11.661
 88  67.983553  66.514592     1.930     1.967  3 55311.67188280 43.811
 89  67.972613  66.515590     4.905     5.122  3 55346.67188821 21.528
 90  67.975753  66.515266     3.814     3.841  3 55381.67187993 24.063
 91  67.962716  66.516015     3.615     3.615  2 55416.67190785 22.575
 92  67.980904  66.513897     3.026     3.130  3 55451.67189014 18.713
 93  67.989222  66.514742     2.769     2.693  3 55486.67181314 33.928
