# NaN NaN NaN ;Mean Elev.(m), Avg Gradient(m/km), RMS Gradient(m/km) - SRTM1     
#   21.104   2.224   9.325 ;Mean Elev.(m), Avg Gradient(m/km), RMS Gradient(m/km) - ASTER GDEM
#   25.184   1.845   9.961 ;Mean Elev.(m), Avg Gradient(m/km), RMS Gradient(m/km) - GMTED2010 
 10  73.421643  61.202088    31.883    31.883  2 52562.66894965 24.756
 12  73.416264  61.202672    30.652    30.652  2 52632.66891281 16.827
 13  73.423229  61.202313    32.367    32.367  2 52667.66893027  9.975
 14  73.422745  61.202012    32.880    32.880  2 52702.66890445 10.213
 17  73.411317  61.203996    33.180    33.180  2 52807.66896902 31.134
 18  73.414934  61.204409    32.146    32.146  2 52842.66902725 24.682
 19  73.418889  61.202909    27.526    27.526  2 52877.66906527 37.799
 20  73.438479  61.204681    31.240    31.240  2 52912.66902331 38.943
 24  73.419120  61.202763    31.805    31.805  2 53052.66899087 11.247
 25  73.424508  61.202451    32.808    32.808  2 53087.66902750 10.018
 27  73.413786  61.203088    32.530    32.530  2 53157.66905494 31.747
 28  73.429341  61.203092    32.966    32.966  2 53192.66904771 30.836
 30  73.431812  61.203761    31.598    31.598  2 53262.66901955 23.762
 31  73.409063  61.203613    30.981    30.981  2 53297.66905813 22.841
 33  73.436468  61.204982    31.653    31.653  2 53367.66897349 15.870
 34  73.420539  61.202342    31.527    31.527  2 53402.66900234 14.536
 35  73.432810  61.204430    31.811    31.811  2 53437.66899123 10.796
 37  73.421286  61.204292    32.346    32.346  2 53507.66907386 46.780
 38  73.422186  61.202762    32.198    32.198  2 53542.66908214 36.055
 39  73.429228  61.202830    31.754    31.754  2 53577.66906726 17.825
 42  73.422371  61.202178    27.120    27.120  2 53682.66904037 46.002
 43  73.434647  61.205236    29.043    29.043  2 53717.66896788 28.797
 44  73.421615  61.202121    30.354    30.354  2 53752.66888782 11.776
 45  73.431020  61.203709    31.156    31.156  2 53787.66891795 10.254
 46  73.410980  61.204129    33.220    33.220  2 53822.66887319 11.702
 47  73.414656  61.204482    28.821    28.821  2 53857.66896512 24.969
 48  73.425621  61.202860    32.381    32.381  2 53892.66897854 28.453
 50  73.424024  61.202475    28.497    28.497  2 53962.66902102 30.876
 51  73.409844  61.202629    31.293    31.293  2 53997.66896766 27.109
 52  73.421492  61.202793    27.426    27.426  2 54032.66901743 47.571
 54  73.433646  61.203743    30.808    30.808  2 54102.66897062 13.888
 55  73.418427  61.202262    32.719    32.719  2 54137.66894001 11.746
 56  73.430233  61.203389    33.096    33.096  2 54172.66894809 10.181
 57  73.415140  61.204098    32.675    32.675  2 54207.66894598 26.257
 58  73.424344  61.202982    33.365    33.365  2 54242.66897787 46.258
 59  73.423718  61.203246    34.188    34.188  2 54277.66899153 33.575
 60  73.426626  61.202827    33.742    33.742  2 54312.66899179 35.287
 61  73.433448  61.204238    32.625    32.625  2 54347.66896384 27.713
 62  73.420293  61.202229    28.414    28.414  2 54382.66892917 35.593
 63  73.429565  61.203761    28.284    28.284  2 54417.66891304 45.002
 65  73.427583  61.203109    31.370    31.370  2 54487.66891065 13.667
 66  73.422249  61.202020    32.939    32.939  2 54522.66891192  9.205
 67  73.430636  61.203495    31.676    31.676  2 54557.66892073 11.455
 68  73.422550  61.202730    30.179    30.179  2 54592.66890832 41.146
 69  73.425811  61.202917    33.242    33.242  2 54627.66892338 30.145
 70  73.421684  61.202162    31.639    31.639  2 54662.66893087 43.303
 71  73.432111  61.204513    28.070    28.070  2 54697.66890573 49.803
 72  73.418282  61.201913    27.577    27.577  2 54732.66888781 29.613
 74  73.415707  61.203531    29.697    29.697  2 54802.66888197 23.012
 75  73.425594  61.202793    29.100    29.100  2 54837.66887780 16.654
 76  73.419251  61.201850    30.517    30.517  2 54872.66888052 12.770
 79  73.423371  61.202883    32.260    32.260  2 54977.66890119 36.757
 80  73.425932  61.202629    32.031    32.031  2 55012.66890812 26.253
 81  73.424290  61.202701    31.479    31.479  2 55047.66890073 23.476
 82  73.433786  61.204555    29.587    29.587  2 55082.66887180 33.900
 83  73.420399  61.201668    29.184    29.184  2 55117.66883231 27.656
 84  73.426807  61.202511    28.402    28.402  2 55152.66882968 29.927
 85  73.415547  61.204539    28.983    28.983  2 55187.66882061 17.363
 86  73.426945  61.202697    30.453    30.453  2 55222.66882854 10.331
 88  73.432008  61.204032    33.536    33.536  2 55292.66881660  8.920
 89  73.421174  61.203801    31.664    31.664  2 55327.66880017 50.703
 90  73.428600  61.203385    33.167    33.167  2 55362.66879544 42.649
 91  73.416608  61.204532    33.192    33.192  2 55397.66880417 39.072
 93  73.436270  61.205117    28.403    28.403  2 55467.66876938 36.624
