-297759.942    73.939     0.00    0.74
-297383.920    73.914    -0.07    1.04
-297007.844    73.812    -0.27    1.08
-296631.716    73.614    -0.53    1.20
-296255.535    73.030    -1.55    1.19
-295879.302    72.809    -0.59    1.10
-295503.015    72.504    -0.81    0.99
-295126.675    72.443    -0.16    0.94
-294750.283    72.399    -0.12    1.01
-294373.838    72.160    -0.63    1.03
-293997.339    71.899    -0.69    0.94
-293620.788    71.811    -0.24    0.79
-293244.183    71.943     0.35    0.89
-292867.526    72.063     0.32    1.13
-292490.816    72.178     0.31    1.30
-292114.052    71.977    -0.53    1.41
-291737.235    71.443    -1.42    1.56
-291360.366    71.353    -0.24    1.48
-290983.443    72.174     2.18    2.03
-290606.467    73.182     2.67    2.36
-290229.437    74.340     3.07    2.07
-289852.355    75.667     3.52    2.13
-289475.219    76.272     1.60    2.01
-289098.030    76.406     0.36    1.93
-288720.788    76.914     1.34    1.72
-288343.492    76.855    -0.16    1.83
-287966.143    77.314     1.22    1.96
-287588.741    77.664     0.93    2.00
-287211.285    78.287     1.65    1.79
-286833.776    78.203    -0.22    1.84
-286456.213    77.664    -1.43    1.95
-286078.597    76.943    -1.91    2.08
-285700.927    76.796    -0.39    1.72
-285323.204    77.083     0.76    1.67
-284945.428    77.369     0.76    1.79
-284567.598    77.501     0.35    1.90
-284189.714    77.682     0.48    2.20
-283811.777    77.664    -0.05    2.58
-283433.786    77.696     0.09    2.78
-283055.741    77.257    -1.16    2.94
-282677.643    76.796    -1.22    2.72
-282299.491    76.281    -1.36    2.57
-281921.285    76.137    -0.38    2.71
-281543.026    75.825    -0.82    2.47
-281164.712    75.390    -1.15    2.19
-280786.345    75.156    -0.62    2.00
-280407.925    74.825    -0.87    1.53
-280029.450    74.508    -0.84    1.33
-279650.921    74.197    -0.82    1.22
-279272.339    73.811    -1.02    1.11
-278893.703    73.546    -0.70    0.88
-278515.012    73.414    -0.35    0.86
-278136.268    73.237    -0.47    0.80
-277757.470    73.199    -0.10    0.79
-277378.618    73.342     0.38    0.83
-277000.297    73.296    -0.12    0.79
-276631.847    73.145    -0.41    0.77
-276263.346    73.075    -0.19    0.68
-275894.794    73.114     0.10    0.67
-275526.191    73.093    -0.06    0.69
-275157.537    73.031    -0.17    0.80
-274788.833    72.957    -0.20    0.79
-274420.077    72.855    -0.28    0.88
-274051.271    72.682    -0.47    0.91
-273682.414    72.725     0.12    0.83
-273313.505    72.595    -0.35    0.83
-272944.546    72.481    -0.31    0.94
-272575.535    72.479    -0.01    0.96
-272206.474    72.377    -0.27    0.95
-271837.361    72.193    -0.50    0.90
-271468.198    72.247     0.15    0.95
-271098.983    72.087    -0.43    0.87
-270729.717    72.033    -0.15    0.90
-270360.400    71.986    -0.13    1.00
-269991.031    72.116     0.35    1.32
-269621.612    72.356     0.65    1.41
-269252.141    72.452     0.26    1.44
-268882.619    72.566     0.31    1.28
-268513.046    72.794     0.62    1.41
-268143.421    73.443     1.75    1.75
-267773.745    74.007     1.53    2.13
-267404.018    74.261     0.69    2.22
-267034.239    74.171    -0.24    2.09
-266664.409    74.170    -0.00    1.81
-266294.527    73.626    -1.47    1.94
-265924.594    73.464    -0.44    1.97
-265554.610    73.039    -1.15    1.81
-265184.574    72.664    -1.01    1.56
-264814.487    73.050     1.04    1.81
-264444.348    73.406     0.96    1.91
-264074.157    73.777     1.00    1.98
-263703.915    73.571    -0.56    1.96
-263333.622    73.237    -0.90    1.71
-262963.276    72.841    -1.07    1.36
-262592.879    72.570    -0.73    0.98
-262222.431    72.899     0.89    0.99
-261851.930    73.058     0.43    1.12
-261481.378    73.340     0.76    1.15
-261110.775    73.638     0.80    1.08
-260740.119    73.580    -0.16    1.07
-260369.412    73.899     0.86    1.07
-259998.653    73.958     0.16    1.10
-259627.842    73.798    -0.43    1.06
-259256.979    73.972     0.47    1.17
-258886.065    74.071     0.27    1.09
-258515.098    74.217     0.39    1.02
-258144.080    74.325     0.29    0.95
-257773.010    74.507     0.49    0.89
-257401.887    74.516     0.02    0.95
-257030.713    74.492    -0.07    0.89
-256659.487    74.551     0.16    1.03
-256288.208    74.504    -0.13    1.07
-255916.878    74.542     0.10    1.07
-255545.496    74.570     0.08    1.23
-255174.061    74.956     1.04    1.03
-254802.575    75.292     0.90    1.03
-254431.036    75.595     0.81    0.99
-254059.445    75.811     0.58    0.79
-253687.802    75.595    -0.58    1.04
-253316.106    75.363    -0.62    1.04
-252944.359    75.174    -0.51    0.96
-252572.559    75.102    -0.19    1.07
-252200.707    75.178     0.21    1.43
-251828.802    75.928     2.02    2.25
-251456.846    76.660     1.97    2.52
-251084.836    76.928     0.72    2.53
-250712.775    76.340    -1.58    2.97
-250340.661    75.237    -2.96    2.89
-249968.495    73.806    -3.84    2.06
-249596.276    72.842    -2.59    1.13
-249224.005    72.504    -0.91    0.84
-248851.681    72.354    -0.41    0.83
-248479.305    72.156    -0.53    0.90
-248106.876    72.068    -0.23    1.02
-247734.395    71.792    -0.74    1.05
-247361.861    71.363    -1.15    0.95
-246989.275    71.105    -0.69    0.92
-246616.635    71.016    -0.24    0.87
-246243.944    70.740    -0.74    0.79
-245871.199    70.634    -0.28    0.75
-245498.402    70.754     0.32    1.17
-245125.552    71.033     0.75    1.64
-244752.650    71.730     1.87    2.04
-244379.694    71.987     0.69    2.15
-244006.686    71.649    -0.91    2.33
-243633.625    70.720    -2.49    2.16
-243260.511    70.664    -0.15    2.17
-242887.345    71.621     2.57    2.88
-242514.125    71.957     0.90    3.07
-242140.853    71.565    -1.05    3.17
-241767.527    70.156    -3.77    2.73
-241394.149    68.943    -3.25    1.64
-241020.718    68.799    -0.39    1.02
-240647.233    69.031     0.62    0.87
-240273.696    69.334     0.81    0.90
-239900.106    69.638     0.81    0.92
-239526.462    69.943     0.82    0.93
-239152.766    70.290     0.93    0.82
-238779.016    70.451     0.43    0.77
-238405.213    70.271    -0.48    0.90
-238031.357    69.957    -0.84    0.96
-237657.448    69.730    -0.61    0.98
-237283.486    69.580    -0.40    0.85
-236909.470    69.638     0.15    0.84
-236535.401    69.570    -0.18    0.84
-236161.279    69.296    -0.73    0.88
-235787.103    69.167    -0.34    0.89
-235412.875    69.087    -0.21    0.97
-235038.592    69.317     0.61    1.16
-234664.257    69.414     0.26    1.06
-234289.868    69.508     0.25    0.96
-233915.425    69.516     0.02    0.95
-233540.930    69.464    -0.14    0.87
-233166.380    69.531     0.18    0.91
-232791.777    69.385    -0.39    0.93
-232417.121    69.217    -0.45    0.94
-232042.411    68.987    -0.61    0.83
-231667.648    68.960    -0.07    0.79
-231292.831    69.105     0.38    0.82
-230917.960    69.160     0.15    0.81
-230543.036    69.099    -0.16    0.89
-230168.058    69.073    -0.07    0.88
-229793.026    69.087     0.04    0.92
-229417.941    69.134     0.12    0.91
-229042.802    69.305     0.45    0.81
-228667.609    69.371     0.18    0.86
-228292.362    69.479     0.29    0.83
-227917.062    69.537     0.15    0.79
-227541.707    69.496    -0.11    0.84
-227166.299    69.522     0.07    0.81
-226790.837    69.565     0.11    0.89
-226415.321    69.604     0.10    0.89
-226039.751    69.585    -0.05    0.84
-225664.127    69.547    -0.10    0.74
-225288.450    69.516    -0.08    0.78
-224912.718    69.542     0.07    0.80
-224536.932    69.508    -0.09    0.93
-224161.092    69.435    -0.19    0.98
-223785.198    69.222    -0.57    0.97
-223409.250    69.208    -0.04    0.98
-223033.248    69.399     0.51    0.97
-222657.191    69.406     0.02    0.88
-222281.081    69.483     0.20    0.87
-221904.916    69.474    -0.02    0.86
-221528.697    69.455    -0.05    0.99
-221152.424    69.502     0.12    0.97
-220776.096    69.542     0.11    0.89
-220399.715    69.537    -0.01    0.91
-220023.279    69.464    -0.19    0.96
-219646.788    69.384    -0.21    0.95
-219270.243    69.340    -0.12    1.01
-218893.644    69.442     0.27    0.86
-218516.991    69.511     0.18    0.82
-218140.282    69.511     0.00    0.82
-217763.520    69.520     0.02    0.78
-217386.703    69.636     0.31    0.74
-217009.831    69.734     0.26    0.85
-216632.905    69.871     0.36    0.86
-216255.925    69.957     0.23    0.81
-215878.889    70.029     0.19    0.83
-215501.800    70.134     0.28    0.75
-215124.655    70.002    -0.35    0.81
-214747.456    70.056     0.14    0.89
-214370.202    70.078     0.06    0.88
-213992.894    70.108     0.08    0.85
-213615.530    70.171     0.17    0.93
-213238.112    70.191     0.05    0.83
-212860.639    69.972    -0.58    0.81
-212483.112    69.771    -0.53    0.80
-212105.529    69.585    -0.49    0.77
-211727.892    69.392    -0.51    0.85
-211350.200    69.102    -0.77    0.93
-210972.453    68.972    -0.34    0.91
-210594.650    68.943    -0.08    0.92
-210216.793    68.777    -0.44    0.99
-209838.881    68.730    -0.12    1.06
-209460.914    68.779     0.13    1.13
-209082.892    69.012     0.62    1.10
-208704.815    69.296     0.75    0.91
-208326.683    69.485     0.50    0.86
-207948.496    69.702     0.57    1.00
-207570.253    70.002     0.79    0.93
-207191.955    70.377     0.99    0.96
-206813.603    70.760     1.01    0.87
-206435.195    71.164     1.07    0.95
-206056.731    71.529     0.97    0.74
-205678.213    71.599     0.19    0.71
-205299.639    71.590    -0.02    0.66
-204921.010    71.585    -0.01    0.72
-204542.325    71.493    -0.24    0.81
-204163.585    71.392    -0.27    0.87
-203784.790    71.142    -0.66    0.94
-203405.940    70.777    -0.96    0.89
-203027.034    70.590    -0.49    0.87
-202648.072    70.398    -0.51    0.94
-202269.055    70.296    -0.27    0.95
-201899.051    70.065    -0.62    0.96
-201530.708    69.942    -0.33    0.92
-201162.312    69.711    -0.63    1.07
-200793.864    69.449    -0.71    1.12
-200425.364    69.001    -1.22    1.21
-200056.812    68.477    -1.42    1.02
-199688.207    68.001    -1.29    1.03
-199319.551    67.599    -1.09    1.14
-198950.842    66.928    -1.82    1.31
-198582.081    66.428    -1.36    1.35
-198213.267    66.756     0.89    1.95
-197844.401    67.781     2.78    2.96
-197475.483    68.247     1.26    3.33
-197106.513    68.556     0.84    3.72
-196737.490    69.156     1.63    4.10
-196368.415    69.442     0.77    4.02
-195999.287    70.450     2.73    3.83
-195630.106    71.290     2.28    3.49
-195260.874    71.899     1.65    3.37
-194891.588    72.456     1.51    2.94
-194522.251    72.843     1.05    2.79
-194152.860    73.305     1.25    2.30
-193783.417    73.443     0.37    2.11
-193413.922    73.214    -0.62    2.10
-193044.374    72.885    -0.89    2.09
-192674.773    72.340    -1.47    2.17
-192305.119    71.785    -1.50    2.12
-191935.413    71.551    -0.63    2.07
-191565.654    70.632    -2.49    2.44
-191195.843    70.197    -1.18    2.36
-190825.978    69.801    -1.07    2.08
-190456.061    69.182    -1.67    1.81
-190086.091    69.463     0.76    1.55
-189716.068    69.560     0.26    1.30
-189345.992    69.355    -0.55    1.34
-188975.864    68.835    -1.40    1.47
-188605.682    68.649    -0.50    1.67
-188235.448    68.338    -0.84    1.61
-187865.160    67.999    -0.91    1.59
-187494.820    68.050     0.14    1.71
-187124.427    68.400     0.94    2.21
-186753.980    69.331     2.51    2.59
-186383.481    70.650     3.56    2.02
-186012.928    70.928     0.75    1.76
-185642.322    70.528    -1.08    1.97
-185271.664    69.972    -1.50    1.77
-184900.952    69.998     0.07    1.74
-184530.187    69.599    -1.08    2.04
-184159.368    68.737    -2.32    2.81
-183788.497    67.493    -3.35    2.76
-183417.572    66.414    -2.91    3.10
-183046.594    66.114    -0.81    2.99
-182675.563    65.414    -1.89    3.32
-182304.478    62.646    -7.46    4.90
-181933.340    60.276    -6.38    5.10
-181562.149    58.942    -3.59    5.12
-181190.904    59.087     0.39    5.36
-180819.606    58.971    -0.31    5.58
-180448.254    57.928    -2.81    5.80
-180076.849    56.256    -4.50    4.90
-179705.391    55.406    -2.29    4.55
-179333.879    55.061    -0.93    4.39
-178962.313    55.083     0.06    4.31
-178590.694    54.174    -2.44    4.17
-178219.022    53.137    -2.79    3.92
-177847.295    53.463     0.88    4.81
-177475.516    53.257    -0.55    5.32
-177103.682    53.379     0.33    6.01
-176731.795    52.682    -1.88    5.89
-176359.854    52.167    -1.38    5.66
-175987.859    51.609    -1.50    5.69
-175615.811    50.828    -2.10    6.08
-175243.709    50.028    -2.15    5.92
-174871.553    49.261    -2.06    5.08
-174499.343    49.128    -0.36    4.29
-174127.080    49.131     0.01    4.04
-173754.762    49.702     1.53    3.74
-173382.391    50.356     1.76    4.14
-173009.966    49.914    -1.19    4.85
-172637.486    49.514    -1.07    4.99
-172264.953    48.489    -2.75    5.21
-171892.366    48.093    -1.06    5.50
-171519.725    48.468     1.01    6.39
-171147.030    47.732    -1.97    6.30
-170774.280    46.812    -2.47    5.60
-170401.477    46.355    -1.23    5.80
-170028.620    46.522     0.45    6.64
-169655.708    46.208    -0.84    6.68
-169282.742    45.740    -1.25    7.11
-168909.722    45.208    -1.43    7.71
-168536.648    45.399     0.51    8.70
-168163.520    44.392    -2.70    8.89
-167790.337    43.970    -1.13    8.46
-167417.100    45.479     4.04    7.07
-167043.809    46.145     1.79    7.17
-166670.463    49.242     8.29    7.22
-166297.064    50.595     3.62    8.07
-165923.609    49.012    -4.24    9.86
-165550.101    46.178    -7.59   10.06
-165176.537    41.942   -11.34    8.49
-164802.920    38.175   -10.08    5.08
-164429.248    36.193    -5.30    3.88
-164055.521    34.445    -4.68    3.69
-163681.740    33.203    -3.32    3.50
-163307.905    30.988    -5.92    3.18
-162934.014    30.054    -2.50    3.13
-162560.069    29.102    -2.55    2.52
-162186.070    28.646    -1.22    2.41
-161812.016    28.464    -0.49    2.77
-161437.907    28.477     0.03    3.17
-161063.744    28.071    -1.09    3.36
-160689.525    28.271     0.53    3.33
-160315.253    29.392     3.00    4.13
-159940.925    31.653     6.04    4.75
-159566.542    33.871     5.93    4.10
-159192.105    35.809     5.17    2.69
-158817.613    36.208     1.06    2.98
-158443.066    35.664    -1.45    3.08
-158068.464    35.363    -0.80    2.96
-157693.807    34.972    -1.04    2.04
-157319.095    35.787     2.17    2.93
-156944.328    37.827     5.44    3.69
-156569.506    39.688     4.97    3.56
-156194.629    41.638     5.20    2.51
-155819.697    41.914     0.73    2.12
-155444.710    40.167    -4.66    3.10
-155069.668    38.986    -3.15    2.77
-154694.571    38.040    -2.52    1.80
-154319.419    37.664    -1.00    0.94
-153944.211    37.714     0.13    0.96
-153568.948    37.652    -0.16    0.92
-153193.630    37.414    -0.64    0.89
-152818.257    37.129    -0.76    0.87
-152442.829    36.798    -0.88    0.93
-152067.345    36.276    -1.39    0.89
-151691.806    36.142    -0.36    0.90
-151316.211    36.812     1.78    2.17
-150940.561    37.984     3.12    2.82
-150564.856    39.356     3.65    2.57
-150189.095    40.605     3.32    1.80
-149813.279    41.209     1.61    1.82
-149437.408    40.971    -0.63    1.78
-149061.481    40.511    -1.22    1.89
-148685.498    39.502    -2.68    1.50
-148309.460    38.232    -3.38    1.79
-147933.366    37.052    -3.14    1.60
-147557.216    36.281    -2.05    1.31
-147181.011    36.208    -0.20    1.67
-146804.751    36.364     0.42    2.07
-146428.434    37.128     2.03    2.71
-146052.062    38.083     2.54    2.98
-145675.634    39.233     3.06    2.98
-145299.151    39.841     1.61    3.50
-144922.611    40.261     1.11    3.78
-144546.016    40.914     1.73    3.71
-144169.365    40.643    -0.72    3.70
-143792.658    40.459    -0.49    3.96
-143415.895    40.184    -0.73    3.80
-143039.077    39.667    -1.37    3.82
-142662.202    39.785     0.31    4.37
-142285.271    39.885     0.27    4.62
-141908.285    40.142     0.68    4.96
-141531.242    39.314    -2.20    5.04
-141154.143    39.842     1.40    5.50
-140776.989    44.455    12.23   10.27
-140399.778    51.595    18.92   11.62
-140022.511    59.068    19.81    9.20
-139645.188    64.325    13.93    2.55
-139267.808    64.311    -0.04    3.45
-138890.373    65.108     2.11    3.47
-138512.881    66.174     2.82    2.93
-138135.333    67.058     2.34    2.12
-137757.729    66.576    -1.28    2.68
-137380.069    65.237    -3.54    3.22
-137002.352    64.522    -1.89    3.53
-136624.578    63.885    -1.69    3.46
-136246.749    64.812     2.45    3.46
-135868.863    65.029     0.58    3.28
-135490.920    64.611    -1.11    3.23
-135112.921    64.325    -0.75    2.98
-134734.866    63.649    -1.79    2.88
-134356.754    63.519    -0.34    2.64
-133978.586    63.471    -0.13    2.60
-133600.361    63.266    -0.54    2.43
-133222.079    62.871    -1.04    2.37
-132843.741    62.247    -1.65    2.31
-132465.346    61.544    -1.86    2.43
-132086.894    61.065    -1.26    2.59
-131708.386    60.514    -1.46    2.55
-131329.821    59.764    -1.98    1.85
-130951.200    59.400    -0.96    1.17
-130572.521    60.203     2.12    2.08
-130193.786    61.914     4.51    3.32
-129814.994    63.547     4.31    3.67
-129436.145    64.477     2.45    3.66
-129057.239    65.899     3.75    3.02
-128678.276    66.311     1.08    2.84
-128299.257    66.856     1.44    2.25
-127920.180    67.144     0.76    1.65
-127541.046    66.928    -0.57    1.49
-127168.704    66.261    -1.79    1.88
-126800.526    65.191    -2.91    2.44
-126432.295    63.986    -3.27    2.95
-126064.011    62.928    -2.87    3.30
-125695.673    61.871    -2.87    3.62
-125327.282    61.009    -2.34    3.80
-124958.837    61.015     0.02    4.25
-124590.339    61.023     0.02    4.61
-124221.787    60.342    -1.85    5.25
-123853.181    58.378    -5.33    6.08
-123484.522    57.087    -3.50    5.70
-123115.809    55.928    -3.14    5.33
-122747.043    55.477    -1.22    5.68
-122378.223    55.252    -0.61    5.98
-122009.349    54.421    -2.25    6.57
-121640.421    53.428    -2.69    6.69
-121271.440    49.885    -9.60    7.65
-120902.405    46.477    -9.24    7.52
-120533.316    45.815    -1.79    7.13
-120164.173    47.164     3.65    7.39
-119794.976    49.463     6.23    7.15
-119425.726    52.025     6.94    6.13
-119056.421    54.969     7.97    5.80
-118687.063    56.999     5.50    4.59
-118317.650    59.688     7.28    3.59
-117948.184    60.942     3.39    3.35
-117578.664    61.970     2.78    3.71
-117209.089    63.256     3.48    3.28
-116839.461    64.533     3.45    3.08
-116469.778    65.280     2.02    2.35
-116100.042    66.052     2.09    1.59
-115730.251    66.252     0.54    1.49
-115360.406    66.219    -0.09    1.48
-114990.507    66.156    -0.17    1.41
-114620.553    65.505    -1.76    1.49
-114250.546    65.131    -1.01    1.64
-113880.484    64.364    -2.07    2.14
-113510.368    63.614    -2.03    2.26
-113140.198    62.618    -2.69    2.73
-112769.973    61.740    -2.37    2.81
-112399.694    61.009    -1.97    3.57
-112029.360    60.511    -1.35    3.77
-111658.972    59.765    -2.01    3.61
-111288.530    57.777    -5.37    4.37
-110918.033    55.087    -7.26    4.79
-110547.482    55.126     0.10    5.37
-110176.877    57.154     5.47    5.87
-109806.216    58.928     4.79    5.08
-109435.502    58.420    -1.37    6.12
-109064.732    57.319    -2.97    6.42
-108693.908    56.702    -1.66    6.21
-108323.030    56.871     0.45    6.43
-107952.096    56.266    -1.63    6.33
-107581.108    56.174    -0.25    6.77
-107210.066    57.066     2.40    7.16
-106838.968    58.195     3.04    6.86
-106467.816    58.998     2.16    6.56
-106096.609    60.372     3.70    6.13
-105725.348    60.316    -0.15    6.05
-105354.031    61.477     3.13    5.40
-104982.660    63.026     4.17    4.31
-104611.234    64.136     2.99    2.52
-104239.753    64.815     1.83    2.13
-103868.216    65.677     2.32    1.84
-103496.625    66.271     1.60    2.21
-103124.979    66.352     0.22    2.66
-102753.278    66.028    -0.87    2.93
-102381.522    65.242    -2.11    3.30
-102009.711    64.464    -2.09    3.08
-101637.845    64.008    -1.23    2.61
-101265.924    63.609    -1.07    2.45
-100893.948    63.801     0.52    2.52
-100521.916    63.472    -0.88    2.58
-100149.829    63.087    -1.03    2.63
 -99777.687    62.634    -1.22    2.93
 -99405.490    61.493    -3.06    3.24
 -99033.238    60.737    -2.03    2.96
 -98660.930    60.742     0.01    2.90
 -98288.567    60.971     0.61    3.13
 -97916.149    60.942    -0.08    3.10
 -97543.675    60.435    -1.36    3.29
 -97171.146    59.802    -1.70    3.19
 -96798.561    59.505    -0.80    3.14
 -96425.921    58.650    -2.30    3.39
 -96053.226    57.469    -3.17    3.37
 -95680.475    56.378    -2.93    2.79
 -95307.669    55.830    -1.47    2.96
 -94934.807    55.914     0.22    3.18
 -94561.889    54.845    -2.86    4.04
 -94188.916    54.242    -1.62    4.22
 -93815.888    54.544     0.81    4.53
 -93442.803    53.355    -3.19    5.34
 -93069.663    52.197    -3.10    5.99
 -92696.468    51.531    -1.78    5.83
 -92323.216    51.054    -1.28    6.18
 -91949.909    52.296     3.33    6.12
 -91576.546    53.485     3.18    5.18
 -91203.128    54.585     2.95    4.30
 -90829.653    55.252     1.78    3.72
 -90456.123    56.131     2.35    2.41
 -90082.537    54.900    -3.30    3.39
 -89708.894    52.773    -5.69    4.69
 -89335.196    50.285    -6.66    5.42
 -88961.442    47.421    -7.66    6.04
 -88587.632    44.787    -7.05    6.32
 -88213.766    41.427    -8.98    5.71
 -87839.845    39.199    -5.96    4.90
 -87465.866    37.111    -5.58    3.67
 -87091.832    35.885    -3.28    3.13
 -86717.742    34.352    -4.10    3.49
 -86343.596    32.987    -3.65    3.97
 -85969.393    31.274    -4.58    2.86
 -85595.135    30.095    -3.15    1.11
 -85220.820    29.927    -0.45    1.46
 -84846.449    29.766    -0.43    1.66
 -84472.021    29.143    -1.66    1.62
 -84097.537    28.628    -1.38    1.75
 -83722.997    28.054    -1.53    1.92
 -83348.401    27.209    -2.26    1.44
 -82973.748    26.733    -1.27    1.41
 -82599.039    26.280    -1.21    1.59
 -82224.274    26.191    -0.24    2.27
 -81849.452    25.533    -1.76    2.55
 -81474.573    24.685    -2.26    2.33
 -81099.639    24.133    -1.47    2.44
 -80724.647    23.827    -0.82    2.48
 -80349.599    23.399    -1.14    3.20
 -79974.495    22.884    -1.37    3.90
 -79599.333    21.812    -2.86    4.30
 -79224.116    19.399    -6.43    2.65
 -78848.841    18.316    -2.88    2.31
 -78473.510    18.056    -0.69    2.64
 -78098.122    17.068    -2.63    2.53
 -77722.678    16.477    -1.58    2.52
 -77347.176    15.775    -1.87    2.83
 -76971.618    14.594    -3.14    1.94
 -76596.003    14.464    -0.35    1.55
 -76220.331    14.790     0.87    1.72
 -75844.603    14.956     0.44    1.71
 -75468.817    15.133     0.47    1.48
 -75092.975    15.164     0.08    1.46
 -74717.075    15.740     1.53    1.55
 -74341.119    16.281     1.44    1.61
 -73965.106    16.576     0.78    1.66
 -73589.035    16.642     0.18    1.53
 -73212.908    16.505    -0.36    1.12
 -72836.723    16.702     0.52    1.00
 -72460.482    17.094     1.04    1.12
 -72084.183    18.139     2.78    2.10
 -71707.827    19.344     3.20    2.63
 -71331.414    20.956     4.28    3.55
 -70954.943    21.699     1.97    3.61
 -70578.416    21.886     0.50    3.41
 -70201.831    21.311    -1.53    3.00
 -69825.189    20.428    -2.34    0.74
 -69448.489    20.725     0.79    1.47
 -69071.733    22.702     5.25    4.61
 -68694.918    26.571    10.27    6.80
 -68318.047    30.927    11.56    6.60
 -67941.118    34.233     8.77    4.38
 -67564.131    34.223    -0.03    4.08
 -67187.087    33.872    -0.93    4.18
 -66809.986    34.285     1.10    4.19
 -66432.827    33.997    -0.76    4.22
 -66055.610    34.131     0.36    4.17
 -65678.336    33.657    -1.26    4.44
 -65301.005    32.869    -2.09    4.13
 -64923.615    33.287     1.11    4.02
 -64546.168    34.193     2.40    3.59
 -64168.663    34.242     0.13    3.79
 -63791.101    33.294    -2.51    3.69
 -63413.480    32.497    -2.11    3.53
 -63035.802    31.338    -3.07    3.23
 -62658.067    30.699    -1.69    3.22
 -62280.273    29.677    -2.70    2.94
 -61902.421    29.456    -0.58    2.82
 -61524.512    30.197     1.96    2.93
 -61146.545    30.693     1.31    2.69
 -60768.519    29.832    -2.28    3.35
 -60390.436    29.128    -1.86    3.33
 -60012.295    28.872    -0.68    3.49
 -59634.095    29.414     1.43    3.77
 -59255.838    30.525     2.94    3.44
 -58877.522    30.052    -1.25    3.23
 -58499.149    29.804    -0.66    3.27
 -58120.717    29.400    -1.07    3.18
 -57742.227    29.342    -0.15    2.84
 -57363.679    29.685     0.91    2.80
 -56985.073    30.232     1.45    2.60
 -56606.408    30.525     0.77    2.68
 -56227.686    30.785     0.69    3.06
 -55848.905    31.352     1.50    2.99
 -55470.065    31.511     0.42    2.78
 -55091.167    31.289    -0.59    2.58
 -54712.211    29.997    -3.41    3.36
 -54333.197    28.843    -3.04    3.53
 -53954.124    26.616    -5.87    4.39
 -53574.992    23.678    -7.75    5.59
 -53195.802    21.887    -4.72    6.19
 -52816.554    21.218    -1.76    6.65
 -52441.640    23.832     6.97    8.19
 -52073.631    27.508     9.99    7.91
 -51705.567    30.667     8.58    5.02
 -51337.449    32.203     4.17    2.62
 -50969.275    32.270     0.18    2.37
 -50601.047    32.378     0.29    2.80
 -50232.764    32.626     0.67    3.20
 -49864.426    33.342     1.94    3.27
 -49496.034    33.927     1.59    2.68
 -49127.586    34.085     0.43    2.18
 -48759.083    34.420     0.91    1.90
 -48390.526    34.585     0.45    2.08
 -48021.913    34.681     0.26    2.32
 -47653.245    35.083     1.09    2.57
 -47284.522    35.441     0.97    2.63
 -46915.744    35.455     0.04    2.57
 -46546.911    35.547     0.25    2.51
 -46178.023    34.590    -2.60    3.34
 -45809.080    33.316    -3.45    4.04
 -45440.081    31.829    -4.03    4.16
 -45071.027    30.708    -3.04    3.68
 -44701.918    30.026    -1.85    3.83
 -44332.754    30.023    -0.01    4.82
 -43963.534    29.761    -0.71    6.30
 -43594.259    29.311    -1.22    6.67
 -43224.929    29.777     1.26    5.40
 -42855.543    30.338     1.52    3.44
 -42486.102    30.330    -0.02    2.32
 -42116.606    30.344     0.04    1.73
 -41747.054    30.489     0.39    1.72
 -41377.446    30.352    -0.37    2.11
 -41007.784    30.653     0.82    2.09
 -40638.065    31.233     1.57    2.23
 -40268.291    30.677    -1.50    3.45
 -39898.461    28.164    -6.80    6.26
 -39528.576    23.650   -12.20    9.11
 -39158.635    18.552   -13.78    8.86
 -38788.639    14.247   -11.64    6.47
 -38418.587    12.066    -5.89    3.95
 -38048.479    11.219    -2.29    2.31
 -37678.315    11.358     0.38    2.48
 -37308.096    11.420     0.17    2.52
 -36937.821    11.514     0.25    2.23
 -36567.490    11.789     0.74    2.15
 -36197.103    11.336    -1.22    1.86
 -35826.660    10.845    -1.33    1.66
 -35456.161    10.214    -1.70    1.57
 -35085.607     9.804    -1.11    1.44
 -34714.996     9.699    -0.28    1.55
 -34344.330     9.585    -0.31    1.50
 -33973.608     9.678     0.25    1.69
 -33602.829     9.697     0.05    2.32
 -33231.995     9.638    -0.16    2.95
 -32861.104     9.354    -0.77    3.15
 -32490.157     9.287    -0.18    3.05
 -32119.155     8.927    -0.97    3.17
 -31748.096     8.619    -0.83    3.23
 -31376.981     8.474    -0.39    3.55
 -31005.809     6.825    -4.44    3.78
 -30634.582     6.047    -2.10    3.81
 -30263.298     6.296     0.67    4.16
 -29891.958     7.589     3.48    4.29
 -29520.561     9.128     4.14    3.41
 -29149.108     9.346     0.59    2.32
 -28777.599     8.716    -1.69    1.86
 -28406.034     8.557    -0.43    1.72
 -28034.412     8.219    -0.91    2.15
 -27662.733     7.261    -2.58    3.16
 -27290.999     5.400    -5.01    3.55
 -26919.207     4.497    -2.43    3.36
 -26547.359     5.969     3.96    5.50
 -26175.455     8.747     7.47    5.57
 -25803.494    11.386     7.09    4.02
 -25431.476    12.025     1.72    2.81
 -25059.402    10.694    -3.58    2.06
 -24687.271    10.344    -0.94    1.96
 -24315.084    10.136    -0.56    1.64
 -23942.839     9.787    -0.94    1.77
 -23570.538     9.319    -1.26    1.73
 -23198.181     9.195    -0.33    1.55
 -22825.766     9.174    -0.06    1.31
 -22453.295     9.097    -0.21    1.17
 -22080.767     8.969    -0.34    1.11
 -21708.182     8.956    -0.04    1.02
 -21335.540     8.799    -0.42    0.97
 -20962.841     8.566    -0.62    1.53
 -20590.085     8.156    -1.10    2.07
 -20217.272     8.042    -0.31    2.15
 -19844.402     8.195     0.41    1.94
 -19471.475     8.608     1.11    1.88
 -19098.491     9.103     1.33    2.54
 -18725.450     8.491    -1.64    3.03
 -18352.352     6.354    -5.73    4.08
 -17979.197     4.064    -6.13    3.90
 -17605.985     3.387    -1.82    4.01
 -17232.715     3.818     1.16    4.63
 -16859.388     5.845     5.43    5.35
 -16486.004     7.941     5.61    5.39
 -16112.563     9.667     4.62    4.81
 -15739.064    10.887     3.27    3.58
 -15365.508    11.223     0.90    2.77
 -14991.895    10.873    -0.94    3.00
 -14618.224    10.491    -1.02    2.98
 -14244.496    10.080    -1.10    3.36
 -13870.711     8.580    -4.01    4.29
 -13496.868     6.819    -4.71    4.69
 -13122.967     5.796    -2.74    4.48
 -12749.009     5.846     0.13    4.51
 -12374.994     6.458     1.64    4.53
 -12000.921     7.549     2.92    4.11
 -11626.790     8.787     3.31    2.70
 -11252.602     8.571    -0.58    1.42
 -10878.356     8.294    -0.74    1.16
 -10504.052     8.420     0.34    1.54
 -10129.691     8.580     0.43    1.72
  -9755.272     8.650     0.19    1.74
  -9380.795     9.338     1.84    2.52
  -9006.260     8.150    -3.17    4.13
  -8631.668     7.735    -1.11    4.50
  -8257.017     7.039    -1.86    4.33
  -7882.309     6.346    -1.85    3.01
  -7507.543     7.442     2.92    1.68
  -7132.719     8.062     1.65    2.07
  -6757.837     9.031     2.58    2.84
  -6382.897    10.487     3.88    3.69
  -6007.899     9.825    -1.76    5.29
  -5632.843     8.346    -3.94    5.71
  -5257.729     7.471    -2.33    5.50
  -4882.557     8.037     1.51    4.82
  -4507.327     9.358     3.52    3.21
  -4132.039     8.981    -1.00    2.72
  -3756.692     8.691    -0.77    2.46
  -3381.287     8.366    -0.87    1.89
  -3005.824     7.711    -1.74    1.65
  -2630.303     7.469    -0.64    1.56
  -2254.723     7.585     0.31    1.45
  -1879.086     7.153    -1.15    1.56
  -1503.389     6.535    -1.64    2.51
  -1127.635     4.972    -4.16    3.55
   -751.822     3.287    -4.48    3.82
   -375.950     2.340    -2.52    3.86
     -0.021     2.657     0.84    4.52
    375.968     4.449     4.77    5.66
    752.015     6.640     5.83    6.37
   1128.120     9.164     6.71    6.34
   1504.284    11.119     5.20    5.58
   1880.506    12.201     2.88    4.88
   2256.788    11.489    -1.89    5.58
   2633.127     8.955    -6.73    6.44
   3009.526     6.294    -7.07    6.24
   3385.983     4.146    -5.70    5.04
   3762.499     3.656    -1.30    4.59
   4139.074     5.047     3.69    5.04
   4515.707     7.002     5.19    4.29
   4892.399     8.140     3.02    2.96
   5269.151     8.028    -0.30    2.60
   5645.961     8.352     0.86    2.77
   6022.829     9.040     1.83    2.75
   6399.757     9.092     0.14    2.43
   6776.744     9.197     0.28    2.61
   7153.790     9.441     0.65    3.05
   7530.895     8.886    -1.47    3.00
   7908.059     9.068     0.48    3.00
   8285.281     8.188    -2.34    2.69
   8662.564     6.999    -3.15    1.54
   9039.905     6.607    -1.04    1.56
   9417.305     6.561    -0.12    2.24
   9794.764     8.047     3.94    3.41
  10172.283    10.702     7.03    4.40
  10549.861    12.667     5.20    3.70
  10927.498    12.983     0.84    3.40
  11305.195    11.927    -2.80    3.52
  11682.951    10.197    -4.58    3.19
  12060.766     8.261    -5.13    2.40
  12438.641     6.681    -4.18    1.78
  12816.575     5.733    -2.51    1.10
  13194.568     5.157    -1.52    0.52
  13572.621     5.090    -0.18    0.52
  13950.733     5.914     2.18    1.99
  14328.905     7.156     3.29    2.82
  14707.137     9.105     5.15    3.68
  15085.428    12.552     9.11    4.53
  15463.779    15.049     6.60    5.19
  15842.189    17.749     7.14    5.17
  16220.659    19.229     3.91    4.73
  16599.189    18.845    -1.01    5.22
  16977.778    19.802     2.53    4.78
  17356.427    18.805    -2.63    4.23
  17735.137    18.237    -1.50    3.81
  18113.905    18.674     1.15    4.11
  18492.734    18.392    -0.74    4.46
  18871.623    17.708    -1.80    4.48
  19250.571    17.105    -1.59    3.89
  19629.579    16.146    -2.53    2.14
  20008.648    16.626     1.26    1.82
  20387.776    16.571    -0.14    1.17
  20766.965    17.831     3.32    3.09
  21146.213    19.071     3.27    3.98
  21525.522    20.387     3.47    4.84
  21904.890    22.752     6.23    5.32
  22282.608    23.697     2.50    4.79
  22650.441    24.281     1.59    3.62
  23018.331    23.387    -2.43    4.01
  23386.277    21.016    -6.44    5.23
  23754.279    18.616    -6.52    5.79
  24122.337    16.472    -5.82    5.01
  24490.452    17.184     1.93    4.99
  24858.623    19.516     6.34    3.67
  25226.850    19.495    -0.06    3.99
  25595.134    18.105    -3.77    4.83
  25963.474    15.738    -6.43    5.00
  26331.870    13.678    -5.59    3.84
  26700.322    13.554    -0.34    3.25
  27068.831    13.044    -1.38    3.81
  27437.397    12.980    -0.17    4.10
  27806.019    11.928    -2.85    4.53
  28174.697     9.900    -5.50    3.77
  28543.432     8.871    -2.79    2.74
  28912.224     7.820    -2.85    2.28
  29281.072     7.799    -0.06    2.39
  29649.977     8.394     1.61    3.00
  30018.939    10.266     5.07    4.19
  30387.957    13.714     9.34    5.56
  30757.031    16.604     7.83    5.43
  31126.163    17.495     2.41    4.30
  31495.351    17.533     0.10    4.03
  31864.596    16.051    -4.02    2.85
  32233.898    15.802    -0.67    1.33
  32603.257    16.265     1.25    1.27
  32972.673    16.256    -0.02    1.03
  33342.145    15.967    -0.78    0.94
  33711.674    15.900    -0.18    1.07
  34081.261    15.940     0.11    1.14
  34450.904    15.969     0.08    1.20
  34820.604    15.927    -0.11    1.20
  35190.361    15.761    -0.45    1.02
  35560.176    15.447    -0.85    1.04
  35930.047    15.205    -0.65    1.07
  36299.975    14.874    -0.90    0.94
  36669.961    14.983     0.30    1.89
  37040.004    15.354     1.00    2.14
  37410.104    15.927     1.55    2.40
  37780.261    16.300     1.01    2.28
  38150.475    16.525     0.61    1.45
  38520.747    16.687     0.44    0.92
  38891.076    17.051     0.98    0.87
  39261.462    17.380     0.89    0.83
  39631.906    17.544     0.44    0.83
  40002.407    17.660     0.31    0.82
  40372.965    17.859     0.54    0.83
  40743.581    18.087     0.62    0.95
  41114.254    18.503     1.12    0.88
  41484.985    18.900     1.07    0.96
  41855.773    19.612     1.92    1.01
  42226.619    20.062     1.21    0.99
  42597.522    20.297     0.63    0.89
  42968.483    19.900    -1.07    1.21
  43339.502    19.468    -1.17    1.55
  43710.578    20.278     2.19    3.73
  44081.712    21.346     2.88    4.40
  44452.903    22.283     2.53    4.18
  44824.152    21.927    -0.96    3.59
  45195.459    21.777    -0.41    3.20
  45566.824    21.283    -1.33    2.52
  45938.247    21.012    -0.73    0.88
  46309.727    21.338     0.88    0.96
  46681.266    21.730     1.06    0.98
  47052.862    22.229     1.34    0.86
  47424.516    22.428     0.54    0.93
  47796.228    22.807     1.02    1.80
  48167.998    23.609     2.16    2.56
  48539.826    24.260     1.75    3.31
  48911.712    24.754     1.33    3.75
  49283.657    24.140    -1.65    3.74
  49655.659    24.134    -0.02    3.73
  50027.719    23.794    -0.92    3.24
  50399.838    23.722    -0.19    3.17
  50772.014    23.792     0.19    3.31
  51144.249    23.999     0.56    3.76
  51516.542    24.407     1.09    4.04
  51888.894    24.392    -0.04    4.23
  52261.303    23.794    -1.61    4.09
  52633.771    22.777    -2.73    3.09
  53006.298    23.756     2.63    4.36
  53378.882    27.105     8.99    7.20
  53751.525    29.234     5.71    6.80
  54124.227    31.346     5.67    5.84
  54496.987    31.051    -0.79    5.58
  54869.805    29.427    -4.35    4.64
  55242.682    28.846    -1.56    3.15
  55615.618    29.981     3.04    3.57
  55988.612    30.805     2.21    3.45
  56361.664    31.348     1.45    3.00
  56734.776    31.657     0.83    2.98
  57107.945    32.387     1.96    3.47
  57481.174    33.511     3.01    3.67
  57854.461    33.729     0.59    3.75
  58227.807    33.818     0.24    3.69
  58601.212    33.140    -1.81    3.87
  58974.676    32.364    -2.08    3.61
  59348.198    31.940    -1.14    3.65
  59721.779    31.537    -1.08    3.35
  60095.419    31.380    -0.42    3.35
  60469.118    31.319    -0.16    3.04
  60842.876    31.327     0.02    2.93
  61216.693    32.914     4.24    3.65
  61590.569    34.400     3.98    4.79
  61964.504    37.174     7.42    5.41
  62338.498    40.146     7.95    5.32
  62712.551    42.535     6.39    4.47
  63086.663    43.170     1.70    4.07
  63460.834    42.807    -0.97    4.02
  63835.064    40.634    -5.81    4.40
  64209.354    37.900    -7.30    4.15
  64583.703    36.052    -4.94    3.74
  64958.111    34.311    -4.65    1.51
  65332.578    34.434     0.33    1.72
  65707.105    34.981     1.46    2.78
  66081.691    34.914    -0.18    3.60
  66456.336    34.157    -2.02    3.16
  66831.041    33.119    -2.77    2.24
  67205.805    33.256     0.36    1.79
  67580.629    33.693     1.17    1.91
  67955.512    34.340     1.73    2.25
  68330.454    34.414     0.20    2.36
  68705.456    34.407    -0.02    2.25
  69080.518    34.981     1.53    2.08
  69455.639    34.940    -0.11    1.78
  69830.820    35.968     2.74    2.49
  70206.061    36.981     2.70    2.91
  70581.361    37.157     0.47    2.90
  70956.721    36.589    -1.51    3.43
  71332.140    34.479    -5.62    3.50
  71707.620    32.562    -5.11    2.96
  72083.159    30.602    -5.22    1.64
  72458.758    29.941    -1.76    1.21
  72834.417    29.727    -0.57    1.07
  73210.136    29.773     0.12    0.95
  73585.914    29.690    -0.22    0.86
  73961.753    29.688    -0.00    0.87
  74337.651    29.714     0.07    0.87
  74713.610    29.677    -0.10    0.86
  75089.629    29.941     0.70    1.28
  75465.707    30.434     1.31    2.01
  75841.846    30.724     0.77    2.30
  76218.045    31.354     1.67    2.54
  76594.304    31.900     1.45    3.10
  76970.623    32.657     2.01    3.50
  77347.003    33.270     1.63    3.40
  77723.442    33.900     1.67    2.92
  78099.942    33.789    -0.30    2.18
  78476.502    33.274    -1.37    1.86
  78853.123    33.160    -0.30    1.86
  79229.804    33.127    -0.09    2.18
  79606.545    32.355    -2.05    3.01
  79983.347    31.527    -2.20    3.31
  80360.209    31.219    -0.82    3.08
  80737.132    30.667    -1.47    2.42
  81114.115    29.792    -2.32    2.20
  81491.158    28.690    -2.92    2.24
  81868.262    26.562    -5.64    3.43
  82245.427    24.887    -4.44    3.34
  82622.653    23.585    -3.45    2.75
  82999.939    22.816    -2.04    2.76
  83377.285    22.706    -0.29    2.73
  83754.693    22.441    -0.70    2.65
  84132.161    22.047    -1.05    2.62
  84509.690    21.955    -0.24    2.55
  84887.280    22.207     0.67    2.99
  85264.930    22.571     0.96    3.57
  85642.642    22.797     0.60    3.83
  86020.414    22.140    -1.74    4.59
  86398.247    20.519    -4.29    5.52
  86776.141    18.807    -4.53    6.22
  87154.096    18.184    -1.65    6.44
  87532.113    17.640    -1.44    6.19
  87910.190    17.400    -0.63    5.40
  88288.328    16.940    -1.22    3.83
  88666.528    17.828     2.35    3.53
  89044.788    18.807     2.59    3.31
  89423.110    20.029     3.23    3.14
  89801.493    20.292     0.69    3.10
  90179.937    19.598    -1.83    4.01
  90558.442    18.729    -2.30    4.54
  90937.009    17.049    -4.44    5.02
  91315.636    16.414    -1.68    4.58
  91694.326    15.514    -2.38    3.87
  92073.076    16.535     2.70    4.24
  92451.888    18.555     5.33    3.81
  92830.762    19.664     2.93    3.06
  93209.697    18.798    -2.28    3.37
  93588.693    17.580    -3.21    2.82
  93967.751    17.567    -0.03    2.38
  94346.871    18.270     1.85    2.77
  94726.052    19.836     4.13    3.11
  95105.294    21.460     4.28    2.74
  95484.599    22.724     3.33    1.94
  95863.965    23.887     3.07    2.18
  96243.392    25.265     3.63    2.66
  96622.882    26.887     4.27    3.65
  97002.433    27.928     2.74    4.23
  97371.304    27.354    -1.56    4.72
  97739.016    25.814    -4.19    4.81
  98106.785    23.754    -5.60    3.35
  98474.611    22.618    -3.09    1.89
  98842.495    22.527    -0.25    1.29
  99210.437    23.556     2.80    2.47
  99578.437    24.180     1.70    2.81
  99946.494    24.804     1.69    2.71
 100314.609    24.914     0.30    1.42
 100682.782    25.283     1.00    1.54
 101051.012    25.238    -0.12    1.81
 101419.300    24.845    -1.07    1.84
 101787.646    24.439    -1.10    1.70
 102156.051    24.831     1.06    3.18
 102524.512    25.550     1.95    3.69
 102893.032    25.872     0.88    3.34
 103261.610    25.632    -0.65    2.66
 103630.246    25.722     0.24    2.65
 103998.940    25.173    -1.49    2.28
 104367.692    24.580    -1.61    1.38
 104736.502    24.367    -0.58    1.37
 105105.370    24.292    -0.20    1.25
 105474.296    24.143    -0.40    0.99
 105843.280    24.119    -0.07    0.99
 106212.323    23.804    -0.85    1.09
 106581.423    23.735    -0.19    1.25
 106950.582    24.270     1.45    2.28
 107319.799    24.037    -0.63    2.47
 107689.075    24.089     0.14    2.61
 108058.409    24.697     1.65    3.19
 108427.801    27.019     6.29    5.35
 108797.251    29.114     5.67    5.82
 109166.760    29.420     0.83    5.89
 109536.328    28.393    -2.78    6.36
 109905.954    26.260    -5.77    5.48
 110275.638    25.790    -1.27    4.65
 110645.381    25.446    -0.93    4.93
 111015.182    25.119    -0.88    5.26
 111385.042    23.785    -3.61    5.29
 111754.961    20.996    -7.54    2.83
 112124.938    20.667    -0.89    1.63
 112494.974    20.968     0.81    1.67
 112865.069    22.114     3.10    2.35
 113235.222    23.344     3.32    3.13
 113605.434    24.765     3.84    3.00
 113975.705    25.787     2.76    3.25
 114346.034    26.154     0.99    3.01
 114716.423    26.026    -0.34    3.16
 115086.870    25.780    -0.66    3.28
 115457.376    25.556    -0.60    3.00
 115827.942    26.154     1.61    3.09
 116198.566    26.330     0.48    2.98
 116569.249    26.460     0.35    2.88
 116939.991    26.372    -0.24    2.95
 117310.792    26.269    -0.28    3.06
 117681.652    26.580     0.84    3.08
 118052.571    26.542    -0.10    3.04
 118423.550    25.969    -1.54    2.87
 118794.587    26.407     1.18    3.38
 119165.684    27.747     3.61    4.45
 119536.840    32.660    13.24    8.11
 119908.055    39.618    18.74   10.30
 120279.329    48.085    22.81   10.56
 120650.663    54.071    16.12    6.59
 121022.056    55.994     5.18    3.74
 121393.509    54.857    -3.06    5.00
 121765.020    52.140    -7.31    5.46
 122136.592    49.455    -7.23    4.95
 122508.222    47.994    -3.93    4.55
 122879.912    46.751    -3.34    3.50
 123251.662    45.321    -3.85    3.45
 123623.471    43.900    -3.82    3.36
 123995.340    42.465    -3.86    2.64
 124367.268    41.794    -1.81    2.16
 124739.256    42.485     1.86    2.70
 125111.303    43.724     3.33    2.87
 125483.410    44.056     0.89    2.99
 125855.577    44.670     1.65    2.57
 126227.804    45.940     3.41    3.18
 126600.090    46.220     0.75    3.25
 126972.436    45.634    -1.58    3.31
 127344.842    44.808    -2.22    3.16
 127717.308    44.186    -1.67    2.46
 128089.834    44.616     1.15    2.42
 128462.419    45.846     3.30    2.57
 128835.065    47.133     3.45    1.97
 129207.770    47.325     0.51    1.42
 129580.536    46.687    -1.71    1.50
 129953.361    45.738    -2.55    2.15
 130326.247    44.615    -3.01    2.75
 130699.193    43.530    -2.91    3.77
 131072.198    44.183     1.75    5.86
 131445.264    43.400    -2.10    6.62
 131818.390    41.201    -5.89    6.07
 132191.577    39.400    -4.83    3.91
 132564.823    39.420     0.05    4.18
 132938.130    42.011     6.94    6.89
 133311.497    45.256     8.69    9.02
 133684.924    49.122    10.35   11.34
 134058.412    49.493     0.99   11.94
 134431.960    46.983    -6.72   11.83
 134805.569    44.224    -7.38    9.82
 135179.237    43.777    -1.20    7.14
 135552.967    45.092     3.52    7.68
 135926.757    49.211    11.02    7.93
 136300.607    50.979     4.73    6.66
 136674.518    50.571    -1.09    7.28
 137048.490    47.440    -8.37    9.74
 137422.522    45.260    -5.83   11.18
 137796.615    42.994    -6.06   12.41
 138170.768    38.603   -11.74   11.75
 138544.983    34.332   -11.41    8.94
 138919.258    32.381    -5.21    5.26
 139293.593    34.927     6.80    7.92
 139667.990    40.004    13.56    8.96
 140042.447    43.340     8.91    7.91
 140416.966    44.820     3.95    6.92
 140791.545    42.153    -7.12    7.43
 141166.185    39.260    -7.72    7.44
 141540.886    35.956    -8.82    7.05
 141915.648    33.440    -6.72    5.90
 142290.471    32.358    -2.89    3.60
 142665.355    31.487    -2.32    2.69
 143040.300    34.670     8.49    7.89
 143415.306    39.349    12.48   10.04
 143790.373    42.265     7.77    9.20
 144165.502    43.414     3.06    7.79
 144540.691    44.292     2.34   10.26
 144915.942    44.124    -0.45   12.44
 145291.254    44.540     1.11   13.09
 145666.628    42.487    -5.47   12.48
 146042.063    36.137   -16.91   11.20
 146417.559    30.711   -14.45    7.28
 146793.116    27.105    -9.60    4.56
 147168.735    27.060    -0.12    6.95
 147544.415    31.495    11.81   12.35
 147920.157    37.146    15.04   13.08
 148295.960    42.874    15.24   11.95
 148671.825    49.777    18.37    9.98
 149047.751    53.650    10.31    9.06
 149423.739    56.955     8.79    5.75
 149799.789    53.179   -10.04    8.65
 150175.900    47.278   -15.69   10.32
 150552.073    40.990   -16.72    9.85
 150928.308    39.835    -3.07    8.47
 151304.604    41.563     4.59   10.38
 151680.962    44.940     8.97   10.84
 152057.382    48.797    10.25    9.75
 152433.864    50.821     5.38    9.46
 152810.407    50.847     0.07    8.62
 153187.013    49.133    -4.55    9.87
 153563.680    44.567   -12.12   11.89
 153940.410    41.767    -7.43   10.59
 154317.201    41.497    -0.72    9.88
 154694.054    43.238     4.62    9.49
 155070.970    44.247     2.68    9.06
 155447.947    43.739    -1.35    8.77
 155824.987    42.792    -2.51    7.42
 156202.089    42.721    -0.19    5.68
 156579.253    45.834     8.25    7.52
 156956.479    48.433     6.89    8.19
 157333.768    50.098     4.41    6.94
 157711.118    50.238     0.37    6.17
 158088.531    47.474    -7.33    3.60
 158466.007    46.007    -3.89    2.15
 158843.544    45.684    -0.86    2.02
 159221.144    45.400    -0.75    1.72
 159598.807    45.767     0.97    1.73
 159976.532    46.316     1.45    1.72
 160354.319    46.660     0.91    2.12
 160732.169    46.372    -0.76    2.76
 161110.082    46.526     0.41    2.81
 161488.057    46.393    -0.35    2.75
 161866.095    46.221    -0.45    2.33
 162244.195    46.493     0.72    1.81
 162622.358    46.243    -0.66    1.88
 163000.584    46.558     0.84    2.47
 163378.873    47.594     2.74    3.15
 163757.224    49.489     5.01    3.64
 164135.638    52.238     7.27    4.58
 164514.115    55.769     9.33    5.51
 164892.655    57.238     3.88    6.85
 165271.257    56.555    -1.81    7.60
 165649.923    55.516    -2.74    7.40
 166028.652    54.065    -3.83    7.97
 166407.443    53.527    -1.42    7.96
 166786.298    56.926     8.97    9.75
 167165.216    60.967    10.66   11.02
 167544.196    65.589    12.20    9.04
 167923.240    66.769     3.11    9.63
 168302.347    64.848    -5.07   11.50
 168681.518    62.380    -6.51   10.31
 169060.751    62.153    -0.60    9.78
 169440.048    64.887     7.21    9.73
 169819.408    67.366     6.53    9.84
 170198.831    68.966     4.22    8.71
 170578.318    68.441    -1.38    9.04
 170957.868    66.285    -5.68   11.08
 171337.481    62.954    -8.78   12.15
 171717.158    57.527   -14.29   13.34
 172089.027    48.321   -24.76   12.70
 172456.555    41.927   -17.40    9.91
 172824.142    39.628    -6.25    7.38
 173191.788    40.082     1.24    6.30
 173559.493    43.420     9.08    5.73
 173927.257    44.342     2.51    5.61
 174295.080    43.979    -0.99    5.39
 174662.962    43.602    -1.03    5.24
 175030.904    45.032     3.89    7.50
 175398.905    46.555     4.14    9.71
 175766.965    47.089     1.45   10.33
 176135.084    45.388    -4.62    9.01
 176503.262    42.664    -7.40    6.17
 176871.500    41.183    -4.02    5.79
 177239.798    42.407     3.32    8.90
 177608.154    44.550     5.82   12.16
 177976.570    46.256     4.63   13.37
 178345.046    46.197    -0.16   12.31
 178713.581    45.180    -2.76   12.17
 179082.175    44.563    -1.68   12.70
 179450.829    44.332    -0.63   13.22
 179819.543    43.875    -1.24   11.13
 180188.316    42.414    -3.96    9.19
 180557.149    41.964    -1.22    8.81
 180926.041    43.576     4.37   10.59
 181294.993    46.862     8.91   11.33
 181664.005    48.157     3.51    9.59
 182033.077    48.620     1.26    6.50
 182402.208    46.146    -6.70    5.50
 182771.399    45.598    -1.49    4.52
 183140.650    48.242     7.16    5.15
 183509.961    50.743     6.77    5.23
 183879.331    52.544     4.88    5.35
 184248.762    53.420     2.37    5.92
 184618.252    53.242    -0.48    6.12
 184987.803    52.764    -1.30    5.74
 185357.413    51.011    -4.74    5.49
 185727.084    47.407    -9.75    3.73
 186096.815    45.184    -6.01    2.43
 186466.605    44.887    -0.80    2.39
 186836.456    44.790    -0.26    2.53
 187206.367    44.888     0.26    2.60
 187576.338    44.414    -1.28    1.93
 187946.370    43.979    -1.17    1.21
 188316.461    43.996     0.04    0.85
 188686.613    44.420     1.15    1.21
 189056.825    45.539     3.02    2.22
 189427.098    46.901     3.68    2.19
 189797.431    47.434     1.44    2.00
 190167.824    46.550    -2.39    2.78
 190538.278    45.170    -3.72    2.90
 190908.792    44.756    -1.12    2.44
 191279.366    45.667     2.46    3.27
 191650.002    47.756     5.64    4.14
 192020.697    49.847     5.64    2.59
 192391.453    50.440     1.60    1.98
 192762.270    50.022    -1.13    2.10
 193133.148    49.002    -2.75    2.00
 193504.086    48.332    -1.81    1.83
 193875.085    48.230    -0.28    1.84
 194246.144    48.116    -0.31    1.68
 194617.265    48.516     1.08    1.61
 194988.446    49.637     3.02    1.95
 195359.688    50.820     3.19    1.99
 195730.990    52.340     4.09    1.94
 196102.354    52.400     0.16    1.87
 196473.778    53.074     1.81    2.07
 196845.264    54.362     3.47    2.72
 197216.810    56.177     4.88    3.32
 197588.418    57.281     2.97    2.83
 197960.086    58.154     2.35    2.15
 198331.816    58.760     1.63    2.13
 198703.606    59.414     1.76    2.02
 199075.458    58.953    -1.24    2.44
 199447.371    57.875    -2.90    3.21
 199819.345    55.977    -5.10    4.22
 200191.380    53.524    -6.59    4.33
 200563.477    51.375    -5.78    4.00
 200935.634    50.498    -2.36    3.73
 201307.853    53.447     7.92    7.02
 201680.134    58.164    12.67    9.28
 202052.476    63.874    15.34    9.51
 202424.879    68.368    12.07    8.95
 202797.343    70.137     4.75    8.18
 203169.869    70.511     1.00    7.94
 203542.457    70.966     1.22    7.24
 203915.106    71.150     0.49    6.11
 204287.816    68.732    -6.49    9.12
 204660.589    65.029    -9.93   10.61
 205033.422    63.927    -2.96   10.33
 205406.318    66.673     7.37   10.07
 205779.275    70.805    11.08    6.92
 206152.294    71.664     2.30    4.82
 206525.374    70.207    -3.91    5.33
 206898.516    69.696    -1.37    4.67
 207271.721    71.283     4.26    5.40
 207644.986    73.823     6.80    5.04
 208018.314    74.441     1.66    3.98
 208391.704    72.282    -5.78    5.15
 208765.155    69.765    -6.74    6.02
 209138.669    68.851    -2.45    6.47
 209512.244    67.761    -2.92    6.49
 209885.882    66.064    -4.54    6.28
 210259.581    64.007    -5.50    5.83
 210633.343    62.734    -3.41    4.96
 211007.167    63.177     1.18    6.20
 211381.053    60.687    -6.66   11.03
 211755.001    55.677   -13.40   14.20
 212129.011    52.795    -7.71   12.00
 212503.083    50.511    -6.11    8.60
 212877.218    52.966     6.56   10.14
 213251.415    58.807    15.61   12.05
 213625.675    65.440    17.73   11.89
 213999.996    68.914     9.28    9.44
 214374.381    66.654    -6.04   11.84
 214748.827    60.498   -16.44   13.83
 215123.336    57.485    -8.05   12.53
 215497.908    58.400     2.44   12.94
 215872.542    63.836    14.51   13.05
 216247.238    69.888    16.16    9.74
 216621.997    72.981     8.26    7.94
 216996.819    75.076     5.59    5.23
 217371.703    73.386    -4.51    7.05
 217746.650    66.736   -17.74   12.61
 218121.660    63.035    -9.87   14.17
 218496.733    64.006     2.59   15.06
 218871.868    66.968     7.90   15.07
 219247.066    71.706    12.63    9.01
 219622.327    72.981     3.40    6.16
 219997.651    71.606    -3.66    6.65
 220373.038    69.527    -5.54    8.97
 220748.487    66.800    -7.27   11.40
 221124.000    64.927    -4.99   12.68
 221499.575    63.420    -4.01   12.06
 221875.214    64.485     2.84   10.40
 222250.916    65.285     2.13    7.45
 222626.680    62.991    -6.11    7.53
 223002.508    58.597   -11.69    7.90
 223378.399    55.914    -7.14    6.21
 223754.353    55.220    -1.84    5.07
 224130.371    55.901     1.81    4.51
 224506.452    56.900     2.66    3.47
 224882.596    56.164    -1.96    3.61
 225258.803    54.215    -5.18    3.67
 225635.074    52.939    -3.39    3.59
 226011.408    51.667    -3.38    3.95
 226387.805    50.953    -1.90    6.08
 226764.266    49.076    -4.99    9.58
 227140.790    47.056    -5.36   12.19
 227517.378    43.020   -10.72   14.79
 227894.030    38.015   -13.29   16.66
 228270.745    35.690    -6.17   14.83
 228647.523    36.055     0.97   12.73
 229024.365    42.693    17.62   11.34
 229401.271    48.837    16.30    8.14
 229778.241    52.747    10.37    5.71
 230155.274    54.862     5.61    4.05
 230532.372    56.758     5.03    3.00
 230909.532    56.714    -0.12    3.20
 231286.757    53.689    -8.02    6.16
 231664.046    52.052    -4.34    6.81
 232041.398    53.864     4.80    7.63
 232418.815    56.076     5.86    8.13
 232796.295    57.003     2.46    6.44
 233173.840    54.354    -7.02    8.07
 233551.448    49.780   -12.11    7.63
 233929.121    48.784    -2.64    7.03
 234306.858    50.212     3.78    7.49
 234684.658    50.966     2.00    7.97
 235062.523    48.914    -5.43    8.01
 235440.453    45.192    -9.85    6.63
 235818.446    41.940    -8.61    6.90
 236196.504    40.003    -5.12    7.97
 236574.626    42.034     5.37   10.28
 236952.812    46.978    13.08   13.31
 237331.063    52.460    14.50   12.27
