# NaN NaN NaN ;Mean Elev.(m), Avg Gradient(m/km), RMS Gradient(m/km) - SRTM1     
#   22.199   0.163   2.084 ;Mean Elev.(m), Avg Gradient(m/km), RMS Gradient(m/km) - ASTER GDEM
#   30.000  -0.207   3.064 ;Mean Elev.(m), Avg Gradient(m/km), RMS Gradient(m/km) - GMTED2010 
  7  74.133260  61.165448    35.063    35.063  2 52470.25456964 28.117
  8  74.131936  61.165180    33.887    34.128  3 52505.25455284 22.434
  9  74.154470  61.166458    31.824    31.824  2 52540.25453471 24.542
 11  74.132909  61.165326    30.147    30.150  3 52610.25454203 20.576
 12  74.142400  61.165308    32.781    32.760  3 52645.25453145 15.070
 13  74.139781  61.167372    31.717    31.997  3 52680.25450694  9.824
 15  74.120777  61.167928    30.181    29.220  3 52750.25458219  9.405
 16  74.150578  61.166427    34.010    34.025  3 52785.25452419 29.120
 17  74.148291  61.166895    34.271    34.154  3 52820.25459925 23.641
 18  74.145464  61.165197    32.382    33.577  3 52855.25464784 22.257
 20  74.125677  61.165353    31.435    32.150  3 52925.25463467 24.657
 21  74.154672  61.166366    28.078    28.105  3 52960.25460105 25.260
 22  74.141153  61.166108    28.437    28.200  3 52995.25463653 15.480
 23  74.128231  61.165889    31.866    31.866  2 53030.25460014 12.983
 24  74.146951  61.167203    32.728    32.717  3 53065.25460663 11.770
 25  74.124281  61.167154    34.300    34.392  3 53100.25461286 11.389
 28  74.135796  61.165036    32.572    32.834  3 53205.25467608 25.517
 29  74.135756  61.165318    30.431    29.191  3 53240.25464405 29.756
 31  74.137556  61.166478    29.192    29.273  3 53310.25465780 41.563
 32  74.134231  61.165396    31.333    31.333  2 53345.25462420 18.601
 34  74.142845  61.165401    31.971    32.280  3 53415.25460125 16.931
 35  74.156192  61.166834    33.042    33.042  2 53450.25459467 12.099
 36  74.133843  61.164682    29.408    29.408  2 53485.25468094 36.383
 37  74.138851  61.165985    33.324    33.324  2 53520.25467583 24.297
 39  74.136887  61.165102    31.013    29.741  3 53590.25464241 24.061
 40  74.145150  61.165451    30.398    28.869  3 53625.25462348 25.524
 41  74.142216  61.166892    30.314    29.050  3 53660.25464973 23.273
 42  74.131541  61.165396    28.421    28.421  2 53695.25462380 34.273
 43  74.129662  61.165681    29.409    29.409  2 53730.25454664 23.770
 45  74.133738  61.165889    31.215    31.215  2 53800.25451816 10.473
 46  74.153049  61.167521    33.476    33.420  3 53835.25451946 11.123
 47  74.141223  61.165574    30.812    30.809  3 53870.25457992 35.230
 48  74.137461  61.165291    33.657    33.603  3 53905.25461542 25.851
 49  74.128694  61.165248    32.160    32.160  2 53940.25464786 26.116
 50  74.125721  61.163895    32.629    32.629  2 53975.25460629 23.747
 51  74.152977  61.165624    30.253    28.921  3 54010.25460244 32.936
 52  74.148148  61.165306    28.925    28.923  3 54045.25461999 39.482
 54  74.125480  61.166424    31.327    31.659  3 54115.25454834 15.734
 56  74.126715  61.165831    32.835    32.835  2 54185.25453966 12.690
 58  74.138717  61.166669    34.693    34.748  3 54255.25459429 24.064
 59  74.138783  61.164837    35.357    35.366  3 54290.25459716 35.555
 60  74.137883  61.165010    34.011    33.930  3 54325.25459473 27.218
 61  74.125946  61.165177    32.715    33.746  3 54360.25454835 23.222
 62  74.141996  61.165803    33.123    33.184  3 54395.25453455 22.009
 63  74.132230  61.165026    28.713    28.713  2 54430.25449845 27.214
 64  74.145283  61.165228    32.232    32.364  3 54465.25451450 17.398
 65  74.134815  61.165786    32.641    32.755  3 54500.25451016 15.332
 66  74.140434  61.166093    33.578    33.447  3 54535.25452917 10.318
 67  74.128238  61.164130    33.941    33.941  2 54570.25451341  5.385
 68  74.139774  61.165542    33.948    33.714  3 54605.25452330 24.604
 69  74.135399  61.165943    33.894    33.641  3 54640.25453338 25.975
 70  74.136419  61.165864    31.820    31.820  2 54675.25453562 23.486
 71  74.131695  61.166056    30.620    30.620  2 54710.25449219 26.449
 72  74.141239  61.166491    30.496    29.400  3 54745.25450268 24.815
 73  74.136790  61.165874    29.412    29.411  3 54780.25447654 43.995
 74  74.143956  61.166374    30.984    30.215  3 54815.25449577 16.922
 75  74.133213  61.164938    30.913    30.913  2 54850.25447523 15.053
 76  74.139951  61.165843    31.860    31.869  3 54885.25449996 11.892
 77  74.123202  61.165261    32.949    33.004  3 54920.25447708 10.175
 78  74.141920  61.166339    33.370    33.330  3 54955.25449475 29.259
 79  74.136685  61.165659    33.029    33.029  2 54990.25451877 23.529
 80  74.135325  61.165182    32.919    32.919  2 55025.25451026 17.970
 81  74.138180  61.166788    31.042    30.267  3 55060.25450375 28.137
 82  74.125712  61.165846    29.251    29.251  2 55095.25445598 37.832
 83  74.141100  61.167153    32.274    32.073  3 55130.25444589 23.680
 84  74.135164  61.165408    29.827    29.895  3 55165.25441774 29.220
 85  74.142044  61.167054    31.008    30.974  3 55200.25443752 14.177
 86  74.128473  61.163561    32.233    32.233  2 55235.25442409 11.035
 87  74.138305  61.165216    32.226    32.006  3 55270.25443256 10.276
 88  74.127876  61.165405    29.043    29.043  2 55305.25440446  7.724
 89  74.139025  61.165940    33.351    33.025  3 55340.25440370 25.978
 90  74.135600  61.165924    33.943    33.943  2 55375.25439625 20.641
 91  74.143583  61.167014    33.540    33.386  3 55410.25441776 21.576
 92  74.137387  61.166297    32.157    32.747  3 55445.25441229 21.413
 93  74.125991  61.166496    31.861    32.244  3 55480.25434752 26.018
