-148159.234    65.312     0.00    5.70
-147790.215    61.958    -9.09    7.67
-147421.277    56.624   -14.46   10.20
-147052.420    51.061   -15.08   11.68
-146683.644    47.287   -10.24    9.85
-146314.948    45.190    -5.69    7.74
-145946.334    45.192     0.01    6.52
-145577.801    45.255     0.17    5.87
-145209.348    44.581    -1.83    5.71
-144840.977    44.653     0.20    5.53
-144472.686    45.606     2.59    5.36
-144104.475    46.810     3.27    4.78
-143736.346    47.931     3.04    4.54
-143368.297    48.850     2.50    4.08
-143000.328    49.465     1.67    4.06
-142632.440    50.567     2.99    4.18
-142264.632    50.634     0.18    4.25
-141896.905    48.108    -6.87    6.19
-141529.258    44.307   -10.34    8.21
-141161.691    39.646   -12.68    6.92
-140794.204    36.660    -8.13    4.35
-140426.798    36.270    -1.06    3.86
-140059.471    38.224     5.32    5.96
-139692.225    39.198     2.65    6.53
-139325.058    40.667     4.00    6.68
-138957.972    41.529     2.35    6.26
-138590.965    41.424    -0.29    5.74
-138224.039    41.218    -0.56    4.77
-137857.192    42.941     4.70    3.68
-137490.425    44.253     3.58    3.87
-137123.737    45.683     3.90    3.83
-136757.129    47.708     5.52    4.03
-136390.601    49.158     3.96    3.33
-136024.152    50.020     2.35    2.81
-135657.783    51.100     2.95    2.10
-135291.493    51.614     1.40    2.13
-134925.282    52.152     1.47    2.00
-134559.151    52.230     0.21    1.84
-134193.099    52.457     0.62    1.54
-133827.127    52.376    -0.22    2.24
-133461.233    52.306    -0.19    2.44
-133095.419    52.680     1.02    2.80
-132729.683    52.788     0.29    2.80
-132364.027    53.306     1.42    2.74
-131998.450    52.950    -0.97    2.56
-131632.951    51.750    -3.28    2.05
-131267.532    50.940    -2.22    1.73
-130902.191    50.367    -1.57    1.90
-130536.929    50.260    -0.29    2.27
-130171.746    49.941    -0.87    3.03
-129806.641    49.897    -0.12    3.55
-129441.615    50.350     1.24    3.92
-129065.246    50.204    -0.39    4.28
-128683.770    50.000    -0.54    4.47
-128302.381    50.084     0.22    4.62
-127921.079    50.869     2.06    4.19
-127539.864    51.598     1.91    3.69
-127158.737    50.653    -2.48    3.96
-126777.696    49.667    -2.59    3.85
-126396.743    48.630    -2.72    3.86
-126015.877    47.315    -3.45    4.06
-125635.097    45.337    -5.20    5.15
-125254.405    43.865    -3.87    5.33
-124873.799    44.690     2.17    5.53
-124493.280    46.511     4.79    4.55
-124112.848    48.130     4.26    3.18
-123732.502    48.698     1.49    2.54
-123352.243    46.079    -6.89    5.21
-122972.071    42.315    -9.90    5.10
-122591.985    41.930    -1.01    4.73
-122211.985    42.667     1.94    5.09
-121832.072    44.604     5.10    4.09
-121452.245    46.516     5.03    2.23
-121072.504    47.172     1.73    2.80
-120692.849    48.216     2.75    3.15
-120313.281    48.560     0.91    2.91
-119933.798    47.792    -2.02    3.50
-119554.402    46.450    -3.54    3.00
-119175.091    45.729    -1.90    2.44
-118795.867    45.880     0.40    2.68
-118416.728    45.959     0.21    2.75
-118037.675    46.020     0.16    2.80
-117658.707    45.806    -0.57    2.56
-117279.826    46.540     1.94    2.97
-116901.030    47.949     3.72    3.12
-116522.319    49.293     3.55    2.66
-116143.694    49.760     1.23    2.65
-115765.154    47.707    -5.42    4.53
-115386.700    45.750    -5.17    5.24
-115008.331    43.837    -5.06    4.82
-114630.047    43.500    -0.89    4.38
-114251.849    45.160     4.39    4.13
-113873.735    46.313     3.05    2.93
-113495.707    46.165    -0.39    2.17
-113117.764    46.242     0.21    2.50
-112739.905    47.010     2.03    3.19
-112362.132    48.000     2.62    3.11
-111984.443    48.594     1.57    2.52
-111606.840    48.327    -0.71    2.17
-111229.321    47.083    -3.29    1.48
-110851.886    46.990    -0.25    1.58
-110474.537    47.137     0.39    1.60
-110097.272    47.020    -0.31    1.92
-109720.091    46.685    -0.89    2.13
-109342.995    46.590    -0.25    2.09
-108965.983    46.181    -1.09    2.14
-108589.056    44.930    -3.32    2.57
-108212.213    43.935    -2.64    2.86
-107835.454    42.283    -4.38    3.67
-107458.779    40.750    -4.07    4.20
-107082.189    40.670    -0.21    4.22
-106705.683    40.371    -0.79    3.80
-106329.260    40.296    -0.20    3.01
-105952.922    41.124     2.20    2.16
-105576.667    41.640     1.37    1.94
-105200.497    41.820     0.48    1.90
-104824.410    41.804    -0.04    2.77
-104448.407    40.388    -3.77    4.49
-104072.487    38.404    -5.28    5.51
-103696.651    36.960    -3.84    5.93
-103320.899    36.708    -0.67    6.12
-102945.230    36.612    -0.26    6.29
-102569.645    37.663     2.80    6.28
-102194.143    39.455     4.77    5.80
-101818.725    40.330     2.33    4.42
-101443.390    40.796     1.24    3.07
-101068.138    41.261     1.24    1.80
-100692.969    40.370    -2.37    2.97
-100317.884    39.106    -3.37    3.81
 -99942.881    38.660    -1.19    3.77
 -99567.962    38.526    -0.36    3.20
 -99193.125    38.960     1.16    2.70
 -98818.372    39.113     0.41    2.58
 -98443.701    38.612    -1.34    3.42
 -98069.113    38.337    -0.74    3.92
 -97694.608    37.786    -1.47    3.71
 -97320.185    37.240    -1.46    2.60
 -96945.846    37.051    -0.50    1.97
 -96571.588    37.061     0.03    2.19
 -96197.414    38.323     3.37    2.98
 -95823.322    39.490     3.12    3.71
 -95449.312    38.705    -2.10    5.76
 -95075.385    36.290    -6.46    7.81
 -94701.540    33.739    -6.82    8.51
 -94327.777    33.990     0.67    8.00
 -93954.096    35.968     5.29    8.66
 -93580.498    38.091     5.68    8.10
 -93206.982    40.227     5.72    6.78
 -92833.548    41.657     3.83    4.90
 -92460.196    42.135     1.28    2.46
 -92086.925    41.367    -2.06    1.98
 -91713.737    40.622    -2.00    1.81
 -91340.631    40.153    -1.26    1.64
 -90967.606    41.343     3.19    2.76
 -90594.663    41.794     1.21    2.51
 -90221.802    42.050     0.69    2.39
 -89849.022    41.968    -0.22    2.24
 -89476.324    41.160    -2.17    1.67
 -89103.708    40.967    -0.52    1.52
 -88731.173    40.959    -0.02    1.55
 -88358.719    40.828    -0.35    1.52
 -87986.347    40.140    -1.85    2.18
 -87614.056    39.449    -1.86    2.05
 -87241.846    38.768    -1.83    1.28
 -86869.718    39.268     1.34    1.64
 -86497.671    40.343     2.89    1.96
 -86125.704    41.561     3.27    1.83
 -85753.819    42.387     2.22    1.13
 -85382.015    42.061    -0.88    1.39
 -85010.292    41.576    -1.30    1.65
 -84638.650    40.720    -2.30    1.48
 -84267.088    40.280    -1.19    1.23
 -83895.608    39.879    -1.08    0.70
 -83524.208    39.773    -0.28    0.76
 -83152.889    39.687    -0.23    1.08
 -82781.650    39.122    -1.52    1.69
 -82410.492    38.586    -1.45    1.93
 -82039.415    38.173    -1.11    2.03
 -81668.418    38.278     0.28    2.44
 -81297.501    38.280     0.00    2.29
 -80926.665    38.957     1.83    2.29
 -80555.910    39.970     2.73    2.68
 -80185.234    41.804     4.95    3.31
 -79814.639    43.626     4.92    2.48
 -79444.124    44.419     2.14    1.73
 -79073.689    43.796    -1.68    1.93
 -78703.334    42.889    -2.45    1.69
 -78333.059    41.677    -3.27    1.59
 -77962.864    41.444    -0.63    1.75
 -77592.749    41.299    -0.39    2.10
 -77222.714    40.848    -1.22    2.56
 -76852.758    40.793    -0.15    3.35
 -76482.883    39.378    -3.83    4.24
 -76113.087    37.967    -3.81    5.65
 -75743.370    36.837    -3.06    6.60
 -75373.734    36.443    -1.06    6.87
 -75004.177    37.082     1.73    6.51
 -74634.699    37.619     1.45    6.33
 -74265.301    38.948     3.60    5.90
 -73895.982    39.570     1.68    5.48
 -73526.743    39.484    -0.23    4.89
 -73157.583    39.273    -0.57    4.90
 -72788.502    38.098    -3.18    5.13
 -72419.501    37.960    -0.37    4.44
 -72050.578    37.892    -0.18    3.83
 -71681.735    37.490    -1.09    3.73
 -71312.971    37.888     1.08    4.00
 -70944.286    37.823    -0.18    4.42
 -70575.679    38.255     1.17    5.13
 -70207.152    38.862     1.65    5.03
 -69838.703    39.224     0.98    3.47
 -69470.334    39.641     1.13    1.83
 -69102.043    39.596    -0.12    1.62
 -68733.830    39.227    -1.00    1.19
 -68365.697    39.165    -0.17    1.42
 -67997.642    39.424     0.70    1.86
 -67629.665    40.020     1.62    2.28
 -67261.767    41.633     4.38    2.79
 -66893.948    43.874     6.09    3.06
 -66526.206    45.245     3.73    2.60
 -66158.544    44.326    -2.50    4.48
 -65790.959    41.245    -8.38    6.80
 -65423.453    36.031   -14.19    8.38
 -65056.025    32.204   -10.42    7.08
 -64688.675    30.907    -3.53    5.20
 -64321.403    33.093     5.95    6.03
 -63954.210    36.535     9.38    4.86
 -63587.094    38.674     5.83    2.25
 -63220.056    39.938     3.44    2.42
 -62853.096    40.372     1.18    2.56
 -62486.214    39.732    -1.75    3.66
 -62119.410    38.365    -3.73    4.86
 -61752.684    37.194    -3.19    4.70
 -61386.035    36.949    -0.67    4.23
 -61019.464    37.863     2.49    4.00
 -60652.971    37.545    -0.87    4.15
 -60286.555    36.066    -4.04    4.57
 -59920.217    33.724    -6.39    4.02
 -59553.956    33.443    -0.77    4.03
 -59187.772    35.469     5.53    4.91
 -58821.666    37.649     5.96    4.83
 -58455.637    39.216     4.28    3.75
 -58089.686    39.041    -0.48    3.23
 -57723.812    36.913    -5.82    3.73
 -57358.015    34.732    -5.96    3.44
 -56992.295    33.649    -2.96    2.61
 -56626.652    32.732    -2.51    2.35
 -56261.086    31.763    -2.65    2.32
 -55895.597    30.677    -2.97    2.02
 -55530.185    29.865    -2.22    1.73
 -55164.850    29.641    -0.61    1.76
 -54799.592    30.072     1.18    2.03
 -54428.252    30.758     1.85    2.11
 -54046.942    31.337     1.52    1.70
 -53665.718    31.978     1.68    1.24
 -53284.579    32.818     2.20    1.88
 -52903.525    33.793     2.56    2.07
 -52522.555    33.959     0.43    1.92
 -52141.671    32.560    -3.67    3.15
 -51760.871    30.378    -5.73    3.66
 -51380.156    28.826    -4.08    2.88
 -50999.526    28.606    -0.58    2.44
 -50618.980    28.231    -0.99    2.29
 -50238.519    28.063    -0.44    2.00
 -49858.143    28.656     1.56    3.39
 -49477.851    29.510     2.25    3.72
 -49097.643    30.217     1.86    3.70
 -48717.520    28.899    -3.47    4.53
 -48337.481    27.835    -2.80    3.74
 -47957.526    27.771    -0.17    3.41
 -47577.655    28.576     2.12    3.10
 -47197.869    28.242    -0.88    2.84
 -46818.166    27.152    -2.87    2.68
 -46438.548    26.313    -2.21    2.65
 -46059.013    25.571    -1.95    2.05
 -45679.563    24.680    -2.35    1.89
 -45300.196    24.130    -1.45    1.61
 -44920.914    23.162    -2.55    1.74
 -44541.714    22.054    -2.92    1.50
 -44162.599    21.694    -0.95    1.49
 -43783.567    20.811    -2.33    1.35
 -43404.619    19.526    -3.39    2.32
 -43025.754    17.554    -5.20    3.09
 -42646.973    15.404    -5.68    3.05
 -42268.276    13.250    -5.69    2.54
 -41889.661    11.673    -4.16    2.44
 -41511.130    10.667    -2.66    2.25
 -41132.682    10.175    -1.30    1.85
 -40754.318    10.670     1.31    2.00
 -40376.036    11.469     2.11    2.25
 -39997.838    11.989     1.38    2.93
 -39619.723    12.960     2.57    3.68
 -39241.690    13.815     2.26    3.80
 -38863.741    15.186     3.63    3.62
 -38485.874    16.284     2.91    3.08
 -38108.091    17.186     2.39    2.19
 -37730.390    17.144    -0.11    2.04
 -37352.771    16.918    -0.60    1.98
 -36975.236    16.811    -0.29    1.46
 -36597.783    16.856     0.12    1.26
 -36220.413    16.915     0.16    1.03
 -35843.125    16.458    -1.21    1.28
 -35465.919    15.847    -1.62    1.70
 -35088.796    14.990    -2.27    1.76
 -34711.756    14.463    -1.40    1.42
 -34334.797    14.082    -1.01    1.25
 -33957.921    13.750    -0.88    1.64
 -33581.127    12.875    -2.32    2.09
 -33204.415    11.680    -3.17    1.91
 -32827.786    10.453    -3.26    0.94
 -32451.238    10.684     0.61    1.86
 -32074.772    12.365     4.47    3.31
 -31698.389    14.302     5.15    3.42
 -31322.087    16.063     4.68    2.38
 -30945.866    16.439     1.00    2.05
 -30569.728    16.247    -0.51    2.38
 -30193.671    15.939    -0.82    2.50
 -29817.696    15.383    -1.48    2.64
 -29441.803    14.646    -1.96    2.96
 -29065.991    13.663    -2.62    3.51
 -28690.261    12.454    -3.22    3.56
 -28314.612    11.467    -2.63    3.29
 -27939.045    10.302    -3.10    2.78
 -27563.558     9.000    -3.47    2.35
 -27188.154     8.052    -2.53    2.01
 -26812.830     7.394    -1.75    1.69
 -26437.588     9.357     5.23    5.83
 -26062.426    13.098     9.97    8.46
 -25687.346    18.418    14.19    8.81
 -25312.347    22.774    11.62    5.57
 -24937.429    21.969    -2.15    4.61
 -24562.592    18.876    -8.25    5.22
 -24187.835    15.536    -8.91    4.56
 -23813.160    13.521    -5.38    2.90
 -23438.565    12.729    -2.11    1.93
 -23064.051    12.722    -0.02    1.52
 -22689.617    12.884     0.43    1.41
 -22315.265    13.196     0.83    1.50
 -21940.992    12.946    -0.67    1.90
 -21566.801    12.680    -0.71    2.24
 -21192.690    12.882     0.54    2.20
 -20818.659    12.948     0.18    2.17
 -20444.708    12.826    -0.33    2.17
 -20070.838    12.144    -1.82    2.45
 -19697.048    11.111    -2.76    2.78
 -19323.339    10.211    -2.41    2.37
 -18949.709    10.744     1.43    2.79
 -18576.160    12.531     4.78    3.29
 -18202.691    14.594     5.52    3.04
 -17829.301    16.453     4.98    2.27
 -17455.992    17.734     3.43    2.49
 -17082.762    17.562    -0.46    3.28
 -16709.613    16.274    -3.45    4.40
 -16336.543    14.344    -5.17    4.66
 -15963.553    13.479    -2.32    4.35
 -15590.643    14.309     2.23    4.51
 -15217.812    15.814     4.04    4.25
 -14845.061    17.261     3.88    2.81
 -14472.389    16.546    -1.92    2.90
 -14099.797    13.783    -7.42    4.28
 -13727.285    11.475    -6.20    3.96
 -13354.851    10.600    -2.35    4.15
 -12982.498    12.433     4.92    5.03
 -12610.223    15.622     8.57    4.23
 -12238.028    18.763     8.44    3.86
 -11865.912    20.355     4.28    3.29
 -11493.875    19.958    -1.07    3.84
 -11121.917    18.439    -4.09    4.22
 -10750.038    16.208    -6.00    3.03
 -10378.238    15.000    -3.25    0.00
 -10006.517    15.000     0.00    0.00
  -9634.876    15.000     0.00    0.00
  -9263.312    15.000     0.00    0.00
  -8891.828    15.000     0.00    0.00
  -8520.423    15.000     0.00    0.00
  -8149.096    15.000     0.00    0.00
  -7777.848    15.000     0.00    0.00
  -7406.678    15.000     0.00    0.00
  -7035.587    15.253     0.68    1.18
  -6664.574    16.400     3.09    2.42
  -6293.640    17.105     1.90    2.45
  -5922.785    16.896    -0.56    2.81
  -5552.007    15.458    -3.88    3.58
  -5181.308    13.562    -5.11    2.63
  -4810.688    13.443    -0.32    2.41
  -4440.145    15.250     4.88    3.48
  -4069.681    16.021     2.08    5.60
  -3699.295    13.318    -7.30    8.91
  -3328.986     8.216   -13.78    9.79
  -2958.756     2.178   -16.31    6.19
  -2588.604     0.000    -5.88    0.00
  -2218.530     0.000     0.00    0.00
  -1848.533     0.000     0.00    0.00
  -1478.615     0.000     0.00    0.00
  -1108.774     0.000     0.00    0.00
   -739.011     0.000     0.00    0.00
   -369.325     0.000     0.00    0.00
      0.283     0.000     0.00    0.00
    369.813     0.000     0.00    0.00
    739.265     0.000     0.00    0.00
   1108.641     0.000     0.00    0.00
   1477.939    11.691    31.66   22.41
   1847.159    25.688    37.91   30.20
   2216.302    44.432    50.78   31.01
   2585.368    60.453    43.41   23.18
   2954.356    73.691    35.88    9.02
   3323.268    78.458    12.92    8.47
   3692.102    84.667    16.83    8.77
   4060.859    90.417    15.59    8.96
   4429.539    95.967    15.05    7.50
   4798.142   100.181    11.43    6.45
   5166.668   103.670     9.47    4.93
   5535.117   104.907     3.36    4.68
   5903.490   103.118    -4.86    6.27
   6271.785    97.594   -15.00    9.72
   6640.004    91.188   -17.40   12.30
   7008.146    81.213   -27.09   11.72
   7376.212    74.948   -17.02   10.12
   7744.200    69.151   -15.76    9.13
   8112.113    64.443   -12.79   10.49
   8479.948    58.478   -16.22    9.73
   8847.708    53.588   -13.30    8.21
   9215.390    51.652    -5.26    8.11
   9582.997    49.781    -5.09    9.31
   9950.527    49.389    -1.07    9.81
  10317.981    52.453     8.34    9.62
  10685.358    54.853     6.53    7.69
  11052.659    55.793     2.56    7.69
  11419.885    57.469     4.56    8.28
  11787.034    59.655     5.96   10.33
  12154.107    65.188    15.07   10.85
  12521.104    70.933    15.66    8.22
  12888.025    69.695    -3.38   10.23
  13254.870    65.351   -11.84   11.60
  13621.639    61.553   -10.35    9.49
  13988.333    59.583    -5.37    7.69
  14354.950    57.826    -4.79    5.53
  14721.492    56.959    -2.37    4.00
  15087.959    56.087    -2.38    4.27
  15454.349    54.175    -5.22    4.63
  15820.664    53.022    -3.15    4.95
  16186.904    53.557     1.46    6.92
  16553.068    55.905     6.41   10.13
  16919.157    60.011    11.21   11.09
  17285.170    61.969     5.35   10.55
  17651.108    61.967    -0.00    8.51
  18016.970    57.726   -11.59   10.72
  18382.757    49.609   -22.19   12.94
  18748.469    40.240   -25.62   12.18
  19114.106    33.581   -18.21    6.44
  19479.668    31.723    -5.08    4.19
  19845.155    32.474     2.05    4.97
  20211.861    35.117     7.21    4.21
  20593.005    37.211     5.49    5.41
  20974.066    39.862     6.96    7.84
  21355.045    43.043     8.35    8.51
  21735.941    44.811     4.64    7.80
  22116.754    45.427     1.62    5.95
  22497.484    42.674    -7.23    5.12
  22878.132    40.463    -5.81    5.91
  23258.698    39.915    -1.44    6.51
  23639.181    41.042     2.96    7.69
  24019.581    43.156     5.56    6.99
  24399.899    44.421     3.33    8.02
  24780.135    39.936   -11.79   11.02
  25160.288    36.223    -9.77   10.26
  25540.360    34.463    -4.63    9.73
  25920.349    34.096    -0.97    9.46
  26300.256    35.181     2.86    9.73
  26680.081    37.149     5.18    8.92
  27059.824    38.800     4.35    7.93
  27439.485    39.108     0.81    7.20
  27819.064    40.242     2.99    7.13
  28198.561    41.117     2.31    7.43
  28577.976    43.760     6.97    8.05
  28957.310    46.774     7.94    6.98
  29336.562    50.653    10.23    6.84
  29715.732    54.989    11.44    6.54
  30094.821    59.188    11.07    6.11
  30473.828    60.674     3.92    5.82
  30852.754    61.126     1.19    5.77
  31231.598    60.152    -2.57    6.34
  31610.361    56.905    -8.57    6.44
  31989.042    56.916     0.03    6.03
  32367.642    57.958     2.75    6.64
  32746.161    61.652     9.76    8.73
  33124.599    65.083     9.07    7.18
  33502.956    66.826     4.61    5.46
  33881.232    67.084     0.68    4.22
  34259.426    65.681    -3.71    3.95
  34637.540    62.768    -7.70    5.57
  35015.572    59.226    -9.37    6.97
  35393.524    56.516    -7.17    6.73
  35771.395    55.641    -2.31    6.00
  36149.185    59.116     9.20    6.68
  36526.895    62.946    10.14    5.65
  36904.524    66.168     8.53    5.63
  37282.072    69.903     9.89    4.49
  37659.540    71.695     4.75    4.16
  38036.927    72.564     2.30    3.58
  38414.233    72.851     0.76    3.28
  38791.460    71.763    -2.88    4.22
  39168.606    69.366    -6.36    4.94
  39545.671    66.979    -6.33    4.67
  39922.657    65.149    -4.85    3.21
  40299.562    64.989    -0.42    2.77
  40676.387    65.385     1.05    3.95
  41053.132    65.511     0.33    4.65
  41429.796    65.053    -1.22    4.58
  41806.381    63.468    -4.21    4.03
  42182.886    62.223    -3.31    2.65
  42559.311    61.096    -3.00    1.96
  42935.656    61.075    -0.05    1.86
  43311.921    61.505     1.14    1.90
  43688.107    62.479     2.59    2.18
  44064.212    63.266     2.09    2.16
  44440.239    64.521     3.34    3.03
  44816.185    66.333     4.82    3.07
  45192.052    67.947     4.29    2.93
  45567.839    67.957     0.03    3.41
  45943.547    66.250    -4.54    3.87
  46319.176    64.032    -5.90    3.18
  46694.725    63.587    -1.18    2.81
  47070.195    64.516     2.47    4.03
  47445.586    65.644     3.01    4.74
  47820.897    66.968     3.53    5.32
  48196.130    66.652    -0.84    5.48
  48571.283    65.844    -2.15    5.38
  48946.357    66.711     2.31    6.67
  49321.352    68.684     5.26    7.93
  49696.268    70.977     6.12    8.18
  50071.105    72.667     4.51    7.30
  50445.864    75.628     7.90    8.25
  50820.543    81.670    16.13    9.66
  51195.144    87.598    15.82    7.46
  51569.666    90.309     7.24    4.44
  51944.110    90.956     1.73    3.05
  52318.474    90.731    -0.60    2.98
  52692.761    89.641    -2.91    3.62
  53066.968    87.811    -4.89    4.29
  53441.097    85.901    -5.10    5.43
  53815.148    81.863   -10.79    6.82
  54189.121    77.419   -11.88    7.28
  54563.015    72.372   -13.50    5.81
  54936.831    69.160    -8.59    4.65
  55310.568    66.075    -8.25    4.17
  55684.228    64.621    -3.89    3.84
  56057.809    64.100    -1.39    3.39
  56431.312    65.000     2.41    4.21
  56804.737    67.304     6.17    5.12
  57178.084    69.419     5.66    5.76
  57551.354    70.198     2.09    5.60
  57924.545    70.160    -0.10    4.94
  58297.658    71.284     3.01    3.86
  58670.694    70.926    -0.96    3.04
  59043.652    70.279    -1.73    2.16
  59416.532    69.473    -2.16    2.98
  59789.335    67.552    -5.15    3.64
  60162.060    65.511    -5.48    4.25
  60534.707    63.389    -5.69    3.99
  60907.277    60.677    -7.28    5.02
  61279.770    58.793    -5.06    6.19
  61652.185    57.516    -3.43    6.77
  62024.523    55.371    -5.76    6.93
  62396.783    52.426    -7.91    7.24
  62768.966    49.543    -7.75    6.01
  63141.072    48.194    -3.63    5.17
  63513.101    48.883     1.85    5.16
  63885.053    50.978     5.63    3.89
  64256.927    53.532     6.87    3.52
  64628.725    55.330     4.84    4.07
  65000.445    57.105     4.78    4.68
  65372.089    57.242     0.37    4.53
  65743.656    56.208    -2.78    4.53
  66115.145    53.539    -7.18    5.35
  66486.559    50.128    -9.19    6.67
  66857.895    46.920    -8.64    7.65
  67229.154    43.755    -8.52    6.47
  67600.337    42.044    -4.61    4.89
  67971.444    43.202     3.12    6.16
  68342.474    46.505     8.90    8.29
  68713.427    49.598     8.34    8.64
  69084.304    50.053     1.23    8.56
  69455.104    48.667    -3.74    7.94
  69825.828    47.117    -4.18    6.88
  70196.476    44.645    -6.67    6.95
  70567.048    40.628   -10.84    9.53
  70937.543    35.202   -14.64    9.33
  71307.962    31.387   -10.30    7.80
  71678.305    29.047    -6.32    7.88
  72048.572    26.946    -5.67    7.38
  72418.762    23.931    -8.14    6.23
  72788.877    20.085   -10.39    3.26
  73158.916    18.396    -4.57    2.91
  73528.879    14.234   -11.25    7.03
  73898.766    10.753    -9.41    8.31
  74268.577     7.734    -8.16    8.05
  74638.313     8.478     2.01    8.57
  75007.972    13.699    14.12    8.73
  75377.556    17.548    10.42    6.98
  75747.065    21.099     9.61    2.55
  76116.498    21.617     1.40    2.04
  76485.855    22.046     1.16    1.68
  76855.137    21.946    -0.27    1.80
  77224.343    21.644    -0.82    2.00
  77593.474    22.140     1.34    2.58
  77962.530    22.772     1.71    2.70
  78331.510    23.734     2.61    2.04
  78700.415    24.567     2.26    1.41
  79069.245    25.054     1.32    1.52
  79438.000    25.380     0.89    1.49
  79806.679    25.685     0.83    1.41
  80175.284    25.766     0.22    1.41
  80543.813    25.180    -1.59    1.52
  80912.268    25.298     0.32    1.82
  81280.647    25.557     0.70    2.03
  81648.952    26.287     1.98    2.08
  82017.182    27.522     3.35    1.42
  82385.337    27.543     0.06    1.38
  82753.417    27.225    -0.86    1.54
  83121.422    27.000    -0.61    1.67
  83489.353    27.033     0.09    1.72
  83857.209    27.925     2.42    1.64
  84224.991    28.617     1.88    1.83
  84592.698    27.933    -1.86    2.74
  84960.331    27.054    -2.39    3.13
  85327.889    25.920    -3.08    2.70
  85695.372    25.330    -1.61    1.72
  86062.782    25.769     1.20    1.17
  86430.117    26.484     1.95    1.62
  86797.378    26.407    -0.21    2.18
  87164.564    26.269    -0.38    2.21
  87531.677    26.043    -0.61    2.09
  87898.715    25.714    -0.90    1.90
  88265.679    26.989     3.47    2.21
  88632.569    28.230     3.38    2.48
  88999.385    29.441     3.30    2.10
  89366.127    29.598     0.43    1.74
  89732.796    28.947    -1.78    2.03
  90099.390    28.630    -0.86    1.94
  90465.911    28.674     0.12    1.97
  90832.357    29.075     1.10    1.88
  91198.730    29.191     0.32    2.12
  91565.030    29.409     0.59    2.12
  91931.255    29.618     0.57    2.04
  92297.408    30.591     2.66    2.28
  92663.486    31.640     2.86    2.28
  93029.491    32.957     3.60    2.49
  93395.423    34.077     3.06    1.71
  93761.281    34.174     0.27    1.36
  94127.066    34.333     0.44    1.32
  94492.777    34.300    -0.09    1.34
  94858.415    34.745     1.22    1.70
  95236.166    35.681     2.48    1.98
  95617.063    36.957     3.35    2.36
  95997.879    38.247     3.39    1.73
  96378.615    39.174     2.43    1.29
  96759.270    39.903     1.92    1.08
  97139.845    40.283     1.00    1.14
  97520.340    40.796     1.35    0.97
  97900.754    40.511    -0.75    1.62
  98281.087    39.904    -1.59    2.05
  98661.341    39.270    -1.67    1.76
  99041.514    39.376     0.28    2.32
  99421.607    38.511    -2.28    4.51
  99801.620    37.280    -3.24    5.97
 100181.553    35.807    -3.88    6.84
 100561.405    34.926    -2.32    6.31
 100941.178    34.922    -0.01    5.16
 101320.871    35.097     0.46    3.61
 101700.484    35.189     0.24    2.25
 102080.017    34.859    -0.87    1.90
 102459.471    34.899     0.11    2.13
 102838.844    34.772    -0.34    2.21
 103218.138    33.573    -3.16    2.66
 103597.353    33.419    -0.41    2.23
 103976.488    34.670     3.30    3.24
 104355.543    36.383     4.52    3.72
 104734.519    38.460     5.48    2.19
 105113.415    38.774     0.83    1.65
 105492.232    37.966    -2.13    1.49
 105870.970    37.301    -1.75    1.44
 106249.628    36.337    -2.55    1.13
 106628.207    36.409     0.19    1.25
 107006.707    37.407     2.64    2.25
 107385.128    38.870     3.86    2.58
 107763.470    40.174     3.45    1.76
 108141.732    40.000    -0.46    2.40
 108519.916    38.616    -3.66    3.50
 108898.021    37.967    -1.72    3.45
 109276.046    38.314     0.92    3.94
 109653.993    39.837     4.03    3.87
 110031.862    41.198     3.60    2.50
 110409.651    40.624    -1.52    2.73
 110787.362    38.779    -4.88    3.25
 111164.994    36.645    -5.65    2.72
 111542.548    35.368    -3.38    1.71
 111920.023    35.903     1.42    1.79
 112297.419    36.724     2.18    2.26
 112674.737    37.882     3.07    2.25
 113051.977    38.632     1.99    1.54
 113429.138    39.117     1.29    1.97
 113806.221    39.736     1.64    2.59
 114183.226    41.543     4.79    2.83
 114560.152    42.862     3.50    2.39
 114937.000    43.591     1.94    2.52
 115313.771    44.379     2.09    2.54
 115690.463    45.806     3.79    3.22
 116067.077    47.552     4.63    2.77
 116443.613    48.978     3.79    2.30
 116820.071    49.872     2.37    1.71
 117196.451    49.785    -0.23    1.44
 117572.754    49.860     0.20    1.60
 117948.979    50.598     1.96    2.01
 118325.126    51.419     2.18    2.16
 118701.195    52.753     3.55    1.69
 119077.186    53.988     3.29    1.93
 119453.101    55.076     2.89    2.37
 119828.937    56.628     4.13    2.06
 120204.696    57.707     2.87    1.72
 120580.378    58.069     0.96    1.64
 120955.982    56.656    -3.76    3.02
 121331.509    54.218    -6.49    3.88
 121706.958    51.261    -7.88    4.01
 122082.330    48.287    -7.92    2.82
 122457.625    46.609    -4.47    2.39
 122832.843    46.136    -1.26    1.99
 123207.984    47.154     2.71    2.38
 123583.048    48.898     4.65    2.78
 123958.034    50.989     5.58    2.73
 124332.944    53.163     5.80    3.33
 124707.777    55.011     4.93    3.11
 125082.533    57.284     6.07    3.36
 125457.212    59.699     6.44    3.04
 125831.814    60.409     1.90    2.67
 126206.339    60.366    -0.12    2.72
 126580.788    59.318    -2.80    2.57
 126955.160    59.312    -0.02    2.47
 127329.456    61.386     5.54    3.51
 127703.675    63.196     4.83    3.47
 128077.817    64.600     3.75    2.79
 128451.883    65.424     2.20    2.88
 128825.873    65.578     0.41    3.76
 129199.786    66.183     1.62    4.15
 129573.623    66.389     0.55    4.57
 129947.383    64.538    -4.95    6.22
 130321.068    60.733   -10.18    8.07
 130694.676    55.978   -12.73    9.55
 131068.208    51.130   -12.98   10.89
 131441.664    46.077   -13.53   12.60
 131815.044    42.330   -10.03   12.08
 132188.348    40.611    -4.60   10.06
 132561.576    39.174    -3.85    8.06
 132934.728    40.126     2.55    6.99
 133307.804    40.424     0.80    5.79
 133680.804    41.151     1.95    4.78
 134053.729    40.891    -0.70    4.61
 134426.577    38.756    -5.73    5.62
 134799.351    36.185    -6.90    5.24
 135172.048    32.814    -9.04    4.17
 135544.670    30.826    -5.33    4.52
 135917.216    29.425    -3.76    4.90
 136289.687    27.957    -3.94    4.30
 136662.083    26.000    -5.25    4.12
 137034.403    23.967    -5.46    4.09
 137406.647    22.152    -4.87    5.09
 137778.817    19.495    -7.14    5.41
 138150.911    17.602    -5.09    4.71
 138522.930    16.211    -3.74    3.39
 138894.873    17.283     2.88    3.64
 139266.742    20.034     7.40    2.66
 139638.535    21.489     3.91    2.53
 140010.254    22.886     3.76    2.74
 140381.897    24.835     5.24    3.41
 140753.465    28.562    10.03    5.14
 141124.959    31.859     8.87    5.18
 141496.378    34.805     7.93    3.73
 141867.721    34.968     0.44    4.24
 142238.990    34.059    -2.45    5.39
 142610.185    31.978    -5.61    5.69
 142981.304    28.212   -10.15    7.26
 143352.349    24.892    -8.94    7.56
 143723.320    22.483    -6.50    6.32
 144094.215    22.565     0.22    5.87
 144465.037    24.169     4.32    5.11
 144835.784    24.380     0.57    4.75
 145206.456    24.144    -0.64    4.63
 145577.054    25.207     2.87    4.71
 145947.578    27.011     4.87    4.77
 146318.027    29.303     6.19    4.37
 146688.402    32.253     7.96    2.47
 147058.703    34.284     5.49    3.22
 147428.930    35.264     2.65    3.06
 147799.083    35.670     1.10    3.54
 148169.161    35.022    -1.75    4.14
 148539.166    32.605    -6.53    5.00
 148909.097    29.380    -8.71    6.56
 149278.953    26.302    -8.32    7.37
 149648.736    25.344    -2.59    7.26
 150018.445    25.875     1.43    6.78
 150388.080    25.670    -0.55    5.41
 150757.642    26.568     2.43    5.24
 151127.129    26.446    -0.33    6.68
 151496.543    26.000    -1.21    7.98
 151865.884    25.337    -1.80    8.45
 152235.151    22.389    -7.98    7.18
 152604.344    19.462    -7.93    6.10
 152973.464    17.242    -6.02    4.16
 153342.510    17.360     0.32    4.27
 153711.483    20.813     9.36    6.10
 154080.383    25.942    13.90    6.77
 154449.209    32.000    16.42    8.40
 154817.962    36.694    12.73    7.73
 155186.641    39.043     6.37    8.20
 155555.248    38.126    -2.49    9.22
 155923.781    32.978   -13.97   10.51
 156292.242    29.080   -10.58    9.88
 156660.629    24.911   -11.31    7.23
 157028.943    22.744    -5.88    4.02
 157397.184    24.097     3.67    5.40
 157765.352    25.644     4.20    6.28
 158133.448    25.835     0.52    6.15
 158501.470    24.533    -3.54    4.83
 158869.420    23.337    -3.25    3.62
 159237.297    23.967     1.71    5.42
 159605.101    25.151     3.22    6.56
 159972.833    25.522     1.01    6.06
 160340.492    25.967     1.21    5.77
 160708.078    26.725     2.06    6.44
 161075.592    30.156     9.33    8.26
 161443.033    33.769     9.83    8.53
 161810.402    36.857     8.40    7.95
 162177.698    39.674     7.67    6.61
 162544.922    40.099     1.16    5.39
 162912.074    40.079    -0.06    5.68
 163279.153    40.011    -0.18    6.72
 163646.161    39.430    -1.58    7.07
 164013.096    40.196     2.09    7.46
 164379.958    41.115     2.51    8.27
 164746.749    42.385     3.46    9.32
 165113.468    44.323     5.28    9.44
 165480.114    48.344    10.97    8.28
 165846.689    51.484     8.56    5.93
 166213.191    53.511     5.53    5.03
 166579.622    55.747     6.10    4.44
 166945.981    57.884     5.83    3.40
 167312.268    57.613    -0.74    4.89
 167678.483    56.155    -3.98    6.90
 168044.626    54.341    -4.95    7.89
 168410.698    52.341    -5.46    8.22
 168776.698    51.802    -1.47    7.94
 169142.627    51.077    -1.98    7.71
 169508.484    50.400    -1.85    7.63
 169881.896    48.098    -6.16    8.37
 170262.633    43.678   -11.61    9.80
 170643.291    39.376   -11.30   10.07
 171023.872    34.811   -11.99    8.47
 171404.373    33.264    -4.07    6.56
 171784.797    34.489     3.22    6.62
 172165.142    37.697     8.43    7.41
 172545.408    42.725    13.22    7.44
 172925.597    46.851    10.85    7.67
 173305.707    49.804     7.77    7.16
 173685.740    52.635     7.45    7.26
 174065.694    55.000     6.22    7.63
 174445.570    57.588     6.81    6.80
 174825.368    59.556     5.18    5.27
 175205.089    58.893    -1.75    4.60
 175584.731    56.787    -5.55    4.94
 175964.296    53.435    -8.83    5.62
 176343.782    50.044    -8.93    6.31
 176723.191    46.942    -8.18    6.56
 177102.523    45.522    -3.74    5.60
 177481.776    47.701     5.75    7.49
 177860.952    52.978    13.91   11.64
 178240.051    58.112    13.54   12.85
 178619.072    60.703     6.83   12.25
 178998.015    62.133     3.77   10.27
 179376.882    60.089    -5.40    7.92
 179755.670    55.570   -11.93    8.81
 180134.382    51.056   -11.92    9.83
 180513.016    48.087    -7.84    9.23
 180891.573    47.100    -2.61    9.62
 181270.053    50.589     9.22   10.28
 181648.455    54.865    11.30    8.89
 182026.781    60.580    15.10    6.34
 182405.030    65.022    11.74    7.19
 182783.201    68.833    10.08    7.66
 183161.296    68.857     0.06    7.72
 183539.313    64.789   -10.76    9.08
 183917.254    57.462   -19.38    8.73
 184295.118    51.967   -14.54    5.96
 184672.906    53.033     2.82    7.47
 185050.616    57.656    12.24   10.20
 185428.250    62.292    12.28    8.96
 185805.807    64.556     5.99    5.44
 186183.288    62.701    -4.91    5.86
 186560.692    58.835   -10.24    5.31
 186938.020    55.966    -7.60    4.77
 187315.271    55.462    -1.34    4.71
 187692.446    57.523     5.46    5.96
 188069.545    60.596     8.15    5.48
 188446.567    61.253     1.74    5.41
 188823.513    58.538    -7.20    6.54
 189200.382    54.977    -9.45    5.07
 189577.176    54.733    -0.65    4.84
 189953.893    57.205     6.56    5.85
 190330.535    60.604     9.03    4.53
 190707.100    61.764     3.08    3.12
 191083.590    59.802    -5.21    4.27
 191460.003    56.629    -8.43    5.58
 191836.341    54.484    -5.70    5.20
 192212.602    54.247    -0.63    5.91
 192588.788    55.330     2.88    7.07
 192964.899    56.205     2.33    6.82
 193340.933    52.867    -8.88    9.25
 193716.892    49.736    -8.33    8.90
 194092.775    48.789    -2.52    8.33
 194468.583    51.106     6.16    8.43
 194844.315    54.191     8.21    5.84
 195219.971    52.318    -4.99    6.84
 195595.553    48.356   -10.55    6.48
 195971.058    44.512   -10.24    5.15
 196346.489    40.900    -9.62    4.86
 196721.844    38.523    -6.33    4.38
 197097.124    37.923    -1.60    4.33
 197472.329    38.730     2.15    4.13
 197847.458    41.270     6.77    4.20
 198222.512    42.067     2.13    5.81
 198597.492    43.292     3.27    6.73
 198972.396    45.674     6.35    6.74
 199347.225    47.538     4.97    5.33
 199721.980    48.644     2.95    3.44
 200096.659    49.056     1.10    4.17
 200471.264    47.747    -3.49    5.09
 200845.794    44.922    -7.54    6.53
 201220.249    42.398    -6.74    7.70
 201594.629    39.396    -8.02    7.06
 201968.934    37.805    -4.25    6.61
 202343.165    38.517     1.90    7.07
 202717.322    38.216    -0.80    6.82
 203091.404    37.708    -1.36    6.43
 203465.411    38.267     1.49    5.98
 203839.344    39.667     3.74    6.38
 204213.202    40.708     2.78    6.19
 204586.987    41.400     1.85    5.47
 204960.696    41.811     1.10    5.73
 205334.332    41.670    -0.38    7.86
 205707.893    41.865     0.52   10.59
 206081.380    40.489    -3.69   12.61
 206454.793    39.722    -2.05   12.44
 206828.132    36.413    -8.86   10.71
 207201.397    31.444   -13.31    7.24
 207574.588    28.656    -7.47    4.43
 207947.704    26.533    -5.69    2.54
 208320.747    25.333    -3.22    2.12
 208693.716    24.267    -2.86    1.66
 209066.611    23.942    -0.87    1.26
 209439.433    24.551     1.63    1.87
 209812.180    25.929     3.70    2.00
 210184.854    27.449     4.08    2.23
 210557.454    28.464     2.72    1.98
 210929.981    28.820     0.96    2.31
 211302.434    29.381     1.51    3.30
 211674.813    29.922     1.45    3.36
 212047.119    31.310     3.73    2.79
 212419.352    31.793     1.30    2.67
 212791.511    31.306    -1.31    2.84
 213163.597    31.604     0.80    3.13
 213535.609    31.341    -0.71    3.44
 213907.548    31.911     1.53    3.30
 214279.414    33.256     3.62    3.60
 214651.207    34.180     2.48    3.45
 215022.926    35.151     2.61    3.30
 215394.573    35.652     1.35    2.86
 215766.146    34.989    -1.78    3.31
 216137.646    34.506    -1.30    3.45
 216509.074    32.932    -4.24    2.69
 216880.428    31.966    -2.60    1.96
 217251.710    32.101     0.36    2.23
 217622.918    31.932    -0.46    2.42
 217994.054    32.967     2.79    2.76
 218365.117    34.655     4.55    3.19
 218736.108    36.144     4.01    3.22
 219107.025    37.793     4.44    2.65
 219477.870    39.000     3.25    2.83
 219848.643    40.352     3.65    2.23
 220219.343    41.637     3.47    2.42
 220589.970    43.440     4.86    3.05
 220960.525    44.211     2.08    2.81
 221331.008    44.667     1.23    2.66
 221701.418    43.943    -1.95    2.78
 222071.755    43.048    -2.42    2.26
 222442.021    43.090     0.11    2.36
 222812.214    44.176     2.93    2.99
 223182.335    45.169     2.68    2.99
 223552.384    46.138     2.62    2.95
 223922.361    47.216     2.91    3.03
 224292.265    48.281     2.88    4.33
 224662.098    49.878     4.32    4.79
 225031.858    51.443     4.23    4.76
 225401.547    52.898     3.93    4.41
 225771.163    53.596     1.89    4.08
 226140.708    54.126     1.44    4.05
 226510.181    52.270    -5.02    4.25
 226879.582    51.580    -1.87    4.08
 227248.912    51.484    -0.26    5.63
 227618.169    48.964    -6.82    9.13
 227987.355    42.078   -18.65   14.36
 228356.469    32.366   -26.31   14.53
 228725.512    23.191   -24.86    8.62
 229094.483    18.583   -12.49    1.90
 229463.383    18.348    -0.64    1.80
 229832.211    18.195    -0.41    1.92
 230200.968    18.022    -0.47    2.09
 230569.653    17.909    -0.31    2.35
 230938.267    17.584    -0.88    2.29
 231306.810    17.322    -0.71    2.12
 231675.282    17.770     1.22    2.32
 232043.682    17.831     0.17    2.33
 232412.011    18.724     2.42    2.33
 232780.269    19.626     2.45    1.51
 233148.456    20.059     1.17    1.31
 233516.572    20.978     2.50    2.05
 233884.616    21.845     2.36    2.37
 234252.590    21.956     0.30    2.26
 234620.493    22.012     0.15    1.98
 234988.325    21.398    -1.67    2.01
 235356.086    21.105    -0.80    1.79
 235723.776    22.067     2.62    2.30
 236091.396    23.161     2.97    2.26
 236458.945    24.034     2.38    1.93
 236826.423    24.697     1.80    1.61
 237193.830    25.506     2.20    1.78
 237561.167    26.112     1.65    1.84
 237928.433    26.663     1.50    2.06
 238295.629    26.023    -1.74    3.09
 238662.754    24.274    -4.76    3.68
 239029.809    23.278    -2.71    3.73
 239396.794    24.095     2.23    4.59
 239763.708    26.703     7.11    4.65
 240130.552    29.253     6.95    3.60
 240497.325    31.180     5.25    1.70
 240864.028    31.575     1.08    1.57
 241230.661    32.216     1.75    1.19
 241597.224    32.289     0.20    1.33
 241963.717    31.655    -1.73    1.80
 242330.139    30.678    -2.67    2.64
 242696.492    28.929    -4.77    3.45
 243062.774    27.375    -4.24    3.53
 243428.987    26.881    -1.35    4.26
 243795.130    27.874     2.71    4.87
 244161.203    28.663     2.16    5.06
 244530.620    30.333     4.52    4.41
 244911.197    31.188     2.25    2.90
 245291.697    31.522     0.88    2.45
 245672.121    31.964     1.16    2.74
 246052.469    33.333     3.60    2.76
 246432.741    34.598     3.32    1.88
 246812.936    34.205    -1.03    1.85
 247193.055    33.845    -0.95    1.68
 247573.098    33.227    -1.63    1.84
 247953.065    32.930    -0.78    2.13
 248332.956    33.700     2.03    2.38
 248712.770    34.655     2.51    2.42
 249092.509    35.467     2.14    2.06
 249472.172    35.885     1.10    2.04
 249851.759    36.562     1.78    2.93
 250231.270    38.091     4.03    3.52
 250610.706    41.023     7.73    4.21
 250990.065    44.344     8.75    4.22
 251369.349    45.943     4.21    4.70
 251748.557    45.988     0.12    5.08
 252127.690    45.347    -1.69    5.32
 252506.747    45.103    -0.64    5.39
 252885.729    46.193     2.88    6.32
 253264.635    50.375    11.03    6.67
