# NaN NaN NaN ;Mean Elev.(m), Avg Gradient(m/km), RMS Gradient(m/km) - SRTM1     
#   12.005  -0.369   7.846 ;Mean Elev.(m), Avg Gradient(m/km), RMS Gradient(m/km) - ASTER GDEM
#   17.521  -0.594   6.089 ;Mean Elev.(m), Avg Gradient(m/km), RMS Gradient(m/km) - GMTED2010 
  7    37.662 52467.25059043 30.57  75.504101  61.071880 28.684
  7    37.493 52467.25059108 30.56  75.501781  61.068720 28.684
  7    37.585 52467.25059172 29.62  75.499451  61.065560 28.684
  7    37.937 52467.25059237 36.44  75.497121  61.062400 28.684
  8    35.871 52502.25058104 23.82  75.502508  61.076246 26.239
  8    35.524 52502.25058169 20.94  75.500178  61.073096 26.239
  8    34.072 52502.25058233 24.89  75.497848  61.069936 26.239
  8    34.578 52502.25058298 34.80  75.495528  61.066776 26.239
  9    31.991 52537.25056905 24.29  75.511848  61.061558 25.450
  9    35.931 52537.25056969 22.24  75.509518  61.058398 25.450
  9    35.514 52537.25057033 18.72  75.507188  61.055238 25.450
  9    34.951 52537.25057098 18.96  75.504858  61.052078 25.450
 10    34.951 52572.25060541 21.17  75.503924  61.069923  7.726
 10    35.421 52572.25060605 21.44  75.501594  61.066763  7.726
 10    35.575 52572.25060670 23.36  75.499274  61.063603  7.726
 11    34.563 52607.25056235 18.52  75.503445  61.071416  3.974
 11    34.821 52607.25056300 18.96  75.501125  61.068256  3.974
 11    34.923 52607.25056364 19.92  75.498795  61.065096  3.974
 12    34.418 52642.25056180 14.15  75.508020  61.066975  3.292
 12    34.675 52642.25056244 14.36  75.505690  61.063815  3.292
 12    33.206 52642.25056309 15.94  75.503370  61.060655  3.292
 12    32.959 52642.25056373 15.24  75.501040  61.057505  3.292
 13    34.806 52677.25054669 11.88  75.503714  61.073925  3.538
 13    34.691 52677.25054734 12.23  75.501384  61.070765  3.538
 13    35.065 52677.25054798 12.88  75.499064  61.067605  3.538
 13    35.470 52677.25054862 13.39  75.496732  61.064445  2.913
 14    36.130 52712.25058006 12.21  75.506377  61.065157  3.039
 14    35.527 52712.25058070 12.34  75.504047  61.061997  3.039
 14    34.959 52712.25058135 13.11  75.501717  61.058847  3.039
 15    30.315 52747.25060413 22.09  75.497401  61.081687 16.939
 15    30.442 52747.25060477 20.96  75.495071  61.078527 16.939
 15    30.588 52747.25060542 23.22  75.492751  61.075367 16.939
 15    30.431 52747.25060606 22.50  75.490421  61.072207 16.939
 16    36.035 52782.25054659 26.76  75.509150  61.061898 32.620
 16    35.896 52782.25054723 25.62  75.506820  61.058738 32.620
 16    35.846 52782.25054788 24.26  75.504500  61.055578 32.620
 16    35.840 52782.25054852 24.74  75.502170  61.052428 32.620
 17    36.836 52817.25062565 52.51  75.508129  61.062831 48.165
 17    36.713 52817.25062629 54.47  75.505799  61.059671 48.165
 17    36.731 52817.25062694 52.26  75.503469  61.056521 48.165
 18    35.212 52852.25067544 22.87  75.509065  61.066532 17.687
 18    31.061 52852.25067609 24.71  75.506745  61.063372 17.687
 18    31.450 52852.25067673 22.25  75.504415  61.060222 17.687
 18    31.753 52852.25067738 24.45  75.502085  61.057062 17.687
 20    29.340 52922.25066287 40.98  75.501387  61.077590 23.852
 20    29.371 52922.25066352 50.95  75.499057  61.074430 23.852
 20    29.464 52922.25066416 46.03  75.496733  61.071271 25.331
 20    29.452 52922.25066481 40.96  75.494403  61.068111 25.331
 21    28.869 52957.25063136 25.62  75.511295  61.059302  7.607
 21    29.160 52957.25063201 25.25  75.508975  61.056152  7.607
 21    29.219 52957.25063265 26.46  75.506645  61.052992  7.607
 21    29.229 52957.25063330 27.45  75.504315  61.049832  7.607
 22    34.359 52992.25065186 12.10  75.508914  61.065944  3.185
 22    34.142 52992.25065250 13.12  75.506594  61.062784  3.185
 22    33.025 52992.25065315 13.63  75.504264  61.059624  3.185
 22    30.808 52992.25065379 14.14  75.501934  61.056464  3.185
 23    34.361 53027.25061634 11.62  75.504175  61.072286  2.513
 23    34.214 53027.25061699 11.82  75.501845  61.069126  2.513
 23    34.765 53027.25061763 12.26  75.499515  61.065966  2.513
 23    33.219 53027.25061827 12.43  75.497195  61.062806  2.513
 24    32.339 53062.25062650 14.20  75.510185  61.064642  3.180
 24    29.344 53062.25062715 15.42  75.507855  61.061482  3.180
 24    31.501 53062.25062779 14.72  75.505525  61.058322  3.180
 24    33.747 53062.25062843 13.82  75.503205  61.055162  3.180
 25    36.542 53097.25064634  9.52  75.498898  61.082139  1.826
 25    36.657 53097.25064699  9.36  75.496568  61.078979  1.826
 25    36.471 53097.25064763  9.72  75.494238  61.075819  1.826
 25    36.027 53097.25064828  9.72  75.491908  61.072659  1.826
 26    32.587 53132.25062421 24.81  75.510417  61.059411 24.531
 26    32.557 53132.25062485 24.65  75.508087  61.056261 24.531
 26    32.737 53132.25062550 23.10  75.505757  61.053101 24.531
 26    32.674 53132.25062614 23.52  75.503437  61.049941 24.531
 28    35.207 53202.25070033 21.69  75.504518  61.069700 27.549
 28    34.234 53202.25070097 23.29  75.502188  61.066540 27.549
 28    34.411 53202.25070162 23.37  75.499858  61.063390 27.549
 29    31.085 53237.25066955 50.83  75.504092  61.069003 30.156
 29    30.973 53237.25067020 50.43  75.501762  61.065843 30.156
 29    31.140 53237.25067084 50.05  75.499442  61.062683 30.156
 30    30.912 53272.25062767 36.78  75.514508  61.058655 24.107
 30    30.669 53272.25062831 32.67  75.512178  61.055495 24.107
 30    30.629 53272.25062896 30.17  75.509848  61.052335 24.107
 30    30.435 53272.25062960 27.61  75.507528  61.049185 24.107
 30    30.333 53272.25063025 26.22  75.505198  61.046025 24.107
 31    30.665 53307.25069004 30.23  75.505041  61.071920  8.300
 31    30.809 53307.25069068 32.34  75.502711  61.068760  8.300
 31    30.663 53307.25069133 33.75  75.500389  61.065604 24.168
 31    30.681 53307.25069197 29.56  75.498059  61.062444 24.168
 36    30.416 53482.25070309 31.57  75.504094  61.071027 25.215
 36    30.373 53482.25070373 32.44  75.501763  61.067872 25.627
 36    30.466 53482.25070438 32.94  75.499433  61.064712 25.627
 37    36.084 53517.25070479 46.19  75.503747  61.070290 39.865
 37    36.097 53517.25070543 48.03  75.501416  61.067130 28.950
 37    36.079 53517.25070608 48.41  75.499086  61.063970 28.950
 38    35.112 53552.25072460 24.37  75.501687  61.077088 33.358
 38    34.683 53552.25072524 18.11  75.499357  61.073928 33.358
 38    34.130 53552.25072589 27.75  75.497037  61.070768 33.358
 38    34.758 53552.25072653 33.14  75.494706  61.067610 24.228
 39    33.082 53587.25067890 19.80  75.504206  61.071773 30.257
 39    31.444 53587.25067955 19.63  75.501876  61.068613 30.257
 39    33.129 53587.25068019 19.51  75.499550  61.065453 22.104
 39    33.869 53587.25068084 18.80  75.497230  61.062293 22.104
 40    34.401 53622.25064639 18.45  75.508663  61.066236 17.438
 40    32.117 53622.25064703 20.80  75.506333  61.063076 17.438
 40    30.748 53622.25064768 22.27  75.504003  61.059916 17.438
 40    30.681 53622.25064832 23.14  75.501673  61.056756 17.438
 41    31.130 53657.25067450 19.09  75.506057  61.065776 17.070
 41    30.580 53657.25067514 22.77  75.503727  61.062616 17.070
 41    30.623 53657.25067579 26.53  75.501397  61.059456 17.070
 42    34.274 53692.25065793 19.10  75.502484  61.075359  4.984
 42    29.927 53692.25065857 22.48  75.500154  61.072199  4.984
 42    30.012 53692.25065922 23.40  75.497824  61.069039  4.984
 42    29.862 53692.25065986 23.82  75.495505  61.065881 12.411
 43    34.027 53727.25058115 12.48  75.499576  61.077166  2.822
 43    34.050 53727.25058180 12.95  75.497256  61.074006  2.822
 43    34.494 53727.25058244 13.27  75.494926  61.070846  2.822
 44    31.758 53762.25053860 12.48  75.511899  61.057342  3.297
 44    31.474 53762.25053925 13.45  75.509579  61.054182  3.297
 44    31.124 53762.25053989 13.39  75.507249  61.051022  3.297
 44    31.393 53762.25054054 14.04  75.504919  61.047872  3.297
 45    33.896 53797.25054811  8.41  75.502416  61.072860  2.626
 45    33.843 53797.25054875  8.84  75.500096  61.069700  2.626
 45    33.914 53797.25054939  9.16  75.497764  61.066540  2.642
 47    32.186 53867.25060759 31.61  75.505882  61.067029 26.196
 47    32.067 53867.25060824 28.05  75.503562  61.063872 18.686
 47    32.234 53867.25060888 27.99  75.501232  61.060712 18.686
 48    35.444 53902.25063747 24.86  75.503525  61.068887 30.883
 48    35.738 53902.25063811 27.47  75.501195  61.065727 30.883
 48    35.798 53902.25063876 27.52  75.498865  61.062567 30.883
 49    35.185 53937.25067363 23.92  75.501718  61.078716 30.236
 49    34.917 53937.25067428 17.92  75.499388  61.075556 30.236
 49    33.894 53937.25067492 24.50  75.497058  61.072396 30.236
 49    34.191 53937.25067557 30.07  75.494738  61.069236 30.236
 50    30.981 53972.25063850 29.34  75.499973  61.077693 27.794
 50    30.846 53972.25063915 26.72  75.497643  61.074533 27.794
 50    33.470 53972.25063979 24.37  75.495313  61.071373 27.794
 50    33.951 53972.25064044 31.91  75.492993  61.068213 27.794
 52    31.619 54042.25065166 41.39  75.508582  61.060939 12.722
 52    31.707 54042.25065230 30.64  75.506252  61.057779 12.722
 52    31.595 54042.25065295 26.73  75.503932  61.054619 12.722
 54    33.868 54112.25058193 13.28  75.498761  61.081686  3.589
 54    33.833 54112.25058258 13.51  75.496431  61.078536  3.589
 54    33.739 54112.25058322 13.46  75.494111  61.075376  3.589
 54    33.698 54112.25058386 13.79  75.491781  61.072216  3.589
 56    35.861 54182.25057033 11.61  75.499253  61.079345  2.208
 56    35.920 54182.25057098 11.74  75.496923  61.076185  2.208
 56    35.859 54182.25057162 11.90  75.494603  61.073025  2.208
 56    35.623 54182.25057226 12.17  75.492273  61.069865  2.208
 57    33.335 54217.25059599 32.99  75.505634  61.065374 30.530
 57    33.424 54217.25059664 33.75  75.503304  61.062214 30.530
 57    33.499 54217.25059728 36.67  75.500974  61.059054 30.530
 58    37.152 54252.25062073 30.44  75.505904  61.070626 37.229
 58    36.901 54252.25062138 28.97  75.503584  61.067466 37.229
 58    36.947 54252.25062202 29.83  75.501254  61.064306 37.229
 58    37.314 54252.25062266 32.27  75.498924  61.061146 37.229
 59    38.286 54287.25062582 52.09  75.504887  61.071044 32.090
 59    38.325 54287.25062647 52.12  75.502557  61.067884 32.090
 59    38.290 54287.25062711 49.55  75.500237  61.064724 32.090
 59    38.171 54287.25062776 51.56  75.497907  61.061564 32.090
 60    35.948 54322.25062355 22.96  75.504171  61.068175 22.906
 60    35.736 54322.25062420 24.02  75.501851  61.065015 22.906
 60    36.065 54322.25062484 21.75  75.499521  61.061855 22.906
 61    34.991 54357.25058060 24.45  75.500649  61.078275 20.933
 61    34.454 54357.25058124 25.15  75.498319  61.075115 20.933
 61    31.747 54357.25058189 27.74  75.495999  61.071955 20.933
 61    34.239 54357.25058253 28.17  75.493669  61.068795 20.933
 62    34.901 54392.25056399 19.92  75.505559  61.068613 21.307
 62    32.687 54392.25056463 21.45  75.503229  61.065453 21.307
 62    33.198 54392.25056528 22.90  75.500909  61.062293 21.307
 63    30.304 54427.25053206 29.97  75.502200  61.071494 14.700
 63    30.214 54427.25053270 30.06  75.499870  61.068334 14.700
 63    30.244 54427.25053335 30.48  75.497550  61.065184 14.700
 64    34.366 54462.25054249 18.64  75.506701  61.063696  3.878
 64    33.867 54462.25054314 19.10  75.504371  61.060536  3.878
 64    31.326 54462.25054378 19.81  75.502041  61.057376  3.878
 65    34.379 54497.25053983 14.62  75.503262  61.072700  4.246
 65    34.826 54497.25054048 14.98  75.500942  61.069540  4.246
 65    35.283 54497.25054112 17.71  75.498612  61.066380  4.246
 66    36.144 54532.25055556 13.16  75.505908  61.064858  2.190
 66    36.059 54532.25055621 13.02  75.503578  61.061698  2.190
 66    35.598 54532.25055685 13.84  75.501258  61.058538  2.190
 67    34.563 54567.25054356 11.24  75.501185  61.079155  3.930
 67    34.673 54567.25054420 10.89  75.498855  61.075994  4.846
 67    34.731 54567.25054485 12.98  75.496525  61.072834  4.846
 67    34.888 54567.25054549 12.58  75.494205  61.069684  4.846
 68    36.268 54602.25054981 50.98  75.506275  61.069619 39.294
 68    36.261 54602.25055045 48.73  75.503945  61.066459 39.294
 68    36.263 54602.25055110 47.96  75.501615  61.063299 39.294
 68    36.297 54602.25055174 48.11  75.499295  61.060139 39.294
 69    36.495 54637.25056073 34.92  75.504789  61.073231 38.482
 69    36.061 54637.25056138 29.76  75.502459  61.070071 38.482
 69    36.235 54637.25056202 31.00  75.500129  61.066921 38.482
 69    36.344 54637.25056267 32.51  75.497809  61.063761 38.482
 70    33.128 54672.25056433 53.58  75.502730  61.071955 42.658
 70    33.293 54672.25056497 52.35  75.500400  61.068795 42.658
 70    33.252 54672.25056562 53.05  75.498070  61.065635 42.658
 71    30.421 54707.25052359 23.92  75.502299  61.073708 24.324
 71    30.580 54707.25052424 25.34  75.499969  61.070548 24.324
 71    30.525 54707.25052488 31.23  75.497649  61.067388 24.324
 72    30.952 54742.25053022 31.84  75.505785  61.066681 23.445
 72    30.845 54742.25053087 37.29  75.503455  61.063531 23.445
 72    30.846 54742.25053151 39.04  75.501125  61.060371 23.445
 73    31.158 54777.25050559 26.47  75.503322  61.071572 20.524
 73    30.956 54777.25050623 34.05  75.501002  61.068412 20.524
 73    31.084 54777.25050688 40.42  75.498672  61.065252 20.524
 74    34.538 54812.25052404 21.17  75.508380  61.064261  5.419
 74    33.787 54812.25052469 22.08  75.506050  61.061111  5.419
 74    33.672 54812.25052533 21.73  75.503720  61.057951  5.419
 74    31.579 54812.25052598 22.76  75.501400  61.054791  5.419
 75    34.077 54847.25050548 14.88  75.501459  61.073012  2.928
 75    34.065 54847.25050613 14.60  75.499129  61.069852  2.928
 75    33.592 54847.25050677 14.94  75.496799  61.066692  2.928
 76    33.732 54882.25052670 11.35  75.506274  61.068831  2.787
 76    33.666 54882.25052734 12.05  75.503944  61.065681  2.787
 76    33.211 54882.25052799 12.55  75.501614  61.062521  2.787
 76    33.062 54882.25052863 12.94  75.499294  61.059361  2.787
 77    36.146 54917.25050757  8.78  75.498160  61.078419  2.337
 77    36.303 54917.25050821  8.53  75.495840  61.075259  2.337
 77    36.047 54917.25050886  8.61  75.493510  61.072099  2.337
 78    35.734 54952.25052048 30.38  75.504512  61.067591 23.302
 78    35.730 54952.25052112 32.70  75.502182  61.064431 23.302
 78    35.660 54952.25052177 31.69  75.499852  61.061271 23.302
 79    35.463 54987.25054436 28.18  75.504795  61.070964 30.893
 79    35.568 54987.25054500 26.80  75.502475  61.067814 30.893
 79    35.690 54987.25054565 28.08  75.500145  61.064654 30.893
 79    35.697 54987.25054629 28.92  75.497815  61.061494 30.893
 80    35.132 55022.25053709 26.04  75.503696  61.070251 28.858
 80    34.888 55022.25053773 28.27  75.501366  61.067091 28.858
 80    34.893 55022.25053838 28.96  75.499046  61.063941 28.858
 81    33.196 55057.25053313 21.86  75.502800  61.070329 21.372
 81    32.234 55057.25053377 25.83  75.500480  61.067169 21.372
 81    32.385 55057.25053442 25.68  75.498150  61.064019 21.372
 82    34.182 55092.25048850 26.64  75.499420  61.076567 27.644
 82    31.181 55092.25048914 28.85  75.497095  61.073407 23.967
 82    33.896 55092.25048979 29.29  75.494765  61.070247 23.967
 83    34.505 55127.25047338 20.44  75.505904  61.068909 10.901
 83    34.649 55127.25047403 19.62  75.503574  61.065759 10.901
 83    35.090 55127.25047467 19.84  75.501244  61.062599 10.901
 83    32.848 55127.25047532 22.60  75.498914  61.059439 10.901
 84    31.727 55162.25045010 26.85  75.504077  61.075299 16.739
 84    31.875 55162.25045075 31.93  75.501747  61.072139 16.739
 84    31.703 55162.25045139 31.31  75.499417  61.068979 16.739
 84    31.686 55162.25045203 28.49  75.497087  61.065819 16.739
 85    32.245 55197.25046504 14.55  75.506216  61.064317  4.066
 85    32.080 55197.25046569 14.47  75.503886  61.061157  4.066
 85    31.125 55197.25046633 15.02  75.501566  61.057997  4.066
 86    33.686 55232.25045350 11.33  75.501689  61.078287  2.773
 86    33.620 55232.25045415 11.96  75.499359  61.075127  2.773
 86    33.923 55232.25045479 11.42  75.497029  61.071967  2.773
 86    33.933 55232.25045544 11.35  75.494699  61.068807  2.773
 87    33.509 55267.25045912  9.68  75.506106  61.069116  2.767
 87    33.398 55267.25045976 10.17  75.503776  61.065966  2.767
 87    33.263 55267.25046041 10.12  75.501446  61.062806  2.767
 87    33.705 55267.25046105 10.29  75.499126  61.059646  2.767
 88    35.162 55302.25043379  7.59  75.501743  61.077952  4.350
 88    36.258 55302.25043444  4.64  75.499413  61.074792  4.350
 88    36.263 55302.25043508  4.09  75.497092  61.071630  2.393
 88    36.242 55302.25043573  3.46  75.494762  61.068470  2.393
 89    35.459 55337.25043325 25.42  75.502944  61.070049 31.042
 89    35.670 55337.25043390 26.42  75.500614  61.066889 31.042
 89    35.646 55337.25043454 28.30  75.498284  61.063729 31.042
 90    36.351 55372.25042300 30.73  75.504611  61.071314 33.959
 90    36.304 55372.25042364 32.20  75.502281  61.068154 33.959
 90    36.389 55372.25042429 33.27  75.499951  61.064994 33.959
 90    36.711 55372.25042493 35.10  75.497621  61.061844 33.959
 91    35.658 55407.25044399 27.92  75.506364  61.065211 30.993
 91    35.600 55407.25044463 28.40  75.504034  61.062051 30.993
 91    35.728 55407.25044528 28.88  75.501704  61.058891 30.993
 92    32.162 55442.25044169 22.95  75.504349  61.072783 17.023
 92    34.846 55442.25044234 20.65  75.502019  61.069623 17.023
 92    34.912 55442.25044298 20.18  75.499699  61.066463 17.023
 92    34.229 55442.25044362 19.78  75.497369  61.063313 17.023
 93    34.387 55477.25038218 27.75  75.499431  61.076853 26.491
 93    31.328 55477.25038283 26.46  75.497110  61.073693 26.772
 93    33.653 55477.25038347 29.46  75.494780  61.070533 26.772
