# NaN NaN NaN ;Mean Elev.(m), Avg Gradient(m/km), RMS Gradient(m/km) - SRTM1     
#  104.960   0.105  13.867 ;Mean Elev.(m), Avg Gradient(m/km), RMS Gradient(m/km) - ASTER GDEM
#    4.471   0.000   0.379 ;Mean Elev.(m), Avg Gradient(m/km), RMS Gradient(m/km) - GMTED2010 
  7    16.680 52475.28405705 42.56  65.136661  63.404033 39.493
  7    15.920 52475.28405769 33.42  65.133981  63.400903 39.493
  7    16.117 52475.28405834 32.25  65.131311  63.397773 39.493
  7    16.499 52475.28405898 32.74  65.128631  63.394643 39.493
  8    16.023 52510.28401517 30.10  65.137392  63.402237 43.242
  8    15.600 52510.28401582 28.67  65.134712  63.399107 43.242
  8    15.893 52510.28401646 28.57  65.132032  63.395977 43.242
  9    15.477 52545.28402499 29.03  65.154046  63.402542 30.000
  9    13.802 52545.28402564 28.07  65.151366  63.399412 30.000
  9    13.603 52545.28402628 30.89  65.148688  63.396280 28.955
 10    12.138 52580.28405560 47.14  65.142458  63.403109 21.650
 10    12.088 52580.28405625 37.36  65.139778  63.399979 21.650
 10    13.296 52580.28405689 28.62  65.137098  63.396839 21.650
 11    14.531 52615.28402427 23.64  65.128389  63.404076  6.294
 11    10.917 52615.28402492 25.53  65.125719  63.400936  6.294
 11    10.888 52615.28402556 25.93  65.123039  63.397806  6.294
 11    12.572 52615.28402621 24.06  65.120359  63.394676  6.294
 11    12.861 52615.28402685 23.68  65.117689  63.391546  6.294
 12    13.757 52650.28400254 19.02  65.149253  63.401769  4.053
 12    12.405 52650.28400319 20.53  65.146573  63.398639  4.053
 12    12.928 52650.28400383 19.11  65.143893  63.395519  4.053
 13    15.259 52685.28398866 11.96  65.137745  63.402320  3.200
 13    14.780 52685.28398931 12.62  65.135065  63.399190  3.200
 13    14.231 52685.28398995 12.38  65.132385  63.396060  3.200
 14    15.144 52720.28404013 11.93  65.140160  63.401998  2.761
 14    14.509 52720.28404078 12.27  65.137490  63.398868  2.761
 14    13.857 52720.28404142 13.20  65.134810  63.395738  2.761
 15    10.740 52755.28406556 17.62  65.116116  63.397899  7.389
 15    12.272 52755.28406620 16.61  65.113436  63.394769  7.389
 15    13.002 52755.28406685 15.81  65.110766  63.391639  7.389
 15    12.971 52755.28406749 17.38  65.108096  63.388509  7.389
 16    15.990 52790.28401178 24.51  65.155806  63.403631 45.285
 16    15.614 52790.28401242 23.39  65.153126  63.400501 45.285
 16    15.385 52790.28401306 26.69  65.150446  63.397371 45.285
 17    15.306 52825.28408192 22.88  65.152104  63.402365 42.860
 17    15.334 52825.28408257 22.19  65.149424  63.399235 42.860
 17    15.636 52825.28408321 26.43  65.146744  63.396105 42.860
 18    12.399 52860.28412730 24.61  65.154874  63.404676 27.442
 18    13.307 52860.28412794 23.78  65.152194  63.401546 27.442
 18    14.167 52860.28412858 22.21  65.149514  63.398416 27.442
 18    14.315 52860.28412923 25.30  65.146834  63.395276 27.442
 19    14.884 52895.28415862 38.20  65.136756  63.404010 34.485
 19    10.290 52895.28415927 28.87  65.134076  63.400880 34.485
 19    13.148 52895.28415991 20.62  65.131406  63.397752 31.943
 19    13.414 52895.28416056 27.40  65.128726  63.394622 31.943
 20     9.589 52930.28410920 38.49  65.119568  63.397656 37.146
 20    13.304 52930.28410985 26.41  65.116898  63.394526 37.146
 20    13.615 52930.28411049 24.95  65.114218  63.391396 37.146
 21     9.587 52965.28409845 30.24  65.157406  63.404856  7.516
 21     9.532 52965.28409909 27.78  65.154726  63.401726  7.516
 21     9.626 52965.28409974 27.67  65.152046  63.398596  7.516
 21     9.547 52965.28410038 26.83  65.149366  63.395466  7.516
 22    14.692 53000.28413360 21.87  65.131895  63.402287  5.925
 22     9.775 53000.28413424 24.58  65.129215  63.399157  5.925
 22    12.712 53000.28413489 21.67  65.126535  63.396027  5.925
 23    14.758 53035.28408300 15.42  65.126199  63.402499  5.833
 23    14.001 53035.28408364 14.99  65.123519  63.399369  5.833
 23    13.288 53035.28408429 15.67  65.120839  63.396239  5.833
 23    12.971 53035.28408493 14.90  65.118169  63.393109  5.833
 24    14.659 53070.28410156 14.14  65.143167  63.403637  2.944
 24    14.714 53070.28410221 13.68  65.140487  63.400507  2.944
 24    14.399 53070.28410285 14.03  65.137817  63.397377  2.944
 24    13.866 53070.28410350 14.88  65.135137  63.394247  2.944
 25    14.837 53105.28408592 11.60  65.116368  63.396260  3.541
 25    14.823 53105.28408657 10.42  65.113698  63.393130  3.541
 25    14.839 53105.28408721 10.73  65.111028  63.390000  3.541
 26    11.983 53140.28410790 30.76  65.147759  63.401800 40.030
 26    12.026 53140.28410855 30.93  65.145079  63.398670 40.030
 26    12.059 53140.28410919 38.42  65.142409  63.395540 40.030
 27    14.971 53175.28414200 23.35  65.141116  63.401066 41.607
 27    14.978 53175.28414264 24.61  65.138436  63.397926 41.607
 27    15.329 53175.28414329 28.14  65.135766  63.394796 41.607
 28    14.673 53210.28415999 26.36  65.136184  63.402383 40.139
 28    14.310 53210.28416064 20.28  65.133514  63.399253 40.139
 28    14.207 53210.28416128 20.11  65.130834  63.396123 40.139
 29    10.552 53245.28412786 44.25  65.136174  63.402808 33.907
 29    10.581 53245.28412850 21.58  65.133504  63.399678 33.907
 29    13.322 53245.28412915 20.02  65.130824  63.396548 33.907
 29    13.830 53245.28412979 20.01  65.128144  63.393418 33.907
 30    10.181 53280.28411009 34.13  65.150704  63.402300 17.516
 30    10.082 53280.28411073 34.05  65.148024  63.399170 17.516
 30    10.147 53280.28411138 33.74  65.145344  63.396040 17.516
 31    11.802 53315.28412727 39.33  65.143957  63.403145 15.922
 31    11.728 53315.28412791 33.66  65.141277  63.400005 15.922
 31    11.731 53315.28412856 29.79  65.138607  63.396875 15.922
 32    14.525 53350.28409298 21.82  65.140360  63.403773  5.696
 32    14.095 53350.28409363 20.33  65.137680  63.400643  5.696
 32    13.700 53350.28409427 19.66  65.135010  63.397513  5.696
 32    13.076 53350.28409491 19.60  65.132330  63.394383  5.696
 33    14.029 53385.28407241 16.72  65.153132  63.404220  5.753
 33    13.765 53385.28407306 16.98  65.150452  63.401080  5.753
 33    13.604 53385.28407370 17.53  65.147772  63.397950  5.753
 33    12.756 53385.28407435 16.80  65.145092  63.394820  5.753
 34    14.353 53420.28407772 15.25  65.147793  63.402549  5.097
 34    13.570 53420.28407837 16.82  65.145113  63.399409  5.097
 34    13.126 53420.28407901 17.23  65.142443  63.396279  5.097
 35    14.699 53455.28408243 12.22  65.161033  63.405635  2.370
 35    14.596 53455.28408307 12.40  65.158353  63.402515  2.370
 35    14.587 53455.28408372 12.23  65.155673  63.399375  2.370
 35    14.783 53455.28408436 12.14  65.152993  63.396245  2.370
 36    11.908 53490.28416917 28.40  65.133656  63.400967 24.179
 36    11.832 53490.28416981 26.16  65.130986  63.397827 24.179
 36    11.983 53490.28417046 25.39  65.128306  63.394697 24.179
 37    14.729 53525.28415331 24.82  65.143286  63.401071 40.939
 37    14.839 53525.28415395 25.17  65.140606  63.397941 40.939
 37    15.177 53525.28415460 26.22  65.137936  63.394811 40.939
 38    14.958 53560.28418102 28.58  65.130193  63.403128 42.738
 38    14.850 53560.28418166 24.57  65.127523  63.399998 42.738
 38    14.524 53560.28418231 24.21  65.124843  63.396868 42.738
 38    14.661 53560.28418295 26.46  65.122163  63.393738 42.738
 39    11.945 53595.28411922 28.77  65.136951  63.402513 32.716
 39    11.721 53595.28411986 23.59  65.134271  63.399383 32.716
 39    13.443 53595.28412051 24.83  65.131591  63.396253 32.716
 40    14.986 53630.28411196 17.48  65.151797  63.403744 28.294
 40    14.584 53630.28411260 18.69  65.149117  63.400614 28.294
 40    13.171 53630.28411324 19.26  65.146437  63.397484 28.294
 41    14.449 53665.28413620 28.32  65.137769  63.402100 24.019
 41    14.012 53665.28413685 20.56  65.135089  63.398970 24.019
 41    13.402 53665.28413749 20.77  65.132419  63.395840 24.019
 42     9.709 53700.28409018 34.84  65.138488  63.403724 18.097
 42     9.741 53700.28409083 43.20  65.135808  63.400594 18.097
 42     9.899 53700.28409147 43.27  65.133138  63.397464 18.097
 42     9.802 53700.28409212 39.47  65.130458  63.394334 18.097
 44    14.125 53770.28400025 13.65  65.151872  63.404223  3.029
 44    14.193 53770.28400089 13.72  65.149192  63.401093  3.029
 44    13.826 53770.28400154 14.15  65.146512  63.397963  3.029
 44    13.004 53770.28400218 14.56  65.143842  63.394833  3.029
 45    15.346 53805.28399451 15.78  65.134554  63.402248  2.883
 45    15.079 53805.28399515 15.77  65.131884  63.399118  2.883
 45    15.334 53805.28399580 15.55  65.129204  63.395988  2.883
 47    13.754 53875.28406107 52.89  65.145117  63.401500 39.047
 47    13.755 53875.28406171 52.26  65.142447  63.398360 39.047
 47    13.715 53875.28406236 45.95  65.139767  63.395230 39.047
 49    14.216 53945.28412855 41.78  65.128272  63.401660 36.108
 49    14.222 53945.28412919 41.71  65.125602  63.398520 36.108
 49    14.240 53945.28412984 40.78  65.122922  63.395390 36.108
 49    14.255 53945.28413048 41.43  65.120242  63.392260 36.108
 50    15.605 53980.28407537 23.80  65.129983  63.403475 32.131
 50    14.741 53980.28407602 18.29  65.127313  63.400345 32.131
 50    13.813 53980.28407666 19.61  65.124633  63.397205 32.131
 50    13.659 53980.28407731 23.37  65.121953  63.394075 32.131
 51    10.297 54015.28409278 26.22  65.156800  63.403269 29.284
 51    13.001 54015.28409343 22.66  65.154120  63.400139 29.284
 51    13.532 54015.28409407 20.62  65.151440  63.397009 29.284
 52    11.514 54050.28409556 32.04  65.149445  63.402712  7.753
 52    11.387 54050.28409620 30.13  65.146765  63.399572  7.753
 52    11.332 54050.28409685 27.33  65.144085  63.396442  7.753
 54    14.105 54120.28401629 17.65  65.119227  63.398932  4.383
 54    13.102 54120.28401693 18.95  65.116557  63.395802  4.383
 54    12.588 54120.28401758 19.11  65.113877  63.392672  4.383
 54    12.953 54120.28401822 19.49  65.111207  63.389542  4.383
 56    15.465 54190.28401238 13.03  65.126827  63.401849  2.788
 56    15.209 54190.28401302 13.35  65.124147  63.398719  2.788
 56    15.371 54190.28401367 13.08  65.121477  63.395589  2.788
 56    15.359 54190.28401431 13.44  65.118797  63.392459  2.788
 57    14.769 54225.28405645 27.10  65.142700  63.402259 34.384
 57    14.810 54225.28405709 28.46  65.140020  63.399129 34.384
 57    14.913 54225.28405774 39.08  65.137340  63.395999 34.384
 58    15.987 54260.28407674 46.74  65.141767  63.402694 53.163
 58    15.971 54260.28407738 49.73  65.139083  63.399566 47.586
 58    15.974 54260.28407803 49.63  65.136413  63.396436 47.586
 59    15.777 54295.28408070 33.99  65.141534  63.402953 44.278
 59    15.831 54295.28408134 34.81  65.138864  63.399823 44.278
 59    16.077 54295.28408199 33.04  65.136184  63.396693 44.278
 60    16.361 54330.28407355 39.11  65.137259  63.402847 43.712
 60    16.062 54330.28407419 35.43  65.134579  63.399717 43.712
 60    15.962 54330.28407484 32.35  65.131909  63.396587 43.712
 61    16.429 54365.28401856 22.74  65.127263  63.402470 28.702
 61    14.105 54365.28401920 22.08  65.124583  63.399340 28.702
 61    14.617 54365.28401985 22.06  65.121913  63.396210 28.702
 61    14.842 54365.28402049 26.14  65.119233  63.393080 28.702
 62    14.370 54400.28401489 30.62  65.142959  63.403106 26.857
 62    14.555 54400.28401553 26.19  65.140289  63.399976 26.857
 62    13.783 54400.28401618 24.82  65.137609  63.396846 26.857
 63    10.650 54435.28397295 29.20  65.130645  63.401872  9.894
 63    10.630 54435.28397359 30.18  65.127965  63.398742  9.894
 63    10.518 54435.28397424 30.39  65.125295  63.395612  9.894
 64    14.058 54470.28399825 20.56  65.150813  63.403560  6.728
 64    13.525 54470.28399890 20.08  65.148143  63.400430  6.728
 64    12.397 54470.28399954 22.57  65.145463  63.397300  6.728
 65    14.833 54505.28398653 17.01  65.131390  63.402941  5.525
 65    14.156 54505.28398717 16.13  65.128710  63.399811  5.525
 65    13.770 54505.28398782 16.02  65.126040  63.396681  5.525
 65    13.367 54505.28398846 16.87  65.123360  63.393551  5.525
 66    15.047 54540.28401394 14.06  65.140307  63.401352  3.297
 66    14.611 54540.28401459 13.82  65.137627  63.398222  3.297
 66    14.492 54540.28401523 14.50  65.134947  63.395092  3.297
 67    10.164 54575.28398737 14.08  65.130699  63.403450  3.867
 67    13.971 54575.28398801 10.84  65.128019  63.400320  3.867
 67    14.704 54575.28398866  9.21  65.125339  63.397190  3.867
 67    15.476 54575.28398930  6.60  65.122669  63.394060  3.867
 68    14.914 54610.28400612 22.02  65.138899  63.400809 35.329
 68    14.817 54610.28400677 23.34  65.136229  63.397679 35.329
 68    14.971 54610.28400741 27.02  65.133549  63.394549 35.329
 69    15.202 54645.28401366 28.39  65.138410  63.402031 39.162
 69    15.048 54645.28401430 27.41  65.135740  63.398901 39.162
 69    15.185 54645.28401495 26.93  65.133060  63.395771 39.162
 70    13.313 54680.28401466 40.47  65.138593  63.403215 25.845
 70    13.280 54680.28401531 34.69  65.135923  63.400085 25.845
 70    13.352 54680.28401595 34.98  65.133243  63.396955 25.845
 70    13.369 54680.28401660 33.76  65.130563  63.393825 25.845
 71    16.125 54715.28396535 28.84  65.129766  63.403543 32.314
 71    13.182 54715.28396599 24.60  65.127096  63.400413 32.314
 71    13.125 54715.28396664 26.24  65.124416  63.397283 32.314
 71    10.812 54715.28396728 32.31  65.121746  63.394153 32.314
 72    11.012 54750.28398530 24.96  65.144788  63.402883 27.655
 72    14.487 54750.28398594 21.26  65.142108  63.399753 27.655
 72    13.961 54750.28398659 20.39  65.139438  63.396623 27.655
 73    11.785 54785.28395447 48.40  65.133701  63.402168 22.301
 73    11.939 54785.28395512 47.87  65.131021  63.399038 22.301
 73    11.913 54785.28395576 50.61  65.128351  63.395908 22.301
 74    13.904 54820.28397861 16.56  65.144538  63.400610  5.903
 74    13.314 54820.28397926 17.11  65.141858  63.397480  5.903
 74    13.298 54820.28397990 16.98  65.139188  63.394350  5.903
 75    14.541 54855.28395078 16.13  65.134875  63.402191  4.897
 75    14.176 54855.28395143 15.21  65.132195  63.399061  4.897
 75    13.516 54855.28395207 15.77  65.129515  63.395931  4.897
 76    14.240 54890.28398311 14.38  65.136021  63.401133  3.935
 76    13.876 54890.28398376 14.66  65.133341  63.398003  3.935
 76    13.771 54890.28398440 13.73  65.130661  63.394873  3.935
 77    14.379 54925.28394994 12.44  65.125397  63.402934  3.106
 77    14.999 54925.28395058  8.16  65.122717  63.399804  3.106
 77    15.222 54925.28395123  6.86  65.120047  63.396674  3.106
 77    15.270 54925.28395187  6.58  65.117367  63.393544  3.106
 77    15.536 54925.28395252  6.30  65.114697  63.390414  3.106
 78    13.664 54960.28398057 35.80  65.142450  63.401460 28.249
 78    13.621 54960.28398121 34.88  65.139770  63.398330 28.249
 78    13.845 54960.28398186 38.96  65.137100  63.395200 28.249
 79    15.183 54995.28400223 29.17  65.137551  63.403290 39.173
 79    14.755 54995.28400288 23.36  65.134881  63.400160 39.173
 79    14.751 54995.28400352 22.35  65.132201  63.397030 39.173
 79    15.065 54995.28400417 26.06  65.129521  63.393900 39.173
 80    14.905 55030.28399206 30.79  65.138659  63.403363 39.671
 80    14.239 55030.28399271 23.77  65.135979  63.400233 39.671
 80    14.065 55030.28399335 21.99  65.133299  63.397103 39.671
 80    14.548 55030.28399400 26.37  65.130629  63.393973 39.671
 81    11.839 55065.28398289 29.25  65.136249  63.401739 29.556
 81    12.540 55065.28398353 22.98  65.133579  63.398609 29.556
 81    13.785 55065.28398418 19.98  65.130899  63.395479 29.556
 82    13.049 55100.28392681 31.62  65.121474  63.399719 32.742
 82    13.189 55100.28392745 22.66  65.118804  63.396589 32.742
 82    13.760 55100.28392810 21.68  65.116124  63.393459 32.742
 82    13.904 55100.28392874 31.57  65.113454  63.390329 32.742
 83    10.426 55135.28392770 31.37  65.144802  63.403463 17.468
 83    10.413 55135.28392834 31.08  65.142132  63.400333 17.468
 83    10.332 55135.28392899 45.14  65.139452  63.397203 17.468
 84    10.192 55170.28389174 28.36  65.131594  63.401455  8.306
 84    10.328 55170.28389238 28.23  65.128914  63.398325  8.306
 84    10.368 55170.28389303 28.37  65.126244  63.395195  8.306
 85     9.999 55205.28392108 24.71  65.144097  63.402135  7.526
 85     9.953 55205.28392172 23.54  65.141417  63.398995  7.526
 85    12.083 55205.28392236 22.68  65.138747  63.395865  7.526
 86    14.448 55240.28389785 17.89  65.130052  63.403390  4.719
 86    13.840 55240.28389850 17.99  65.127372  63.400260  4.719
 86    13.236 55240.28389914 17.38  65.124702  63.397130  4.719
 86    12.720 55240.28389979 18.09  65.122022  63.394000  4.719
 87    13.611 55275.28391539 19.91  65.135658  63.401648  5.134
 87    13.192 55275.28391604 18.40  65.132978  63.398518  5.134
 87    12.629 55275.28391668 18.53  65.130308  63.395388  5.134
 88    10.039 55310.28388173 37.75  65.129183  63.401901 31.243
 88     9.974 55310.28388238 36.50  65.126503  63.398771 31.243
 88    10.086 55310.28388302 34.34  65.123833  63.395641 31.243
 88     9.956 55310.28388367 34.01  65.121153  63.392511 31.243
 89    14.603 55345.28388403 22.45  65.139235  63.401201 33.615
 89    14.264 55345.28388468 21.33  65.136555  63.398071 33.615
 89    14.752 55345.28388532 25.34  65.133875  63.394941 33.615
 90    14.862 55380.28387742 48.49  65.135261  63.403033 46.977
 90    14.891 55380.28387807 47.18  65.132581  63.399903 46.977
 90    14.925 55380.28387871 46.33  65.129901  63.396773 46.977
 90    14.970 55380.28387936 45.85  65.127231  63.393643 46.977
 91    15.044 55415.28390321 22.82  65.146128  63.402358 33.846
 91    14.405 55415.28390386 19.75  65.143448  63.399228 33.846
 91    14.304 55415.28390450 19.97  65.140778  63.396098 33.846
 92    14.700 55450.28388957 21.78  65.133625  63.401106 29.216
 92    13.823 55450.28389022 18.18  65.130945  63.397976 29.216
 92    13.740 55450.28389086 23.64  65.128265  63.394846 29.216
 93    15.222 55485.28381434 25.19  65.127041  63.403840 34.105
 93    13.008 55485.28381499 26.74  65.124361  63.400710 34.105
 93    13.347 55485.28381563 21.40  65.121681  63.397580 34.105
 93    13.622 55485.28381628 24.95  65.119011  63.394450 34.105
 93    13.893 55485.28381692 27.84  65.116341  63.391320 34.105
