-251243.924    42.807     0.00    1.37
-250875.434    42.607    -0.54    1.07
-250506.882    42.748     0.38    0.99
-250138.269    42.842     0.26    1.09
-249769.595    42.860     0.05    1.13
-249400.860    42.845    -0.04    1.31
-249032.063    42.226    -1.68    1.76
-248663.205    40.886    -3.63    2.27
-248294.286    39.814    -2.90    2.11
-247925.305    39.011    -2.18    1.82
-247556.263    38.739    -0.74    1.41
-247187.159    38.467    -0.74    1.16
-246817.994    38.245    -0.60    1.32
-246448.768    38.484     0.65    1.96
-246079.480    38.789     0.83    2.39
-245710.130    38.683    -0.29    2.37
-245340.719    38.577    -0.29    2.32
-244971.246    37.806    -2.09    2.79
-244601.711    37.489    -0.86    2.85
-244232.115    37.710     0.60    2.96
-243862.457    38.076     0.99    2.86
-243492.738    38.297     0.60    2.71
-243122.956    38.080    -0.59    2.31
-242753.113    36.426    -4.47    2.30
-242383.208    35.114    -3.55    2.98
-242013.241    34.422    -1.87    3.54
-241643.213    33.789    -1.71    3.37
-241273.122    33.386    -1.09    2.91
-240902.969    34.063     1.83    2.55
-240532.754    34.017    -0.12    2.18
-240162.478    34.764     2.02    2.03
-239792.139    35.778     2.74    0.85
-239421.738    36.127     0.94    0.98
-239051.275    36.175     0.13    1.04
-238680.750    35.614    -1.51    1.84
-238310.162    35.291    -0.87    1.95
-237939.513    35.050    -0.65    1.78
-237568.801    34.845    -0.55    1.59
-237198.027    34.802    -0.12    1.47
-236827.191    34.926     0.33    1.38
-236456.292    34.289    -1.72    1.55
-236085.331    33.521    -2.07    1.31
-235714.307    33.052    -1.26    1.12
-235343.221    32.967    -0.23    1.09
-234972.073    33.608     1.73    1.73
-234600.862    34.426     2.20    2.00
-234229.588    34.714     0.78    1.76
-233858.252    35.021     0.83    1.41
-233486.854    34.452    -1.53    1.65
-233115.392    33.737    -1.92    1.13
-232743.868    33.814     0.21    1.25
-232372.282    34.225     1.10    1.60
-232000.632    34.673     1.21    1.43
-231628.920    34.913     0.64    1.22
-231257.145    34.377    -1.44    1.61
-230885.307    33.629    -2.01    1.70
-230513.407    32.802    -2.22    1.16
-230141.443    32.223    -1.55    0.85
-229769.417    31.889    -0.90    0.93
-229397.328    31.672    -0.58    0.85
-229025.175    31.435    -0.64    0.81
-228652.960    31.137    -0.80    0.69
-228280.681    31.002    -0.36    0.72
-227908.340    30.961    -0.11    0.80
-227535.935    30.964     0.01    0.93
-227163.468    30.471    -1.32    1.53
-226790.937    28.726    -4.68    3.16
-226418.342    26.258    -6.62    3.62
-226045.685    25.068    -3.19    2.96
-225672.964    24.817    -0.67    2.63
-225300.180    26.052     3.31    2.70
-224927.333    27.726     4.49    2.41
-224554.422    28.574     2.28    2.21
-224181.448    29.802     3.29    1.81
-223808.411    30.552     2.01    1.51
-223435.310    30.270    -0.75    1.30
-223062.145    30.050    -0.59    0.96
-222688.917    29.687    -0.97    1.24
-222315.625    29.623    -0.17    1.44
-221942.270    29.967     0.92    1.74
-221568.851    30.435     1.25    1.66
-221195.369    31.027     1.58    1.75
-220821.823    31.589     1.51    1.20
-220448.213    31.245    -0.92    1.38
-220074.539    30.777    -1.25    1.47
-219700.801    30.452    -0.87    1.59
-219327.000    30.102    -0.94    2.05
-218953.135    29.637    -1.24    2.71
-218579.206    28.713    -2.47    2.81
-218205.213    27.637    -2.87    2.05
-217831.156    27.191    -1.19    1.20
-217457.034    27.514     0.86    1.08
-217082.849    27.711     0.53    1.01
-216708.600    28.077     0.98    0.94
-216334.287    28.467     1.04    1.09
-215959.910    28.939     1.26    1.19
-215585.468    29.791     2.28    1.40
-215210.962    30.258     1.25    1.36
-214836.392    30.507     0.67    1.36
-214461.758    29.889    -1.65    1.76
-214087.060    29.271    -1.65    1.86
-213712.297    28.239    -2.75    1.70
-213337.470    27.726    -1.37    1.64
-212962.578    27.498    -0.61    1.35
-212587.622    27.226    -0.73    1.09
-212212.602    26.916    -0.83    1.03
-211837.517    26.738    -0.47    0.90
-211462.367    26.802     0.17    1.02
-211087.153    26.777    -0.07    1.09
-210711.874    26.439    -0.90    1.46
-210336.531    25.838    -1.60    1.99
-209961.123    24.839    -2.66    1.97
-209585.650    23.700    -3.03    1.34
-209210.113    23.426    -0.73    0.99
-208834.511    23.352    -0.20    0.91
-208458.844    22.988    -0.97    1.15
-208083.112    22.258    -1.94    1.58
-207707.315    21.426    -2.21    1.79
-207331.453    20.364    -2.83    1.29
-206955.527    19.751    -1.63    0.93
-206579.535    19.702    -0.13    0.84
-206203.479    19.737     0.09    0.81
-205827.357    19.889     0.40    0.79
-205451.171    19.514    -1.00    1.42
-205074.919    18.802    -1.89    1.74
-204698.602    17.946    -2.27    2.02
-204322.220    18.064     0.31    2.00
-203945.773    18.341     0.74    1.98
-203569.260    18.435     0.25    1.95
-203192.683    18.892     1.21    1.78
-202816.040    18.777    -0.31    1.81
-202439.331    18.114    -1.76    1.48
-202062.557    18.136     0.06    1.24
-201685.718    18.802     1.77    1.27
-201308.813    19.585     2.08    1.76
-200931.843    21.989     6.38    3.61
-200554.808    24.884     7.68    4.11
-200177.706    27.410     6.70    3.11
-199800.540    29.330     5.09    1.45
-199423.307    30.277     2.51    1.68
-199046.009    30.669     1.04    1.72
-198668.645    31.152     1.28    1.53
-198291.216    31.896     1.97    1.00
-197913.721    31.891    -0.01    1.00
-197536.160    31.080    -2.15    1.79
-197158.533    30.636    -1.18    2.40
-196780.840    29.841    -2.10    2.82
-196403.082    29.136    -1.87    3.00
-196025.257    28.405    -1.93    3.05
-195647.366    27.713    -1.83    2.77
-195269.410    27.827     0.30    3.26
-194891.387    28.321     1.31    3.43
-194513.299    28.152    -0.45    3.35
-194135.144    27.698    -1.20    2.69
-193756.923    27.189    -1.35    2.35
-193378.636    26.156    -2.73    1.10
-193000.283    25.813    -0.91    0.31
-192621.864    25.894     0.21    0.66
-192243.378    26.097     0.54    1.02
-191864.826    26.330     0.61    1.25
-191486.207    26.652     0.85    1.39
-191107.522    27.085     1.14    1.41
-190728.771    27.397     0.82    1.31
-190349.954    27.789     1.03    1.16
-189971.069    28.052     0.69    1.12
-189592.119    29.739     4.45    3.31
-189213.101    31.011     3.35    4.12
-188834.018    32.839     4.82    4.71
-188454.867    35.115     6.00    4.41
-188075.650    35.036    -0.21    4.34
-187696.366    35.277     0.64    4.89
-187317.015    34.464    -2.14    6.19
-186937.598    33.975    -1.29    6.89
-186558.114    35.127     3.04    7.42
-186178.563    34.661    -1.23    7.21
-185798.945    34.369    -0.77    6.13
-185419.260    34.764     1.04    4.70
-185039.509    34.527    -0.63    4.65
-184659.690    32.589    -5.10    5.99
-184288.862    30.751    -4.96    6.26
-183921.838    28.677    -5.65    5.32
-183554.752    27.238    -3.92    4.32
-183187.604    26.777    -1.26    3.47
-182820.394    26.233    -1.48    3.00
-182453.121    26.639     1.10    3.28
-182085.787    27.931     3.52    5.66
-181718.391    28.040     0.30    6.49
-181350.932    27.187    -2.32    5.99
-180983.411    26.498    -1.87    4.33
-180615.828    26.925     1.16    4.01
-180248.182    27.892     2.63    4.08
-179880.474    29.364     4.00    3.70
-179512.704    31.093     4.70    2.93
-179144.871    30.152    -2.56    3.11
-178776.976    28.881    -3.45    4.20
-178409.018    28.127    -2.05    4.63
-178040.998    28.556     1.17    5.76
-177672.916    31.702     8.55    6.84
-177304.771    34.351     7.19    6.44
-176936.563    35.579     3.33    5.41
-176568.292    34.142    -3.90    6.07
-176199.959    31.536    -7.07    5.02
-175831.564    29.725    -4.92    2.70
-175463.105    30.579     2.32    2.58
-175094.584    31.937     3.69    2.37
-174726.000    32.564     1.70    2.14
-174357.353    32.697     0.36    2.00
-173988.643    32.853     0.42    2.13
-173619.871    33.504     1.77    1.92
-173251.035    34.036     1.44    1.50
-172882.137    34.258     0.60    1.24
-172513.175    33.827    -1.17    1.18
-172144.151    33.354    -1.28    1.05
-171775.063    32.777    -1.56    1.07
-171405.913    32.612    -0.45    1.06
-171036.699    32.464    -0.40    1.13
-170667.422    32.585     0.33    1.11
-170298.082    33.027     1.20    1.27
-169928.679    33.220     0.52    1.11
-169559.212    33.492     0.74    0.95
-169189.682    34.014     1.41    0.85
-168820.089    34.524     1.38    1.22
-168450.433    34.700     0.48    1.32
-168080.713    34.427    -0.74    1.48
-167710.930    34.164    -0.71    1.40
-167341.083    34.258     0.25    1.60
-166971.173    34.875     1.67    1.64
-166601.199    35.134     0.70    1.43
-166231.162    35.530     1.07    1.61
-165861.062    35.726     0.53    1.71
-165490.897    35.739     0.04    2.26
-165120.669    35.653    -0.23    2.53
-164750.377    35.233    -1.13    2.83
-164380.022    35.171    -0.17    3.24
-164009.603    35.118    -0.14    2.78
-163639.120    36.251     3.06    3.08
-163268.573    37.381     3.05    2.85
-162897.963    37.258    -0.33    2.30
-162527.288    36.814    -1.20    1.71
-162156.550    36.853     0.10    1.56
-161785.748    35.852    -2.70    2.63
-161414.882    34.341    -4.07    3.01
-161043.951    34.097    -0.66    3.43
-160672.957    34.332     0.63    3.64
-160301.899    35.591     3.39    3.31
-159930.776    36.764     3.16    2.45
-159559.590    36.102    -1.78    3.26
-159188.339    35.308    -2.14    3.33
-158817.024    35.974     1.79    4.65
-158445.645    37.246     3.42    4.92
-158074.201    38.418     3.16    4.13
-157702.694    39.867     3.90    3.87
-157331.122    40.077     0.56    3.77
-156959.485    39.989    -0.24    3.90
-156587.784    40.060     0.19    5.01
-156216.019    38.838    -3.29    6.17
-155844.189    38.134    -1.89    7.62
-155472.295    35.892    -6.03    9.13
-155100.336    32.864    -8.14    9.50
-154728.312    28.690   -11.22    9.22
-154356.224    25.752    -7.90    7.95
-153984.072    22.715    -8.16    6.19
-153611.854    20.813    -5.11    3.80
-153239.572    19.219    -4.28    3.28
-152867.225    18.397    -2.21    3.10
-152494.814    18.431     0.09    2.59
-152122.337    18.208    -0.60    2.82
-151749.796    18.357     0.40    2.63
-151377.190    18.636     0.75    2.48
-151004.519    18.364    -0.73    2.00
-150631.783    18.014    -0.94    1.84
-150258.982    17.838    -0.47    2.94
-149886.116    17.048    -2.12    3.81
-149513.185    16.690    -0.96    3.87
-149140.189    16.841     0.40    3.45
-148767.127    17.227     1.03    2.72
-148394.001    17.864     1.71    2.51
-148020.809    18.369     1.35    2.46
-147647.552    18.941     1.53    2.38
-147274.230    19.529     1.58    2.15
-146900.843    20.226     1.86    2.14
-146527.390    21.591     3.66    2.54
-146153.872    22.865     3.41    2.84
-145780.289    24.386     4.07    2.90
-145406.640    25.827     3.85    2.47
-145032.925    26.977     3.08    1.85
-144659.145    27.751     2.07    1.38
-144285.300    27.935     0.49    1.26
-143911.389    27.985     0.13    1.22
-143537.413    27.863    -0.33    1.19
-143163.370    27.588    -0.73    1.03
-142789.262    28.110     1.39    1.12
-142415.089    28.683     1.53    1.42
-142040.849    29.110     1.14    1.29
-141666.544    29.264     0.41    1.32
-141292.173    29.752     1.30    1.69
-140917.737    29.631    -0.32    2.23
-140543.234    29.627    -0.01    2.15
-140168.665    29.387    -0.64    1.32
-139794.031    29.923     1.43    1.82
-139419.330    31.085     3.10    2.31
-139044.564    31.949     2.31    2.42
-138669.731    32.777     2.21    2.35
-138294.833    33.196     1.12    2.36
-137919.868    33.916     1.92    2.24
-137544.837    33.060    -2.28    2.97
-137169.740    32.064    -2.66    4.00
-136794.576    31.002    -2.83    4.39
-136419.347    28.867    -5.69    4.10
-136044.051    27.307    -4.15    3.49
-135668.688    26.060    -3.32    2.01
-135293.260    25.740    -0.85    2.02
-134917.764    25.480    -0.69    1.70
-134542.203    25.625     0.39    1.49
-134166.575    26.214     1.57    1.64
-133790.880    26.612     1.06    1.43
-133415.119    27.057     1.18    1.06
-133039.292    26.952    -0.28    1.17
-132663.397    27.414     1.23    1.86
-132287.436    28.322     2.42    2.04
-131911.409    29.060     1.96    2.08
-131535.314    29.258     0.52    2.33
-131159.153    28.875    -1.02    2.57
-130782.925    28.225    -1.73    2.57
-130406.631    27.233    -2.63    2.17
-130030.269    27.303     0.19    2.64
-129653.840    28.427     2.98    3.57
-129277.345    29.827     3.72    3.85
-128900.782    30.999     3.11    4.68
-128524.153    31.549     1.46    5.02
-128147.456    30.639    -2.41    5.21
-127770.693    26.664   -10.55    7.48
-127393.862    22.703   -10.51    7.04
-127016.964    19.505    -8.48    5.11
-126639.999    18.290    -3.22    3.79
-126262.967    18.208    -0.22    3.99
-125885.867    15.752    -6.51    4.31
-125508.700    13.812    -5.14    4.62
-125131.466    11.814    -5.30    4.47
-124754.164    10.139    -4.44    2.05
-124376.795    10.585     1.18    2.45
-123999.359    10.147    -1.16    3.16
-123621.855    10.219     0.19    3.62
-123244.283     9.023    -3.17    3.77
-122866.644     7.435    -4.21    3.02
-122488.938     7.081    -0.94    2.67
-122111.164     6.469    -1.62    1.81
-121733.322     6.089    -1.01    1.14
-121355.412     5.864    -0.60    0.56
-120977.435     6.527     1.75    2.30
-120599.390     8.713     5.78    4.40
-120221.277    10.947     5.91    5.30
-119843.096    13.406     6.50    5.07
-119464.847    14.776     3.62    4.22
-119086.531    15.777     2.64    2.58
-118708.146    14.964    -2.15    3.19
-118329.694    12.410    -6.75    4.76
-117951.173     9.827    -6.82    5.03
-117572.584     7.581    -5.93    4.38
-117193.928     7.001    -1.53    4.01
-116815.203     6.105    -2.36    3.31
-116436.410     4.909    -3.16    0.98
-116057.548     5.041     0.35    1.46
-115678.619     5.625     1.54    2.80
-115299.621     6.357     1.93    3.82
-114920.555     6.702     0.91    4.17
-114541.420     6.702     0.00    4.15
-114162.217     6.283    -1.11    3.36
-113782.946     6.764     1.27    3.39
-113403.606     7.295     1.40    3.19
-113024.198     8.227     2.46    3.15
-112644.721     8.788     1.48    2.82
-112265.176     8.283    -1.33    2.21
-111885.562     8.288     0.01    2.30
-111505.879     8.185    -0.27    2.37
-111126.127     7.715    -1.24    2.28
-110746.307     7.527    -0.50    2.20
-110366.418     6.547    -2.58    2.04
-109986.461     5.954    -1.56    1.94
-109611.942     5.616    -0.90    1.44
-109245.117     5.686     0.19    1.42
-108878.229     6.374     1.87    2.21
-108511.277     6.660     0.78    2.27
-108144.262     6.288    -1.01    2.14
-107777.183     5.632    -1.79    1.90
-107410.040     5.162    -1.28    1.55
-107042.834     4.764    -1.08    0.00
-106675.564     4.764     0.00    0.00
-106308.230     4.764     0.00    0.00
-105940.832     4.764     0.00    0.00
-105573.370     4.764     0.00    0.00
-105205.845     4.764     0.00    0.00
-104838.255     4.815     0.14    0.27
-104470.602     5.215     1.09    0.89
-104102.884     5.389     0.47    1.04
-103735.103     5.591     0.55    1.10
-103367.257     6.313     1.96    1.95
-102999.347     7.288     2.65    2.66
-102631.374     8.887     4.35    2.96
-102263.336     9.514     1.70    2.62
-101895.234     9.138    -1.02    2.64
-101527.067     8.414    -1.96    2.86
-101158.837     6.923    -4.05    2.03
-100790.542     6.048    -2.37    1.77
-100422.183     5.214    -2.26    1.43
-100053.759     4.320    -2.43    1.07
 -99685.271     4.198    -0.33    0.87
 -99316.718     4.080    -0.32    0.81
 -98948.102     3.764    -0.86    0.87
 -98579.420     3.478    -0.77    0.86
 -98210.674     3.093    -1.04    0.63
 -97841.864     2.802    -0.79    0.19
 -97472.989     4.653     5.02    6.82
 -97104.049    14.014    25.37   21.74
 -96735.045    32.595    50.35   34.82
 -96365.975    53.803    57.46   36.26
 -95996.842    79.050    68.39   29.22
 -95627.643    99.540    55.50   16.82
 -95258.380   108.902    25.35   14.70
 -94889.051   115.764    18.58   11.85
 -94519.658   118.347     6.99    8.95
 -94150.200   110.169   -22.13   19.81
 -93780.677    89.875   -54.92   29.20
 -93411.089    74.815   -40.74   22.69
 -93041.436    71.394    -9.26   16.15
 -92671.718    78.751    19.90   18.67
 -92301.935    94.631    42.94   22.57
 -91932.087   106.233    31.37   20.46
 -91562.173   119.579    36.08   15.18
 -91192.195   126.246    18.02   12.06
 -90822.151   131.337    13.76   11.57
 -90452.042   136.517    13.99   11.10
 -90081.868   142.011    14.84    9.21
 -89711.628   145.939    10.61    9.70
 -89341.323   149.496     9.60    9.92
 -88970.953   154.910    14.62    9.06
 -88600.517   157.394     6.70    7.89
 -88230.015   157.489     0.26    8.00
 -87859.449   153.508   -10.74   15.16
 -87488.816   150.923    -6.98   19.01
 -87118.118   153.337     6.51   19.98
 -86747.355   158.630    14.27   16.73
 -86376.526   162.999    11.78   12.00
 -86005.631   165.045     5.52    8.56
 -85634.670   165.468     1.14    5.56
 -85263.644   162.301    -8.54    5.49
 -84892.552   157.480   -12.99    9.53
 -84521.394   150.017   -20.11   15.50
 -84150.171   140.147   -26.59   17.51
 -83778.881   127.337   -34.50   20.86
 -83407.526   111.492   -42.66   19.63
 -83036.104    98.147   -35.93   16.68
 -82664.617    85.480   -34.09   10.55
 -82293.063    80.150   -14.35    8.44
 -81921.444    78.591    -4.19    8.09
 -81549.758    77.529    -2.86    7.72
 -81178.006    76.591    -2.52    8.30
 -80806.188    71.872   -12.69   12.20
 -80434.304    71.118    -2.03   18.10
 -80062.354    80.105    24.16   28.41
 -79690.337   100.505    54.83   34.64
 -79318.254   121.020    55.13   30.74
 -78946.105   141.055    53.83   16.28
 -78573.889   152.089    29.64   12.95
 -78201.607   156.727    12.46    8.77
 -77829.259   155.270    -3.91    8.78
 -77456.844   150.776   -12.07    9.25
 -77084.362   144.532   -16.76    9.24
 -76711.814   137.581   -18.66   11.92
 -76339.200   129.627   -21.35   14.95
 -75966.518   119.258   -27.82   12.60
 -75593.770   114.179   -13.63   11.49
 -75220.956   111.085    -8.30   11.75
 -74848.074   112.221     3.05   12.86
 -74475.126   116.431    11.29   11.84
 -74102.111   119.642     8.61    9.99
 -73729.029   123.971    11.60    8.47
 -73355.881   126.559     6.93    9.60
 -72982.665   128.529     5.28    8.39
 -72609.382   130.801     6.08    7.61
 -72236.033   134.789    10.68    7.69
 -71862.616   137.423     7.05    7.66
 -71489.133   137.849     1.14    6.66
 -71115.582   136.703    -3.07    6.28
 -70741.964   133.788    -7.80    6.15
 -70368.279   131.105    -7.18    6.53
 -69994.527   131.545     1.17    6.93
 -69620.707   136.221    12.51    8.65
 -69246.821   141.227    13.39    9.28
 -68872.866   145.283    10.84    8.03
 -68498.845   146.459     3.15    6.48
 -68124.756   142.727    -9.97    7.07
 -67750.600   138.550   -11.17    6.18
 -67376.376   136.813    -4.64    7.04
 -67002.085   137.535     1.93    9.11
 -66627.726   138.307     2.06    9.22
 -66253.300   137.134    -3.13    8.21
 -65878.806   133.452    -9.83    8.73
 -65504.245   126.276   -19.16   10.01
 -65129.615   119.369   -18.44    9.51
 -64754.918   113.468   -15.75    8.52
 -64380.154   110.949    -6.72    7.25
 -64005.321   109.411    -4.10    7.39
 -63630.421   108.789    -1.66    8.38
 -63255.453   106.875    -5.10    8.72
 -62880.417   105.169    -4.55    9.79
 -62505.313   107.955     7.43   14.89
 -62130.141   112.141    11.16   16.69
 -61754.901   117.105    13.23   14.69
 -61379.593   122.290    13.81   10.29
 -61004.216   123.595     3.48   10.87
 -60628.772   125.226     4.34   10.97
 -60253.260   123.520    -4.54   10.77
 -59877.679   122.504    -2.70   11.91
 -59502.030   123.535     2.74   11.28
 -59126.313   124.302     2.04    9.55
 -58750.528   125.324     2.72    6.53
 -58374.674   125.520     0.52    5.51
 -57998.752   122.154    -8.95    7.70
 -57622.761   118.650    -9.32    9.04
 -57246.702   113.240   -14.39    9.84
 -56870.575   109.381   -10.26    8.94
 -56494.379   107.415    -5.23    8.28
 -56118.114   101.935   -14.56   11.19
 -55741.781    94.764   -19.05   14.63
 -55365.379    83.618   -29.61   14.49
 -54988.908    75.431   -21.75   10.70
 -54612.369    69.764   -15.05    9.00
 -54235.761    66.959    -7.45    9.46
 -53859.084    62.550   -11.71    9.83
 -53482.338    58.508   -10.73    8.94
 -53105.524    54.005   -11.95    7.33
 -52728.640    49.625   -11.62    7.89
 -52351.688    45.395   -11.22    7.92
 -51974.667    40.546   -12.86    7.21
 -51597.576    34.264   -16.66    7.33
 -51220.417    29.610   -12.34    6.06
 -50843.188    29.101    -1.35    7.29
 -50465.890    32.597     9.27   11.71
 -50088.523    41.788    24.35   16.01
 -49711.087    49.387    20.13   14.39
 -49333.582    52.228     7.53   15.32
 -48956.007    51.171    -2.80   16.94
 -48578.363    45.480   -15.07   14.97
 -48200.650    41.227   -11.26   10.13
 -47822.867    40.234    -2.63    6.94
 -47445.015    42.898     7.05    8.21
 -47067.094    47.957    13.38   11.58
 -46689.102    53.996    15.98   13.78
 -46311.042    60.825    18.06   15.07
 -45932.911    68.955    21.50   15.74
 -45554.711    77.788    23.36   14.75
 -45176.442    83.776    15.83   13.54
 -44798.102    90.131    16.80   12.12
 -44419.693    98.581    22.33   10.96
 -44041.215   105.589    18.52    9.39
 -43662.666   112.164    17.37    6.47
 -43284.047   116.379    11.13    4.24
 -42905.359   115.581    -2.11    7.67
 -42526.600   113.024    -6.75    9.37
 -42147.772   109.812    -8.48    9.01
 -41768.874   107.017    -7.37    8.72
 -41389.905   106.595    -1.11    9.94
 -41010.867   108.919     6.13    9.10
 -40631.758   110.752     4.84    6.78
 -40252.579   108.210    -6.70    8.41
 -39873.330   102.484   -15.10   11.56
 -39494.011    97.618   -12.83   10.20
 -39114.621    96.455    -3.06    7.99
 -38735.161    95.882    -1.51    8.48
 -38355.631    96.394     1.35    9.99
 -37976.030    96.740     0.91    9.59
 -37596.359    98.296     4.10    9.41
 -37216.617   103.940    14.86    9.94
 -36836.805   110.308    16.77    8.43
 -36456.922   116.026    15.05    7.33
 -36076.969   120.863    12.73    5.04
 -35696.945   123.450     6.81    4.09
 -35316.850   126.628     8.36    4.78
 -34938.314   128.362     4.58    5.56
 -34571.693   127.110    -3.41    8.04
 -34205.007   122.904   -11.47   11.51
 -33838.255   115.802   -19.36   12.52
 -33471.439   108.728   -19.28    9.23
 -33104.557   105.674    -8.32    5.51
 -32737.609   105.846     0.47    6.18
 -32370.597   107.498     4.50    7.62
 -32003.519   109.041     4.20    7.18
 -31636.376   111.452     6.57    6.74
 -31269.167   113.718     6.17    6.44
 -30901.893   115.875     5.87    5.75
 -30534.554   117.337     3.98    4.66
 -30167.149   118.093     2.06    4.11
 -29799.678   117.258    -2.27    3.26
 -29432.142   115.703    -4.23    4.11
 -29064.540   111.822   -10.56    7.47
 -28696.873   107.704   -11.20    9.92
 -28329.140   102.836   -13.24   10.60
 -27961.341    99.764    -8.35   10.93
 -27593.476    96.109    -9.93   11.82
 -27225.546    90.282   -15.84   11.79
 -26857.550    85.549   -12.86   12.08
 -26489.487    83.383    -5.88   12.54
 -26121.359    81.566    -4.93   13.72
 -25753.165    79.635    -5.25   12.59
 -25384.906    77.738    -5.15   10.09
 -25016.580    77.008    -1.98   11.43
 -24648.188    77.085     0.21   15.04
 -24279.730    75.246    -4.99   16.59
 -23911.205    70.661   -12.44   15.57
 -23542.615    69.668    -2.70   11.79
 -23173.959    71.427     4.77   10.41
 -22805.236    76.611    14.06   12.20
 -22436.447    84.715    21.97   13.35
 -22067.592    94.270    25.91   14.51
 -21698.670   104.210    26.94   13.48
 -21329.682   110.470    16.97    9.49
 -20960.628   110.641     0.46    8.71
 -20591.507   102.978   -20.76   14.94
 -20222.320    92.089   -29.49   17.00
 -19853.066    79.557   -33.94   13.41
 -19483.746    69.654   -26.81    9.06
 -19114.359    62.728   -18.75    8.99
 -18744.905    56.895   -15.79   10.44
 -18375.385    49.252   -20.68    9.58
 -18005.798    43.252   -16.23    7.73
 -17636.144    38.717   -12.27    5.04
 -17266.424    38.897     0.49    5.46
 -16896.637    42.339     9.31    8.04
 -16526.783    48.933    17.83    9.72
 -16156.862    57.134    22.17    9.82
 -15786.874    64.288    19.33    9.36
 -15416.820    70.701    17.33    8.81
 -15046.698    77.669    18.83    7.31
 -14676.509    83.688    16.26    7.42
 -14306.254    90.458    18.28    9.94
 -13935.931    96.238    15.61    9.34
 -13565.541   100.288    10.93    8.44
 -13195.084   103.251     8.00    6.92
 -12824.559   106.917     9.89    8.14
 -12453.968   110.969    10.93    8.45
 -12083.309   114.074     8.38    6.99
 -11712.583   114.341     0.72    6.92
 -11341.789   110.117   -11.39    9.20
 -10970.928   103.379   -18.17    9.98
 -10600.000    95.065   -22.41    8.45
 -10229.004    90.389   -12.60    7.68
  -9857.941    90.270    -0.32    8.91
  -9486.810    90.517     0.67    8.98
  -9115.612    90.593     0.21    7.82
  -8744.346    88.060    -6.82    7.48
  -8373.013    83.590   -12.04    7.31
  -8001.611    78.898   -12.63    6.47
  -7630.142    75.142   -10.11    5.21
  -7258.606    72.208    -7.90    4.92
  -6887.001    69.206    -8.08    5.37
  -6515.329    65.222   -10.72    6.84
  -6143.589    61.222   -10.76    7.33
  -5771.781    59.827    -3.75    7.52
  -5399.905    60.305     1.29    8.08
  -5027.961    60.199    -0.28    8.44
  -4655.949    55.574   -12.43   11.28
  -4283.869    47.678   -21.22   12.96
  -3911.721    39.990   -20.66    9.97
  -3539.504    36.270    -9.99    6.59
  -3167.220    37.276     2.70    7.40
  -2794.867    40.101     7.59    7.28
  -2422.447    41.466     3.67    5.97
  -2049.957    38.905    -6.88    7.68
  -1677.400    31.776   -19.14   11.77
  -1304.774    21.740   -26.93   14.43
   -932.080    11.564   -27.30   13.64
   -559.317     4.089   -20.05    8.82
   -186.486     0.089   -10.73    0.88
    186.413     0.406     0.85    0.90
    559.381     1.002     1.60    0.95
    932.418     1.471     1.26    0.68
   1305.523     1.752     0.75    0.11
   1678.697     1.764     0.03    0.00
   2051.940     1.764     0.00    0.00
   2425.251     1.764     0.00    0.00
   2798.631     1.764     0.00    0.00
   3172.080     1.764     0.00    0.00
   3545.597     1.764     0.00    0.00
   3919.184     1.764     0.00    0.00
   4292.840     1.764     0.00    0.00
   4666.564     1.764     0.00    0.00
   5040.357     1.764     0.00    0.00
   5414.220     1.764     0.00    0.00
   5788.152     1.764     0.00    0.00
   6162.152     1.764     0.00    0.00
   6536.222     1.764     0.00    0.00
   6910.361     1.764     0.00    0.00
   7284.569     1.764     0.00    0.00
   7658.847     1.764     0.00    0.00
   8033.193     1.764     0.00    0.00
   8407.609     1.764     0.00    0.00
   8782.095     1.764     0.00    0.00
   9156.650     1.764     0.00    0.00
   9531.274     1.764     0.00    0.00
   9905.968     1.764     0.00    0.00
  10280.731     1.764     0.00    0.00
  10655.564     1.764     0.00    0.00
  11030.467     1.764     0.00    0.00
  11405.439     1.764     0.00    0.00
  11780.481     1.764     0.00    0.00
  12155.592     1.764     0.00    0.00
  12530.774     1.764     0.00    0.00
  12906.025     1.764     0.00    0.00
  13281.346     1.764     0.00    0.00
  13656.736     1.713    -0.13    0.22
  14032.197     1.550    -0.44    0.56
  14407.728     1.514    -0.10    0.58
  14783.329     1.493    -0.05    0.61
  15158.999     1.264    -0.61    0.83
  15534.740     0.728    -1.43    0.99
  15910.551     0.207    -1.39    0.81
  16286.432    -0.130    -0.90    0.44
  16662.383    -0.236    -0.28    0.00
  17038.405     0.070     0.81    0.69
  17414.497     0.527     1.21    0.94
  17790.659     1.058     1.41    0.94
  18166.891     1.557     1.33    0.58
  18543.194     1.764     0.55    0.00
  18919.567     1.764     0.00    0.00
  19296.011     1.764     0.00    0.00
  19672.525     1.764     0.00    0.00
  20049.110     1.764     0.00    0.00
  20425.765     1.764     0.00    0.00
  20802.491     1.764     0.00    0.00
  21179.288     1.764     0.00    0.00
  21556.155     1.764     0.00    0.00
  21933.093     1.764     0.00    0.00
  22310.102     1.764     0.00    0.00
  22687.181     1.764     0.00    0.00
  23064.332     1.764     0.00    0.00
  23441.553     1.788     0.06    0.15
  23818.846     2.344     1.48    1.72
  24196.209     3.399     2.80    3.25
  24573.643     6.205     7.43    6.74
  24951.149     9.082     7.62    8.87
  25328.725    11.802     7.20    9.91
  25706.373    13.540     4.60   10.07
  26084.092    15.448     5.05   10.69
  26461.882    16.564     2.96   10.90
  26839.743    17.764     3.18   11.45
  27217.676    19.050     3.40   11.58
  27595.680    19.152     0.27   10.95
  27973.755    20.450     3.43   10.26
  28351.902    22.484     5.38    8.90
  28730.120    23.955     3.89    6.51
  29108.410    24.258     0.80    5.22
  29486.771    23.399    -2.27    4.58
  29865.204    22.427    -2.57    4.57
  30243.708    22.109    -0.84    5.22
  30622.284    21.029    -2.85    5.77
  31000.932    19.148    -4.97    4.41
  31379.652    17.427    -4.54    2.17
  31758.443    16.752    -1.78    2.33
  32137.306    16.529    -0.59    2.17
  32516.241    16.658     0.34    1.95
  32895.248    17.241     1.54    2.09
  33274.327    17.313     0.19    2.09
  33653.478    16.154    -3.06    3.12
  34032.701    13.815    -6.17    3.84
  34411.996    11.905    -5.03    3.60
  34791.363    11.039    -2.28    3.39
  35170.803    11.415     0.99    3.56
  35550.314    12.036     1.63    3.63
  35929.898    12.252     0.57    3.80
  36309.554    12.446     0.51    3.20
  36689.282    10.380    -5.44    5.04
  37069.083     6.874    -9.23    5.54
  37448.956     4.078    -7.36    4.77
  37828.901     1.836    -5.90    2.31
  38208.919     1.306    -1.40    0.83
  38589.010     1.399     0.25    0.81
  38969.173     1.552     0.40    0.67
  39349.408     1.753     0.53    0.11
  39729.717     1.764     0.03    0.00
  40098.698     1.764     0.00    0.00
  40465.175     1.764     0.00    0.00
  40831.720     1.764     0.00    0.00
  41198.331     1.764     0.00    0.00
  41565.009     1.764     0.00    0.00
  41931.754     1.764     0.00    0.00
  42298.566     1.764     0.00    0.00
  42665.444     1.764     0.00    0.00
  43032.390     1.800     0.10    0.19
  43399.403     1.869     0.19    0.31
  43766.483     1.974     0.29    0.41
  44133.629     2.055     0.22    0.46
  44500.843     2.114     0.16    0.48
  44868.125     2.062    -0.14    0.46
  45235.473     1.964    -0.27    0.40
  45602.889     1.844    -0.33    0.27
  45970.372     1.764    -0.22    0.00
  46337.922     1.764     0.00    0.00
  46705.539     1.764     0.00    0.00
  47073.224     1.764     0.00    0.00
  47440.977     1.787     0.06    0.15
  47808.797     1.848     0.17    0.28
  48176.684     1.917     0.19    0.36
  48544.639     2.031     0.31    0.45
  48912.662     2.129     0.26    0.48
  49280.752     2.233     0.28    0.50
  49648.909     2.335     0.28    0.50
  50017.135     2.443     0.29    0.47
  50385.428     2.555     0.30    0.41
  50753.789     2.628     0.20    0.34
  51122.218     2.718     0.24    0.21
  51490.714     2.764     0.12    0.00
  51859.279     2.764     0.00    0.00
  52227.911     2.764     0.00    0.00
  52596.611     2.764     0.00    0.00
  52965.380     2.764     0.00    0.00
  53334.216     2.764     0.00    0.00
  53703.120     2.764     0.00    0.00
  54072.093     2.764     0.00    0.00
  54441.134     2.764     0.00    0.00
  54810.242     2.764     0.00    0.00
  55179.419     2.764     0.00    0.00
  55548.665     2.764     0.00    0.00
  55917.978     2.764     0.00    0.00
  56287.360     2.764     0.00    0.00
  56656.810     2.764     0.00    0.00
  57026.329     2.764     0.00    0.00
  57395.916     2.764     0.00    0.00
  57765.572     2.764     0.00    0.00
  58135.296     2.764     0.00    0.00
  58505.088     2.764     0.00    0.00
  58874.950     2.764     0.00    0.00
  59244.880     2.764     0.00    0.00
  59614.878     2.764     0.00    0.00
  59984.945     2.764     0.00    0.00
  60355.081     2.741    -0.06    0.15
  60725.286     2.277    -1.25    1.19
  61095.560     1.706    -1.54    1.66
  61465.902     0.949    -2.04    1.90
  61836.314     0.218    -1.98    1.83
  62206.794    -0.421    -1.72    1.49
  62577.343    -0.457    -0.10    1.39
  62947.961     0.050     1.37    1.74
  63318.649     0.971     2.49    1.92
  63689.405     2.562     4.29    3.34
  64060.231     5.169     7.03    5.61
  64431.126     7.246     5.60    6.83
  64802.090     8.380     3.06    7.43
  65173.123     8.578     0.53    7.52
  65544.225     7.859    -1.94    6.97
  65915.397     8.383     1.41    7.63
  66286.638     9.809     3.84    9.08
  66657.949    11.764     5.26    9.75
  67029.329    12.205     1.19    9.16
  67400.778    12.332     0.34    7.78
  67772.297    13.962     4.39    7.80
  68143.886    17.621     9.85    7.84
  68515.544    22.706    13.68    7.63
  68887.272    25.659     7.95    5.77
  69259.069    25.410    -0.67    4.33
  69630.936    24.929    -1.30    4.38
  70002.873    25.388     1.23    4.65
  70374.880    26.787     3.76    4.80
  70746.956    28.531     4.69    4.60
  71119.103    29.129     1.61    3.71
  71491.319    30.680     4.17    2.84
  71863.605    32.020     3.60    3.01
  72235.962    32.478     1.23    3.66
  72608.388    32.902     1.14    3.93
  72980.884    33.362     1.23    4.29
  73353.451    33.520     0.42    4.42
  73726.087    33.162    -0.96    4.24
  74098.794    31.938    -3.28    3.68
  74471.571    30.125    -4.86    2.11
  74844.418    30.729     1.62    2.44
  75217.336    31.073     0.92    2.58
  75590.324    31.485     1.11    2.16
  75963.382    31.852     0.98    1.49
  76336.511    31.718    -0.36    1.49
  76709.710    32.394     1.81    1.89
  77082.979    33.183     2.11    2.52
  77456.320    33.739     1.49    2.41
  77829.730    34.694     2.56    2.76
  78203.212    35.527     2.23    2.72
  78576.764    35.124    -1.08    2.76
  78950.387    35.289     0.44    2.63
  79324.080    34.281    -2.70    3.22
  79697.844    33.802    -1.28    3.44
  80071.680    33.450    -0.94    3.12
  80445.585    32.539    -2.44    3.66
  80819.562    32.531    -0.02    3.74
  81193.610    32.864     0.89    3.60
  81567.729    33.132     0.72    3.20
  81941.919    33.502     0.99    2.36
  82316.180    32.973    -1.41    2.75
  82690.512    31.164    -4.83    4.66
  83064.915    25.927   -13.99    9.36
  83439.389    20.110   -15.54    9.72
  83813.935    21.500     3.71   11.65
  84188.551    25.184     9.84   13.32
  84563.239    31.764    17.56   11.35
  84937.999    37.492    15.29    4.39
  85312.830    37.299    -0.52    3.40
  85687.732    36.554    -1.99    2.92
  86062.706    35.741    -2.17    2.99
  86437.751    33.900    -4.91    1.92
  86812.868    32.626    -3.40    2.25
  87188.056    29.887    -7.30    4.08
  87563.316    26.074   -10.16    5.43
  87938.648    22.077   -10.65    5.55
  88314.051    18.936    -8.37    4.14
  88689.526    18.198    -1.97    3.40
  89065.073    20.971     7.38    5.38
  89440.692    25.057    10.88    5.34
  89816.382    29.120    10.82    5.13
  90192.145    33.169    10.77    3.69
  90567.979    35.569     6.39    3.28
  90943.886    37.752     5.81    3.41
  91319.864    39.985     5.94    3.40
  91695.915    42.752     7.36    3.72
  92072.038    45.994     8.62    4.88
  92448.233    50.834    12.87    5.64
  92824.500    55.950    13.60    7.16
  93200.839    62.439    17.24    7.27
  93577.251    67.037    12.22    6.51
  93953.735    71.454    11.73    4.04
  94330.291    74.597     8.35    4.03
  94706.920    78.078     9.24    5.01
  95083.621    82.152    10.82    5.33
  95460.394    87.564    14.36    5.69
  95837.241    92.946    14.28    7.67
  96214.159    99.564    17.56    8.74
  96591.151   105.741    16.39    7.44
  96968.215   111.219    14.53    4.24
  97345.352   113.893     7.09    3.09
  97722.561   116.531     6.99    5.46
  98099.844   118.880     6.23    7.00
  98477.199   122.730    10.20    8.65
  98854.627   124.359     4.32    8.91
  99232.128   121.523    -7.51   11.85
  99609.702   116.633   -12.95   13.37
  99987.348   112.557   -10.79   11.25
 100365.068   111.812    -1.97    9.50
 100742.861   116.408    12.16    8.84
 101120.727   123.105    17.73    6.20
 101498.667   128.719    14.85    6.03
 101876.679   133.642    13.03    6.10
 102254.765   138.787    13.61    7.02
 102632.924   143.654    12.87    6.11
 103011.156   147.247     9.50    6.83
 103389.462   146.276    -2.57   10.73
 103767.841   139.811   -17.09   17.21
 104146.294   130.657   -24.19   19.48
 104524.820   123.752   -18.24   16.06
 104903.420   120.648    -8.20   12.32
 105282.093   118.258    -6.31    8.62
 105660.840   116.845    -3.73    6.85
 106039.660   115.787    -2.79    5.65
 106418.555   115.728    -0.16    6.05
 106797.523   116.684     2.52    6.10
 107176.564   117.705     2.69    4.42
 107555.680   118.465     2.00    4.27
 107934.870   119.571     2.92    5.18
 108314.133   121.752     5.75    6.04
 108693.471   123.465     4.52    5.54
 109072.882   123.670     0.54    4.93
 109452.368   123.879     0.55    4.90
 109831.927   124.366     1.28    5.42
 110211.561   127.097     7.19    6.33
 110591.269   131.971    12.84    5.55
 110971.051   136.605    12.20    6.10
 111350.908   140.862    11.21    5.13
 111730.839   144.051     8.40    4.39
 112110.844   147.583     9.30    4.31
 112490.924   150.008     6.38    4.95
 112871.078   152.133     5.59    4.64
 113251.306   153.389     3.30    4.19
 113631.609   155.369     5.21    6.18
 114011.987   158.683     8.71    8.21
 114392.439   162.730    10.64    7.86
 114765.761   165.929     8.57    5.97
 115132.026   168.252     6.34    4.35
 115498.359   168.857     1.65    4.44
 115864.760   170.050     3.26    4.34
 116231.230   171.580     4.18    3.59
 116597.769   172.406     2.25    2.76
 116964.375   172.999     1.62    2.47
 117331.051   172.825    -0.48    2.89
 117697.795   171.799    -2.80    3.74
 118064.608   170.038    -4.80    4.18
 118431.489   168.605    -3.91    3.63
 118798.440   167.270    -3.64    2.43
 119165.459   165.399    -5.10    2.72
 119532.547   163.639    -4.80    3.55
 119899.703   161.994    -4.48    3.80
 120266.929   160.473    -4.14    3.88
 120634.224   159.136    -3.64    3.90
 121001.587   158.298    -2.28    2.56
 121369.020   157.969    -0.90    1.47
 121736.521   158.037     0.18    1.40
 122104.092   158.252     0.59    1.51
 122471.732   159.071     2.23    1.90
 122839.441   159.837     2.08    2.08
 123207.219   160.764     2.52    2.05
 123575.067   161.645     2.40    1.34
 123942.984   162.097     1.23    1.22
 124310.970   162.164     0.18    1.23
 124679.025   162.344     0.49    1.92
 125047.150   161.845    -1.35    2.53
 125415.344   159.821    -5.50    2.92
 125783.608   158.517    -3.54    2.63
 126151.941   157.058    -3.96    2.38
 126520.344   155.078    -5.38    2.52
 126888.817   153.517    -4.24    3.09
 127257.359   152.776    -2.01    2.86
 127625.971   152.848     0.20    2.71
 127994.652   153.316     1.27    2.48
 128363.404   153.703     1.05    2.36
 128732.225   153.562    -0.38    2.23
 129101.116   153.523    -0.10    2.48
 129470.076   154.017     1.34    2.93
 129839.107   154.609     1.61    2.89
 130208.208   156.184     4.27    2.97
 130577.378   158.051     5.06    3.41
 130946.619   159.991     5.25    3.74
 131315.930   162.150     5.84    2.49
 131685.311   162.933     2.12    1.80
 132054.762   162.821    -0.30    1.94
 132424.283   161.869    -2.58    3.01
 132793.875   159.798    -5.60    3.64
 133163.537   156.380    -9.25    4.01
 133533.269   152.799    -9.69    4.79
 133903.071   148.694   -11.10    5.34
 134272.944   145.063    -9.82    6.14
 134642.887   140.395   -12.62    6.12
 135012.901   137.074    -8.98    6.37
 135382.985   133.118   -10.69    5.79
 135753.140   130.297    -7.62    7.46
 136123.365   127.471    -7.63    8.03
 136493.661   125.173    -6.21    7.70
 136864.028   124.154    -2.75    6.65
 137234.466   125.037     2.38    5.91
 137604.974   126.680     4.43    5.01
 137975.553   128.339     4.48    3.44
 138346.203   129.199     2.32    2.97
 138716.923   129.162    -0.10    2.78
 139087.715   128.776    -1.04    2.90
 139458.578   127.971    -2.17    2.99
 139829.511   127.066    -2.44    2.76
 140200.516   125.982    -2.92    2.35
 140571.592   125.491    -1.32    3.05
 140942.738   124.034    -3.93    3.88
 141313.956   123.835    -0.54    3.61
 141685.246   121.923    -5.15    4.90
 142056.606   118.673    -8.75    7.25
 142428.038   113.603   -13.65    7.91
 142799.541   110.595    -8.10    6.36
 143171.115   111.470     2.35    6.23
 143542.761   113.994     6.79    5.77
 143914.478   115.345     3.64    4.34
 144286.267   112.856    -6.70    6.49
 144658.127   106.335   -17.54    9.07
 145030.059    99.673   -17.91   10.93
 145402.063    92.347   -19.69   12.95
 145774.138    85.686   -17.90   13.90
 146146.285    79.836   -15.72   13.26
 146518.503    75.764   -10.94    9.89
 146890.794    73.825    -5.21    7.24
 147263.156    76.247     6.50   10.98
 147635.590    79.898     9.81   12.78
 148008.096    84.457    12.24   13.66
 148380.673    90.895    17.28   11.85
 148753.323    95.105    11.30    9.02
 149126.045    97.957     7.65    5.76
 149498.839    98.684     1.95    4.39
 149871.705    98.435    -0.67    3.55
 150244.643    97.264    -3.14    3.89
 150617.654    95.466    -4.82    5.52
 150990.736    92.809    -7.12    5.17
 151363.891    90.717    -5.61    3.65
 151737.119    89.480    -3.31    2.35
 152110.418    88.752    -1.95    2.29
 152483.790    87.517    -3.31    2.64
 152857.234    85.624    -5.07    2.91
 153230.751    83.662    -5.26    3.16
 153604.341    81.985    -4.49    3.00
 153978.003    79.866    -5.67    2.46
 154351.737    77.982    -5.04    3.38
 154725.545    75.025    -7.91    4.47
 155099.425    71.555    -9.28    5.43
 155473.377    67.400   -11.11    5.87
 155847.403    63.327   -10.89    5.99
 156221.501    58.224   -13.64    6.08
 156595.672    53.555   -12.48    7.46
 156969.916    45.298   -22.06   11.07
 157344.233    37.867   -19.85   11.52
 157718.623    30.423   -19.89    8.46
 158093.086    27.500    -7.81    6.19
 158467.623    32.464    13.26   13.55
 158842.232    42.327    26.33   17.59
 159216.914    54.469    32.41   14.92
 159591.670    62.615    21.74    9.57
 159966.499    65.276     7.10    9.31
 160341.401    65.578     0.81    9.01
 160716.376    65.798     0.59    7.65
 161091.425    67.150     3.61    6.71
 161466.547    70.573     9.13    8.75
 161841.743    75.645    13.52    9.85
 162217.012    82.281    17.69    8.66
 162592.355    87.344    13.49    5.24
 162967.771    91.097    10.00    2.76
 163343.261    93.155     5.48    2.95
 163718.825    95.729     6.86    3.33
 164094.462    97.982     6.00    3.37
 164470.173    98.741     2.02    3.21
 164845.958    98.832     0.24    3.08
 165221.817    97.753    -2.87    3.25
 165597.750    96.465    -3.43    2.41
 165973.756    94.866    -4.25    2.72
 166349.837    93.557    -3.48    2.84
 166725.991    93.082    -1.26    2.76
 167102.220    92.171    -2.42    2.60
 167478.523    91.298    -2.32    3.63
 167854.900    89.615    -4.47    4.87
 168231.351    85.219   -11.68    7.55
 168607.876    78.811   -17.02    9.42
 168984.476    70.955   -20.86    9.21
 169361.150    63.950   -18.60    7.61
 169737.898    58.542   -14.36    6.08
 170114.721    54.683   -10.24    4.47
 170491.618    51.548    -8.32    4.18
 170868.590    50.633    -2.43    3.46
 171245.636    51.184     1.46    3.16
 171622.757    52.740     4.13    3.96
 171999.952    55.475     7.25    4.96
 172377.222    58.169     7.14    5.38
 172754.567    60.039     4.96    5.15
 173131.987    61.133     2.90    3.78
 173509.481    61.934     2.12    3.08
 173887.050    62.886     2.52    3.01
 174264.694    64.207     3.50    2.65
 174642.414    65.569     3.61    1.87
 175020.208    66.855     3.40    1.66
 175398.077    67.621     2.03    2.07
 175776.021    68.731     2.94    1.81
 176154.040    69.403     1.78    1.57
 176532.135    69.511     0.29    2.22
 176910.304    69.858     0.92    2.56
 177288.549    70.461     1.59    2.79
 177666.869    71.505     2.76    3.21
 178045.265    72.393     2.35    2.97
 178423.736    73.194     2.12    2.26
 178802.282    73.537     0.90    1.96
 179180.904    73.327    -0.55    1.81
 179559.601    72.662    -1.76    1.88
 179938.374    71.503    -3.06    1.85
 180317.223    70.708    -2.10    1.95
 180696.147    69.753    -2.52    2.40
 181075.147    67.292    -6.49    3.46
 181454.222    64.128    -8.35    4.22
 181833.374    60.971    -8.33    4.58
 182212.601    56.475   -11.86    5.13
 182591.904    52.139   -11.43    5.40
 182971.283    45.684   -17.02    7.41
 183350.738    38.959   -17.73    8.10
 183730.269    32.787   -16.27    6.86
 184109.876    29.078    -9.77    4.28
 184489.559    26.910    -5.71    0.51
 184869.318    26.764    -0.38    0.00
 185249.154    25.162    -4.22    4.73
 185629.066    24.335    -2.18    7.33
 186009.054    24.808     1.24    8.73
 186389.118    25.193     1.01    9.60
 186769.259    25.286     0.25    9.57
 187149.476    23.705    -4.16    8.69
 187529.769    22.559    -3.01    7.97
 187910.140    22.074    -1.28    7.35
 188290.586    21.674    -1.05    7.31
 188671.109    22.293     1.63    6.81
 189051.709    23.697     3.69    5.85
 189429.727    26.339     6.99    6.17
 189795.772    30.264    10.73    7.69
 190161.887    35.101    13.21    7.41
 190528.073    37.699     7.09    6.55
 190894.328    40.145     6.68    5.82
 191260.654    41.097     2.60    5.35
 191627.049    40.636    -1.26    4.99
 191993.515    40.378    -0.71    4.88
 192360.052    40.281    -0.26    5.30
 192726.658    39.557    -1.98    5.94
 193093.336    39.629     0.20    6.75
 193460.083    38.548    -2.95    8.55
 193826.901    36.449    -5.72    8.56
 194193.790    31.822   -12.61    7.72
 194560.749    26.978   -13.20    7.49
 194927.778    23.969    -8.20    5.94
 195294.879    23.730    -0.65    5.95
 195662.049    23.005    -1.97    6.41
 196029.291    22.864    -0.38    6.44
 196396.603    24.304     3.92    7.86
 196763.987    26.308     5.46   10.81
 197131.441    29.331     8.23   14.05
 197498.965    33.910    12.46   14.88
 197866.561    36.082     5.91   14.74
 198234.228    36.355     0.74   14.82
 198601.966    34.921    -3.90   14.39
 198969.774    31.616    -8.99   12.84
 199337.654    30.242    -3.74   10.82
 199705.605    29.240    -2.72   10.23
 200073.627    30.986     4.75   10.51
 200441.721    33.740     7.48    9.71
 200809.885    33.150    -1.60   10.61
 201178.121    29.538    -9.81   12.21
 201546.428    27.337    -5.98   10.97
 201914.807    25.408    -5.24    8.93
 202283.257    22.888    -6.84    6.44
 202651.778    24.400     4.11    6.24
 203020.371    24.855     1.23    6.82
 203389.035    25.286     1.17    7.76
 203757.771    24.776    -1.39    7.58
 204126.579    23.045    -4.69    7.59
 204495.458    22.787    -0.70    6.33
 204864.409    23.764     2.65    5.76
 205233.432    26.478     7.36    6.59
 205602.526    32.291    15.75    7.32
 205971.692    38.383    16.50    8.46
 206340.930    43.623    14.19    8.48
 206710.241    47.683    11.00    7.69
 207079.622    50.946     8.83    6.54
