# NaN NaN NaN ;Mean Elev.(m), Avg Gradient(m/km), RMS Gradient(m/km) - SRTM1     
#   43.746  -0.811   3.235 ;Mean Elev.(m), Avg Gradient(m/km), RMS Gradient(m/km) - ASTER GDEM
#   36.200  -0.521   3.337 ;Mean Elev.(m), Avg Gradient(m/km), RMS Gradient(m/km) - GMTED2010 
  7    46.826 52458.23884276 33.99  78.993624  59.915709 23.243
  7    46.690 52458.23884340 34.67  78.991434  59.912539 23.243
  7    46.640 52458.23884405 30.51  78.989254  59.909369 23.243
  7    46.207 52458.23884469 30.72  78.987074  59.906199 23.243
  7    46.009 52458.23884534 28.92  78.984884  59.903029 23.243
  7    45.787 52458.23884598 29.34  78.982704  59.899849 23.243
  7    46.112 52458.23884663 26.04  78.980524  59.896679 23.243
  7    46.483 52458.23884727 24.07  78.978344  59.893509 23.243
  7    46.633 52458.23884792 26.30  78.976164  59.890339 23.243
  7    46.770 52458.23884856 30.60  78.973984  59.887169 23.243
  8    45.183 52493.23882252 31.35  78.994653  59.909672 28.501
  8    44.842 52493.23882317 25.71  78.992473  59.906502 28.501
  8    44.722 52493.23882381 19.38  78.990291  59.903326 27.138
  8    44.516 52493.23882446 20.06  78.988101  59.900156 27.138
  8    43.533 52493.23882510 20.95  78.985921  59.896986 27.138
  8    43.786 52493.23882575 21.75  78.983741  59.893816 27.138
  8    44.390 52493.23882639 22.49  78.981561  59.890646 27.138
  8    42.249 52493.23882704 28.65  78.979381  59.887476 27.138
  8    42.397 52493.23882768 30.02  78.977201  59.884306 27.138
 10    44.607 52563.23884217 21.46  78.997040  59.905986 13.557
 10    45.036 52563.23884282 21.21  78.994860  59.902816 13.557
 10    45.355 52563.23884346 19.40  78.992680  59.899646 13.557
 10    45.251 52563.23884411 19.50  78.990490  59.896476 13.557
 10    44.935 52563.23884475 19.84  78.988310  59.893306 13.557
 12    42.969 52633.23880985 15.70  78.995895  59.910683  3.804
 12    43.382 52633.23881050 15.85  78.993705  59.907513  3.804
 12    43.496 52633.23881114 16.45  78.991527  59.904342  2.950
 12    44.101 52633.23881179 16.40  78.989347  59.901172  2.950
 12    44.106 52633.23881243 16.64  78.987157  59.898002  2.950
 12    43.351 52633.23881308 16.80  78.984977  59.894832  2.950
 12    43.611 52633.23881372 16.49  78.982797  59.891662  2.950
 12    43.357 52633.23881437 16.04  78.980617  59.888492  2.950
 12    43.020 52633.23881501 16.22  78.978427  59.885322  2.950
 12    42.972 52633.23881566 15.95  78.976247  59.882152  2.950
 13    42.874 52668.23882474 13.13  78.991270  59.915524  2.859
 13    42.541 52668.23882538 13.55  78.989080  59.912354  2.859
 13    42.537 52668.23882603 13.18  78.986900  59.909184  2.859
 13    42.496 52668.23882667 13.43  78.984720  59.906014  2.859
 13    42.813 52668.23882731 14.24  78.982530  59.902844  2.859
 13    43.154 52668.23882796 13.21  78.980350  59.899674  2.859
 13    43.152 52668.23882860 13.31  78.978169  59.896499  2.581
 13    42.888 52668.23882925 12.84  78.975989  59.893329  2.581
 13    43.071 52668.23882989 12.69  78.973809  59.890159  2.581
 13    42.468 52668.23883054 12.73  78.971629  59.886989  2.581
 16    44.766 52773.23879971 37.79  78.987689  59.916271 37.215
 16    45.020 52773.23880036 36.32  78.985509  59.913101 37.215
 16    45.072 52773.23880100 48.24  78.983329  59.909921 37.215
 16    45.205 52773.23880165 44.11  78.981139  59.906751 37.215
 16    45.066 52773.23880229 48.62  78.978959  59.903581 37.215
 16    45.062 52773.23880294 51.58  78.976779  59.900411 37.215
 16    45.156 52773.23880358 49.71  78.974599  59.897241 37.215
 16    45.202 52773.23880423 43.54  78.972419  59.894071 37.215
 16    45.240 52773.23880487 48.34  78.970239  59.890901 37.215
 17    45.825 52808.23886542 32.73  78.996269  59.910279 44.446
 17    45.489 52808.23886606 25.71  78.994079  59.907109 44.446
 17    45.056 52808.23886671 20.29  78.991897  59.903937 28.206
 17    44.977 52808.23886735 21.03  78.989717  59.900767 28.206
 17    45.298 52808.23886800 21.26  78.987527  59.897597 28.206
 17    45.191 52808.23886864 21.11  78.985347  59.894427 28.206
 17    45.249 52808.23886929 21.18  78.983167  59.891257 28.206
 17    45.594 52808.23886993 20.79  78.980987  59.888087 28.206
 17    45.672 52808.23887058 23.62  78.978797  59.884917 28.206
 17    45.839 52808.23887122 32.70  78.976617  59.881747 28.206
 18    44.734 52843.23892365 19.43  78.995553  59.907571 29.682
 18    44.600 52843.23892429 16.86  78.993373  59.904401 29.682
 18    44.729 52843.23892494 17.75  78.991190  59.901229 23.773
 18    44.592 52843.23892558 18.13  78.989000  59.898059 23.773
 18    42.756 52843.23892623 19.55  78.986820  59.894889 23.773
 18    44.009 52843.23892687 20.07  78.984640  59.891719 23.773
 18    43.529 52843.23892751 22.71  78.982450  59.888549 23.773
 18    42.007 52843.23892816 26.17  78.980270  59.885379 23.773
 18    44.043 52843.23892880 26.85  78.978090  59.882209 23.773
 19    39.141 52878.23896102 38.56  78.993020  59.912926 27.131
 19    39.123 52878.23896166 39.59  78.990830  59.909756 27.131
 19    39.030 52878.23896231 41.04  78.988650  59.906586 27.131
 19    39.099 52878.23896295 39.12  78.986464  59.903412 27.114
 19    39.158 52878.23896360 36.45  78.984284  59.900242 27.114
 19    39.090 52878.23896424 34.64  78.982104  59.897072 27.114
 19    39.134 52878.23896489 33.88  78.979914  59.893902 27.114
 19    39.208 52878.23896553 36.16  78.977734  59.890732 27.114
 19    39.178 52878.23896618 44.13  78.975554  59.887562 27.114
 19    39.293 52878.23896682 40.83  78.973374  59.884392 27.114
 20    42.846 52913.23891907 16.72  78.990539  59.914092 21.009
 20    38.135 52913.23891971 19.61  78.988359  59.910922 21.009
 20    38.100 52913.23892036 21.58  78.986179  59.907752 21.009
 20    38.227 52913.23892100 24.20  78.983999  59.904582 21.009
 20    38.173 52913.23892165 24.11  78.981819  59.901412 21.009
 20    41.124 52913.23892229 24.00  78.979629  59.898242 21.009
 20    42.006 52913.23892293 22.98  78.977449  59.895072 21.009
 20    42.135 52913.23892358 24.97  78.975269  59.891902 21.009
 20    44.137 52913.23892422 27.55  78.973089  59.888732 21.009
 23    42.246 53018.23890249 15.00  78.988884  59.917495  3.260
 23    41.830 53018.23890314 15.77  78.986704  59.914325  3.260
 23    41.227 53018.23890378 15.82  78.984524  59.911155  3.260
 23    41.023 53018.23890443 16.19  78.982334  59.907985  3.260
 23    40.947 53018.23890507 16.10  78.980154  59.904815  3.260
 23    40.898 53018.23890571 16.79  78.977974  59.901645  3.260
 23    40.949 53018.23890636 16.76  78.975794  59.898475  3.260
 23    41.652 53018.23890700 15.77  78.973614  59.895305  3.260
 23    41.752 53018.23890765 15.22  78.971434  59.892135  3.260
 24    43.218 53053.23888662 13.61  78.997522  59.904290  3.443
 24    43.671 53053.23888727 13.20  78.995332  59.901120  3.443
 24    43.829 53053.23888791 13.22  78.993152  59.897950  3.443
 24    44.171 53053.23888856 12.92  78.990972  59.894780  3.443
 24    43.863 53053.23888920 13.37  78.988793  59.891607  2.375
 25    42.867 53088.23892132 11.82  78.980656  59.920055  3.512
 25    42.000 53088.23892196 11.49  78.978466  59.916885  3.512
 25    41.003 53088.23892261 12.21  78.976286  59.913715  3.512
 25    40.552 53088.23892325 12.73  78.974096  59.910545  3.512
 25    39.402 53088.23892390 14.03  78.971916  59.907375  3.512
 25    41.757 53088.23892454 13.16  78.969736  59.904205  3.512
 25    42.312 53088.23892519 12.06  78.967556  59.901035  3.512
 26    41.677 53123.23889281 15.37  78.995833  59.909492  5.263
 26    41.747 53123.23889345 15.61  78.993653  59.906322  5.263
 26    41.660 53123.23889410 16.41  78.991463  59.903152  5.263
 26    41.647 53123.23889474 17.53  78.989283  59.899982  5.263
 26    41.653 53123.23889539 17.57  78.987103  59.896812  5.263
 26    41.469 53123.23889603 18.98  78.984921  59.893637  5.986
 26    41.650 53123.23889668 19.27  78.982731  59.890467  5.986
 26    41.624 53123.23889732 20.26  78.980551  59.887297  5.986
 26    41.660 53123.23889797 19.91  78.978371  59.884127  5.986
 26    41.300 53123.23889861 21.46  78.976191  59.880957  5.986
 27    45.188 53158.23894941 24.18  78.990464  59.915705 25.800
 27    44.885 53158.23895005 25.63  78.988284  59.912535 25.800
 27    44.766 53158.23895070 25.91  78.986104  59.909365 25.800
 27    44.913 53158.23895134 25.92  78.983914  59.906185 25.800
 27    45.164 53158.23895198 25.75  78.981734  59.903025 25.800
 27    45.598 53158.23895263 27.87  78.979554  59.899845 25.800
 27    45.373 53158.23895327 29.90  78.977364  59.896675 25.800
 27    45.424 53158.23895392 28.79  78.975184  59.893505 25.800
 27    45.528 53158.23895456 31.62  78.973004  59.890335 25.800
 28    45.351 53193.23894411 20.03  78.993861  59.911208 24.686
 28    44.833 53193.23894475 20.33  78.991681  59.908038 24.686
 28    44.304 53193.23894539 22.28  78.989491  59.904868 24.686
 28    43.423 53193.23894604 24.54  78.987311  59.901698 24.686
 28    43.350 53193.23894668 26.18  78.985126  59.898522 30.749
 28    43.454 53193.23894733 26.65  78.982946  59.895352 30.749
 28    43.598 53193.23894797 25.10  78.980766  59.892182 30.749
 28    43.881 53193.23894862 26.56  78.978586  59.889012 30.749
 28    44.079 53193.23894926 29.71  78.976406  59.885842 30.749
 30    44.403 53263.23891144 21.05  78.984130  59.921838 16.253
 30    43.808 53263.23891208 18.64  78.981940  59.918668 16.253
 30    38.935 53263.23891273 22.92  78.979760  59.915498 16.253
 30    38.896 53263.23891337 25.44  78.977580  59.912328 16.253
 30    39.345 53263.23891401 23.41  78.975400  59.909158 16.253
 30    41.268 53263.23891466 22.07  78.973220  59.905988 16.253
 30    43.140 53263.23891530 20.00  78.971030  59.902818 16.253
 30    43.722 53263.23891595 25.35  78.968850  59.899648 16.253
 30    44.206 53263.23891659 31.14  78.966670  59.896478 16.253
 31    43.463 53298.23895263 18.42  78.989160  59.915521  6.176
 31    42.929 53298.23895327 18.73  78.986980  59.912351  6.176
 31    42.745 53298.23895392 18.11  78.984800  59.909181  6.176
 31    42.661 53298.23895456 19.87  78.982610  59.906011  6.176
 31    42.939 53298.23895521 18.41  78.980430  59.902841  6.176
 31    43.182 53298.23895585 18.77  78.978250  59.899661  6.176
 31    43.377 53298.23895650 22.03  78.976060  59.896491  6.176
 31    43.717 53298.23895714 21.95  78.973880  59.893321  6.176
 31    44.286 53298.23895779 20.79  78.971700  59.890151  6.176
 35    42.697 53438.23888490 13.16  78.988694  59.918608  2.420
 35    40.291 53438.23888554 13.90  78.986514  59.915438  2.420
 35    41.696 53438.23888619 13.72  78.984334  59.912268  2.420
 35    41.725 53438.23888683 13.35  78.982144  59.909098  2.420
 35    41.630 53438.23888748 12.97  78.979964  59.905918  2.420
 35    42.204 53438.23888812 13.12  78.977784  59.902748  2.420
 35    42.238 53438.23888877 12.99  78.975604  59.899578  2.420
 35    42.275 53438.23888941 12.95  78.973424  59.896408  2.420
 35    42.331 53438.23889006 12.93  78.971244  59.893238  2.420
 36    43.100 53473.23894239 13.42  78.992344  59.912327 13.931
 36    41.880 53473.23894304 15.65  78.990164  59.909157 13.931
 36    39.857 53473.23894368 17.09  78.987974  59.905977 13.931
 36    38.983 53473.23894433 22.42  78.985794  59.902807 13.931
 36    38.997 53473.23894497 19.76  78.983604  59.899637 13.931
 36    38.847 53473.23894561 18.75  78.981424  59.896467 13.931
 36    38.987 53473.23894626 19.76  78.979244  59.893297 13.931
 36    40.329 53473.23894690 19.20  78.977064  59.890127 13.931
 36    43.259 53473.23894755 17.25  78.974884  59.886957 13.931
 37    44.918 53508.23896658 49.26  78.991963  59.915598 47.304
 37    45.011 53508.23896723 51.64  78.989783  59.912428 47.304
 37    45.033 53508.23896787 50.71  78.987593  59.909258 47.304
 37    44.889 53508.23896852 51.66  78.985413  59.906078 47.304
 37    44.895 53508.23896916 52.82  78.983233  59.902908 47.304
 37    44.923 53508.23896981 53.52  78.981053  59.899738 47.304
 37    44.956 53508.23897045 53.68  78.978863  59.896568 47.304
 37    44.985 53508.23897110 52.41  78.976683  59.893398 47.304
 37    45.022 53508.23897174 52.30  78.974503  59.890228 47.304
 37    45.062 53508.23897239 51.43  78.972323  59.887058 47.304
 38    43.450 53543.23897720 16.49  78.988277  59.915752 17.070
 38    42.676 53543.23897784 18.70  78.986097  59.912582 17.070
 38    42.648 53543.23897849 19.80  78.983907  59.909412 17.070
 38    42.990 53543.23897913 19.48  78.981727  59.906232 17.070
 38    42.896 53543.23897978 24.46  78.979547  59.903062 17.070
 38    42.867 53543.23898042 27.20  78.977367  59.899892 17.070
 38    42.856 53543.23898107 26.30  78.975177  59.896722 17.070
 38    44.222 53543.23898171 29.17  78.972997  59.893552 17.070
 38    44.672 53543.23898236 31.65  78.970817  59.890382 17.070
 39    43.119 53578.23896047 14.28  78.987213  59.917515 22.186
 39    42.682 53578.23896112 15.13  78.985033  59.914345 22.186
 39    40.902 53578.23896176 19.83  78.982853  59.911175 22.186
 39    40.837 53578.23896241 23.73  78.980663  59.908005 22.186
 39    41.386 53578.23896305 23.34  78.978483  59.904825 22.186
 39    41.623 53578.23896370 22.21  78.976303  59.901655 22.186
 39    43.871 53578.23896434 19.12  78.974123  59.898485 22.186
 39    42.157 53578.23896499 27.99  78.971943  59.895315 22.186
 39    42.296 53578.23896563 29.31  78.969763  59.892145 22.186
 40    42.700 53613.23891314 20.57  78.983351  59.919914 23.269
 40    39.033 53613.23891378 28.55  78.981171  59.916744 23.269
 40    39.099 53613.23891442 34.01  78.978991  59.913574 23.269
 40    39.317 53613.23891507 33.10  78.976801  59.910404 23.269
 40    39.208 53613.23891571 38.98  78.974621  59.907234 23.269
 40    39.238 53613.23891636 41.06  78.972441  59.904064 23.269
 40    39.213 53613.23891700 45.46  78.970261  59.900884 23.269
 40    41.771 53613.23891765 34.66  78.968081  59.897714 23.269
 41    39.117 53648.23892045 26.78  78.996996  59.908332 23.719
 41    39.026 53648.23892109 25.33  78.994816  59.905162 23.719
 41    38.947 53648.23892174 27.54  78.992626  59.901992 23.719
 41    39.024 53648.23892238 28.12  78.990446  59.898812 23.719
 41    39.076 53648.23892303 27.61  78.988256  59.895642 23.719
 41    39.074 53648.23892367 27.80  78.986076  59.892472 23.719
 41    39.233 53648.23892432 28.75  78.983896  59.889302 23.719
 41    41.672 53648.23892496 28.36  78.981716  59.886132 23.719
 41    41.878 53648.23892561 28.99  78.979536  59.882962 23.719
 41    39.200 53648.23892625 33.64  78.977356  59.879792 23.719
 42    38.673 53683.23893384 43.11  78.987522  59.918631 26.174
 42    38.686 53683.23893448 49.41  78.985332  59.915461 26.174
 42    38.738 53683.23893513 47.90  78.983152  59.912291 26.174
 42    38.715 53683.23893577 41.40  78.980962  59.909121 26.174
 42    38.663 53683.23893642 38.14  78.978782  59.905951 26.174
 42    38.683 53683.23893706 36.96  78.976602  59.902781 26.174
 42    38.798 53683.23893771 37.97  78.974422  59.899601 26.174
 42    38.886 53683.23893835 38.67  78.972242  59.896431 26.174
 42    38.769 53683.23893900 37.41  78.970052  59.893261 26.174
 43    40.013 53718.23886100 18.95  78.989931  59.917831  5.027
 43    40.111 53718.23886165 19.53  78.987751  59.914661  5.027
 43    40.092 53718.23886229 20.39  78.985561  59.911491  5.027
 43    40.111 53718.23886294 21.80  78.983381  59.908321  5.027
 43    40.213 53718.23886358 21.94  78.981201  59.905141  5.027
 43    40.205 53718.23886423 21.62  78.979021  59.901971  5.027
 43    40.268 53718.23886487 21.31  78.976841  59.898801  5.027
 43    40.284 53718.23886552 19.43  78.974661  59.895631  5.027
 43    41.089 53718.23886616 17.06  78.972481  59.892461  5.027
 43    41.252 53718.23886681 16.18  78.970301  59.889291  5.027
 45    41.680 53788.23881267 13.12  78.993765  59.913986  2.872
 45    41.259 53788.23881331 13.26  78.991585  59.910816  2.872
 45    41.297 53788.23881396 13.16  78.989395  59.907646  2.872
 45    41.723 53788.23881460 12.94  78.987215  59.904476  2.872
 45    41.629 53788.23881525 13.83  78.985035  59.901306  2.872
 45    42.270 53788.23881589 13.55  78.982855  59.898126  2.872
 45    42.273 53788.23881654 13.31  78.980675  59.894956  2.872
 45    42.619 53788.23881718 12.49  78.978485  59.891786  2.872
 45    42.427 53788.23881783 12.61  78.976305  59.888616  2.872
 45    41.943 53788.23881847 11.93  78.974125  59.885446  2.872
 47    39.905 53858.23886012 28.10  78.992126  59.912905 18.435
 47    39.695 53858.23886077 25.31  78.989946  59.909735 18.435
 47    39.716 53858.23886141 24.71  78.987766  59.906565 18.435
 47    39.728 53858.23886206 25.97  78.985576  59.903385 18.435
 47    39.862 53858.23886270 27.28  78.983396  59.900225 18.435
 47    39.831 53858.23886334 25.32  78.981216  59.897045 18.435
 47    39.888 53858.23886399 22.77  78.979026  59.893875 18.435
 47    39.936 53858.23886463 22.73  78.976846  59.890705 18.435
 47    40.116 53858.23886528 28.72  78.974666  59.887535 18.435
 48    44.948 53893.23887566 26.07  78.995552  59.908683 30.699
 48    44.443 53893.23887631 21.70  78.993372  59.905513 30.699
 48    44.596 53893.23887695 19.76  78.991192  59.902343 30.699
 48    44.640 53893.23887760 20.22  78.989002  59.899163 30.699
 48    44.801 53893.23887824 20.35  78.986822  59.895993 30.699
 48    44.623 53893.23887889 20.79  78.984642  59.892823 30.699
 48    44.735 53893.23887953 21.03  78.982462  59.889653 30.699
 48    45.024 53893.23888018 21.80  78.980282  59.886483 30.699
 48    45.116 53893.23888082 28.25  78.978102  59.883313 30.699
 49    43.481 53928.23893222 20.17  78.985239  59.917687 21.698
 49    43.503 53928.23893286 17.72  78.983049  59.914517 21.698
 49    43.709 53928.23893351 17.52  78.980869  59.911347 21.698
 49    43.663 53928.23893415 19.53  78.978679  59.908177 21.698
 49    43.757 53928.23893479 22.45  78.976499  59.904997 21.698
 49    43.765 53928.23893544 36.51  78.974319  59.901837 21.698
 49    43.672 53928.23893608 26.89  78.972139  59.898657 21.698
 49    43.692 53928.23893673 30.18  78.969949  59.895487 21.698
 50    43.552 53963.23891395 19.75  78.984566  59.920279 20.740
 50    41.664 53963.23891460 22.16  78.982376  59.917109 20.740
 50    39.772 53963.23891524 27.37  78.980196  59.913939 20.740
 50    39.906 53963.23891589 29.85  78.978016  59.910769 20.740
 50    39.797 53963.23891653 29.93  78.975826  59.907599 20.740
 50    41.331 53963.23891718 23.38  78.973646  59.904429 20.740
 50    42.210 53963.23891782 19.17  78.971466  59.901249 20.740
 50    42.187 53963.23891847 28.11  78.969286  59.898079 20.740
 50    44.384 53963.23891911 28.53  78.967106  59.894909 20.740
 52    39.258 54033.23891324 42.30  78.995633  59.907554 28.406
 52    39.100 54033.23891389 42.16  78.993443  59.904384 28.406
 52    39.251 54033.23891453 41.16  78.991263  59.901214 28.406
 52    39.229 54033.23891518 43.54  78.989083  59.898044 28.406
 52    39.234 54033.23891582 41.18  78.986903  59.894864 28.406
 52    39.291 54033.23891647 39.51  78.984713  59.891694 28.406
 52    39.239 54033.23891711 42.99  78.982533  59.888524 28.406
 52    39.347 54033.23891776 40.59  78.980353  59.885354 28.406
 52    39.414 54033.23891840 44.14  78.978173  59.882184 28.406
 54    38.618 54103.23886360 17.89  78.986256  59.920035  3.697
 54    38.635 54103.23886424 18.85  78.984076  59.916865  3.697
 54    38.727 54103.23886489 18.47  78.981896  59.913695  3.697
 54    38.765 54103.23886553 19.65  78.979706  59.910525  3.697
 54    38.811 54103.23886617 19.53  78.977526  59.907355  3.697
 54    38.779 54103.23886682 20.54  78.975346  59.904175  3.697
 54    38.892 54103.23886746 19.87  78.973166  59.901005  3.697
 54    38.889 54103.23886811 19.27  78.970986  59.897835  3.697
 54    38.650 54103.23886875 18.65  78.968806  59.894665  3.697
 55    41.630 54138.23883560 14.35  78.996620  59.912318  3.130
 55    40.778 54138.23883624 14.90  78.994440  59.909148  3.130
 55    40.658 54138.23883689 16.08  78.992260  59.905978  3.130
 55    41.135 54138.23883753 15.96  78.990070  59.902808  3.130
 55    39.720 54138.23883818 15.65  78.987890  59.899628  3.130
 55    39.022 54138.23883882 15.49  78.985700  59.896458  3.130
 55    42.020 54138.23883946 14.41  78.983520  59.893288  3.130
 55    41.731 54138.23884011 15.21  78.981340  59.890118  3.130
 55    39.133 54138.23884075 15.13  78.979160  59.886948  3.130
 55    41.129 54138.23884140 14.68  78.976980  59.883778  3.130
 56    42.166 54173.23884214 12.63  78.987464  59.917039  2.869
 56    40.758 54173.23884278 13.41  78.985274  59.913869  2.869
 56    40.091 54173.23884343 14.11  78.983094  59.910699  2.869
 56    41.101 54173.23884407 13.73  78.980914  59.907529  2.869
 56    40.593 54173.23884472 13.79  78.978734  59.904359  2.869
 56    40.390 54173.23884536 13.90  78.976544  59.901189  2.869
 56    41.440 54173.23884601 13.39  78.974364  59.898019  2.869
 56    41.263 54173.23884665 13.23  78.972183  59.894842  2.162
 56    41.436 54173.23884729 12.96  78.970003  59.891672  2.162
 57    45.160 54208.23884159 27.11  78.995730  59.911913 23.256
 57    39.948 54208.23884223 27.95  78.993540  59.908743 23.256
 57    39.839 54208.23884288 27.56  78.991360  59.905573 23.256
 57    39.750 54208.23884352 25.82  78.989170  59.902403 23.256
 57    39.789 54208.23884417 26.98  78.986990  59.899233 23.256
 57    41.546 54208.23884481 25.14  78.984810  59.896063 23.256
 57    41.720 54208.23884546 24.93  78.982621  59.892888 28.523
 57    40.011 54208.23884610 26.97  78.980441  59.889718 28.523
 57    40.050 54208.23884675 27.69  78.978261  59.886548 28.523
 57    44.898 54208.23884739 28.09  78.976081  59.883378 28.523
 59    47.456 54278.23888613 35.65  78.993141  59.913832 19.687
 59    47.076 54278.23888678 28.20  78.990961  59.910662 19.687
 59    46.764 54278.23888742 26.64  78.988781  59.907492 19.687
 59    46.589 54278.23888807 26.91  78.986591  59.904322 19.687
 59    46.300 54278.23888871 27.25  78.984411  59.901152 19.687
 59    46.296 54278.23888936 28.40  78.982231  59.897982 19.687
 59    46.720 54278.23889000 27.06  78.980051  59.894812 19.687
 59    46.950 54278.23889064 26.46  78.977869  59.891635 23.905
 59    47.274 54278.23889129 27.67  78.975689  59.888465 23.905
 59    47.212 54278.23889193 35.28  78.973509  59.885295 23.905
 60    43.441 54313.23888627 37.14  78.993271  59.914913 20.751
 60    43.550 54313.23888691 35.30  78.991091  59.911743 20.751
 60    43.209 54313.23888756 34.98  78.988911  59.908573 20.751
 60    43.122 54313.23888820 36.86  78.986721  59.905403 20.751
 60    43.102 54313.23888885 39.38  78.984541  59.902233 20.751
 60    43.234 54313.23888949 40.98  78.982361  59.899063 20.751
 60    43.433 54313.23889014 41.12  78.980181  59.895893 20.751
 60    43.396 54313.23889078 43.01  78.978001  59.892716 33.231
 60    43.372 54313.23889143 44.54  78.975811  59.889546 33.231
 60    43.557 54313.23889207 42.46  78.973631  59.886376 33.231
 61    39.444 54348.23885683 23.82  78.987683  59.918731 25.170
 61    39.789 54348.23885748 24.69  78.985503  59.915561 25.170
 61    40.180 54348.23885812 26.51  78.983313  59.912391 25.170
 61    40.386 54348.23885877 28.64  78.981133  59.909221 25.170
 61    40.353 54348.23885941 31.85  78.978953  59.906051 25.170
 61    40.220 54348.23886006 31.02  78.976773  59.902881 25.170
 61    40.291 54348.23886070 31.49  78.974593  59.899711 25.170
 61    44.304 54348.23886135 28.14  78.972403  59.896541 25.170
 61    44.700 54348.23886199 28.58  78.970229  59.893370 25.923
 62    42.325 54383.23882453 23.45  78.996132  59.911014 22.307
 62    44.237 54383.23882517 18.33  78.993942  59.907844 22.307
 62    44.901 54383.23882582 16.24  78.991762  59.904674 22.307
 62    45.105 54383.23882646 16.89  78.989572  59.901504 22.307
 62    45.021 54383.23882711 19.13  78.987394  59.898331 29.370
 62    44.683 54383.23882775 21.88  78.985214  59.895161 29.370
 62    39.175 54383.23882839 25.72  78.983024  59.891991 29.370
 62    41.982 54383.23882904 25.44  78.980844  59.888821 29.370
 62    43.748 54383.23882968 22.46  78.978664  59.885651 29.370
 62    44.473 54383.23883033 22.12  78.976484  59.882481 29.370
 63    40.182 54418.23880678 42.23  78.988123  59.916516 16.051
 63    40.142 54418.23880743 42.97  78.985933  59.913346 16.051
 63    40.005 54418.23880807 43.21  78.983753  59.910176 16.051
 63    40.081 54418.23880872 42.46  78.981573  59.907006 16.051
 63    40.070 54418.23880936 40.32  78.979383  59.903836 16.051
 63    40.116 54418.23881001 39.39  78.977206  59.900659 14.732
 63    40.123 54418.23881065 36.47  78.975026  59.897489 14.732
 63    40.156 54418.23881130 41.66  78.972846  59.894319 14.732
 63    40.175 54418.23881194 35.62  78.970666  59.891149 14.732
 64    43.712 54453.23879530 20.78  78.997664  59.907573  4.806
 64    43.982 54453.23879595 20.56  78.995474  59.904403  4.806
 64    44.063 54453.23879659 22.97  78.993294  59.901233  4.806
 64    41.801 54453.23879724 22.93  78.991106  59.898061  6.158
 64    44.510 54453.23879788 23.12  78.988926  59.894891  6.158
 64    41.092 54453.23879853 23.51  78.986746  59.891721  6.158
 64    43.101 54453.23879982 23.52  78.982376  59.885381  6.158
 64    42.508 54453.23880046 23.60  78.980196  59.882211  6.158
 65    42.779 54488.23880553 15.45  78.991490  59.913307  3.327
 65    42.126 54488.23880618 16.30  78.989310  59.910137  3.327
 65    42.713 54488.23880682 15.22  78.987130  59.906967  3.327
 65    42.983 54488.23880747 16.30  78.984940  59.903797  3.327
 65    43.653 54488.23880811 16.60  78.982760  59.900627  3.327
 65    43.481 54488.23880876 15.84  78.980580  59.897447  3.327
 65    43.236 54488.23880940 16.22  78.978400  59.894277  3.327
 65    43.416 54488.23881005 15.57  78.976220  59.891107  3.327
 65    43.074 54488.23881069 16.31  78.974040  59.887937  3.327
 66    43.096 54523.23880768 14.32  78.996780  59.911958  3.012
 66    43.276 54523.23880833 14.06  78.994600  59.908788  3.012
 66    43.650 54523.23880897 14.28  78.992417  59.905616  2.766
 66    43.955 54523.23880962 14.80  78.990227  59.902446  2.766
 66    44.163 54523.23881026 15.78  78.988047  59.899276  2.766
 66    44.241 54523.23881090 14.63  78.985867  59.896106  2.766
 66    44.415 54523.23881155 14.16  78.983677  59.892936  2.766
 66    43.900 54523.23881219 14.52  78.981497  59.889766  2.766
 66    43.466 54523.23881284 14.57  78.979317  59.886596  2.766
 66    42.637 54523.23881348 14.41  78.977137  59.883426  2.766
 67    45.616 54558.23881456 13.29  78.988377  59.917185  6.247
 67    42.663 54558.23881521 14.67  78.986197  59.914015  6.247
 67    38.794 54558.23881585 16.07  78.984017  59.910845  6.247
 67    40.560 54558.23881650 16.41  78.981837  59.907675  6.247
 67    38.918 54558.23881714 18.86  78.979647  59.904505  6.247
 67    38.865 54558.23881779 17.83  78.977468  59.901327  8.052
 67    38.950 54558.23881843 16.26  78.975288  59.898157  8.052
 67    39.013 54558.23881908 17.02  78.973108  59.894987  8.052
 67    41.937 54558.23881972 14.08  78.970928  59.891817  8.052
 68    45.436 54593.23880344 26.26  78.992354  59.913010 36.668
 68    45.257 54593.23880408 21.90  78.990174  59.909840 36.668
 68    44.909 54593.23880473 22.57  78.987984  59.906670 36.668
 68    45.031 54593.23880537 22.82  78.985803  59.903494 31.642
 68    45.258 54593.23880602 21.60  78.983623  59.900324 31.642
 68    45.344 54593.23880666 22.20  78.981443  59.897154 31.642
 68    45.255 54593.23880730 24.27  78.979253  59.893984 31.642
 68    45.401 54593.23880795 22.30  78.977073  59.890814 31.642
 68    45.521 54593.23880859 28.44  78.974893  59.887644 31.642
 69    43.554 54628.23881850 24.18  78.990411  59.913719 38.495
 69    44.125 54628.23881915 22.63  78.988231  59.910549 38.495
 69    44.436 54628.23881979 22.26  78.986051  59.907379 38.495
 69    44.561 54628.23882044 23.23  78.983865  59.904205 33.618
 69    45.155 54628.23882108 23.06  78.981685  59.901035 33.618
 69    45.159 54628.23882172 22.56  78.979495  59.897865 33.618
 69    44.947 54628.23882237 22.60  78.977315  59.894695 33.618
 69    45.053 54628.23882301 25.25  78.975135  59.891525 33.618
 69    45.190 54628.23882366 33.35  78.972955  59.888355 33.618
 70    42.003 54663.23882535 34.90  78.992520  59.915798 17.413
 70    42.014 54663.23882599 37.36  78.990340  59.912628 17.413
 70    41.899 54663.23882664 37.08  78.988160  59.909458 17.413
 70    42.005 54663.23882728 39.23  78.985970  59.906288 17.413
 70    41.992 54663.23882793 41.31  78.983790  59.903113 28.255
 70    41.930 54663.23882857 44.60  78.981610  59.899943 28.255
 70    42.041 54663.23882922 45.54  78.979420  59.896773 28.255
 70    42.077 54663.23882986 45.79  78.977240  59.893603 28.255
 70    42.049 54663.23883051 42.94  78.975060  59.890433 28.255
 70    41.995 54663.23883115 45.87  78.972880  59.887263 28.255
 71    42.932 54698.23879892 19.33  78.988313  59.916670 23.917
 71    39.063 54698.23879956 23.60  78.986133  59.913500 23.917
 71    39.062 54698.23880021 25.65  78.983943  59.910330 23.917
 71    39.238 54698.23880085 27.89  78.981763  59.907160 23.917
 71    39.271 54698.23880150 28.11  78.979583  59.903990 23.917
 71    39.383 54698.23880214 23.62  78.977403  59.900820 23.917
 71    44.013 54698.23880279 19.06  78.975217  59.897650 26.827
 71    44.080 54698.23880343 27.44  78.973037  59.894480 26.827
 71    44.525 54698.23880408 27.98  78.970857  59.891300 26.827
 72    38.603 54733.23878357 24.00  78.996155  59.909947 30.028
 72    38.839 54733.23878422 27.68  78.993975  59.906777 30.028
 72    38.847 54733.23878486 26.93  78.991791  59.903605 26.911
 72    38.890 54733.23878551 29.09  78.989601  59.900435 26.911
 72    39.053 54733.23878615 33.10  78.987421  59.897265 26.911
 72    38.932 54733.23878680 31.24  78.985241  59.894095 26.911
 72    38.931 54733.23878744 31.47  78.983051  59.890925 26.911
 72    39.057 54733.23878809 32.28  78.980871  59.887755 26.911
 72    39.179 54733.23878873 32.69  78.978691  59.884585 26.911
 72    39.163 54733.23878937 31.59  78.976511  59.881415 26.911
 73    42.889 54768.23877907 18.37  78.991913  59.914571 20.510
 73    39.073 54768.23877971 20.94  78.989723  59.911401 20.510
 73    39.288 54768.23878036 23.03  78.987543  59.908231 20.510
 73    39.473 54768.23878100 21.52  78.985363  59.905061 20.510
 73    39.230 54768.23878165 21.88  78.983174  59.901887 22.870
 73    38.938 54768.23878229 24.86  78.980994  59.898717 22.870
 73    39.146 54768.23878294 25.73  78.978814  59.895547 22.870
 73    42.132 54768.23878358 24.04  78.976634  59.892377 22.870
 73    42.460 54768.23878423 24.23  78.974454  59.889207 22.870
 73    42.530 54768.23878487 24.60  78.972274  59.886037 22.870
 74    40.647 54803.23877773 23.33  78.994625  59.909374  3.953
 74    40.618 54803.23877838 24.29  78.992444  59.906203  6.137
 74    40.577 54803.23877902 24.96  78.990264  59.903033  6.137
 74    40.701 54803.23877967 27.68  78.988074  59.899863  6.137
 74    40.541 54803.23878031 24.95  78.985894  59.896693  6.137
 74    40.729 54803.23878096 24.89  78.983714  59.893523  6.137
 74    40.666 54803.23878160 24.41  78.981534  59.890353  6.137
 74    40.764 54803.23878225 23.56  78.979344  59.887183  6.137
 74    40.694 54803.23878289 23.52  78.977164  59.884013  6.137
 75    41.356 54838.23877227 17.26  78.992400  59.913915  3.245
 75    41.891 54838.23877292 17.09  78.990210  59.910745  3.245
 75    41.142 54838.23877356 18.90  78.988030  59.907575  3.245
 75    41.503 54838.23877421 18.94  78.985850  59.904405  3.245
 75    41.193 54838.23877485 19.07  78.983669  59.901230  3.415
 75    41.810 54838.23877550 19.11  78.981479  59.898060  3.415
 75    42.456 54838.23877614 19.07  78.979299  59.894890  3.415
 75    42.522 54838.23877679 19.02  78.977119  59.891720  3.415
 75    41.708 54838.23877743 18.81  78.974939  59.888550  3.415
 75    41.552 54838.23877808 18.55  78.972759  59.885380  3.415
 76    41.976 54873.23877694 15.22  78.994544  59.910428  2.325
 76    41.956 54873.23877758 15.61  78.992366  59.907258  3.025
 76    42.139 54873.23877823 15.89  78.990186  59.904088  3.025
 76    41.766 54873.23877887 17.14  78.987996  59.900918  3.025
 76    39.605 54873.23877952 17.00  78.985816  59.897748  3.025
 76    42.840 54873.23878016 16.09  78.983636  59.894578  3.025
 76    42.765 54873.23878080 16.17  78.981446  59.891408  3.025
 76    42.272 54873.23878145 16.38  78.979266  59.888238  3.025
 76    42.094 54873.23878209 15.15  78.977086  59.885068  3.025
 77    42.431 54908.23877864 12.49  78.985876  59.919381  2.588
 77    41.451 54908.23877929 13.13  78.983686  59.916211  2.588
 77    40.794 54908.23877993 14.38  78.981506  59.913041  2.588
 77    40.641 54908.23878058 14.12  78.979326  59.909871  2.588
 77    40.941 54908.23878122 13.20  78.977136  59.906701  2.588
 77    41.052 54908.23878187 13.39  78.974959  59.903523  2.344
 77    41.299 54908.23878251 13.54  78.972779  59.900353  2.344
 77    42.116 54908.23878316 13.21  78.970599  59.897183  2.344
 77    41.924 54908.23878380 12.83  78.968419  59.894013  2.344
 78    41.993 54943.23876931 30.37  78.994997  59.911385 17.146
 78    42.025 54943.23876995 29.90  78.992817  59.908215 17.146
 78    42.032 54943.23877060 31.22  78.990630  59.905041 18.055
 78    41.887 54943.23877124 30.92  78.988440  59.901871 18.055
 78    41.967 54943.23877189 31.64  78.986260  59.898701 18.055
 78    41.915 54943.23877253 31.35  78.984080  59.895531 18.055
 78    42.015 54943.23877318 31.28  78.981900  59.892361 18.055
 78    42.028 54943.23877382 31.23  78.979710  59.889191 18.055
 78    42.087 54943.23877447 31.50  78.977530  59.886021 18.055
 78    42.180 54943.23877511 32.09  78.975350  59.882851 18.055
 79    44.498 54978.23879631 21.44  78.991084  59.914017 39.487
 79    44.020 54978.23879696 20.36  78.988904  59.910847 39.487
 79    44.444 54978.23879760 20.48  78.986714  59.907677 39.487
 79    44.874 54978.23879825 19.98  78.984533  59.904502 38.420
 79    45.053 54978.23879889 24.30  78.982353  59.901332 38.420
 79    45.028 54978.23879954 24.96  78.980173  59.898162 38.420
 79    44.954 54978.23880018 22.85  78.977983  59.894992 38.420
 79    44.807 54978.23880082 22.43  78.975803  59.891822 38.420
 79    45.036 54978.23880147 31.95  78.973623  59.888652 38.420
 80    43.856 55013.23880260 18.71  78.990807  59.914421 35.246
 80    44.012 55013.23880325 20.10  78.988617  59.911251 35.246
 80    43.990 55013.23880389 19.79  78.986437  59.908081 35.246
 80    44.125 55013.23880454 21.69  78.984257  59.904911 35.246
 80    44.462 55013.23880518 21.04  78.982077  59.901736 28.948
 80    44.201 55013.23880582 22.42  78.979887  59.898566 28.948
 80    44.340 55013.23880647 22.11  78.977707  59.895396 28.948
 80    44.503 55013.23880711 24.13  78.975527  59.892226 28.948
 80    44.605 55013.23880776 31.93  78.973347  59.889056 28.948
 81    43.182 55048.23879521 19.32  78.993765  59.914339 31.406
 81    43.497 55048.23879585 15.13  78.991575  59.911169 31.406
 81    43.390 55048.23879650 16.71  78.989395  59.907999 31.406
 81    41.888 55048.23879714 17.95  78.987205  59.904829 31.406
 81    43.560 55048.23879779 18.63  78.985030  59.901662 25.181
 81    43.546 55048.23879843 18.81  78.982840  59.898482 25.181
 81    43.767 55048.23879908 20.85  78.980660  59.895312 25.181
 81    44.169 55048.23879972 21.33  78.978480  59.892142 25.181
 81    42.341 55048.23880037 26.69  78.976300  59.888972 25.181
 81    42.536 55048.23880101 27.38  78.974120  59.885802 25.181
 82    43.571 55083.23876434 20.77  78.987058  59.920416 24.130
 82    39.692 55083.23876499 24.86  78.984868  59.917246 24.130
 82    39.638 55083.23876563 30.85  78.982688  59.914076 24.130
 82    39.664 55083.23876628 34.19  78.980508  59.910906 24.130
 82    39.874 55083.23876692 41.03  78.978318  59.907736 24.130
 82    39.771 55083.23876757 38.03  78.976138  59.904566 24.130
 82    39.673 55083.23876821 33.09  78.973958  59.901396 24.130
 82    39.830 55083.23876886 34.73  78.971777  59.898225 26.447
 82    39.944 55083.23876950 41.78  78.969597  59.895055 26.447
 83    43.794 55118.23872808 17.23  78.996031  59.909131 29.328
 83    43.658 55118.23872872 16.36  78.993851  59.905961 29.328
 83    40.969 55118.23872937 17.11  78.991661  59.902789 23.817
 83    41.966 55118.23873001 17.02  78.989481  59.899619 23.817
 83    41.946 55118.23873066 18.49  78.987301  59.896449 23.817
 83    41.283 55118.23873130 21.01  78.985121  59.893279 23.817
 83    41.848 55118.23873194 22.50  78.982931  59.890109 23.817
 83    42.019 55118.23873259 25.00  78.980751  59.886939 23.817
 83    42.083 55118.23873323 21.33  78.978571  59.883769 23.817
 83    42.980 55118.23873388 19.59  78.976391  59.880599 23.817
 84    41.166 55153.23872351 35.24  78.990765  59.917655 10.281
 84    41.233 55153.23872416 37.41  78.988585  59.914485 10.281
 84    41.250 55153.23872480 38.11  78.986405  59.911315 10.281
 84    41.183 55153.23872545 37.19  78.984215  59.908145 10.281
 84    41.316 55153.23872609 34.09  78.982035  59.904975 10.281
 84    41.449 55153.23872674 33.41  78.979850  59.901799 10.730
 84    41.410 55153.23872738 32.96  78.977670  59.898629 10.730
 84    41.443 55153.23872803 34.09  78.975490  59.895459 10.730
 84    41.460 55153.23872867 35.44  78.973310  59.892289 10.730
 84    41.470 55153.23872931 32.97  78.971130  59.889119 10.730
 85    41.538 55188.23871573 17.41  78.996263  59.911341  3.501
 85    41.720 55188.23871638 17.36  78.994073  59.908171  3.501
 85    41.779 55188.23871702 17.59  78.991895  59.904999  3.496
 85    40.379 55188.23871766 18.65  78.989715  59.901829  3.496
 85    40.364 55188.23871831 18.69  78.987525  59.898659  3.496
 85    40.416 55188.23871895 18.32  78.985345  59.895489  3.496
 85    42.517 55188.23871960 18.47  78.983165  59.892319  3.496
 85    42.274 55188.23872024 18.09  78.980985  59.889149  3.496
 85    41.776 55188.23872089 17.69  78.978795  59.885979  3.496
 85    40.368 55188.23872153 17.41  78.976615  59.882809  3.496
 86    41.853 55223.23872302 14.02  78.990277  59.915272  2.761
 86    40.838 55223.23872367 14.74  78.988097  59.912102  2.761
 86    40.736 55223.23872431 15.02  78.985907  59.908932  2.761
 86    40.718 55223.23872496 14.87  78.983727  59.905762  2.761
 86    40.805 55223.23872560 14.95  78.981539  59.902588  2.414
 86    41.319 55223.23872624 13.65  78.979359  59.899418  2.414
 86    41.101 55223.23872689 13.86  78.977179  59.896248  2.414
 86    41.939 55223.23872753 13.88  78.974999  59.893078  2.414
 86    41.779 55223.23872818 13.44  78.972819  59.889908  2.414
 87    41.849 55258.23871145 11.25  78.995261  59.913741  2.234
 87    41.478 55258.23871209 12.00  78.993081  59.910571  2.234
 87    41.394 55258.23871274 12.38  78.990899  59.907399  2.469
 87    41.689 55258.23871338 11.72  78.988709  59.904229  2.469
 87    42.419 55258.23871403 11.57  78.986529  59.901059  2.469
 87    42.329 55258.23871467 12.07  78.984349  59.897889  2.469
 87    42.709 55258.23871532 11.90  78.982159  59.894719  2.469
 87    42.752 55258.23871596 11.58  78.979979  59.891549  2.469
 87    42.246 55258.23871660 11.49  78.977799  59.888379  2.469
 87    42.165 55258.23871725 11.43  78.975619  59.885209  2.469
 88    44.657 55293.23870979  8.10  78.987011  59.918189  2.105
 88    44.270 55293.23871043  8.43  78.984831  59.915019  2.105
 88    44.117 55293.23871108  8.66  78.982641  59.911849  2.105
 88    43.253 55293.23871172  9.29  78.980461  59.908679  2.105
 88    43.042 55293.23871237  9.67  78.978281  59.905509  2.105
 88    43.313 55293.23871301  8.94  78.976101  59.902339  2.105
 88    43.145 55293.23871366  9.43  78.973921  59.899169  1.931
 88    44.321 55293.23871430  8.19  78.971731  59.895989  1.931
 88    44.709 55293.23871495  8.38  78.969551  59.892819  1.931
 89    44.807 55328.23869400 24.59  78.992453  59.916245 33.068
 89    44.561 55328.23869465 19.59  78.990273  59.913075 33.068
 89    44.282 55328.23869529 18.91  78.988083  59.909905 33.068
 89    44.163 55328.23869594 20.96  78.985903  59.906735 33.068
 89    44.643 55328.23869658 21.37  78.983723  59.903565 33.068
 89    44.793 55328.23869723 21.66  78.981540  59.900388 35.783
 89    44.937 55328.23869787 21.01  78.979350  59.897218 35.783
 89    44.627 55328.23869852 21.94  78.977170  59.894048 35.783
 89    44.820 55328.23869916 23.62  78.974990  59.890878 35.783
 89    44.915 55328.23869981 33.26  78.972810  59.887708 35.783
 90    46.276 55363.23868927 38.18  78.990663  59.917884 28.636
 90    46.277 55363.23868992 27.12  78.988483  59.914714 28.636
 90    46.233 55363.23869056 27.46  78.986303  59.911544 28.636
 90    45.864 55363.23869121 27.83  78.984113  59.908374 28.636
 90    45.772 55363.23869185 26.99  78.981933  59.905204 28.636
 90    45.761 55363.23869250 27.08  78.979749  59.902028 36.319
 90    46.072 55363.23869314 24.10  78.977569  59.898858 36.319
 90    46.142 55363.23869379 25.22  78.975389  59.895688 36.319
 90    46.340 55363.23869443 27.00  78.973209  59.892518 36.319
 90    46.345 55363.23869508 35.52  78.971029  59.889348 36.319
 91    45.696 55398.23869929 38.33  78.995607  59.910375 43.812
 91    45.495 55398.23869994 29.74  78.993427  59.907205 43.812
 91    44.933 55398.23870058 24.34  78.991242  59.904031 34.485
 91    45.186 55398.23870123 23.26  78.989052  59.900861 34.485
 91    45.376 55398.23870187 28.56  78.986872  59.897691 34.485
 91    45.402 55398.23870251 29.90  78.984692  59.894521 34.485
 91    45.297 55398.23870316 25.67  78.982512  59.891351 34.485
 91    45.341 55398.23870380 26.73  78.980322  59.888181 34.485
 91    45.469 55398.23870445 32.89  78.978142  59.885011 34.485
 91    45.859 55398.23870509 36.34  78.975962  59.881841 34.485
 92    44.835 55433.23870571 16.43  78.992766  59.912871 26.649
 92    44.857 55433.23870636 15.67  78.990576  59.909701 26.649
 92    44.145 55433.23870700 18.81  78.988396  59.906531 26.649
 92    44.317 55433.23870765 17.64  78.986216  59.903361 26.649
 92    44.409 55433.23870829 18.07  78.984027  59.900184 26.204
 92    43.980 55433.23870894 19.74  78.981847  59.897014 26.204
 92    44.307 55433.23870958 20.06  78.979667  59.893844 26.204
 92    44.706 55433.23871023 21.08  78.977487  59.890674 26.204
 92    44.567 55433.23871087 25.80  78.975307  59.887504 26.204
 93    44.439 55468.23866193 17.61  78.986649  59.920636 18.738
 93    39.367 55468.23866257 20.94  78.984459  59.917466 18.738
 93    39.495 55468.23866321 24.28  78.982279  59.914296 18.738
 93    39.554 55468.23866386 27.74  78.980099  59.911126 18.738
 93    39.514 55468.23866450 31.12  78.977919  59.907956 18.738
 93    39.564 55468.23866515 26.79  78.975739  59.904786 18.738
 93    43.516 55468.23866579 18.90  78.973549  59.901616 18.738
 93    44.218 55468.23866644 22.41  78.971372  59.898446 24.020
 93    44.448 55468.23866708 27.78  78.969192  59.895266 24.020
