# NaN NaN NaN ;Mean Elev.(m), Avg Gradient(m/km), RMS Gradient(m/km) - SRTM1     
#   10.194  -0.222  12.485 ;Mean Elev.(m), Avg Gradient(m/km), RMS Gradient(m/km) - ASTER GDEM
#   23.162  -0.109   6.759 ;Mean Elev.(m), Avg Gradient(m/km), RMS Gradient(m/km) - GMTED2010 
  8  68.191765  61.476761    24.628    24.628  2 52485.68298239 32.218
  9  68.198693  61.473683    21.488    21.488  2 52520.68294746 38.911
 12  68.207147  61.472295    19.497    19.501  4 52625.68291433 24.793
 15  68.196972  61.474166    20.571    21.580  3 52730.68296205 10.388
 16  68.196184  61.474329    21.172    19.728  3 52765.68297223 32.561
 20  68.194765  61.474546    16.295    16.276  3 52905.68307491 50.184
 28  68.195268  61.475206    23.165    23.207  3 53185.68306174 43.829
 29  68.193453  61.475921    22.214    22.214  2 53220.68308783 25.685
 30  68.195885  61.475228    21.404    22.221  3 53255.68306432 26.754
 32  68.196115  61.474834    18.652    18.652  2 53325.68305030 30.663
 33  68.204885  61.471350    11.581    11.593  4 53360.68300825 23.872
 35  68.203119  61.472090    16.077    16.059  3 53430.68302007 17.961
 38  68.193506  61.475998    23.106    23.092  3 53535.68309854 46.667
 40  68.204368  61.472488    20.156    19.637  5 53605.68305473 25.612
 43  68.207260  61.471350    16.273    16.288  4 53710.68300353 37.509
 45  68.195035  61.474678    15.449    15.431  3 53780.68294561 16.038
 46  68.212608  61.469828    21.266    21.241  4 53815.68291347  8.986
 48  68.195852  61.475122    23.163    23.308  3 53885.68299120 23.476
 51  68.212215  61.469307    19.599    19.311  4 53990.68297544 28.260
 53  68.196527  61.474839    18.998    18.987  3 54060.68303526 43.091
 56  68.193331  61.475987    18.814    18.814  2 54165.68298176 13.137
 59  68.191257  61.476553    24.532    24.532  2 54270.68301724 39.148
 61  68.197426  61.474937    23.680    23.697  3 54340.68300168 25.937
 67  68.197092  61.474326    22.966    22.723  3 54550.68295233 13.242
 71  68.193272  61.476076    22.909    22.909  2 54690.68294296 26.541
 77  68.192543  61.476298    16.280    16.266  3 54900.68291864 15.650
 82  68.195450  61.475386    18.793    18.399  3 55075.68290973 37.755
 86  68.191196  61.477069    16.368    16.384  3 55215.68285779 15.516
 88  68.195321  61.474788    21.299    21.424  3 55285.68285105 11.590
 93  68.200718  61.472499    17.346    17.335  3 55460.68280942 49.816
