# NaN NaN NaN ;Mean Elev.(m), Avg Gradient(m/km), RMS Gradient(m/km) - SRTM1     
#   30.387  -0.418   4.684 ;Mean Elev.(m), Avg Gradient(m/km), RMS Gradient(m/km) - ASTER GDEM
#   14.748  -0.829   3.475 ;Mean Elev.(m), Avg Gradient(m/km), RMS Gradient(m/km) - GMTED2010 
  7    41.502 52467.65885917 33.59  77.436078  60.628627 24.184
  7    41.223 52467.65885981 32.08  77.433808  60.631787 24.184
  7    41.758 52467.65886046 29.86  77.431538  60.634947 24.184
  8    37.146 52502.65884978 34.28  77.438620  60.630297 32.133
  8    36.911 52502.65885042 25.87  77.436350  60.633467 32.133
  8    40.777 52502.65885107 23.19  77.434080  60.636627 32.133
  9    35.092 52537.65883456 33.48  77.423985  60.626584 22.636
  9    35.271 52537.65883520 32.72  77.421715  60.629754 22.636
  9    35.252 52537.65883585 32.67  77.419435  60.632914 22.636
 10    38.861 52572.65887350 23.36  77.431811  60.628851 12.239
 10    38.737 52572.65887414 23.42  77.429541  60.632011 12.239
 10    39.410 52572.65887479 24.78  77.427271  60.635171 12.239
 11    35.666 52607.65883118 27.98  77.442025  60.631075  6.467
 11    35.548 52607.65883182 26.45  77.439745  60.634235  6.467
 11    35.747 52607.65883247 24.07  77.437475  60.637395  6.467
 12    38.204 52642.65882851 17.13  77.429072  60.627874  3.256
 12    34.958 52642.65882915 19.10  77.426802  60.631044  3.256
 12    38.147 52642.65882980 16.00  77.424532  60.634204  3.256
 13    37.784 52677.65881276 13.90  77.445359  60.628442  2.872
 13    37.628 52677.65881341 14.30  77.443089  60.631612  2.872
 13    38.185 52677.65881405 14.09  77.440819  60.634772  2.872
 13    38.263 52677.65881470 13.64  77.438539  60.637932  2.872
 14    37.429 52712.65884721 15.14  77.429136  60.626454  2.978
 14    38.140 52712.65884785 14.28  77.426866  60.629624  2.978
 14    38.586 52712.65884850 13.77  77.424596  60.632784  2.978
 15    39.600 52747.65887386 12.85  77.434069  60.628377 13.528
 15    40.267 52747.65887450 15.04  77.431799  60.631537 13.528
 15    41.804 52747.65887515 19.44  77.429529  60.634697 13.528
 16    40.343 52782.65881367 34.92  77.423886  60.625947 41.460
 16    39.869 52782.65881431 27.39  77.421616  60.629117 41.460
 16    39.867 52782.65881495 25.55  77.419346  60.632277 41.460
 17    40.345 52817.65889263 36.36  77.422609  60.628104 36.502
 17    40.353 52817.65889327 35.86  77.420339  60.631264 36.502
 20    32.826 52922.65893153 48.96  77.442388  60.631189 26.463
 20    33.021 52922.65893217 37.38  77.440118  60.634349 26.463
 20    32.876 52922.65893282 32.66  77.437848  60.637509 26.463
 21    32.983 52957.65889717 33.07  77.432690  60.629711  8.096
 21    32.940 52957.65889781 28.05  77.430420  60.632871  8.096
 21    32.751 52957.65889846 28.92  77.428140  60.636031  8.096
 22    33.137 52992.65892041 18.29  77.435963  60.629849  3.671
 22    32.968 52992.65892106 18.43  77.433683  60.633009  3.671
 22    32.735 52992.65892170 18.37  77.431413  60.636169  3.671
 23    36.720 53027.65888569 12.99  77.449072  60.631055  2.756
 23    37.923 53027.65888698 13.34  77.444522  60.637385  2.756
 23    38.351 53027.65888762 13.02  77.442252  60.640545  2.756
 24    38.497 53062.65889449 12.54  77.438623  60.630793  2.776
 24    38.390 53062.65889513 12.41  77.436353  60.633953  2.776
 24    38.387 53062.65889578 12.41  77.434073  60.637113  2.776
 25    39.803 53097.65891491 11.28  77.437932  60.630758  2.175
 25    39.841 53097.65891555 10.73  77.435652  60.633918  2.175
 25    39.756 53097.65891620 11.29  77.433382  60.637078  2.175
 26    37.373 53132.65889170 29.09  77.439786  60.629256 17.653
 26    37.307 53132.65889234 32.54  77.437516  60.632426 17.653
 26    37.393 53132.65889299 31.73  77.435246  60.635586 17.653
 28    37.408 53202.65896840 33.87  77.433376  60.629618 26.895
 28    37.267 53202.65896904 34.86  77.431106  60.632778 26.895
 28    37.080 53202.65896969 32.73  77.428826  60.635938 26.895
 29    34.560 53237.65893663 34.68  77.449463  60.628848 26.288
 29    34.688 53237.65893727 36.98  77.447193  60.632018 26.288
 29    34.424 53237.65893856 31.27  77.442643  60.638338 26.288
 30    34.095 53272.65889461 27.31  77.426238  60.625713 26.298
 30    34.179 53272.65889526 26.08  77.423968  60.628883 26.298
 30    34.235 53272.65889590 26.67  77.421698  60.632043 26.298
 31    34.072 53307.65895736 46.69  77.426462  60.628538 13.460
 31    34.497 53307.65895801 39.93  77.424192  60.631698 13.460
 32    35.655 53342.65892432 23.89  77.439320  60.630849  5.302
 32    36.767 53342.65892496 21.77  77.437050  60.634009  5.302
 32    37.823 53342.65892561 20.99  77.434780  60.637169  5.302
 34    37.605 53412.65890009 19.80  77.438908  60.630808  5.523
 34    38.275 53412.65890073 18.87  77.436638  60.633968  5.523
 34    38.782 53412.65890138 18.67  77.434358  60.637128  5.523
 35    36.948 53447.65888602 16.14  77.422555  60.626991  4.479
 35    38.020 53447.65888667 15.34  77.420285  60.630151  4.479
 35    38.598 53447.65888731 15.08  77.418005  60.633321  4.479
 36    34.338 53482.65897150 29.97  77.424615  60.627685 28.591
 36    34.419 53482.65897214 28.71  77.422345  60.630845 28.591
 36    34.512 53482.65897279 46.70  77.420065  60.634005 28.591
 37    39.652 53517.65897269 35.39  77.437644  60.630897 30.619
 37    39.581 53517.65897334 33.61  77.435374  60.634057 30.619
 37    39.522 53517.65897398 32.70  77.433094  60.637217 30.619
 38    37.425 53552.65899317 34.80  77.433038  60.626719 20.192
 38    37.240 53552.65899382 33.97  77.430768  60.629889 20.192
 38    37.059 53552.65899446 34.06  77.428498  60.633049 20.192
 39    35.037 53587.65894495 26.67  77.446273  60.628679 27.674
 39    35.265 53587.65894560 32.98  77.444003  60.631839 27.674
 39    37.871 53587.65894689 20.52  77.439463  60.638169 27.674
 40    36.804 53622.65891427 21.56  77.417912  60.627454 28.219
 40    38.729 53622.65891492 21.30  77.415642  60.630614 28.219
 41    38.629 53657.65894180 17.74  77.428294  60.628704 26.861
 41    38.609 53657.65894245 17.71  77.426024  60.631864 26.861
 42    34.282 53692.65892488 37.42  77.439634  60.628610 13.097
 42    34.126 53692.65892553 33.40  77.437364  60.631780 13.097
 42    34.196 53692.65892617 33.87  77.435084  60.634940 13.097
 44    37.230 53762.65880469 15.96  77.433969  60.630108  2.979
 44    38.066 53762.65880533 16.21  77.431699  60.633268  2.979
 44    38.465 53762.65880598 15.60  77.429419  60.636428  2.979
 45    37.338 53797.65881500 12.03  77.448634  60.628561  2.499
 45    36.587 53797.65881565 11.97  77.446364  60.631721  2.499
 45    38.011 53797.65881694 11.83  77.441824  60.638051  2.499
 47    36.982 53867.65887489 36.96  77.428617  60.629329 29.899
 47    36.944 53867.65887554 36.44  77.426347  60.632489 29.899
 48    39.885 53902.65890591 27.77  77.433106  60.630170 33.321
 48    39.664 53902.65890655 28.22  77.430836  60.633330 33.321
 49    37.221 53937.65894304 22.15  77.425038  60.628831 27.467
 49    39.017 53937.65894368 19.53  77.422768  60.631991 27.467
 50    34.658 53972.65890651 21.99  77.438175  60.630710 30.167
 50    34.713 53972.65890716 21.12  77.435895  60.633880 30.167
 50    39.472 53972.65890780 20.94  77.433625  60.637040 30.167
 51    38.587 54007.65889332 19.67  77.426473  60.628952 28.750
 51    38.992 54007.65889396 17.71  77.424203  60.632112 28.750
 52    35.051 54042.65891737 43.34  77.434591  60.630379 12.719
 52    35.141 54042.65891802 42.69  77.432321  60.633539 12.719
 53    38.508 54077.65891120 11.94  77.440574  60.630922  2.594
 53    38.606 54077.65891184 10.98  77.438304  60.634082  2.594
 53    38.544 54077.65891249 10.36  77.436024  60.637242  2.594
 54    37.600 54112.65884966 17.51  77.449829  60.628683  3.549
 54    35.617 54112.65885031 18.55  77.447559  60.631843  3.549
 54    37.564 54112.65885160 18.64  77.443019  60.638173  3.549
 55    37.732 54147.65885476 14.61  77.430926  60.629580  3.267
 55    38.211 54147.65885541 13.97  77.428656  60.632740  3.267
 56    39.407 54182.65883851 12.61  77.446396  60.631391  2.837
 56    39.018 54182.65883979 12.81  77.441856  60.637711  2.837
 57    38.201 54217.65886321 52.64  77.429942  60.628604 31.711
 57    38.191 54217.65886385 51.02  77.427672  60.631764 31.711
 57    38.147 54217.65886450 50.31  77.425392  60.634924 31.711
 58    41.839 54252.65888846 35.23  77.435467  60.627088 33.910
 58    41.300 54252.65888911 29.34  77.433197  60.630258 33.910
 58    41.181 54252.65888975 27.98  77.430927  60.633418 33.910
 59    42.215 54287.65889296 36.14  77.440862  60.628075 37.898
 59    41.851 54287.65889360 34.95  77.438592  60.631245 37.898
 59    41.785 54287.65889425 32.46  77.436322  60.634405 37.898
 59    42.194 54287.65889489 33.65  77.434042  60.637565 37.898
 60    39.920 54322.65889040 20.98  77.438629  60.629035 30.876
 60    40.123 54322.65889104 18.67  77.436359  60.632205 30.876
 60    40.882 54322.65889169 21.22  77.434089  60.635365 30.876
 61    40.056 54357.65884824 26.49  77.449244  60.629005 31.290
 61    39.156 54357.65884888 20.62  77.446984  60.632175 31.290
 61    40.048 54357.65885017 25.43  77.442434  60.638495 31.290
 62    39.730 54392.65883054 20.49  77.437412  60.627499 32.296
 62    34.576 54392.65883118 23.75  77.435142  60.630669 32.296
 62    39.501 54392.65883183 23.10  77.432872  60.633829 32.296
 63    35.536 54427.65879868 28.80  77.442172  60.630178  8.521
 63    37.919 54427.65879997 27.84  77.437632  60.636508  8.521
 64    37.883 54462.65880908 18.21  77.431990  60.629778  3.938
 64    38.039 54462.65880973 18.72  77.429720  60.632938  3.938
 65    37.453 54497.65880734 14.96  77.441497  60.630987  2.996
 65    38.090 54497.65880799 15.25  77.439227  60.634147  2.996
 65    38.276 54497.65880863 15.14  77.436947  60.637307  2.996
 66    39.221 54532.65882196 13.39  77.437116  60.627652  3.061
 66    38.950 54532.65882260 12.97  77.434836  60.630812  3.061
 66    38.610 54532.65882325 14.47  77.432566  60.633972  3.061
 67    38.750 54567.65881154  9.78  77.448386  60.628546  2.941
 67    38.847 54567.65881218 10.58  77.446116  60.631706  2.941
 67    38.805 54567.65881347 10.28  77.441586  60.638036  2.941
 68    40.017 54602.65881787 34.59  77.433390  60.630157 33.078
 68    39.781 54602.65881852 34.36  77.431110  60.633317 33.078
 69    39.947 54637.65882881 32.58  77.436091  60.630066 29.818
 69    39.795 54637.65882945 32.15  77.433811  60.633226 29.818
 69    39.742 54637.65883010 31.51  77.431541  60.636396 29.818
 70    36.368 54672.65883215 23.31  77.436559  60.630495 25.097
 70    36.475 54672.65883279 23.71  77.434289  60.633655 25.097
 70    39.528 54672.65883343 21.69  77.432019  60.636825 25.097
 71    34.542 54707.65879095 28.97  77.445435  60.629274 31.154
 71    34.950 54707.65879159 27.08  77.443155  60.632434 31.154
 71    34.579 54707.65879223 33.11  77.440885  60.635594 31.154
 71    39.831 54707.65879288 21.79  77.438615  60.638764 31.154
 72    34.616 54742.65879737 48.96  77.433074  60.629891 26.065
 72    34.650 54742.65879801 34.83  77.430804  60.633051 26.065
 72    34.427 54742.65879866 33.59  77.428534  60.636221 26.065
 73    37.167 54777.65877280 28.14  77.441324  60.630685 16.567
 73    34.658 54777.65877344 36.83  77.439054  60.633845 16.567
 73    34.632 54777.65877409 45.66  77.436784  60.637015 16.567
 74    36.333 54812.65879070 22.38  77.430089  60.628749  5.222
 74    38.253 54812.65879134 21.93  77.427819  60.631909  5.222
 74    38.643 54812.65879199 21.48  77.425549  60.635079  5.222
 75    38.135 54847.65877311 18.48  77.441341  60.631166  3.629
 75    37.896 54847.65877376 17.99  77.439071  60.634326  3.629
 75    37.829 54847.65877440 17.60  77.436801  60.637496  3.629
 76    38.185 54882.65879391 14.82  77.432524  60.629093  3.004
 76    38.295 54882.65879455 14.57  77.430254  60.632253  3.004
 76    38.017 54882.65879520 14.40  77.427984  60.635423  3.004
 77    39.528 54917.65877560  9.84  77.444411  60.630690 10.731
 77    40.265 54917.65877689 15.69  77.439881  60.637020 10.731
 78    39.138 54952.65878837 33.26  77.432236  60.629896 31.533
 78    39.546 54952.65878902 43.66  77.429956  60.633056 31.533
 79    40.020 54987.65881196 41.74  77.433865  60.626778 36.624
 79    39.674 54987.65881261 36.75  77.431595  60.629938 36.624
 79    39.562 54987.65881325 36.30  77.429315  60.633098 36.624
 80    39.103 55022.65880470 36.19  77.439936  60.630619 26.772
 80    38.961 55022.65880535 35.95  77.437666  60.633779 26.772
 80    39.128 55022.65880599 30.68  77.435396  60.636949 26.772
 81    35.778 55057.65880080 32.49  77.438348  60.630917 26.777
 81    35.455 55057.65880144 28.11  77.436078  60.634077 26.777
 81    35.156 55057.65880209 29.27  77.433808  60.637247 26.777
 82    39.500 55092.65875588 22.80  77.446149  60.629053 31.701
 82    35.122 55092.65875653 30.79  77.443879  60.632213 31.701
 82    35.012 55092.65875717 28.24  77.441609  60.635373 31.701
 82    37.585 55092.65875782 23.57  77.439339  60.638543 31.701
 83    39.010 55127.65874053 20.52  77.435060  60.629359 25.129
 83    38.713 55127.65874117 22.50  77.432790  60.632519 25.129
 83    39.147 55127.65874182 25.66  77.430520  60.635689 25.129
 84    36.081 55162.65871769 23.54  77.439941  60.630538  4.361
 84    36.112 55162.65871833 24.36  77.437671  60.633698  4.361
 84    36.113 55162.65871898 24.83  77.435401  60.636868  4.361
 85    36.556 55197.65873136 14.04  77.432586  60.626675  2.800
 85    37.407 55197.65873201 14.28  77.430306  60.629835  2.800
 85    37.893 55197.65873265 13.12  77.428036  60.632995  2.800
 86    38.633 55232.65872163 12.44  77.443271  60.630743  2.783
 86    38.032 55232.65872291 12.04  77.438731  60.637073  2.783
 87    38.737 55267.65872645 12.26  77.435473  60.629361  2.356
 87    38.551 55267.65872709 11.65  77.433203  60.632521  2.356
 87    38.421 55267.65872774 11.63  77.430933  60.635691  2.356
 88    38.880 55302.65870156  8.78  77.448601  60.629099  8.726
 88    39.584 55302.65870221 11.44  77.446341  60.632259  8.726
 88    39.963 55302.65870350 19.00  77.441791  60.638589  8.726
 89    40.059 55337.65870033 29.53  77.438781  60.628170 34.073
 89    39.635 55337.65870097 23.63  77.436511  60.631330 34.073
 89    39.375 55337.65870162 23.44  77.434241  60.634490 34.073
 90    40.808 55372.65869076 27.77  77.439297  60.630360 38.743
 90    40.492 55372.65869141 27.50  77.437027  60.633520 38.743
 90    40.925 55372.65869205 24.29  77.434757  60.636690 38.743
 91    39.083 55407.65871130 23.96  77.434359  60.630131 34.695
 91    39.025 55407.65871194 24.30  77.432079  60.633291 34.695
 91    40.616 55407.65871259 26.79  77.429809  60.636461 34.695
 92    36.208 55442.65870921 33.70  77.440782  60.628429 31.622
 92    35.796 55442.65870986 23.11  77.438512  60.631589 31.622
 92    35.766 55442.65871050 22.37  77.436232  60.634749 31.622
 93    39.224 55477.65864904 21.53  77.450213  60.629069 30.280
 93    35.383 55477.65864968 25.66  77.447943  60.632229 30.280
 93    40.132 55477.65865097 23.19  77.443403  60.638559 30.280
