# NaN NaN NaN ;Mean Elev.(m), Avg Gradient(m/km), RMS Gradient(m/km) - SRTM1     
#   16.013  -0.602   2.835 ;Mean Elev.(m), Avg Gradient(m/km), RMS Gradient(m/km) - ASTER GDEM
#   23.703  -0.139   3.783 ;Mean Elev.(m), Avg Gradient(m/km), RMS Gradient(m/km) - GMTED2010 
 10  70.565045  61.171001    26.986    26.986  2 52565.26452377 26.019
 13  70.553571  61.179215    26.394    26.394  2 52670.26451425  9.879
 14  70.562133  61.172699    27.276    27.276  2 52705.26450548  9.110
 15  70.551312  61.180198    21.670    21.670  2 52740.26453953 15.118
 16  70.550903  61.181695    26.751    26.821  3 52775.26448625 30.051
 17  70.558996  61.173583    28.101    28.101  2 52810.26456204 32.713
 19  70.555061  61.178126    21.876    21.876  2 52880.26465495 35.379
 20  70.552345  61.179436    21.355    21.082  3 52915.26461238 27.776
 22  70.560517  61.173147    22.788    22.788  2 52985.26459675 14.413
 23  70.553179  61.179370    26.200    26.283  3 53020.26458650  9.663
 24  70.563357  61.172003    26.532    26.532  2 53055.26457451 10.823
 25  70.542659  61.183539    26.932    26.932  2 53090.26461058  8.260
 26  70.561802  61.173754    21.871    21.871  2 53125.26458201 13.121
 27  70.552716  61.179274    26.899    26.899  2 53160.26464194 23.856
 28  70.556592  61.175850    27.362    27.362  2 53195.26463903 31.964
 29  70.557389  61.176716    25.973    25.973  2 53230.26462647 30.572
 30  70.545147  61.184377    23.745    22.188  3 53265.26459620 40.150
 31  70.553775  61.179454    22.517    22.517  2 53300.26464389 50.296
 32  70.553533  61.177237    23.321    23.321  2 53335.26461537 32.376
 33  70.548243  61.181732    22.811    22.726  3 53370.26455368 23.678
 35  70.548720  61.181967    24.291    24.291  2 53440.26457428 13.454
 37  70.556731  61.178599    27.085    27.085  2 53510.26465403 46.724
 38  70.550455  61.180880    26.761    26.598  3 53545.26467044 26.730
 40  70.544849  61.182685    22.099    22.099  2 53615.26460122 46.745
 42  70.550492  61.179902    20.951    20.935  3 53685.26462232 44.338
 43  70.550777  61.181145    22.541    22.541  2 53720.26454841 22.165
 45  70.556714  61.177272    23.903    23.903  2 53790.26450315  8.940
 46  70.568432  61.169339    27.897    27.897  2 53825.26446043  9.740
 47  70.555348  61.175706    23.228    23.228  2 53860.26455343 25.324
 49  70.548305  61.182552    27.039    27.031  3 53930.26462381 32.379
 50  70.547073  61.181831    23.171    23.176  3 53965.26460221 31.924
 52  70.559554  61.173870    21.447    21.447  2 54035.26460363 50.564
 53  70.556126  61.178055    24.329    24.329  2 54070.26459727 34.717
 54  70.546580  61.183232    25.446    25.446  2 54105.26455060 10.229
 55  70.558917  61.175214    27.117    27.117  2 54140.26452946 12.081
 56  70.550589  61.181168    26.922    26.953  3 54175.26453095 10.520
 58  70.555547  61.176198    28.047    28.047  2 54245.26456627 35.044
 59  70.555795  61.177091    28.964    28.964  2 54280.26457753 32.328
 60  70.554553  61.177506    28.760    28.760  2 54315.26457681 28.550
 61  70.550167  61.181087    27.824    27.824  2 54350.26454477 28.826
 63  70.551072  61.181192    22.513    22.514  3 54420.26449454 34.619
 65  70.552651  61.177594    22.917    22.917  2 54490.26449551 19.225
 66  70.558727  61.173642    26.447    26.447  2 54525.26450087 12.176
 67  70.550342  61.180281    21.280    21.244  3 54560.26450387 16.567
 68  70.555438  61.177867    25.060    25.060  2 54595.26449590 45.171
 69  70.554837  61.178613    28.094    28.094  2 54630.26451003 45.884
 70  70.553818  61.177558    27.324    27.324  2 54665.26451682 24.049
 71  70.550279  61.180347    24.136    22.613  3 54700.26448655 32.094
 72  70.560708  61.174565    21.888    21.888  2 54735.26447607 48.134
 73  70.554242  61.179109    22.610    22.610  2 54770.26446728 29.755
 74  70.558507  61.173913    23.815    23.815  2 54805.26447015 27.224
 75  70.554907  61.176956    23.399    23.399  2 54840.26446237 15.135
 76  70.556972  61.175910    23.370    23.370  2 54875.26447053 11.197
 77  70.548299  61.182025    25.447    25.389  3 54910.26446762 11.034
 78  70.558296  61.176325    22.815    22.815  2 54945.26446287 34.929
 79  70.554479  61.178989    26.906    26.906  2 54980.26448906 26.704
 80  70.555178  61.178518    26.820    26.820  2 55015.26449202 51.884
 82  70.547879  61.182437    22.993    22.993  2 55085.26445217 30.869
 84  70.551527  61.180370    22.691    22.716  3 55155.26441229 27.082
 85  70.560337  61.175447    22.995    22.995  2 55190.26440873 15.651
 86  70.552561  61.179523    25.521    25.671  3 55225.26441248 10.000
 88  70.550019  61.181113    27.142    27.245  3 55295.26439794  5.574
 89  70.553991  61.178677    25.996    25.996  2 55330.26438543 47.575
 90  70.552359  61.179285    27.729    27.729  2 55365.26437933 42.610
 91  70.559715  61.174450    27.753    27.753  2 55400.26439153 52.841
 92  70.555117  61.177821    24.917    24.917  2 55435.26439610 29.561
 93  70.547875  61.182443    23.231    23.231  2 55470.26434916 27.349
