-231660.530   109.492     0.00    2.01
-231291.582   109.165    -0.89    2.21
-230922.701   108.033    -3.07    2.87
-230553.886   105.705    -6.31    3.55
-230185.137   103.674    -5.51    3.29
-229816.454   101.271    -6.52    2.43
-229447.837    99.839    -3.88    1.24
-229079.285    99.343    -1.35    0.96
-228710.800    98.843    -1.36    1.17
-228342.380    98.264    -1.57    1.51
-227974.026    97.180    -2.94    2.11
-227605.738    95.546    -4.44    2.17
-227237.516    94.184    -3.70    2.17
-226869.359    93.014    -3.18    1.64
-226501.268    92.216    -2.17    0.85
-226133.242    92.158    -0.16    0.96
-225765.282    92.582     1.15    1.46
-225397.388    93.237     1.78    1.68
-225029.559    93.630     1.07    1.57
-224661.795    93.188    -1.20    1.74
-224294.097    92.533    -1.78    1.78
-223926.465    92.716     0.50    1.93
-223558.897    93.377     1.80    1.98
-223191.395    94.497     3.05    1.79
-222823.959    96.426     5.25    2.81
-222456.587    98.283     5.06    3.39
-222089.281   100.229     5.30    2.50
-221722.040   101.039     2.21    1.11
-221354.864   100.900    -0.38    0.92
-220987.753   100.277    -1.70    1.09
-220620.708    99.815    -1.26    1.08
-220253.727    99.581    -0.64    1.03
-219886.811    99.597     0.04    1.06
-219519.961    99.765     0.46    0.99
-219153.175    99.790     0.07    1.06
-218772.893    99.416    -0.98    1.34
-218392.680    99.174    -0.63    1.41
-218012.538    98.887    -0.76    1.10
-217632.466    98.995     0.28    0.83
-217252.464    98.898    -0.25    0.78
-216872.533    98.326    -1.51    1.12
-216492.672    97.960    -0.96    1.26
-216112.881    96.802    -3.05    1.86
-215733.160    95.948    -2.25    2.03
-215353.510    95.666    -0.74    1.77
-214973.930    95.302    -0.96    1.44
-214594.420    95.748     1.18    1.11
-214214.980    96.078     0.87    0.84
-213835.610    95.780    -0.78    0.98
-213456.310    95.457    -0.85    1.14
-213077.079    95.352    -0.28    1.25
-212697.919    95.367     0.04    1.31
-212318.829    94.655    -1.88    2.39
-211939.808    93.362    -3.41    3.34
-211560.858    91.765    -4.22    2.80
-211181.977    90.888    -2.32    1.58
-210803.165    91.075     0.50    1.83
-210424.424    90.570    -1.34    2.17
-210045.752    89.220    -3.57    2.14
-209667.150    88.545    -1.78    1.70
-209288.617    89.009     1.22    1.86
-208910.154    89.148     0.37    1.86
-208531.760    88.533    -1.62    2.27
-208153.436    86.654    -4.97    2.48
-207775.181    85.308    -3.56    1.63
-207396.995    85.225    -0.22    1.43
-207018.879    85.419     0.52    1.40
-206640.832    85.367    -0.14    1.23
-206262.854    84.892    -1.26    0.98
-205884.946    84.192    -1.85    0.96
-205507.107    83.573    -1.64    1.18
-205129.337    82.643    -2.46    1.31
-204751.636    81.841    -2.12    1.08
-204374.004    81.878     0.10    1.23
-203996.441    81.900     0.06    1.47
-203618.947    81.150    -1.99    2.12
-203241.522    79.808    -3.56    2.40
-202864.166    78.907    -2.39    1.84
-202486.879    78.826    -0.21    1.62
-202109.660    80.328     3.98    2.33
-201732.511    82.484     5.72    2.38
-201355.430    84.167     4.46    2.00
-200978.418    85.340     3.11    1.19
-200601.475    85.533     0.51    1.13
-200224.600    84.724    -2.15    1.94
-199847.794    83.495    -3.26    2.15
-199471.056    82.051    -3.83    1.65
-199094.387    80.533    -4.03    1.69
-198717.787    79.027    -4.00    2.76
-198341.255    77.913    -2.96    2.55
-197964.791    77.874    -0.10    2.28
-197588.396    78.559     1.82    2.10
-197212.069    79.244     1.82    1.36
-196835.811    79.454     0.56    1.33
-196459.621    79.416    -0.10    1.20
-196083.499    79.377    -0.10    1.12
-195707.445    79.326    -0.14    1.26
-195331.459    78.533    -2.11    1.35
-194955.542    78.051    -1.28    1.42
-194579.692    77.846    -0.55    1.34
-194203.911    77.397    -1.19    1.16
-193828.198    77.321    -0.20    1.41
-193452.552    77.509     0.50    1.59
-193076.975    76.837    -1.79    2.29
-192701.465    76.106    -1.95    2.85
-192326.024    75.667    -1.17    3.01
-191950.650    75.367    -0.80    2.73
-191575.344    75.941     1.53    2.40
-191200.106    76.972     2.75    2.67
-190824.935    77.718     1.99    2.64
-190449.832    78.704     2.63    2.60
-190074.797    79.131     1.14    2.27
-189699.830    78.484    -1.72    2.13
-189324.930    77.822    -1.77    2.17
-188950.097    77.336    -1.30    1.86
-188575.332    77.640     0.81    1.80
-188200.635    78.432     2.11    1.88
-187826.005    79.105     1.80    1.63
-187451.442    79.323     0.58    1.35
-187076.947    79.496     0.46    1.11
-186702.519    79.496    -0.00    1.13
-186328.158    79.748     0.67    1.02
-185953.865    80.496     2.00    1.76
-185579.639    81.830     3.56    2.84
-185205.480    83.433     4.29    3.05
-184831.388    84.117     1.83    2.55
-184457.363    84.421     0.81    2.04
-184083.405    84.928     1.36    1.72
-183709.515    84.926    -0.01    1.93
-183335.691    83.343    -4.23    3.67
-182961.934    81.053    -6.13    4.09
-182588.245    78.777    -6.09    2.81
-182214.622    77.454    -3.54    1.68
-181841.066    77.143    -0.83    2.31
-181467.576    76.482    -1.77    2.94
-181094.154    75.126    -3.63    2.94
-180720.798    73.277    -4.95    1.81
-180347.509    72.569    -1.90    1.24
-179974.287    72.336    -0.63    1.23
-179601.131    72.592     0.69    1.22
-179228.042    72.941     0.94    1.12
-178855.020    73.106     0.44    1.08
-178482.064    73.405     0.80    1.15
-178109.174    73.401    -0.01    1.26
-177736.351    73.299    -0.27    1.39
-177363.594    73.155    -0.39    1.54
-176990.904    71.915    -3.33    2.07
-176618.280    70.274    -4.40    3.02
-176245.723    68.777    -4.02    2.60
-175873.231    67.768    -2.71    1.49
-175500.806    66.836    -2.50    2.34
-175128.447    64.375    -6.61    3.95
-174756.155    61.494    -7.74    3.50
-174383.928    59.509    -5.33    2.01
-174011.768    58.312    -3.22    1.47
-173639.673    58.167    -0.39    1.31
-173267.645    58.676     1.37    1.32
-172895.683    59.402     1.95    1.37
-172523.786    60.183     2.10    1.16
-172151.956    60.972     2.12    1.19
-171780.192    61.507     1.44    1.22
-171408.493    61.336    -0.46    1.44
-171036.860    60.443    -2.40    2.02
-170665.293    58.965    -3.98    2.13
-170293.792    58.033    -2.51    1.46
-169922.356    58.521     1.31    1.64
-169550.986    59.323     2.16    1.52
-169179.682    60.169     2.28    1.17
-168808.443    60.612     1.20    0.93
-168437.270    60.253    -0.97    1.22
-168066.162    59.879    -1.01    1.39
-167695.120    59.743    -0.37    1.13
-167324.144    59.597    -0.39    0.84
-166953.233    59.228    -0.99    1.19
-166582.387    58.757    -1.27    1.24
-166211.607    59.082     0.88    1.56
-165840.892    59.611     1.43    1.80
-165470.242    59.618     0.02    2.10
-165099.657    59.131    -1.31    2.60
-164729.138    57.621    -4.08    3.05
-164358.684    56.078    -4.17    2.99
-163988.295    55.112    -2.61    2.31
-163617.972    55.090    -0.06    1.98
-163247.713    56.385     3.50    2.49
-162877.519    57.751     3.69    2.09
-162507.391    58.286     1.45    1.47
-162137.327    57.850    -1.18    1.61
-161767.328    56.850    -2.70    1.43
-161397.395    56.161    -1.86    1.13
-161027.526    55.558    -1.63    1.19
-160657.722    55.121    -1.18    1.28
-160287.983    54.862    -0.70    1.27
-159918.308    54.805    -0.16    1.18
-159548.699    55.546     2.00    1.52
-159179.154    56.508     2.60    1.68
-158809.674    57.765     3.40    1.44
-158440.258    58.805     2.82    0.99
-158070.907    59.397     1.60    0.74
-157701.621    59.584     0.50    0.62
-157332.399    59.891     0.83    0.51
-156963.241    59.887    -0.01    0.48
-156594.149    60.002     0.31    0.59
-156225.120    60.249     0.67    0.69
-155856.156    60.014    -0.64    1.11
-155487.256    59.459    -1.50    1.57
-155118.421    58.546    -2.48    1.48
-154749.650    58.437    -0.30    1.35
-154380.943    59.163     1.97    1.83
-154012.301    60.121     2.60    1.64
-153643.723    60.799     1.84    0.86
-153275.209    59.914    -2.40    2.12
-152906.759    58.302    -4.37    2.65
-152538.373    56.692    -4.37    2.38
-152170.051    55.520    -3.18    1.56
-151801.793    55.070    -1.22    1.19
-151433.599    54.638    -1.17    0.53
-151065.470    54.533    -0.29    0.00
-150697.404    54.533     0.00    0.00
-150329.402    54.733     0.54    0.72
-149961.464    55.754     2.77    1.96
-149593.589    57.236     4.03    2.51
-149225.779    58.609     3.73    2.14
-148858.032    60.138     4.16    1.22
-148490.349    61.027     2.42    1.31
-148122.730    61.533     1.38    1.31
-147755.174    61.533     0.00    1.26
-147387.683    61.180    -0.96    1.14
-147020.254    61.033    -0.40    1.09
-146652.889    61.976     2.57    1.65
-146285.588    62.731     2.05    1.46
-145918.350    62.375    -0.97    2.50
-145551.176    60.496    -5.12    3.68
-145184.065    58.113    -6.49    3.32
-144817.018    56.383    -4.71    2.04
-144450.034    55.533    -2.32    0.00
-144072.943    55.533     0.00    0.00
-143692.873    55.533     0.00    0.00
-143312.872    55.533     0.00    0.00
-142932.939    55.533     0.00    0.00
-142553.075    55.533     0.00    0.00
-142173.279    55.891     0.94    0.90
-141793.552    56.521     1.66    1.42
-141413.893    57.582     2.80    1.78
-141034.303    58.400     2.15    1.45
-140654.780    58.765     0.96    0.91
-140275.327    58.810     0.12    0.92
-139895.941    59.180     0.98    1.23
-139516.624    59.609     1.13    1.17
-139137.374    59.299    -0.82    1.70
-138758.193    58.660    -1.69    2.14
-138379.080    58.497    -0.43    2.17
-138000.035    58.731     0.62    1.91
-137621.058    59.422     1.82    1.32
-137242.149    59.846     1.12    0.88
-136863.308    59.226    -1.64    1.34
-136484.535    57.447    -4.70    2.89
-136105.830    55.255    -5.79    3.45
-135727.193    52.838    -6.38    2.73
-135348.623    51.375    -3.86    1.67
-134970.122    50.923    -1.19    1.37
-134591.688    50.293    -1.67    1.30
-134213.321    49.694    -1.58    1.36
-133835.023    49.027    -1.76    1.23
-133456.792    49.101     0.20    1.22
-133078.628    49.136     0.09    1.10
-132700.532    48.633    -1.33    1.37
-132322.504    47.733    -2.38    1.54
-131944.543    47.212    -1.38    1.25
-131566.650    47.399     0.49    1.55
-131188.823    47.296    -0.27    2.19
-130811.065    46.558    -1.95    2.43
-130433.373    45.471    -2.88    2.25
-130055.749    44.411    -2.81    1.58
-129678.193    43.875    -1.42    0.96
-129300.703    43.582    -0.78    0.44
-128923.281    43.665     0.22    0.50
-128545.926    43.753     0.23    0.90
-128168.638    44.454     1.86    2.21
-127791.417    45.220     2.03    2.68
-127414.263    45.888     1.77    2.61
-127037.176    46.733     2.24    2.17
-126660.156    47.663     2.47    1.71
-126283.203    49.002     3.55    1.85
-125906.317    50.166     3.09    1.67
-125529.497    50.131    -0.09    1.78
-125152.745    48.921    -3.21    3.49
-124776.059    45.871    -8.10    5.82
-124399.441    40.521   -14.21    7.25
-124022.888    36.138   -11.64    6.40
-123646.403    32.718    -9.08    3.34
-123269.984    31.908    -2.15    1.29
-122893.632    33.546     4.35    3.03
-122517.346    35.179     4.34    3.33
-122141.127    37.188     5.34    2.67
-121764.975    38.521     3.54    1.39
-121388.889    38.150    -0.98    1.28
-121012.869    38.046    -0.28    1.29
-120636.916    38.058     0.03    1.55
-120261.029    38.344     0.76    1.90
-119885.209    38.879     1.42    1.72
-119509.455    39.286     1.08    1.59
-119133.767    39.681     1.05    1.93
-118758.145    39.947     0.71    1.93
-118382.590    40.396     1.20    1.42
-118007.100    40.571     0.47    0.98
-117631.677    40.314    -0.69    0.98
-117256.320    39.926    -1.03    1.64
-116881.029    39.657    -0.72    1.96
-116505.804    38.995    -1.76    1.97
-116130.645    38.496    -1.33    1.51
-115755.552    37.771    -1.93    1.53
-115380.525    36.200    -4.19    2.56
-115005.563    35.027    -3.13    2.64
-114630.668    34.850    -0.47    2.82
-114255.838    36.027     3.14    3.47
-113881.074    39.768     9.98    5.87
-113506.376    45.657    15.72    7.49
-113131.744    50.833    13.82    7.25
-112757.177    55.883    13.48    4.29
-112382.676    56.328     1.19    4.18
-112008.240    53.821    -6.70    6.04
-111633.871    50.726    -8.27    5.95
-111259.566    47.919    -7.50    3.16
-110885.327    48.065     0.39    2.78
-110511.154    49.321     3.36    3.91
-110137.046    50.152     2.22    4.09
-109763.003    50.471     0.85    4.10
-109389.026    49.572    -2.40    3.57
-109015.114    48.780    -2.12    2.17
-108641.267    49.231     1.21    3.19
-108267.486    50.570     3.58    4.73
-107893.770    50.849     0.75    4.77
-107520.119    50.323    -1.41    4.58
-107146.533    49.007    -3.52    3.15
-106773.012    47.817    -3.19    1.33
-106399.557    47.720    -0.26    0.97
-106026.166    47.830     0.29    1.19
-105652.841    48.080     0.67    1.29
-105279.580    47.928    -0.41    1.49
-104906.385    47.875    -0.14    2.88
-104533.254    49.571     4.54    4.48
-104160.188    50.707     3.04    4.63
-103787.187    51.371     1.78    3.88
-103414.251    50.105    -3.40    2.82
-103041.380    48.923    -3.17    2.15
-102668.573    48.938     0.04    2.10
-102295.831    49.286     0.93    2.27
-101923.154    49.783     1.33    2.15
-101550.541    50.871     2.92    1.94
-101177.993    51.144     0.73    2.32
-100805.510    50.833    -0.83    2.66
-100433.091    50.179    -1.76    2.64
-100060.737    50.021    -0.42    2.83
 -99688.447    50.495     1.27    2.94
 -99316.221    51.358     2.32    2.53
 -98944.060    51.533     0.47    2.43
 -98571.964    50.608    -2.49    2.50
 -98199.931    49.318    -3.47    3.21
 -97827.963    47.373    -5.23    5.46
 -97456.060    44.812    -6.89    6.21
 -97084.220    42.833    -5.32    6.30
 -96712.445    40.900    -5.20    4.05
 -96340.734    41.632     1.97    3.53
 -95969.087    42.508     2.36    3.67
 -95597.504    43.002     1.33    3.22
 -95225.985    43.407     1.09    3.26
 -94854.530    42.846    -1.51    3.22
 -94483.140    42.571    -0.74    2.50
 -94111.813    42.311    -0.70    2.38
 -93740.550    42.166    -0.39    2.06
 -93369.351    43.595     3.85    2.45
 -92998.216    44.521     2.49    2.16
 -92627.145    45.283     2.06    2.23
 -92256.137    45.888     1.63    1.94
 -91885.194    46.233     0.93    2.30
 -91514.314    46.191    -0.11    3.31
 -91143.498    46.879     1.85    4.57
 -90772.745    47.710     2.24    4.41
 -90402.056    47.308    -1.09    4.01
 -90031.431    47.084    -0.60    3.24
 -89660.869    46.158    -2.50    2.44
 -89290.371    45.533    -1.69    2.48
 -88919.936    45.570     0.10    2.43
 -88549.565    45.728     0.43    2.28
 -88179.258    45.221    -1.37    1.65
 -87809.013    45.649     1.16    1.80
 -87438.832    44.196    -3.93    3.13
 -87068.715    41.533    -7.19    4.31
 -86698.660    39.356    -5.88    4.36
 -86328.669    37.637    -4.65    2.91
 -85958.742    37.271    -0.99    2.58
 -85588.877    37.157    -0.31    2.61
 -85219.076    37.583     1.15    2.67
 -84849.338    37.661     0.21    2.78
 -84479.663    36.875    -2.13    3.69
 -84110.051    36.160    -1.93    3.89
 -83740.502    35.408    -2.03    3.43
 -83371.016    35.733     0.88    2.93
 -83001.593    36.027     0.80    2.39
 -82632.233    36.546     1.41    1.61
 -82262.936    37.213     1.80    2.09
 -81893.701    37.627     1.12    2.40
 -81524.530    38.258     1.71    2.14
 -81155.422    38.836     1.57    1.63
 -80786.376    37.383    -3.94    2.24
 -80417.393    37.586     0.55    2.59
 -80048.473    39.442     5.03    4.26
 -79679.615    41.520     5.63    5.37
 -79310.820    43.768     6.10    5.03
 -78942.088    44.547     2.11    4.89
 -78573.418    45.158     1.66    4.16
 -78204.811    45.217     0.16    3.15
 -77836.267    45.989     2.09    2.59
 -77467.785    46.369     1.03    2.60
 -77099.365    46.408     0.11    2.69
 -76731.008    46.610     0.55    2.71
 -76362.713    46.508    -0.28    2.75
 -75994.481    47.040     1.44    2.85
 -75626.311    47.888     2.30    2.82
 -75258.203    48.495     1.65    3.01
 -74890.158    47.533    -2.61    3.40
 -74522.175    46.084    -3.94    3.13
 -74154.254    45.758    -0.89    3.55
 -73786.395    46.584     2.25    4.48
 -73418.598    50.108     9.58    6.04
 -73050.864    54.558    12.10    6.93
 -72683.191    58.083     9.59    7.18
 -72315.581    59.764     4.57    6.92
 -71948.032    59.715    -0.13    7.24
 -71580.546    59.746     0.08    7.33
 -71213.122    61.196     3.95    8.40
 -70845.759    63.483     6.23    9.31
 -70478.459    67.394    10.65    9.27
 -70111.220    70.996     9.81    7.27
 -69744.043    72.349     3.69    7.22
 -69369.881    71.721    -1.68    7.99
 -68989.952    70.884    -2.20    7.44
 -68610.091    70.933     0.13    6.44
 -68230.296    71.521     1.55    5.53
 -67850.567    73.546     5.33    5.90
 -67470.906    73.141    -1.07    7.31
 -67091.311    71.845    -3.41    9.50
 -66711.783    69.321    -6.65   11.14
 -66332.321    68.007    -3.46   10.05
 -65952.925    69.033     2.71    9.49
 -65573.597    70.933     5.01    9.11
 -65194.334    73.671     7.22    7.40
 -64815.138    74.827     3.05    5.55
 -64436.009    74.058    -2.03    5.03
 -64056.945    71.328    -7.20    5.97
 -63677.949    69.065    -5.97    5.27
 -63299.018    66.308    -7.28    3.72
 -62920.153    65.570    -1.95    3.06
 -62541.355    64.533    -2.74    3.25
 -62162.623    63.689    -2.23    2.84
 -61783.957    66.883     8.44    6.27
 -61405.357    71.441    12.04    9.73
 -61026.823    74.521     8.14    9.78
 -60648.356    76.387     4.93    9.47
 -60269.954    74.260    -5.62   10.20
 -59891.618    71.452    -7.42    7.56
 -59513.348    72.271     2.16    7.24
 -59135.144    73.441     3.09    7.48
 -58757.006    75.708     6.00    7.39
 -58378.934    78.700     7.91    7.06
 -58000.927    81.021     6.14    6.61
 -57622.986    83.746     7.21    6.25
 -57245.111    86.002     5.97    6.94
 -56867.302    86.828     2.19    6.68
 -56489.558    84.995    -4.85    7.31
 -56111.880    83.559    -3.80    8.03
 -55734.267    80.338    -8.53   10.10
 -55356.720    77.204    -8.30   10.42
 -54979.239    75.493    -4.53    9.81
 -54601.822    74.071    -3.77   10.70
 -54224.472    73.803    -0.71   12.35
 -53847.187    71.871    -5.12   12.95
 -53469.967    70.360    -4.01   13.11
 -53092.812    68.371    -5.27   13.54
 -52715.723    65.900    -6.55   12.37
 -52338.699    63.533    -6.28   12.69
 -51961.740    61.482    -5.44   12.53
 -51584.847    58.027    -9.17   12.51
 -51208.018    51.257   -17.97   10.20
 -50831.255    46.213   -13.39    5.84
 -50454.557    44.584    -4.32    2.65
 -50077.924    45.065     1.28    3.81
 -49701.356    45.799     1.95    4.25
 -49324.853    45.910     0.29    3.99
 -48948.415    44.783    -2.99    4.57
 -48572.042    43.007    -4.72    4.16
 -48195.733    42.121    -2.36    3.29
 -47819.490    41.141    -2.60    2.98
 -47443.311    41.235     0.25    2.36
 -47067.197    41.840     1.61    2.80
 -46691.148    41.496    -0.92    2.69
 -46315.164    41.067    -1.14    3.14
 -45939.245    40.108    -2.55    3.08
 -45563.390    39.213    -2.38    2.56
 -45187.599    39.419     0.55    2.80
 -44811.873    39.597     0.47    2.60
 -44436.212    39.321    -0.74    2.44
 -44060.616    38.913    -1.09    2.48
 -43685.083    38.110    -2.14    2.15
 -43309.616    37.625    -1.29    2.07
 -42934.212    37.402    -0.60    2.01
 -42558.874    37.251    -0.40    1.80
 -42183.599    36.774    -1.27    1.91
 -41808.389    35.647    -3.00    2.16
 -41433.243    36.238     1.58    3.34
 -41058.161    38.381     5.71    4.49
 -40683.144    40.267     5.03    3.60
 -40308.190    43.158     7.71    3.50
 -39933.301    44.770     4.30    4.05
 -39558.476    44.609    -0.43    4.25
 -39183.715    44.360    -0.67    5.08
 -38809.019    38.962   -14.41    8.85
 -38434.386    33.236   -15.28    7.64
 -38059.817    30.971    -6.05    4.87
 -37685.312    31.232     0.70    4.54
 -37310.871    34.983    10.02    6.00
 -36936.494    39.507    12.08    7.89
 -36562.181    45.495    16.00    9.56
 -36187.931    50.305    12.85    7.37
 -35813.746    51.710     3.76    5.38
 -35439.624    48.888    -7.54    7.30
 -35065.566    44.571   -11.54    6.43
 -34691.572    42.636    -5.17    5.77
 -34317.641    42.964     0.88    6.95
 -33943.774    43.456     1.32    8.07
 -33569.970    41.746    -4.58    8.81
 -33196.230    39.208    -6.79    8.06
 -32822.554    36.354    -7.64    6.26
 -32448.941    34.046    -6.18    5.71
 -32075.392    32.283    -4.72    5.09
 -31701.906    31.367    -2.45    4.48
 -31328.483    30.819    -1.47    4.01
 -30955.124    30.900     0.22    3.79
 -30581.828    31.710     2.17    5.44
 -30208.595    32.443     1.96    5.86
 -29835.426    32.328    -0.31    5.22
 -29462.320    31.900    -1.15    4.01
 -29089.277    31.726    -0.47    3.95
 -28716.297    31.559    -0.45    3.87
 -28343.380    31.586     0.07    5.23
 -27970.527    31.748     0.44    5.97
 -27597.737    31.685    -0.17    6.54
 -27225.009    33.002     3.53    6.85
 -26852.345    31.836    -3.13    6.58
 -26479.743    28.246    -9.64    9.59
 -26107.205    23.588   -12.50   11.32
 -25734.730    16.921   -17.90    9.16
 -25362.317    11.682   -14.07    4.19
 -24989.967    11.377    -0.82    4.40
 -24617.680    11.733     0.96    4.54
 -24245.456    10.305    -3.84    3.56
 -23873.295     8.601    -4.58    2.68
 -23501.196     7.783    -2.20    2.20
 -23129.160     7.158    -1.68    1.37
 -22757.186     7.421     0.71    1.44
 -22385.276     9.020     4.30    3.12
 -22013.428    11.299     6.13    5.55
 -21641.642    16.253    13.32    8.51
 -21269.919    21.951    15.33    9.89
 -20898.258    26.155    11.31    9.28
 -20526.660    28.158     5.39    9.11
 -20155.125    26.835    -3.56   10.50
 -19783.651    23.150    -9.92   10.10
 -19412.241    19.273   -10.44    6.76
 -19040.892    18.260    -2.73    5.01
 -18669.606    16.481    -4.79    5.05
 -18298.382    14.572    -5.14    5.11
 -17927.220    13.507    -2.87    4.29
 -17556.121    13.721     0.58    3.27
 -17185.083    16.240     6.79    4.78
 -16814.108    19.671     9.25    5.69
 -16443.195    21.952     6.15    4.98
 -16072.344    23.200     3.36    3.68
 -15701.555    21.183    -5.44    6.04
 -15330.828    15.020   -16.62    8.70
 -14960.163     9.678   -14.41    8.06
 -14589.561     5.658   -10.85    4.06
 -14219.020     4.480    -3.18    2.32
 -13848.540     4.596     0.31    2.40
 -13478.123     4.880     0.77    2.32
 -13107.768     5.072     0.52    2.27
 -12737.474     5.299     0.62    2.23
 -12367.242     5.969     1.81    2.28
 -11997.072     7.040     2.89    2.71
 -11626.964     8.596     4.20    3.29
 -11256.917     9.213     1.67    3.24
 -10886.932     9.858     1.74    2.90
 -10517.009     9.733    -0.34    3.16
 -10147.147     8.213    -4.11    3.14
  -9777.346     7.652    -1.52    2.81
  -9407.608     8.273     1.68    2.98
  -9037.930     8.821     1.48    2.88
  -8668.315    10.521     4.60    3.07
  -8298.760    12.067     4.19    2.96
  -7929.267    13.446     3.73    2.51
  -7559.836    13.682     0.64    2.34
  -7190.465    12.027    -4.48    3.40
  -6821.156    10.314    -4.64    3.31
  -6451.909     9.014    -3.52    2.63
  -6082.722     8.341    -1.82    2.22
  -5713.597     7.633    -1.92    2.59
  -5344.533     6.560    -2.91    3.34
  -4975.530     5.229    -3.61    4.06
  -4606.588     3.195    -5.51    3.55
  -4237.707     1.871    -3.59    3.15
  -3868.888     0.925    -2.56    2.60
  -3500.129     2.209     3.48    4.86
  -3131.431     4.684     6.71    6.10
  -2762.795     7.161     6.72    6.23
  -2394.219     7.722     1.52    5.78
  -2025.704     6.133    -4.31    5.66
  -1657.250     5.670    -1.26    6.47
  -1288.857     5.246    -1.15    6.70
   -920.525     5.747     1.36    7.13
   -552.253     5.796     0.14    6.77
   -184.043     3.674    -5.76    5.19
    184.107     2.585    -2.96    4.04
    552.197     3.454     2.36    4.82
    920.225     4.394     2.55    5.05
   1288.193     5.244     2.31    4.79
   1656.101     6.913     4.54    4.29
   2023.948     7.625     1.94    3.16
   2391.734     8.260     1.73    2.61
   2759.460     8.110    -0.41    2.61
   3127.125     7.812    -0.81    2.14
   3494.730     7.786    -0.07    1.69
   3862.274     6.858    -2.53    1.64
   4229.758     6.138    -1.96    1.92
   4597.182     5.323    -2.22    1.76
   4964.545     4.585    -2.01    1.12
   5336.029     4.112    -1.27    0.79
   5715.820     4.040    -0.19    0.84
   6095.546     4.060     0.05    0.97
   6475.208     4.364     0.80    0.97
   6854.804     4.910     1.44    0.92
   7234.336     5.168     0.68    0.84
   7613.803     5.108    -0.16    0.82
   7993.205     5.103    -0.01    0.99
   8372.542     5.233     0.34    1.06
   8751.815     5.453     0.58    1.15
   9131.022     5.828     0.99    1.14
   9510.165     7.751     5.07    4.38
   9889.244    10.900     8.31    7.03
  10268.257    14.700    10.02    8.60
  10647.206    18.689    10.53    9.70
  11026.091    20.647     5.17    9.12
  11404.911    19.733    -2.41    9.27
  11783.667    17.983    -4.62    8.51
  12162.358    14.766    -8.50    7.26
  12540.985    11.808    -7.81    7.43
  12919.547    10.095    -4.53    6.84
  13298.045     8.585    -3.99    5.20
  13676.479     6.559    -5.35    2.24
  14054.848     6.092    -1.24    1.71
  14433.153     5.546    -1.44    1.22
  14811.394     5.165    -1.01    0.65
  15189.571     5.260     0.25    0.77
  15567.683     5.283     0.06    1.02
  15945.731     5.584     0.80    2.06
  16323.716     6.073     1.29    3.55
  16701.636     6.204     0.35    4.01
  17079.492     5.917    -0.76    2.75
  17457.284     5.902    -0.04    2.01
  17835.013     6.668     2.03    2.61
  18212.677     6.115    -1.46    2.64
  18590.277     5.627    -1.29    2.09
  18967.814     6.308     1.81    2.88
  19345.287     8.520     5.86    5.50
  19722.696    13.053    12.01    8.28
  20100.041    17.905    12.86    8.24
  20477.322    20.938     8.04    6.50
  20854.540    21.931     2.63    4.60
  21231.694    20.226    -4.52    4.29
  21608.785    20.072    -0.41    4.05
  21985.812    19.803    -0.71    3.75
  22362.775    19.583    -0.58    3.88
  22739.675    19.450    -0.35    3.50
  23116.511    19.233    -0.57    2.93
  23493.284    19.533     0.80    2.35
  23869.993    18.954    -1.54    2.73
  24246.639    18.966     0.03    2.82
  24623.222    19.283     0.84    2.64
  24999.741    19.033    -0.66    2.61
  25376.197    19.482     1.19    2.92
  25752.589    18.954    -1.40    2.75
  26128.919    18.689    -0.70    2.68
  26505.185    18.599    -0.24    2.32
  26881.388    17.587    -2.69    2.04
  27257.528    16.910    -1.80    2.16
  27633.604    15.858    -2.80    1.76
  28009.618    15.867     0.02    1.77
  28385.569    17.053     3.15    3.00
  28761.456    19.125     5.51    3.74
  29137.281    21.195     5.51    2.82
  29513.042    22.445     3.32    2.50
  29888.741    22.005    -1.17    2.84
  30264.377    21.419    -1.56    3.36
  30639.950    21.355    -0.17    3.31
  31015.460    21.351    -0.01    2.63
  31390.907    22.440     2.90    2.15
  31766.292    23.120     1.81    1.52
  32141.614    22.744    -1.00    2.09
  32516.873    21.599    -3.05    2.32
  32892.069    21.231    -0.98    2.32
  33267.203    22.118     2.36    3.06
  33642.275    24.720     6.94    4.38
  34017.283    26.796     5.54    3.36
  34392.229    27.967     3.12    2.95
  34767.113    29.428     3.90    5.50
  35141.934    31.780     6.27    8.49
  35516.693    35.533    10.01    9.64
  35891.389    39.013     9.29    9.11
  36266.023    43.165    11.08    8.34
  36640.594    50.270    18.97    8.26
  37015.104    56.128    15.64    9.40
  37389.550    61.433    14.17    8.65
  37763.935    65.200    10.06    7.37
  38138.258    62.280    -7.80   10.66
  38512.518    55.985   -16.82   12.24
  38886.716    46.624   -25.02   15.26
  39260.852    40.574   -16.17   12.52
  39634.926    41.599     2.74   11.09
  40008.937    42.369     2.06    9.27
  40382.887    44.693     6.22    6.70
  40756.775    43.693    -2.67    7.85
  41130.601    43.277    -1.11    7.47
  41504.364    44.296     2.73    7.62
  41878.066    45.713     3.79    7.40
  42251.706    48.800     8.26    5.72
  42625.284    50.442     4.40    4.76
  42998.801    48.494    -5.22    6.02
  43372.255    48.949     1.22    6.52
  43745.648    50.379     3.83    7.69
  44118.979    51.482     2.95    8.70
  44492.248    54.754     8.77    7.33
  44865.456    55.832     2.89    5.94
  45238.602    54.286    -4.14    5.95
  45611.687    50.915    -9.04    8.31
  45984.710    47.520    -9.10    8.44
  46357.671    47.257    -0.71    9.22
  46730.571    45.969    -3.45    9.03
  47103.409    47.880     5.12    8.92
  47476.186    50.204     6.24    8.43
  47848.902    52.331     5.70    8.44
  48221.556    53.967     4.39    6.68
  48594.148    54.398     1.16    7.00
  48966.680    56.286     5.07    8.56
  49339.150    59.369     8.28    8.81
  49711.559    62.989     9.72    6.40
  50083.906    65.144     5.79    5.45
  50456.193    66.521     3.70    5.70
  50828.418    66.603     0.22    6.25
  51200.582    64.388    -5.95    7.62
  51572.685    61.437    -7.93    9.53
  51944.727    56.454   -13.39   10.04
  52316.708    55.176    -3.44    9.67
  52688.628    60.033    13.06   12.97
  53060.487    63.020     8.03   12.90
  53432.285    68.611    15.04   12.25
  53804.022    71.601     8.04    9.85
  54175.698    70.846    -2.03    9.78
  54547.313    68.628    -5.97    9.80
  54918.867    61.698   -18.65   11.56
  55290.361    58.290    -9.17   10.78
  55661.793    58.892     1.62   11.50
  56033.166    62.349     9.31   13.17
  56404.477    65.831     9.38   11.51
  56775.727    66.187     0.96    9.94
  57146.917    65.454    -1.97    9.61
  57518.047    62.200    -8.77    8.91
  57889.116    62.046    -0.41    9.99
  58260.124    60.717    -3.58   11.53
  58631.071    58.445    -6.13   11.80
  59001.958    55.966    -6.68   11.54
  59372.785    56.443     1.29   11.63
  59743.551    58.165     4.64   13.14
  60114.257    62.325    11.22   13.00
  60484.903    65.871     9.57   12.34
  60855.488    66.560     1.86   13.25
  61226.012    64.840    -4.64   12.73
  61596.477    62.625    -5.98   12.21
  61966.881    63.364     2.00   12.73
  62337.225    63.299    -0.18   12.85
  62707.509    66.907     9.74   13.05
  63077.732    66.888    -0.05   13.13
  63447.896    65.398    -4.03   11.90
  63817.999    64.770    -1.70   10.64
  64188.042    64.347    -1.14    8.52
  64558.025    64.455     0.29    8.87
  64927.948    66.390     5.23    9.32
  65297.811    67.131     2.00    9.84
  65667.615    67.754     1.69   10.18
  66037.358    67.403    -0.95   10.31
  66407.041    67.783     1.03    9.84
  66776.665    67.429    -0.96    9.88
  67146.228    69.040     4.36    9.44
  67515.732    71.046     5.43    9.85
  67885.176    73.893     7.71    8.46
  68254.560    75.310     3.83    6.37
  68623.884    77.520     5.98    5.18
  68993.149    78.014     1.34    4.81
  69362.354    79.388     3.72    5.34
  69731.500    79.033    -0.96    8.27
  70100.586    76.481    -6.92   10.22
  70469.612    74.267    -6.00   11.33
  70838.579    71.546    -7.37   11.47
  71207.486    67.691   -10.45   10.48
  71576.333    66.731    -2.60    9.81
  71945.122    68.481     4.75    9.50
  72313.850    72.427    10.70   10.90
  72682.520    77.046    12.53    9.58
  73051.130    79.668     7.11    6.68
  73419.680    79.841     0.47    6.01
  73788.171    77.573    -6.16    4.80
  74156.603    76.611    -2.61    3.93
  74524.976    75.640    -2.64    5.10
  74893.290    72.222    -9.28    7.10
  75261.544    68.440   -10.27    7.41
  75629.739    67.249    -3.23    8.26
  75997.875    67.347     0.26   10.30
  76365.952    68.676     3.61   10.88
  76733.970    68.006    -1.82   12.59
  77101.928    64.841    -8.60   13.11
  77469.828    59.601   -14.24   10.55
  77837.669    57.096    -6.81    7.39
  78205.450    56.398    -1.90    4.78
  78573.173    55.728    -1.82    3.85
  78940.837    56.026     0.81    5.48
  79308.442    55.546    -1.31    5.99
  79675.988    54.125    -3.87    5.13
  80045.032    54.783     1.78    4.89
  80424.688    56.787     5.28    6.28
  80804.281    59.371     6.81    6.75
  81183.811    61.467     5.52    5.91
  81563.278    62.845     3.63    5.19
  81942.682    62.638    -0.54    3.79
  82322.022    62.760     0.32    3.22
  82701.300    63.161     1.06    2.78
  83080.514    63.749     1.55    2.93
  83459.665    64.634     2.33    2.83
  83838.753    66.422     4.72    3.84
  84217.779    68.191     4.67    4.34
  84596.741    68.752     1.48    4.22
  84975.640    69.880     2.98    3.75
  85354.477    70.640     2.01    3.06
  85733.250    71.933     3.41    3.22
  86111.961    74.351     6.38    3.61
  86490.609    76.270     5.07    3.04
  86869.194    76.691     1.11    3.07
  87247.717    75.040    -4.36    5.00
  87626.177    72.008    -8.01    5.56
  88004.574    69.547    -6.50    4.52
  88382.909    70.392     2.23    6.22
  88761.181    71.797     3.71    6.66
  89139.390    72.277     1.27    5.88
  89517.537    70.749    -4.04    6.12
  89895.621    69.533    -3.22    4.71
  90273.643    69.013    -1.38    3.80
  90651.602    69.754     1.96    4.62
  91029.499    70.480     1.92    4.83
  91407.334    70.067    -1.09    4.97
  91785.106    69.280    -2.08    4.62
  92162.816    69.613     0.88    4.03
  92540.464    70.165     1.46    3.42
  92918.049    69.928    -0.63    3.28
  93295.572    70.153     0.60    3.31
  93673.033    71.200     2.77    3.42
  94050.432    72.608     3.73    4.39
  94427.769    73.657     2.78    4.48
  94805.043    74.008     0.93    4.66
  95182.256    73.981    -0.07    4.37
  95559.406    72.323    -4.40    5.08
  95936.495    69.092    -8.57    5.18
  96313.521    66.871    -5.89    4.54
  96690.486    66.398    -1.25    3.80
  97067.389    67.493     2.91    4.02
  97444.229    69.236     4.62    4.25
  97821.008    70.259     2.72    4.65
  98197.725    72.920     7.06    9.79
  98574.381    78.956    16.02   14.10
  98950.974    82.665     9.85   13.54
  99327.506    84.894     5.92   12.32
  99703.976    78.933   -15.83   14.35
 100080.384    68.195   -28.52   12.50
 100456.731    60.341   -20.87   11.54
 100833.016    54.954   -14.31    9.83
 101209.240    50.962   -10.61    8.85
 101585.402    46.040   -13.08    8.03
 101961.503    41.897   -11.01    6.73
 102337.542    39.020    -7.65    5.15
 102713.519    38.920    -0.27    5.60
 103089.436    40.615     4.51    4.98
 103465.290    39.979    -1.69    5.73
 103841.084    37.253    -7.25    6.13
 104216.816    35.561    -4.50    5.00
 104592.487    35.880     0.85    4.65
 104968.096    37.519     4.36    3.12
 105343.645    38.674     3.07    2.14
 105719.132    38.519    -0.41    2.22
 106094.558    39.596     2.87    3.57
 106469.922    39.985     1.04    3.97
 106845.226    39.213    -2.06    4.67
 107220.469    40.067     2.28    5.68
 107595.650    40.402     0.89    5.51
 107970.771    42.080     4.47    4.98
 108345.830    44.796     7.24    3.89
 108720.829    45.744     2.53    4.07
 109095.766    46.573     2.21    4.82
 109470.643    45.358    -3.24    5.10
 109845.459    42.917    -6.51    5.22
 110220.214    41.270    -4.39    4.40
 110594.908    42.160     2.37    4.68
 110969.541    45.362     8.55    4.96
 111344.114    47.547     5.83    3.59
 111718.626    46.546    -2.67    4.23
 112093.077    44.130    -6.45    4.34
 112467.467    44.790     1.76    5.59
 112841.797    47.130     6.25    7.14
 113216.067    48.325     3.19    7.25
 113590.275    48.602     0.74    7.88
 113964.423    49.967     3.65    9.14
 114338.511    52.373     6.43    9.92
 114712.538    56.480    10.98    8.07
 115086.505    59.506     8.09    5.86
 115460.411    62.006     6.69    5.49
 115834.257    62.398     1.05    5.23
 116208.043    62.827     1.15    5.99
 116581.768    65.086     6.04    7.97
 116955.433    67.910     7.56    8.40
 117329.037    72.717    12.87    5.76
 117702.582    74.494     4.75    3.24
 118076.066    71.819    -7.16    5.39
 118449.490    69.182    -7.06    6.61
 118822.853    68.429    -2.02    6.40
 119196.157    69.658     3.29    7.67
 119569.401    72.508     7.63    8.13
 119942.584    76.876    11.70    5.71
 120315.707    80.625    10.05    3.76
 120688.771    81.590     2.58    3.57
 121061.774    79.388    -5.90    6.21
 121434.718    76.843    -6.82    7.56
 121807.601    74.507    -6.26    6.23
 122180.425    74.505    -0.01    6.84
 122553.189    75.253     2.01    7.27
 122925.893    75.205    -0.13    7.55
 123298.537    74.133    -2.87    5.48
 123671.121    71.435    -7.24    3.67
 124043.646    69.947    -3.99    4.29
 124416.111    70.013     0.18    4.33
 124788.516    71.429     3.80    4.64
 125160.862    72.695     3.40    4.12
 125533.148    71.988    -1.90    5.26
 125905.374    70.155    -4.92    6.40
 126277.541    67.823    -6.27    6.72
 126649.648    67.303    -1.40    6.40
 127021.696    69.954     7.12    5.04
 127393.684    71.720     4.75    3.64
 127765.613    71.967     0.67    3.20
 128137.482    72.195     0.61    2.79
 128509.292    72.093    -0.27    2.93
 128881.043    72.007    -0.23    2.84
 129252.734    71.867    -0.38    2.64
 129624.366    72.439     1.54    3.19
 129995.939    72.574     0.36    3.23
 130367.452    72.300    -0.74    2.49
 130738.906    72.195    -0.28    2.17
 131110.301    71.709    -1.31    2.47
 131481.637    71.711     0.01    3.56
 131852.914    70.954    -2.04    5.68
 132224.131    71.093     0.37    6.28
 132595.290    71.702     1.64    6.47
 132966.389    71.643    -0.16    6.49
 133337.429    71.828     0.50    5.80
 133708.411    72.410     1.57    4.98
 134079.333    73.251     2.27    4.06
 134450.197    73.520     0.72    3.31
 134821.001    72.995    -1.42    3.69
 135191.747    71.714    -3.45    4.06
 135562.434    70.586    -3.04    3.93
 135933.062    70.604     0.05    3.81
 136303.631    72.040     3.88    3.76
 136674.142    72.417     1.02    3.50
 137044.594    72.823     1.09    3.61
 137414.987    70.519    -6.22    5.39
 137785.321    70.853     0.90    5.50
 138155.597    71.876     2.76    5.60
 138525.814    73.080     3.25    5.31
 138895.972    74.748     4.50    3.72
 139266.072    73.467    -3.46    3.91
 139636.114    72.305    -3.14    3.48
 140006.097    70.810    -4.04    3.10
 140376.021    69.905    -2.45    2.25
 140745.887    70.323     1.13    2.20
 141115.695    71.186     2.33    2.14
 141485.444    71.773     1.59    1.78
 141855.134    72.061     0.78    1.22
 142224.767    71.879    -0.49    1.15
 142594.341    71.894     0.04    1.01
 142963.857    72.092     0.53    1.04
 143333.314    72.728     1.72    1.27
 143702.714    73.693     2.61    1.48
 144072.055    74.505     2.20    1.24
 144441.338    75.160     1.77    0.96
 144810.563    75.406     0.67    0.86
 145179.729    75.138    -0.73    0.94
 145548.838    74.780    -0.97    1.26
 145917.889    74.400    -1.03    1.49
 146286.881    74.190    -0.57    1.45
 146655.816    74.187    -0.01    1.47
 147024.692    74.462     0.75    1.51
 147393.511    74.880     1.13    1.16
 147762.272    75.048     0.45    1.06
 148130.974    74.867    -0.49    1.13
 148499.619    74.301    -1.53    1.27
 148868.206    74.020    -0.76    1.25
 149236.736    73.719    -0.82    1.15
 149605.207    73.867     0.40    1.20
 149973.621    73.843    -0.06    1.15
 150341.977    73.707    -0.37    1.08
 150710.275    73.769     0.17    2.02
 151078.516    73.827     0.16    2.75
 151446.699    74.158     0.90    3.38
 151814.824    74.302     0.39    3.24
 152182.892    73.255    -2.84    2.96
 152550.902    72.925    -0.90    3.29
 152918.855    73.630     1.92    3.26
 153286.750    74.027     1.08    3.34
 153654.588    74.026    -0.00    3.30
 154022.368    73.625    -1.09    3.20
 154390.091    73.229    -1.08    3.26
 154757.757    74.599     3.73    3.67
 155136.437    75.490     2.35    3.52
 155515.898    76.907     3.73    3.52
 155895.298    78.684     4.68    2.43
 156274.636    78.478    -0.54    2.56
 156653.912    76.588    -4.98    3.52
 157033.127    75.573    -2.68    3.18
 157412.281    75.168    -1.07    2.88
 157791.373    75.163    -0.01    2.62
 158170.404    74.614    -1.45    3.36
 158549.374    74.190    -1.12    3.26
 158928.282    73.744    -1.18    3.07
 159307.129    71.519    -5.87    6.02
 159685.915    67.493   -10.63    8.03
 160064.639    66.424    -2.82    8.69
 160443.302    67.810     3.66    8.77
 160821.904    72.412    12.15    5.43
 161200.445    74.249     4.85    3.17
 161578.925    74.280     0.08    3.20
 161957.344    74.966     1.81    3.21
 162335.702    75.954     2.61    3.04
 162713.998    76.670     1.89    2.72
 163092.234    77.138     1.24    2.53
 163470.409    77.603     1.23    2.89
 163848.523    77.920     0.84    3.00
 164226.576    77.561    -0.95    4.27
 164604.568    74.832    -7.22    7.81
 164982.499    72.120    -7.17    9.72
 165360.369    68.387    -9.88   10.89
 165738.179    65.413    -7.87   10.87
 166115.928    64.749    -1.76   11.05
 166493.616    61.412    -8.84   10.47
 166871.243    58.670    -7.26    9.26
 167248.810    55.249    -9.06    5.58
 167626.316    54.590    -1.75    3.20
 168003.762    55.080     1.30    3.34
 168381.147    55.976     2.37    4.35
 168758.472    60.653    12.39    8.99
 169135.735    67.033    16.91   10.12
 169512.939    72.903    15.56    8.15
 169890.082    77.588    12.42    2.80
 170267.165    78.303     1.90    2.37
 170644.187    79.263     2.54    2.00
 171021.149    79.709     1.18    2.12
 171398.050    80.253     1.44    2.26
 171774.891    79.862    -1.04    2.79
 172151.672    77.467    -6.36    6.83
 172528.393    74.040    -9.09    8.62
 172905.054    72.467    -4.18    8.27
 173281.654    71.380    -2.88    8.12
 173658.194    71.928     1.45    8.34
 174034.674    72.040     0.30    8.03
 174411.094    71.546    -1.31    8.28
 174787.454    70.533    -2.69    8.09
 175163.754    71.178     1.71    8.71
 175539.993    72.047     2.31    9.03
 175916.173    71.790    -0.68    8.47
 176292.293    72.933     3.04    8.10
 176668.353    72.966     0.09    7.96
 177044.353    73.862     2.38    7.82
 177420.293    75.383     4.04    7.56
 177796.174    75.733     0.93    6.97
 178171.994    75.719    -0.04    6.56
 178547.755    76.020     0.80    5.53
 178923.456    75.063    -2.55    4.90
 179299.097    76.628     4.17    4.83
 179674.679    79.158     6.74    3.62
 180050.201    80.182     2.73    3.22
 180425.663    80.191     0.02    2.72
 180801.066    79.424    -2.04    2.56
 181176.409    78.848    -1.53    2.28
 181551.693    78.790    -0.16    2.36
 181926.917    79.147     0.95    2.90
 182302.082    79.766     1.65    3.20
 182677.187    80.328     1.50    3.12
 183052.232    80.780     1.21    2.91
 183427.219    81.191     1.10    2.10
 183802.146    80.759    -1.15    1.47
 184177.013    80.939     0.48    1.19
 184551.822    81.533     1.59    1.29
 184926.571    82.373     2.24    1.26
 185301.260    83.107     1.96    1.16
 185675.891    83.466     0.96    0.97
 186050.462    83.576     0.29    0.86
 186424.974    83.307    -0.72    0.88
 186799.427    82.657    -1.74    1.14
 187173.821    81.862    -2.12    1.27
 187548.156    80.835    -2.74    1.34
 187922.432    80.027    -2.16    1.17
 188296.649    79.287    -1.98    1.08
 188670.807    78.752    -1.43    1.25
 189044.905    78.182    -1.52    1.31
 189418.945    77.763    -1.12    1.40
 189792.926    77.178    -1.56    1.39
 190166.848    76.993    -0.50    1.42
 190540.711    76.770    -0.60    1.42
 190914.516    76.714    -0.15    1.31
 191288.261    76.947     0.62    1.36
 191661.948    76.992     0.12    1.47
 192035.576    77.209     0.58    1.46
 192409.145    77.228     0.05    1.45
 192782.656    77.425     0.53    1.26
 193156.108    77.547     0.33    1.09
 193529.501    77.680     0.36    0.93
 193902.836    77.547    -0.36    0.86
 194276.112    77.360    -0.50    0.92
 194649.330    77.218    -0.38    0.91
 195022.489    77.178    -0.11    0.89
 195395.590    76.930    -0.66    1.00
 195768.632    76.452    -1.28    1.17
 196141.616    75.944    -1.36    1.34
 196514.541    75.547    -1.07    1.22
 196887.408    75.506    -0.11    1.19
 197260.216    75.506     0.00    1.15
 197632.967    75.466    -0.11    0.98
 198005.659    75.168    -0.80    0.88
 198378.292    74.817    -0.94    1.00
 198750.868    74.862     0.12    1.54
 199123.385    75.136     0.74    2.05
 199495.844    75.242     0.28    2.24
 199868.245    74.780    -1.24    2.20
 200240.588    74.209    -1.53    1.93
 200612.873    73.960    -0.67    1.28
 200985.099    74.490     1.42    1.29
 201357.268    74.880     1.05    0.98
 201729.379    74.990     0.30    0.85
 202101.431    74.707    -0.76    0.92
 202473.426    74.176    -1.43    0.93
 202845.363    73.653    -1.41    0.87
 203217.241    73.142    -1.37    0.91
 203589.062    72.813    -0.88    0.91
 203960.825    72.448    -0.98    0.86
 204332.531    72.033    -1.11    1.04
 204704.178    71.406    -1.69    1.16
 205075.768    70.547    -2.31    1.36
 205447.300    69.698    -2.29    1.38
 205818.774    69.163    -1.44    1.51
 206190.191    68.739    -1.14    1.83
 206561.550    68.412    -0.88    1.77
 206932.851    68.204    -0.56    1.48
 207304.095    67.876    -0.89    1.08
 207675.281    68.040     0.44    0.94
 208046.409    68.054     0.04    1.06
 208417.480    68.026    -0.07    1.43
 208788.494    68.425     1.07    1.91
 209159.450    68.766     0.92    1.85
 209530.349    69.054     0.78    1.94
 209901.190    68.912    -0.38    1.99
 210271.974    68.369    -1.46    2.12
 210642.700    67.966    -1.09    2.34
 211013.370    68.287     0.87    2.66
 211383.981    69.236     2.56    3.04
 211754.536    70.328     2.95    2.68
 212125.033    71.290     2.60    2.17
 212495.474    71.341     0.14    2.34
 212865.857    68.333    -8.12    5.64
 213236.182    64.643    -9.96    7.28
 213606.451    60.400   -11.46    6.86
 213976.663    55.978   -11.94    3.18
 214346.817    53.733    -6.06    2.74
 214716.915    52.103    -4.40    2.81
 215086.955    50.920    -3.20    2.45
 215456.938    49.853    -2.88    2.63
 215826.865    49.520    -0.90    2.82
 216196.734    48.880    -1.73    3.11
 216566.547    48.373    -1.37    3.49
 216936.302    48.061    -0.84    3.58
 217306.001    47.479    -1.57    3.94
 217675.643    47.148    -0.90    4.18
 218045.228    46.880    -0.72    4.13
 218414.757    46.797    -0.23    4.28
 218784.228    47.269     1.28    4.24
 219153.643    48.089     2.22    4.29
 219523.001    47.984    -0.28    4.20
 219892.303    47.367    -1.67    4.10
 220261.547    46.153    -3.29    4.25
 220630.736    45.478    -1.83    3.62
 220999.867    45.478     0.00    3.41
 221368.942    45.686     0.56    3.05
 221737.961    46.054     1.00    2.30
 222106.923    46.339     0.77    1.44
 222475.828    46.898     1.52    1.36
 222844.677    47.700     2.17    1.20
 223213.470    48.276     1.56    0.86
 223582.206    48.547     0.73    0.76
 223950.886    48.493    -0.15    0.78
 224319.509    48.464    -0.08    0.94
 224688.076    48.209    -0.69    1.05
 225056.587    47.919    -0.79    1.29
 225425.041    47.574    -0.94    1.63
 225793.440    47.533    -0.11    1.98
 226161.782    47.912     1.03    2.18
 226530.067    47.490    -1.14    2.14
 226898.297    46.844    -1.75    3.59
 227266.470    45.945    -2.44    3.96
 227634.588    45.776    -0.46    3.83
 228002.649    45.342    -1.18    3.62
 228370.654    45.885     1.47    2.01
 228738.603    46.107     0.60    1.51
 229106.496    46.317     0.57    1.61
 229474.334    47.121     2.19    2.16
 229850.686    47.707     1.55    2.25
 230230.020    48.111     1.07    2.54
 230609.294    48.213     0.27    2.69
 230988.508    48.793     1.53    2.97
 231367.662    49.885     2.88    2.40
 231746.757    50.493     1.60    2.42
 232125.792    50.978     1.28    2.21
 232504.766    51.120     0.38    1.87
 232883.682    51.026    -0.25    1.50
 233262.537    51.547     1.37    1.47
 233641.333    52.063     1.36    1.70
 234020.069    52.493     1.14    1.98
 234398.745    52.730     0.63    2.03
 234777.362    52.533    -0.52    1.86
 235155.919    53.464     2.46    3.59
 235534.416    55.130     4.40    4.46
 235912.854    55.232     0.27    4.85
 236291.233    54.618    -1.62    5.23
 236669.552    51.709    -7.69    4.14
 237047.812    49.719    -5.26    1.61
 237426.012    49.067    -1.72    1.51
 237804.153    49.151     0.22    1.74
 238182.234    49.640     1.29    1.96
 238560.256    50.519     2.33    2.48
 238938.219    52.163     4.35    3.50
 239316.122    54.408     5.94    4.43
 239693.967    56.311     5.03    4.24
 240071.752    57.703     3.68    3.66
