-282473.245    85.776     0.00    1.67
-282103.470    85.956     0.49    1.68
-281733.641    85.755    -0.54    1.76
-281363.758    85.487    -0.72    1.74
-280993.820    84.985    -1.36    1.27
-280623.828    84.924    -0.16    0.98
-280253.782    85.769     2.28    1.85
-279883.682    87.248     3.99    2.65
-279513.527    89.207     5.29    3.10
-279143.318    91.025     4.91    2.45
-278773.055    92.110     2.93    1.66
-278402.737    92.204     0.25    1.49
-278032.364    91.473    -1.97    1.84
-277661.938    90.247    -3.31    2.08
-277291.456    89.054    -3.22    2.63
-276920.921    87.319    -4.68    3.26
-276550.330    85.061    -6.09    3.88
-276179.686    82.850    -5.96    3.31
-275808.986    81.157    -4.56    2.77
-275438.232    79.456    -4.59    2.90
-275067.424    77.451    -5.41    3.29
-274696.561    75.259    -5.91    3.09
-274325.643    72.318    -7.93    3.69
-273954.670    70.951    -3.68    3.63
-273583.643    72.068     3.01    4.83
-273212.561    73.739     4.50    5.20
-272841.424    76.515     7.48    3.84
-272470.232    78.375     5.01    2.12
-272098.986    78.499     0.33    1.87
-271727.684    78.473    -0.07    1.70
-271356.328    78.177    -0.80    1.71
-270984.917    78.051    -0.34    2.44
-270613.451    77.604    -1.20    2.75
-270241.930    76.529    -2.89    3.36
-269870.354    75.037    -4.02    4.04
-269498.723    72.193    -7.65    5.00
-269127.037    68.206   -10.73    6.73
-268755.296    62.135   -16.33    7.50
-268383.500    57.504   -12.45    6.25
-268011.649    54.071    -9.23    3.28
-267639.743    53.876    -0.53    2.51
-267267.781    57.249     9.07    5.66
-266895.765    62.172    13.23    7.23
-266523.693    67.750    14.99    6.98
-266151.566    72.812    13.60    4.29
-265779.384    75.993     8.55    2.87
-265407.146    77.981     5.34    2.31
-265034.853    79.656     4.50    2.56
-264662.505    80.289     1.70    3.43
-264290.101    81.332     2.80    3.89
-263917.642    82.276     2.53    4.49
-263545.128    83.624     3.62    4.42
-263172.558    85.406     4.78    3.56
-262799.933    86.749     3.60    3.18
-262427.252    87.882     3.04    3.82
-262054.516    89.376     4.01    3.58
-261681.724    91.487     5.66    2.98
-261308.877    93.234     4.68    2.81
-260935.974    95.082     4.96    1.95
-260563.016    96.033     2.55    1.68
-260190.001    96.670     1.71    1.48
-259816.932    97.004     0.89    1.39
-259443.806    97.455     1.21    1.33
-259070.625    97.931     1.28    1.36
-258697.388    98.007     0.20    1.29
-258324.095    98.077     0.19    1.35
-257950.747    97.877    -0.53    1.51
-257577.343    97.981     0.28    1.60
-257203.882    98.277     0.79    1.59
-256830.366    98.261    -0.04    1.47
-256456.794    97.387    -2.34    2.05
-256083.167    95.952    -3.84    2.42
-255709.483    94.727    -3.28    2.75
-255335.743    93.929    -2.13    2.75
-254961.947    93.755    -0.47    2.68
-254588.096    92.811    -2.52    2.83
-254214.188    91.957    -2.28    2.80
-253840.224    90.586    -3.67    3.12
-253466.204    89.290    -3.46    3.18
-253092.128    88.776    -1.37    3.06
-252717.996    89.047     0.72    3.20
-252343.807    90.096     2.80    3.09
-251969.562    91.598     4.01    1.82
-251595.262    91.520    -0.21    1.58
-251220.904    90.745    -2.07    1.45
-250846.491    89.034    -4.57    4.08
-250472.021    86.319    -7.25    4.94
-250097.495    85.181    -3.04    4.39
-249722.913    85.490     0.82    4.68
-249348.274    87.263     4.73    4.45
-248973.579    90.473     8.57    2.22
-248598.827    91.860     3.70    2.05
-248224.019    92.749     2.37    2.38
-247849.154    92.220    -1.41    3.29
-247474.233    90.403    -4.85    4.24
-247099.256    88.276    -5.67    3.69
-246724.221    86.554    -4.59    1.65
-246349.130    86.304    -0.67    0.73
-245973.983    86.590     0.76    0.66
-245598.779    86.672     0.22    0.67
-245223.518    86.782     0.29    0.66
-244848.201    87.218     1.16    1.05
-244472.826    87.915     1.86    1.51
-244097.395    88.618     1.87    1.44
-243721.908    88.999     1.01    1.13
-243346.363    88.846    -0.41    1.27
-242970.762    88.290    -1.48    1.17
-242595.103    88.193    -0.26    1.27
-242219.388    87.832    -0.96    1.20
-241843.616    87.572    -0.69    1.07
-241467.787    87.318    -0.67    1.00
-241091.901    87.142    -0.47    1.31
-240715.958    86.525    -1.64    1.76
-240339.958    85.877    -1.72    2.06
-239963.901    85.035    -2.24    2.01
-239587.787    83.400    -4.35    2.17
-239211.615    82.861    -1.43    2.04
-238835.387    82.948     0.23    1.98
-238459.101    83.431     1.28    2.04
-238082.759    84.647     3.23    1.27
-237706.359    85.207     1.49    0.97
-237329.902    84.956    -0.67    1.33
-236953.387    84.193    -2.03    1.82
-236576.816    83.290    -2.40    1.85
-236200.186    82.453    -2.22    1.42
-235823.500    82.275    -0.47    1.30
-235446.756    82.386     0.30    1.10
-235069.955    82.695     0.82    1.02
-234693.097    83.318     1.65    1.24
-234316.181    84.065     1.98    1.21
-233939.207    84.721     1.74    1.00
-233562.176    85.457     1.95    0.90
-233185.088    85.790     0.88    0.93
-232807.941    86.058     0.71    0.85
-232430.738    85.980    -0.21    0.94
-232053.476    85.684    -0.78    0.96
-231676.157    85.188    -1.31    0.85
-231298.781    84.976    -0.56    0.83
-230921.347    84.819    -0.42    0.80
-230543.854    84.610    -0.55    0.74
-230166.305    84.540    -0.18    0.99
-229788.697    84.360    -0.48    1.15
-229411.032    84.037    -0.86    1.32
-229033.309    83.727    -0.82    1.64
-228655.527    83.096    -1.67    1.84
-228277.688    81.961    -3.00    2.26
-227899.792    80.852    -2.93    2.60
-227521.837    79.819    -2.73    2.42
-227143.824    78.571    -3.30    2.34
-226765.753    77.304    -3.35    2.60
-226387.624    75.510    -4.74    3.42
-226009.438    73.061    -6.47    3.98
-225631.193    68.907   -10.98    6.70
-225252.890    62.999   -15.61    7.65
-224874.528    59.360    -9.61    7.04
-224496.109    58.276    -2.86    7.44
-224117.632    61.318     8.04    8.48
-223739.096    66.007    12.38    8.14
-223360.502    70.686    12.36    3.43
-222981.850    71.223     1.42    2.55
-222603.139    70.464    -2.01    3.00
-222224.370    68.471    -5.26    4.43
-221845.543    68.485     0.04    5.14
-221466.657    71.151     7.04    6.81
-221087.713    73.401     5.94    6.27
-220708.711    73.715     0.83    6.04
-220329.650    75.034     3.48    6.19
-219950.531    76.346     3.46    6.73
-219571.353    80.961    12.17    6.84
-219193.488    85.652    12.41    4.08
-218825.549    88.476     7.67    3.63
-218457.555    90.304     4.97    2.92
-218089.507    90.204    -0.27    2.92
-217721.403    90.304     0.27    3.49
-217353.245    89.783    -1.42    3.70
-216985.032    88.672    -3.02    4.32
-216616.765    87.588    -2.94    4.91
-216248.442    83.863   -10.11    8.30
-215880.064    78.899   -13.47   10.14
-215511.631    77.054    -5.01   10.48
-215143.144    79.453     6.51   10.09
-214774.601    85.304    15.87    8.22
-214406.003    89.899    12.46    3.69
-214037.351    92.260     6.40    2.93
-213668.643    92.993     1.99    2.93
-213299.880    92.901    -0.25    3.24
-212931.062    92.250    -1.76    3.42
-212562.188    89.922    -6.31    3.77
-212193.260    87.291    -7.13    5.28
-211824.276    86.203    -2.95    5.54
-211455.237    86.564     0.98    5.27
-211086.143    87.848     3.48    3.92
-210716.994    88.523     1.83    2.19
-210347.789    87.579    -2.56    2.04
-209978.529    86.962    -1.67    1.59
-209609.213    87.176     0.58    2.11
-209239.842    86.989    -0.50    4.06
-208870.416    85.741    -3.38    6.71
-208500.934    84.499    -3.36    7.26
-208131.397    83.832    -1.80    6.34
-207761.804    83.727    -0.28    5.68
-207392.156    84.473     2.02    3.44
-207022.452    84.082    -1.06    3.14
-206652.692    83.971    -0.30    2.54
-206282.877    84.471     1.35    1.89
-205913.007    84.818     0.94    1.64
-205543.080    85.975     3.13    2.52
-205173.098    86.332     0.96    2.64
-204803.061    85.934    -1.07    3.16
-204432.967    84.825    -3.00    3.42
-204062.818    83.373    -3.92    3.61
-203692.613    81.605    -4.77    3.88
-203322.352    78.762    -7.68    5.52
-202952.035    73.901   -13.12    8.89
-202581.663    72.674    -3.31    8.77
-202211.235    73.346     1.81    9.25
-201840.750    76.496     8.50    8.79
-201470.210    80.885    11.84    4.29
-201099.614    82.427     4.16    2.29
-200728.962    82.237    -0.51    1.80
-200358.253    81.811    -1.15    1.53
-199987.489    81.071    -2.00    1.53
-199616.669    80.876    -0.53    2.07
-199245.792    80.596    -0.75    2.88
-198874.860    80.487    -0.29    3.27
-198503.871    80.811     0.87    3.15
-198132.826    80.493    -0.86    2.73
-197761.725    80.101    -1.05    2.45
-197390.568    79.128    -2.62    2.72
-197019.354    77.128    -5.38    3.85
-196648.084    74.701    -6.54    4.59
-196276.758    69.797   -13.20    8.16
-195905.376    62.628   -19.30   11.06
-195533.937    53.439   -24.73   13.50
-195162.442    44.025   -25.34   11.45
-194790.890    38.493   -14.88    9.42
-194419.282    35.348    -8.46    7.37
-194047.617    34.112    -3.32    6.39
-193675.896    33.890    -0.60    7.29
-193304.119    34.263     1.00    7.45
-192932.285    33.727    -1.44    6.07
-192560.394    34.181     1.22    3.98
-192188.447    34.093    -0.24    3.60
-191816.443    35.003     2.45    3.54
-191444.382    35.332     0.88    3.71
-191072.265    36.345     2.72    4.64
-190700.091    38.331     5.34    6.60
-190327.861    38.948     1.66    7.09
-189955.573    38.016    -2.50    7.70
-189583.229    35.346    -7.17    7.39
-189210.828    31.975    -9.05    4.76
-188838.370    30.079    -5.09    0.81
-188465.855    30.016    -0.17    0.70
-188093.284    30.076     0.16    0.75
-187720.655    30.142     0.18    0.83
-187347.970    30.232     0.24    0.83
-186975.227    30.547     0.85    0.96
-186602.428    30.922     1.00    1.74
-186229.571    31.611     1.85    2.34
-185856.658    31.378    -0.63    2.92
-185483.687    30.628    -2.01    3.23
-185110.660    29.927    -1.88    3.13
-184737.575    30.034     0.29    3.21
-184364.433    30.901     2.32    3.34
-183991.234    31.901     2.68    3.63
-183617.977    32.853     2.55    3.80
-183244.664    34.568     4.59    4.87
-182871.293    36.596     5.43    5.26
-182497.864    37.222     1.68    4.75
-182124.379    36.693    -1.42    4.50
-181750.836    35.554    -3.05    3.44
-181377.236    34.637    -2.45    1.19
-181003.578    34.980     0.92    1.11
-180629.863    35.386     1.09    0.94
-180256.091    35.976     1.58    0.91
-179882.261    36.660     1.83    1.16
-179508.373    37.361     1.87    1.25
-179134.428    37.966     1.62    1.04
-178760.425    38.569     1.61    1.62
-178386.365    39.373     2.15    2.38
-178012.247    40.014     1.71    2.50
-177638.072    42.359     6.27    4.03
-177263.839    45.389     8.09    4.84
-176889.548    49.211    10.21    5.90
-176515.199    53.537    11.55    4.86
-176140.793    55.872     6.23    3.29
-175766.329    57.099     3.28    2.21
-175391.807    57.619     1.39    1.94
-175017.227    57.236    -1.02    2.14
-174642.589    56.647    -1.57    2.39
-174267.894    55.371    -3.40    2.95
-173893.140    55.346    -0.07    3.35
-173518.329    56.101     2.02    3.60
-173143.459    57.485     3.69    3.56
-172768.532    58.121     1.70    2.78
-172393.547    57.804    -0.84    2.74
-172018.503    58.218     1.10    3.12
-171643.402    59.572     3.61    3.51
-171268.242    60.453     2.35    3.07
-170893.024    59.860    -1.58    3.79
-170517.748    57.980    -5.01    3.62
-170142.414    56.061    -5.11    1.78
-169767.021    55.592    -1.25    1.09
-169391.571    55.742     0.40    1.24
-169016.062    55.893     0.40    1.43
-168640.494    56.493     1.60    2.14
-168264.869    57.358     2.30    2.60
-167889.185    57.931     1.52    2.43
-167513.442    58.249     0.85    2.24
-167137.642    57.610    -1.70    1.80
-166761.782    57.079    -1.41    1.02
-166385.865    56.741    -0.90    0.77
-166009.888    57.065     0.86    1.62
-165633.854    58.989     5.12    3.77
-165257.760    61.776     7.41    4.52
-164881.608    62.664     2.36    3.94
-164505.398    63.784     2.98    3.48
-164129.129    63.153    -1.67    3.51
-163752.801    62.263    -2.37    3.11
-163376.414    62.414     0.40    2.85
-162999.969    61.437    -2.59    2.91
-162623.465    60.387    -2.79    3.08
-162246.902    60.030    -0.95    2.83
-161870.281    59.783    -0.66    2.79
-161493.600    60.124     0.90    2.72
-161116.861    59.431    -1.84    5.59
-160740.062    53.195   -16.55   13.22
-160363.205    43.110   -26.76   16.47
-159986.289    33.944   -24.31   13.81
-159609.314    26.934   -18.59    5.77
-159232.280    25.578    -3.60    2.20
-158855.187    26.044     1.23    2.47
-158478.035    27.003     2.54    2.50
-158100.823    28.731     4.58    3.33
-157723.553    30.346     4.28    3.68
-157346.223    31.921     4.17    3.51
-156968.834    34.431     6.65    4.48
-156591.386    35.874     3.82    5.08
-156213.879    37.825     5.17    5.16
-155836.313    39.477     4.38    5.05
-155458.687    39.068    -1.08    4.41
-155081.002    37.917    -3.05    4.15
-154703.257    36.345    -4.16    4.22
-154325.453    33.907    -6.45    3.61
-153947.590    32.223    -4.46    2.43
-153569.667    31.181    -2.76    2.01
-153191.685    30.117    -2.81    1.62
-152813.644    29.008    -2.93    1.97
-152435.542    28.121    -2.35    2.05
-152057.382    27.582    -1.43    2.47
-151679.161    27.318    -0.70    2.61
-151300.881    26.832    -1.28    2.38
-150922.542    26.411    -1.11    1.96
-150544.142    26.223    -0.50    1.79
-150165.683    26.304     0.21    1.77
-149787.165    26.171    -0.35    1.63
-149408.586    26.331     0.42    1.47
-149029.948    26.750     1.11    1.45
-148651.250    27.558     2.13    2.26
-148272.492    29.461     5.03    3.26
-147893.674    30.860     3.69    3.43
-147514.797    31.845     2.60    2.92
-147135.859    32.040     0.52    2.40
-146756.862    31.673    -0.97    1.57
-146377.804    32.358     1.81    2.80
-145998.687    35.034     7.06    4.89
-145619.509    38.451     9.01    5.85
-145240.271    41.582     8.26    4.62
-144860.973    44.517     7.74    3.65
-144481.616    46.235     4.53    3.24
-144112.448    46.948     1.93    3.24
-143744.628    46.749    -0.54    3.53
-143376.752    45.592    -3.14    3.43
-143008.819    44.952    -1.74    3.51
-142640.831    44.104    -2.30    3.49
-142272.786    43.051    -2.86    3.17
-141904.685    42.144    -2.46    2.65
-141536.528    41.839    -0.83    2.15
-141168.314    41.384    -1.24    2.06
-140800.044    41.206    -0.48    2.08
-140431.718    41.877     1.82    2.43
-140063.335    42.418     1.47    2.27
-139694.896    43.531     3.02    2.62
-139326.401    44.290     2.06    2.85
-138957.849    45.171     2.39    3.57
-138589.240    46.333     3.15    3.56
-138220.575    46.904     1.55    3.71
-137851.853    46.435    -1.27    3.85
-137483.075    44.677    -4.76    3.56
-137114.240    43.789    -2.41    2.97
-136745.349    43.331    -1.24    2.59
-136376.401    43.098    -0.63    1.67
-136007.396    43.561     1.25    1.35
-135638.334    44.672     3.01    2.45
-135269.216    47.171     6.77    4.35
-134900.041    49.084     5.18    4.35
-134530.809    50.117     2.80    3.82
-134161.520    50.054    -0.17    3.17
-133792.175    50.664     1.65    3.09
-133422.772    51.172     1.37    2.27
-133053.313    51.411     0.65    1.46
-132683.797    52.039     1.70    1.31
-132314.223    53.131     2.95    1.41
-131944.593    54.025     2.42    1.31
-131574.906    54.877     2.31    1.08
-131205.162    55.054     0.48    1.01
-130835.360    54.544    -1.38    1.22
-130465.502    54.203    -0.92    1.20
-130095.586    54.344     0.38    1.22
-129725.614    54.956     1.65    1.22
-129355.584    55.744     2.13    1.04
-128985.497    56.290     1.47    0.97
-128615.352    56.531     0.65    1.16
-128245.151    56.404    -0.34    1.52
-127874.892    56.074    -0.89    1.72
-127504.576    55.741    -0.90    1.74
-127134.202    55.729    -0.03    1.64
-126763.771    55.915     0.50    1.41
-126393.283    56.236     0.86    1.18
-126022.737    56.374     0.37    0.91
-125652.134    56.208    -0.45    0.92
-125281.473    55.852    -0.96    0.99
-124910.755    55.564    -0.78    0.88
-124539.980    55.167    -1.07    0.96
-124169.146    54.804    -0.98    0.95
-123798.256    54.210    -1.60    0.89
-123427.307    53.674    -1.44    0.81
-123056.301    53.071    -1.62    0.94
-122685.237    52.331    -1.99    1.27
-122314.116    51.400    -2.51    1.46
-121942.937    50.372    -2.77    1.38
-121571.700    49.439    -2.51    1.01
-121200.405    48.797    -1.73    1.27
-120829.053    47.891    -2.44    1.52
-120457.643    47.551    -0.92    1.46
-120086.174    46.912    -1.72    2.00
-119714.648    46.926     0.04    2.31
-119343.064    47.904     2.63    2.92
-118971.422    47.345    -1.50    3.32
-118599.723    47.771     1.14    3.28
-118227.965    48.776     2.70    3.65
-117856.149    49.567     2.13    3.48
-117484.275    50.790     3.29    2.37
-117112.343    50.423    -0.99    2.34
-116740.353    49.755    -1.79    1.96
-116368.304    49.426    -0.88    1.84
-115996.198    49.026    -1.07    1.12
-115624.033    49.818     2.13    1.84
-115251.810    51.443     4.37    3.21
-114879.529    52.904     3.92    3.30
-114507.190    53.642     1.98    2.98
-114134.792    54.557     2.46    2.71
-113762.336    56.994     6.54    5.49
-113389.821    60.931    10.57    6.68
-113017.249    63.443     6.74    5.24
-112644.617    64.677     3.31    3.96
-112271.928    65.040     0.97    3.34
-111899.179    64.318    -1.94    1.95
-111526.373    64.373     0.15    0.99
-111153.508    64.696     0.87    1.36
-110780.584    65.196     1.34    2.57
-110407.602    65.439     0.65    2.93
-110034.561    65.804     0.98    3.34
-109661.461    65.277    -1.41    3.92
-109288.303    63.264    -5.40    4.65
-108915.086    60.526    -7.33    3.88
-108541.810    58.688    -4.93    2.55
-108168.476    58.163    -1.40    2.03
-107795.082    59.030     2.32    2.65
-107421.630    59.637     1.63    2.84
-107048.119    60.385     2.00    2.96
-106674.550    60.811     1.14    3.12
-106300.921    61.037     0.61    3.17
-105927.233    60.951    -0.23    3.35
-105553.487    59.104    -4.94    4.99
-105179.681    55.098   -10.72    9.14
-104805.817    48.024   -18.92   12.04
-104431.893    44.276   -10.02   10.78
-104057.910    45.091     2.18   11.31
-103683.869    50.359    14.08   10.64
-103309.768    55.594    13.99    6.84
-102935.608    56.291     1.86    6.38
-102561.389    56.358     0.18    5.67
-102187.110    56.115    -0.65    4.98
-101812.772    56.264     0.40    4.64
-101438.375    56.682     1.12    4.01
-101063.919    57.399     1.91    3.22
-100689.404    58.409     2.70    2.65
-100314.829    59.195     2.10    2.01
 -99940.194    59.580     1.03    1.99
 -99565.501    59.167    -1.10    3.18
 -99190.747    57.011    -5.75    5.26
 -98815.935    55.811    -3.20    5.29
 -98441.063    57.011     3.20    5.08
 -98066.131    59.515     6.68    4.86
 -97691.140    62.651     8.36    3.10
 -97316.089    64.206     4.15    2.07
 -96940.978    65.184     2.61    1.85
 -96565.808    65.619     1.16    1.85
 -96190.579    65.723     0.28    2.07
 -95815.289    65.304    -1.12    2.63
 -95439.940    64.574    -1.94    3.23
 -95064.531    63.584    -2.64    3.93
 -94689.062    63.507    -0.21    3.76
 -94313.534    63.989     1.28    3.17
 -93937.945    64.093     0.28    2.21
 -93562.297    62.742    -3.59    2.60
 -93186.589    62.262    -1.28    2.46
 -92810.821    60.504    -4.68    3.84
 -92434.992    58.956    -4.12    4.34
 -92059.104    57.571    -3.69    5.11
 -91683.156    56.525    -2.78    5.60
 -91307.148    57.597     2.85    6.61
 -90931.080    57.818     0.59    7.11
 -90554.951    57.083    -1.95    7.36
 -90178.763    55.588    -3.97    7.10
 -89802.514    55.104    -1.29    7.38
 -89426.205    55.899     2.11    8.83
 -89049.836    56.939     2.76   10.01
 -88673.407    56.544    -1.05   10.92
 -88296.917    54.277    -6.02   11.23
 -87920.367    53.238    -2.76   10.16
 -87543.757    51.660    -4.19    9.03
 -87167.086    49.975    -4.47    8.51
 -86790.355    49.526    -1.19    8.16
 -86413.563    48.851    -1.79    8.86
 -86036.711    50.037     3.15   10.38
 -85659.799    51.011     2.58   11.82
 -85282.826    52.784     4.70   12.01
 -84905.792    54.024     3.29   11.12
 -84528.698    57.223     8.48    6.42
 -84151.543    55.504    -4.56    8.19
 -83774.328    51.993    -9.31   11.88
 -83397.051    48.551    -9.12   13.78
 -83019.715    46.236    -6.13   13.25
 -82642.317    44.510    -4.57   13.73
 -82264.859    41.864    -7.01   13.17
 -81887.339    41.118    -1.98   13.22
 -81509.760    38.837    -6.04   12.96
 -81132.119    41.072     5.92   14.04
 -80754.417    44.345     8.66   14.62
 -80376.654    44.044    -0.80   13.28
 -79998.831    44.383     0.90   12.05
 -79620.946    45.196     2.15   11.58
 -79243.001    47.250     5.43   11.08
 -78864.994    52.651    14.29    8.77
 -78486.927    56.737    10.81    6.27
 -78108.798    58.473     4.59    5.38
 -77730.608    59.660     3.14    4.44
 -77352.357    57.445    -5.86    6.60
 -76974.045    53.374   -10.76    8.62
 -76595.671    52.070    -3.44    8.11
 -76217.237    52.263     0.51    8.20
 -75838.741    56.694    11.71    7.48
 -75460.183    59.858     8.36    3.20
 -75081.565    59.104    -1.99    3.80
 -74702.885    58.517    -1.55    4.18
 -74324.144    58.077    -1.16    3.84
 -73945.341    58.837     2.01    3.48
 -73566.477    60.137     3.43    3.58
 -73187.551    60.771     1.67    3.94
 -72808.564    58.776    -5.26    6.21
 -72429.515    56.331    -6.45    8.61
 -72050.404    54.656    -4.42    9.32
 -71671.233    51.058    -9.49   14.33
 -71291.999    46.551   -11.88   18.56
 -70912.704    38.104   -22.27   20.65
 -70533.347    28.646   -24.93   17.96
 -70153.928    21.637   -18.47   11.69
 -69774.447    17.395   -11.18    1.17
 -69402.424    17.628     0.63    1.18
 -69034.781    17.824     0.53    1.19
 -68667.079    17.926     0.28    1.00
 -68299.320    17.759    -0.45    1.01
 -67931.504    17.466    -0.79    0.84
 -67563.630    17.304    -0.44    0.77
 -67195.698    17.277    -0.07    0.81
 -66827.708    17.083    -0.53    0.88
 -66459.661    16.818    -0.72    1.05
 -66091.556    16.409    -1.11    1.07
 -65723.393    16.144    -0.72    1.04
 -65355.172    15.870    -0.74    0.94
 -64986.894    15.704    -0.45    0.89
 -64618.557    15.682    -0.06    0.81
 -64250.163    15.601    -0.22    0.81
 -63881.711    15.520    -0.22    0.78
 -63513.201    15.715     0.53    0.96
 -63144.632    16.196     1.30    1.17
 -62776.006    16.704     1.38    1.12
 -62407.322    17.277     1.55    1.17
 -62038.580    17.304     0.07    1.10
 -61669.779    17.015    -0.78    1.07
 -61300.921    16.764    -0.68    1.10
 -60932.004    16.437    -0.88    0.83
 -60563.030    16.384    -0.14    0.83
 -60193.996    16.330    -0.15    0.83
 -59824.905    16.277    -0.14    0.84
 -59455.756    16.304     0.07    0.82
 -59086.548    16.237    -0.18    0.94
 -58717.282    15.844    -1.06    1.28
 -58347.957    15.007    -2.27    1.89
 -57978.574    14.396    -1.65    2.72
 -57609.133    14.517     0.33    3.14
 -57239.634    14.541     0.06    3.12
 -56870.075    14.877     0.91    2.82
 -56500.459    14.870    -0.02    2.29
 -56130.784    13.997    -2.36    1.43
 -55761.050    13.926    -0.19    1.03
 -55391.258    14.071     0.39    1.05
 -55021.407    14.372     0.81    1.11
 -54651.497    14.359    -0.03    1.34
 -54281.529    14.477     0.32    1.29
 -53911.502    14.331    -0.40    1.27
 -53541.417    14.317    -0.04    1.54
 -53171.272    14.317     0.00    1.58
 -52801.069    14.202    -0.31    1.58
 -52430.807    14.210     0.02    1.58
 -52060.487    14.135    -0.20    1.64
 -51690.107    14.155     0.05    1.64
 -51319.669    14.070    -0.23    1.67
 -50949.171    13.804    -0.72    1.56
 -50578.615    13.727    -0.21    1.34
 -50208.000    13.372    -0.96    1.47
 -49837.325    13.122    -0.67    1.82
 -49466.592    13.115    -0.02    1.70
 -49095.800    13.304     0.51    1.68
 -48724.948    13.415     0.30    1.67
 -48354.038    13.291    -0.34    1.85
 -47983.068    12.276    -2.74    2.47
 -47612.039    11.144    -3.05    2.46
 -47240.951     9.966    -3.17    1.69
 -46869.804     9.462    -1.36    0.52
 -46498.597     9.980     1.40    1.22
 -46127.331    11.064     2.92    1.99
 -45756.006    11.628     1.52    1.93
 -45384.621    11.771     0.38    1.77
 -45013.177    11.526    -0.66    1.86
 -44641.674    10.471    -2.84    1.53
 -44270.111     9.582    -2.39    0.74
 -43898.489     8.557    -2.76    1.68
 -43526.807     7.415    -3.07    1.87
 -43155.066     6.567    -2.28    1.64
 -42783.265     5.684    -2.37    1.09
 -42411.405     5.317    -0.99    0.83
 -42039.485     5.811     1.33    1.33
 -41667.505     6.651     2.26    2.12
 -41295.466     8.304     4.44    3.08
 -40923.367    10.222     5.15    3.17
 -40551.208    11.993     4.76    2.11
 -40178.990    12.777     2.11    1.49
 -39806.712    13.507     1.96    1.03
 -39434.374    13.370    -0.37    1.18
 -39061.976    13.094    -0.74    1.17
 -38689.518    12.712    -1.02    1.33
 -38317.000    12.437    -0.74    1.17
 -37944.422    11.824    -1.65    1.18
 -37571.785    10.980    -2.27    2.06
 -37199.087     9.277    -4.57    3.07
 -36826.330     7.620    -4.45    2.99
 -36453.512     6.304    -3.53    2.12
 -36080.634     6.041    -0.71    1.64
 -35707.697     6.757     1.92    1.70
 -35334.699     8.157     3.75    1.59
 -34961.640     9.249     2.93    1.33
 -34588.522     9.948     1.87    1.24
 -34215.344    10.455     1.36    1.71
 -33842.105    10.601     0.39    2.10
 -33468.806    10.346    -0.68    2.69
 -33095.446     9.896    -1.20    2.94
 -32722.026     9.790    -0.28    3.24
 -32348.546     9.857     0.18    3.38
 -31975.006    11.387     4.10    4.27
 -31601.405    13.253     4.99    5.05
 -31227.743    14.762     4.04    4.79
 -30854.021    15.443     1.82    4.16
 -30480.239    16.578     3.04    4.00
 -30106.396    18.676     5.61    4.83
 -29732.492    20.851     5.82    4.93
 -29358.528    22.512     4.44    4.24
 -28984.503    23.020     1.36    4.35
 -28610.418    21.731    -3.45    4.83
 -28236.271    19.212    -6.73    4.93
 -27862.065    16.864    -6.27    3.70
 -27487.797    15.673    -3.18    2.86
 -27113.468    15.936     0.70    2.44
 -26739.079    16.462     1.41    2.05
 -26364.629    16.751     0.77    1.84
 -25990.118    17.996     3.32    2.69
 -25615.546    18.453     1.22    3.28
 -25240.913    17.076    -3.67    6.29
 -24866.219    14.628    -6.53    8.14
 -24491.464    11.785    -7.59    8.90
 -24116.648     9.846    -5.17    8.64
 -23741.771     9.462    -1.02    8.15
 -23366.833     9.054    -1.09    7.90
 -22991.833     9.357     0.81    6.96
 -22616.773     9.776     1.12    5.87
 -22241.651    11.331     4.14    4.14
 -21866.468    12.169     2.23    2.73
 -21491.224    12.345     0.47    3.06
 -21115.919    13.101     2.02    2.81
 -20740.552    13.225     0.33    2.60
 -20365.124    13.664     1.17    2.50
 -19989.635    13.757     0.25    2.64
 -19614.084    14.778     2.72    3.42
 -19238.472    16.088     3.49    3.33
 -18862.798    16.382     0.78    2.88
 -18487.063    16.372    -0.03    2.90
 -18111.267    15.830    -1.44    2.56
 -17735.408    15.291    -1.43    2.22
 -17359.488    14.212    -2.87    2.35
 -16983.507    13.544    -1.78    2.64
 -16607.464    11.870    -4.45    2.52
 -16231.359    11.176    -1.85    2.04
 -15855.193    12.515     3.56    3.07
 -15478.964    14.664     5.71    3.77
 -15102.675    16.655     5.29    3.69
 -14726.323    15.094    -4.15    6.94
 -14349.909    14.629    -1.23    7.72
 -13973.434    13.837    -2.10    7.84
 -13596.896    13.210    -1.67    7.09
 -13220.297    13.001    -0.55    5.48
 -12843.636    13.691     1.83    3.45
 -12466.912    13.637    -0.14    3.46
 -12090.127    14.182     1.45    3.28
 -11713.280    12.704    -3.92    6.58
 -11336.371    10.797    -5.06    8.30
 -10959.399     8.384    -6.40    8.74
 -10582.365     6.461    -5.10    8.07
 -10205.270     6.686     0.60    7.56
  -9828.112     5.557    -2.99    6.57
  -9450.891     6.083     1.39    6.46
  -9073.609     6.712     1.67    6.58
  -8696.264     5.159    -4.11    6.35
  -8318.857     3.037    -5.62    5.51
  -7941.387     0.939    -5.56    3.95
  -7563.855    -0.592    -4.06    0.80
  -7186.261    -0.696    -0.28    0.00
  -6808.604    -0.696     0.00    0.00
  -6430.885    -0.128     1.50    2.01
  -6053.103     2.515     7.00    5.27
  -5675.259     5.533     7.99    6.63
  -5297.352     8.157     6.95    5.65
  -4919.383     8.999     2.23    4.02
  -4541.350     7.851    -3.04    3.74
  -4163.256     6.357    -3.95    3.47
  -3785.098     4.434    -5.09    3.02
  -3406.878     2.997    -3.80    2.14
  -3028.595     1.971    -2.71    1.38
  -2650.249     1.740    -0.61    1.99
  -2271.840     1.870     0.34    2.20
  -1893.369     1.407    -1.22    2.29
  -1514.834     1.099    -0.81    2.44
  -1136.237     0.580    -1.37    2.19
   -757.576    -0.099    -1.79    1.59
   -378.853    -0.183    -0.22    1.29
     -0.067     0.140     0.85    1.57
    378.783     0.957     2.16    2.32
    757.695     2.488     4.04    3.23
   1136.671     3.772     3.39    3.52
   1515.710     4.370     1.58    3.25
   1894.811     3.277    -2.88    2.70
   2273.977     2.189    -2.87    1.34
   2653.205     1.797    -1.03    0.94
   3032.497     1.637    -0.42    0.86
   3411.852     1.866     0.60    1.22
   3791.270     1.659    -0.54    1.03
   4170.752     1.669     0.03    1.04
   4550.297     1.464    -0.54    0.64
   4929.906     1.317    -0.39    0.12
   5305.032     1.344     0.07    0.26
   5672.491     2.477     3.09    2.65
   6040.008     4.612     5.81    3.89
   6407.585     6.784     5.91    3.78
   6775.221     7.481     1.90    3.16
   7142.916     6.715    -2.08    3.17
   7510.670     5.228    -4.04    2.87
   7878.483     4.628    -1.63    2.13
   8246.355     5.343     1.94    2.84
   8614.287     6.251     2.47    2.78
   8982.278     7.224     2.65    2.75
   9350.328     8.735     4.10    2.65
   9718.437     9.278     1.48    2.46
  10086.606     9.385     0.29    2.74
  10454.834     7.771    -4.38    3.63
  10823.121     5.832    -5.26    3.48
  11191.468     4.381    -3.94    2.96
  11559.874     2.999    -3.75    1.75
  11928.340     4.142     3.10    3.19
  12296.865     6.651     6.81    5.39
  12665.450    10.407    10.19    5.84
  13034.094    14.195    10.28    3.99
  13402.798    16.896     7.33    3.55
  13771.562    18.647     4.75    3.26
  14140.385    19.015     1.00    4.34
  14509.268    18.540    -1.29    5.28
  14878.210    17.673    -2.35    5.53
  15247.213    16.385    -3.49    5.07
  15616.275    15.092    -3.51    4.32
  15985.397    14.193    -2.43    3.66
  16354.578    13.026    -3.16    3.46
  16723.820    12.179    -2.29    3.10
  17093.121    11.532    -1.75    3.14
  17462.482    11.453    -0.21    2.77
  17831.904    11.015    -1.19    2.42
  18201.385    10.980    -0.09    2.48
  18570.926    11.449     1.27    2.52
  18940.527    11.596     0.40    2.48
  19310.188    12.054     1.24    2.14
  19679.910    12.696     1.74    2.45
  20049.691    13.836     3.08    3.46
  20419.533    16.249     6.52    4.30
  20789.435    18.992     7.42    4.80
  21159.397    21.651     7.19    4.35
  21529.419    23.663     5.44    4.07
  21899.502    24.852     3.21    4.15
  22269.644    25.173     0.87    4.49
  22639.848    24.476    -1.88    4.92
  23010.111    21.949    -6.82    5.69
  23380.435    19.221    -7.37    5.38
  23750.819    17.317    -5.14    3.92
  24121.264    17.264    -0.14    4.03
  24491.769    19.667     6.49    4.00
  24862.335    21.568     5.13    2.82
  25232.961    21.418    -0.40    3.17
  25603.648    21.887     1.27    5.19
  25974.396    23.896     5.42    7.38
  26345.204    28.195    11.59    7.63
  26716.072    31.159     7.99    5.34
  27087.002    32.847     4.55    2.53
  27457.992    33.344     1.34    2.72
  27829.043    34.373     2.77    3.63
  28200.155    37.586     8.66    5.56
  28571.327    40.852     8.80    4.77
  28942.560    42.667     4.89    3.42
  29313.854    43.110     1.19    2.57
  29685.210    40.142    -7.99    3.89
  30056.626    37.674    -6.64    3.93
  30428.103    37.054    -1.67    3.53
  30799.641    37.047    -0.02    3.90
  31171.239    37.265     0.59    4.07
  31542.900    37.061    -0.55    3.55
  31914.621    35.673    -3.73    3.08
  32286.403    34.250    -3.83    2.87
  32658.246    32.881    -3.68    2.96
  33030.151    31.953    -2.50    2.87
  33402.117    31.545    -1.10    2.84
  33774.144    31.077    -1.26    2.73
  34146.232    31.458     1.02    2.55
  34518.381    32.837     3.71    3.26
  34890.592    34.291     3.91    4.22
  35262.864    35.396     2.97    4.91
  35635.198    35.291    -0.28    5.32
  36007.593    33.525    -4.74    4.95
  36380.050    32.200    -3.56    3.64
  36752.568    31.504    -1.87    3.34
  37125.147    31.751     0.66    3.19
  37497.788    31.975     0.60    3.04
  37870.491    31.984     0.02    3.05
  38243.255    32.265     0.75    2.59
  38616.081    32.278     0.03    2.00
  38988.968    32.148    -0.35    1.82
  39361.917    32.330     0.49    2.40
  39734.928    33.515     3.17    3.06
  40108.001    34.691     3.15    2.94
  40481.136    36.573     5.05    3.00
  40854.332    37.696     3.01    2.89
  41227.590    39.517     4.88    3.61
  41600.910    41.064     4.15    3.35
  41974.292    42.089     2.74    2.67
  42347.736    41.480    -1.63    3.05
  42721.242    40.067    -3.78    3.36
  43094.810    38.755    -3.51    2.69
  43468.440    38.488    -0.71    2.39
  43842.132    38.980     1.32    2.61
  44215.886    38.912    -0.18    2.52
  44589.702    39.085     0.46    2.38
  44963.581    38.204    -2.36    2.36
  45337.521    37.520    -1.83    1.98
  45711.524    37.026    -1.32    2.05
  46085.589    37.034     0.02    2.09
  46459.716    35.863    -3.13    2.61
  46833.906    35.265    -1.60    2.75
  47208.158    34.357    -2.43    2.31
  47582.473    33.907    -1.20    2.05
  47956.850    33.940     0.09    1.79
  48331.289    34.597     1.75    1.66
  48705.791    34.659     0.17    1.85
  49080.355    35.370     1.90    2.43
  49454.982    36.624     3.35    3.89
  49829.671    37.239     1.64    6.42
  50204.423    37.330     0.24    8.91
  50579.238    35.694    -4.37   10.18
  50954.115    36.580     2.37   11.54
  51329.056    40.330    10.00   11.38
  51704.058    44.864    12.09    9.15
  52079.124    48.129     8.71    4.86
  52454.252    48.901     2.06    1.67
  52829.443    48.418    -1.29    1.36
  53204.697    48.277    -0.38    1.11
  53580.014    48.073    -0.54    1.07
  53955.394    48.071    -0.01    1.20
  54330.837    48.616     1.45    1.48
  54706.343    49.577     2.56    1.61
  55081.912    50.291     1.90    1.72
  55457.544    50.851     1.49    1.31
  55833.239    51.038     0.50    1.15
  56208.997    50.738    -0.80    1.64
  56584.818    49.317    -3.78    3.65
  56960.703    46.629    -7.15    5.54
  57336.650    44.031    -6.91    5.83
  57712.661    41.080    -7.85    4.51
  58088.735    38.876    -5.86    3.19
  58464.873    35.914    -7.87    5.25
  58841.074    33.107    -7.46    6.04
  59217.338    29.886    -8.56    5.79
  59593.665    26.304    -9.52    5.21
  59970.057    24.629    -4.45    3.84
  60346.511    24.115    -1.37    3.36
  60723.029    24.950     2.22    3.36
  61099.611    25.980     2.74    2.47
  61476.256    26.564     1.55    1.85
  61852.965    25.746    -2.17    2.70
  62229.737    24.612    -3.01    2.84
  62606.573    24.317    -0.78    2.46
  62983.473    24.727     1.09    2.44
  63360.436    24.725    -0.01    2.49
  63737.464    23.891    -2.21    3.19
  64114.555    22.655    -3.28    3.18
  64491.710    21.512    -3.03    2.10
  64868.928    21.291    -0.58    1.82
  65246.211    21.522     0.61    1.77
  65623.558    21.317    -0.54    1.85
  66000.968    20.831    -1.29    2.02
  66378.443    21.679     2.25    2.87
  66755.981    22.471     2.10    2.96
  67133.584    23.679     3.20    2.20
  67511.251    23.966     0.76    1.71
  67888.982    23.394    -1.52    1.69
  68266.777    22.914    -1.27    1.58
  68644.636    22.266    -1.72    1.46
  69022.560    21.608    -1.74    1.85
  69400.547    20.676    -2.47    2.75
  69778.599    19.057    -4.28    3.09
  70156.716    17.330    -4.57    2.99
  70534.896    16.604    -1.92    3.03
  70913.141    17.544     2.49    4.73
  71291.451    19.419     4.96    5.59
  71669.825    21.496     5.49    5.71
  72048.263    19.785    -4.52    5.39
  72426.766    17.547    -5.91    3.14
  72805.334    17.022    -1.39    1.95
  73183.966    17.611     1.55    2.28
  73562.663    17.608    -0.01    2.05
  73941.424    17.501    -0.28    2.17
  74320.251    17.096    -1.07    2.51
  74699.141    18.291     3.15    4.89
  75078.097    20.902     6.89    7.79
  75457.117    22.771     4.93    8.33
  75836.203    22.584    -0.49    7.22
  76215.353    21.165    -3.74    5.51
  76594.568    20.642    -1.38    3.49
  76973.848    19.867    -2.04    2.44
  77353.193    20.384     1.36    1.94
  77732.602    20.279    -0.28    1.75
  78112.077    20.265    -0.04    1.55
  78491.617    19.753    -1.35    3.74
  78871.222    18.079    -4.41    5.71
  79250.893    16.894    -3.12    5.94
  79630.628    16.189    -1.86    6.12
  80009.144    17.531     3.55    6.68
  80376.413    19.892     6.43    6.66
  80743.742    20.817     2.52    6.57
  81111.131    20.174    -1.75    6.68
  81478.581    20.240     0.18    6.53
  81846.092    21.595     3.69    7.11
  82213.663    23.367     4.82    7.14
  82581.295    25.599     6.07    5.51
  82948.988    26.395     2.17    3.34
  83316.741    25.186    -3.29    3.56
  83684.555    24.018    -3.17    3.41
  84052.429    22.122    -5.15    3.28
  84420.365    20.759    -3.71    3.23
  84788.361    19.633    -3.06    2.78
  85156.418    19.228    -1.10    2.45
  85524.536    18.637    -1.60    1.78
  85892.715    18.740     0.28    2.30
  86260.955    19.988     3.39    5.07
  86629.256    25.779    15.72   11.82
  86997.618    35.104    25.32   16.06
  87366.040    43.407    22.54   14.50
  87734.524    49.992    17.87    7.24
  88103.069    50.616     1.69    3.99
  88471.675    48.211    -6.53    2.58
  88840.342    47.266    -2.56    1.68
  89209.071    46.931    -0.91    1.48
  89577.860    46.567    -0.99    1.23
  89946.711    46.372    -0.53    1.79
  90315.623    44.557    -4.92    3.11
  90684.596    42.715    -4.99    3.09
  91053.631    40.421    -6.22    2.64
  91422.727    38.427    -5.40    2.66
  91791.885    36.469    -5.31    3.07
  92161.103    35.034    -3.89    2.45
  92530.384    34.354    -1.84    1.73
  92899.726    34.688     0.90    2.24
  93269.129    35.242     1.50    2.09
  93638.594    35.655     1.12    1.62
  94008.120    35.200    -1.23    1.60
  94377.708    34.749    -1.22    1.29
  94747.358    35.329     1.57    1.90
  95117.069    35.966     1.72    2.12
  95486.843    36.255     0.78    1.85
  95856.677    36.359     0.28    1.86
  96226.574    35.279    -2.92    2.34
  96596.532    33.710    -4.24    2.61
  96966.553    32.642    -2.89    2.73
  97336.635    31.331    -3.54    2.13
  97706.779    30.228    -2.98    1.98
  98076.984    29.480    -2.02    1.97
  98447.252    28.467    -2.74    1.70
  98817.582    27.455    -2.73    2.08
  99187.974    26.242    -3.28    2.20
  99558.428    25.493    -2.02    2.04
  99928.944    25.317    -0.48    2.04
 100299.522    26.115     2.15    2.54
 100670.162    27.127     2.73    2.54
 101040.865    27.669     1.46    2.42
 101411.629    27.804     0.36    2.41
 101782.456    27.128    -1.82    2.23
 102153.345    26.879    -0.67    2.53
 102524.297    26.547    -0.89    2.72
 102895.310    25.616    -2.51    2.77
 103266.386    24.660    -2.58    2.84
 103637.525    24.254    -1.09    2.31
 104008.726    24.155    -0.27    1.86
 104379.989    24.692     1.44    1.93
 104751.315    25.169     1.29    1.65
 105122.704    25.617     1.21    1.80
 105494.155    25.723     0.29    1.74
 105865.668    25.512    -0.57    1.64
 106237.244    24.939    -1.54    2.06
 106608.883    25.429     1.32    4.08
 106980.585    28.493     8.24    8.27
 107352.349    35.967    20.10   11.24
 107724.176    43.466    20.17    9.18
 108096.066    48.454    13.41    5.45
 108468.018    49.077     1.68    4.88
 108840.034    50.096     2.74    5.36
 109212.112    50.142     0.12    5.93
 109584.253    52.242     5.64    5.91
 109956.457    55.345     8.34    5.57
 110328.724    56.492     3.08    5.29
 110701.054    56.237    -0.68    6.12
 111073.448    51.089   -13.83   11.29
 111445.904    42.811   -22.23   13.40
 111818.423    37.722   -13.66   12.18
 112191.006    34.091    -9.75   10.94
 112563.651    31.554    -6.81   10.53
 112936.360    29.436    -5.68    9.89
 113309.132    26.494    -7.89    5.74
 113681.968    26.135    -0.96    4.30
 114054.866    27.150     2.72    5.08
 114427.828    27.432     0.76    4.26
 114800.853    27.395    -0.10    3.46
 115173.942    30.304     7.80    5.79
 115547.094    34.152    10.31    7.56
 115920.310    39.694    14.85    7.01
 116293.589    43.590    10.44    5.28
 116666.932    47.592    10.72    3.29
 117040.338    49.773     5.84    3.00
 117413.808    49.567    -0.55    3.50
 117787.341    48.561    -2.69    4.25
 118160.938    47.843    -1.92    4.32
 118534.599    46.817    -2.74    3.84
 118908.323    46.646    -0.46    3.90
 119282.111    47.330     1.83    3.75
 119655.963    46.942    -1.04    3.58
 120029.879    46.099    -2.25    3.38
 120403.859    45.178    -2.46    3.53
 120777.902    45.238     0.16    3.49
 121152.010    45.229    -0.02    3.15
 121526.181    45.396     0.45    2.38
 121900.417    45.554     0.42    1.93
 122274.716    46.343     2.11    2.56
 122649.080    47.707     3.64    3.48
 123023.507    48.980     3.40    3.96
 123397.999    50.942     5.24    4.04
 123772.555    52.455     4.04    2.90
 124147.175    52.279    -0.47    2.60
 124521.859    50.845    -3.83    4.45
 124896.608    49.380    -3.91    5.28
 125271.420    49.629     0.66    6.73
 125646.298    52.829     8.54    7.89
 126021.239    57.067    11.30    6.69
 126396.245    59.654     6.90    5.42
 126771.315    60.486     2.22    4.34
 127146.450    60.532     0.12    3.91
 127521.649    61.380     2.26    4.01
 127896.913    63.154     4.73    4.87
 128272.241    65.492     6.23    4.97
 128647.634    67.519     5.40    3.57
 129023.091    66.766    -2.01    4.08
 129398.614    64.031    -7.28    5.32
 129774.200    60.772    -8.68    4.89
 130149.852    58.573    -5.85    4.18
 130525.568    58.142    -1.15    3.88
 130901.349    60.018     4.99    4.82
 131277.195    62.529     6.68    4.98
 131653.106    64.423     5.04    3.85
 132029.082    65.017     1.58    4.37
 132405.122    62.561    -6.53    6.57
 132781.228    60.823    -4.62    6.02
 133157.398    60.384    -1.17    5.15
 133533.634    61.526     3.04    5.50
 133909.934    64.936     9.06    5.66
 134286.300    66.854     5.10    6.02
 134662.731    67.447     1.58    5.76
 135039.227    67.329    -0.31    4.59
 135415.788    68.545     3.23    4.79
 135792.414    71.354     7.46    4.49
 136169.106    74.228     7.63    3.43
 136545.863    75.663     3.81    2.53
 136922.685    75.467    -0.52    2.53
 137299.573    74.535    -2.47    2.81
 137676.526    73.431    -2.93    3.06
 138053.545    72.152    -3.39    2.73
 138430.629    71.229    -2.45    2.79
 138807.778    71.133    -0.25    3.08
 139184.993    72.367     3.27    3.70
 139562.274    73.899     4.06    2.56
 139939.620    74.804     2.40    2.92
 140317.032    74.744    -0.16    3.63
 140694.509    73.889    -2.27    4.26
 141072.052    73.122    -2.03    5.44
 141449.661    70.912    -5.85    5.81
 141827.336    67.843    -8.13    5.63
 142205.077    66.013    -4.84    5.51
 142582.883    64.907    -2.93    5.61
 142960.755    63.679    -3.25    5.57
 143338.694    63.600    -0.21    5.16
 143716.698    63.697     0.25    3.91
 144094.768    62.823    -2.31    3.34
 144472.904    62.778    -0.12    4.43
 144851.106    63.417     1.69    5.63
 145229.374    63.818     1.06    5.99
 145607.709    63.927     0.29    5.06
 145986.109    62.975    -2.52    3.96
 146364.576    60.392    -6.83    3.81
 146743.109    58.902    -3.94    3.00
 147121.709    59.592     1.82    3.64
 147500.374    60.278     1.81    3.65
 147879.106    60.404     0.33    3.30
 148257.904    58.872    -4.05    4.05
 148636.769    57.054    -4.80    4.21
 149015.700    56.381    -1.78    4.84
 149394.698    56.484     0.27    4.75
 149773.762    57.704     3.22    4.07
 150152.893    57.629    -0.20    3.83
 150532.090    58.431     2.12    4.29
 150911.354    57.765    -1.76    4.90
 151290.684    56.829    -2.47    4.87
 151670.081    56.047    -2.06    4.92
 152049.545    53.842    -5.81    4.71
 152429.076    51.001    -7.48    4.83
 152808.673    48.667    -6.15    3.77
 153188.338    47.341    -3.49    2.68
 153568.069    46.929    -1.09    1.95
 153947.867    47.573     1.70    2.11
 154327.732    47.971     1.05    2.17
 154707.664    48.092     0.32    2.29
 155076.999    47.458    -1.72    2.34
 155444.136    47.835     1.03    2.42
 155811.335    48.089     0.69    2.34
 156178.596    47.125    -2.63    2.17
 156545.919    46.213    -2.48    1.95
 156913.304    45.419    -2.16    1.48
 157280.752    45.107    -0.85    1.34
 157648.261    44.847    -0.71    1.55
 158015.833    44.667    -0.49    1.66
 158383.467    44.035    -1.72    2.75
 158751.163    43.679    -0.97    3.70
 159118.921    43.150    -1.44    3.68
 159486.742    42.393    -2.06    3.04
 159854.625    42.140    -0.69    2.30
 160222.571    42.712     1.55    1.46
 160590.579    43.035     0.88    1.33
 160958.649    43.204     0.46    1.36
 161326.782    43.226     0.06    1.43
 161694.978    43.279     0.14    1.35
 162063.236    42.804    -1.29    1.35
 162431.556    41.886    -2.49    1.44
 162799.939    41.054    -2.26    1.40
 163168.385    40.242    -2.21    1.22
 163536.894    40.133    -0.29    1.27
 163905.465    39.767    -0.99    1.43
 164274.099    39.896     0.35    1.65
 164642.796    39.714    -0.49    1.65
 165011.555    39.370    -0.93    1.73
 165380.378    38.798    -1.55    1.71
 165749.263    37.811    -2.68    2.23
 166118.211    37.079    -1.98    2.43
 166487.223    36.421    -1.78    2.36
 166856.297    36.267    -0.42    2.18
 167225.434    37.342     2.91    1.79
 167594.634    37.992     1.76    1.33
 167963.897    38.616     1.69    1.52
 168333.223    38.129    -1.32    2.43
 168702.613    36.740    -3.76    3.19
 169072.066    35.316    -3.85    3.12
 169441.581    33.950    -3.70    2.64
 169811.160    33.051    -2.43    2.24
 170180.803    32.727    -0.88    2.10
 170550.508    32.467    -0.70    1.75
 170920.277    31.557    -2.46    1.79
 171290.110    31.020    -1.45    1.72
 171660.005    30.504    -1.40    1.57
 172029.965    30.509     0.01    1.45
 172399.987    30.996     1.32    1.54
 172770.073    31.394     1.07    1.38
 173140.223    31.654     0.70    1.58
 173510.436    32.242     1.59    1.78
 173880.713    32.479     0.64    1.72
 174251.053    32.874     1.07    1.66
 174621.458    33.252     1.02    1.38
 174991.925    33.405     0.41    1.19
 175362.457    33.465     0.16    1.07
 175733.052    33.082    -1.03    1.45
 176103.711    32.642    -1.19    1.53
 176474.434    31.937    -1.90    1.58
 176845.221    30.924    -2.73    1.75
 177216.071    29.496    -3.85    1.92
 177586.986    28.897    -1.62    1.60
 177957.965    29.008     0.30    1.90
 178329.007    29.230     0.60    2.39
 178700.114    29.766     1.44    2.29
 179071.284    30.117     0.95    2.37
 179442.519    30.038    -0.21    2.38
 179813.818    30.592     1.49    1.92
 180185.181    30.489    -0.28    1.92
 180556.608    30.415    -0.20    1.60
 180928.099    30.586     0.46    1.67
 181299.655    30.742     0.42    1.64
 181671.275    30.992     0.67    1.45
 182042.959    31.205     0.58    1.54
 182414.708    30.255    -2.56    1.92
 182786.521    29.366    -2.39    2.42
 183158.398    28.381    -2.65    2.68
 183530.340    27.778    -1.62    2.39
 183902.347    28.465     1.84    2.66
 184274.418    29.810     3.62    3.22
 184646.553    31.576     4.74    3.76
 185018.753    33.082     4.05    3.84
 185391.018    34.252     3.14    3.94
 185763.347    35.608     3.64    3.85
 186135.742    36.279     1.80    3.65
 186508.200    38.391     5.67    4.02
 186880.724    41.529     8.43    4.84
 187253.312    43.886     6.33    4.55
 187625.966    46.542     7.13    3.54
 187998.684    47.734     3.20    3.08
 188371.467    47.983     0.67    3.70
 188744.315    48.026     0.12    3.92
 189117.228    47.716    -0.83    4.21
