# NaN NaN NaN ;Mean Elev.(m), Avg Gradient(m/km), RMS Gradient(m/km) - SRTM1     
#    5.642  -0.254  19.333 ;Mean Elev.(m), Avg Gradient(m/km), RMS Gradient(m/km) - ASTER GDEM
#    2.895  -0.035   0.502 ;Mean Elev.(m), Avg Gradient(m/km), RMS Gradient(m/km) - GMTED2010 
  7  64.996791  63.239627    16.860    16.952  6 52475.28409089 28.824
  8  64.997582  63.237824    16.196    16.243  6 52510.28404902 28.535
  9  65.003514  63.225623    15.278    14.834  8 52545.28406142 27.226
 10  64.999921  63.235576    14.536    14.724  6 52580.28409009 31.336
 11  64.997860  63.250628    14.527    14.325  9 52615.28405586 13.293
 12  65.002741  63.229549    14.865    14.901  7 52650.28403800 11.665
 13  64.997935  63.237916    14.942    14.947  6 52685.28402251  7.120
 14  64.998978  63.236030    15.339    15.389  5 52720.28407430  7.995
 15  64.985627  63.244456    11.544    11.332  3 52755.28409715 18.726
 16  65.002581  63.223577    15.781    15.756  8 52790.28404884 26.905
 17  65.002905  63.227004    16.091    16.074  7 52825.28411802 32.672
 18  65.003011  63.226183    13.080    13.132  7 52860.28416404 46.461
 19  64.996906  63.239612    12.859    12.822  6 52895.28419247 25.621
 20  64.995747  63.252038    10.755    10.502  8 52930.28413918 46.852
 21  65.002876  63.223240    10.123    10.151  9 52965.28413584 30.291
 22  64.996022  63.242591     9.871     9.897  7 53000.28416648 19.013
 23  64.997014  63.250621    12.746    12.706  8 53035.28411426 12.894
 24  64.999317  63.234548    14.434    14.412  5 53070.28413637 13.111
 25  64.988594  63.245940    15.314    15.223  5 53105.28411687  9.011
 26  65.002562  63.231142    13.300    13.306  6 53140.28414304 39.324
 27  64.999929  63.235095    15.374    15.272  5 53175.28417617 22.594
 28  64.997666  63.239552    14.800    14.815  5 53210.28419352 20.101
 29  64.996356  63.238407    12.869    12.834  6 53245.28416170 22.798
 30  65.002812  63.228511    12.339    12.452  6 53280.28414587 24.829
 31  65.000105  63.234047    12.239    12.241  5 53315.28416208 36.789
 32  64.999203  63.237809    12.942    12.777  5 53350.28412715 17.179
 33  65.002577  63.227301    13.285    13.220  6 53385.28410884 12.917
 34  65.002645  63.231880    13.825    13.904  6 53420.28411286 12.771
 35  64.998524  63.214633    15.317    15.263 13 53455.28412175 11.799
 36  64.996449  63.239692    12.457    12.452  6 53490.28420237 33.316
 37  65.000793  63.233539    15.501    15.417  6 53525.28418780 22.010
 38  64.999639  63.249692    15.233    15.234  9 53560.28421261 49.281
 39  64.997154  63.238105    12.871    12.148  6 53595.28415307 19.191
 40  65.003866  63.229959    12.784    12.628  6 53630.28414773 21.054
 41  64.997912  63.237707    14.116    14.172  6 53665.28417005 18.646
 42  64.998658  63.239324    10.243    10.221  6 53700.28412403 30.357
 44  65.004023  63.230425    10.205    10.227  6 53770.28403603 13.382
 45  64.997423  63.240975    15.273    15.140  6 53805.28402771 14.143
 47  65.001273  63.232399    14.136    14.142  5 53875.28409588 40.105
 49  64.997718  63.248212    14.462    14.362  9 53945.28416014 42.112
 50  64.999467  63.250023    12.714    12.056  9 53980.28410696 24.631
 51  65.000940  63.220082    12.650    11.915 10 54015.28413050 27.846
 52  65.001629  63.228912    12.295    12.307  6 54050.28413134 45.954
 54  64.990124  63.247040    15.159    15.148  6 54120.28404755 12.522
 56  64.996344  63.248401    15.633    15.613  9 54190.28404397 10.959
 57  65.000169  63.234725    15.494    15.504  6 54225.28409094 37.232
 58  64.999245  63.235160    16.376    16.382  6 54260.28411123 51.775
 59  64.999031  63.235422    16.865    16.782  6 54295.28411519 29.177
 60  64.997438  63.238440    16.665    16.683  6 54330.28410739 33.810
 61  64.996776  63.249021    13.883    13.789  9 54365.28405015 28.045
 62  65.000451  63.235575    14.896    14.881  6 54400.28404938 18.584
 63  65.000142  63.248425    11.300    10.939  9 54435.28400454 26.138
 64  65.002958  63.229769    12.593    12.469  6 54470.28403403 15.116
 65  64.998231  63.246366    14.047    14.237  9 54505.28401876 12.642
 66  64.999138  63.235387    15.014    15.003  5 54540.28404811 11.250
 67  64.998859  63.248434    12.787    11.878 10 54575.28401928 10.820
 68  64.999068  63.236408    15.263    15.328  6 54610.28403997 22.134
 69  64.998575  63.237634    15.533    15.540  6 54645.28404751 24.197
 70  64.998750  63.238811    13.747    13.778  6 54680.28404851 35.510
 71  64.999272  63.250095    11.956    11.376  9 54715.28399694 27.730
 72  65.000927  63.233797    13.553    13.019  5 54750.28402011 18.232
 73  64.996554  63.240900    12.037    12.027  6 54785.28398767 48.568
 74  65.002015  63.233085    13.214    12.853  6 54820.28401310 13.990
 75  64.997716  63.240922    13.452    13.762  6 54855.28398398 11.957
 76  64.998840  63.239871    14.300    14.132  6 54890.28401631 10.299
 77  64.996232  63.251049    16.030    16.044  8 54925.28398121  3.387
 78  64.999924  63.233930    14.438    14.444  6 54960.28401506 38.007
 79  64.997702  63.238893    15.230    15.295  6 54995.28403608 22.262
 80  64.998807  63.238964    14.891    14.857  6 55030.28402591 20.091
 81  64.997765  63.238899    13.389    14.235  5 55065.28401641 18.467
 82  64.994998  63.250969    11.939    11.430  8 55100.28395743 27.409
 83  65.000944  63.234377    13.353    12.864  5 55135.28396251 14.593
 84  64.997109  63.243315    10.718    10.712  6 55170.28392429 21.876
 85  65.000245  63.233036    10.438    10.406  5 55205.28395589 13.007
 86  64.999540  63.249952    11.630    11.576  9 55240.28392944 13.127
 87  64.998484  63.240378    10.486    10.329  6 55275.28394859 12.958
 88  64.998682  63.248450    11.061    10.557  9 55310.28391332 36.641
 89  64.999397  63.236798    15.067    15.115  6 55345.28391788 22.521
 90  64.998093  63.241764    15.408    15.405  6 55380.28391063 44.362
 91  65.000934  63.231698    14.710    14.727  6 55415.28393835 18.109
 92  64.996474  63.239832    13.162    13.340  6 55450.28392277 19.760
 93  64.996556  63.250394    12.866    11.667  9 55485.28384593 21.690
