-141226.191    58.198     0.00    3.88
-140851.499    56.533    -4.44    4.46
-140476.735    56.616     0.22    3.92
-140101.897    56.230    -1.03    2.84
-139726.985    56.138    -0.24    2.57
-139352.001    55.746    -1.05    2.63
-138976.942    55.369    -1.00    3.29
-138601.811    55.134    -0.63    3.75
-138226.605    54.822    -0.83    4.30
-137851.326    54.731    -0.24    4.16
-137475.974    53.537    -3.18    4.03
-137100.548    52.100    -3.83    3.72
-136725.048    50.378    -4.59    3.48
-136349.474    50.040    -0.90    3.81
-135973.826    50.475     1.16    4.87
-135598.105    51.283     2.15    5.46
-135222.309    52.452     3.11    5.78
-134846.440    53.458     2.67    5.15
-134470.497    53.890     1.15    4.01
-134094.479    53.660    -0.61    3.28
-133718.388    51.969    -4.49    3.36
-133342.222    50.522    -3.85    3.26
-132965.983    49.299    -3.25    3.33
-132589.669    47.682    -4.30    2.81
-132213.281    45.688    -5.30    3.30
-131836.818    43.737    -5.18    4.15
-131460.281    41.253    -6.59    4.10
-131083.670    39.509    -4.63    2.74
-130706.984    39.935     1.13    2.66
-130330.224    40.853     2.44    2.80
-129953.390    40.947     0.25    2.74
-129576.481    39.647    -3.45    3.79
-129199.497    37.708    -5.14    4.20
-128822.438    34.890    -7.47    3.81
-128445.305    32.688    -5.84    4.16
-128068.097    30.039    -7.02    4.21
-127690.815    28.037    -5.31    3.46
-127313.457    26.924    -2.95    2.12
-126936.025    26.716    -0.55    2.04
-126558.518    26.902     0.49    1.82
-126180.936    26.594    -0.81    1.98
-125803.278    26.194    -1.06    2.03
-125425.546    26.037    -0.41    1.89
-125047.739    26.183     0.38    2.03
-124669.857    26.245     0.17    1.89
-124291.899    27.003     2.00    1.73
-123913.866    27.418     1.10    2.17
-123535.758    27.547     0.34    2.15
-123157.575    27.486    -0.16    2.42
-122779.316    26.598    -2.35    2.99
-122400.982    25.188    -3.73    3.05
-122022.572    24.403    -2.07    2.71
-121644.087    24.616     0.56    2.51
-121265.526    24.844     0.60    2.24
-120886.890    24.849     0.01    1.92
-120508.178    24.621    -0.60    1.78
-120129.391    24.620    -0.00    1.47
-119750.527    24.731     0.29    1.21
-119371.588    24.517    -0.56    1.77
-118992.574    24.680     0.43    2.43
-118613.483    25.148     1.23    2.82
-118234.316    26.299     3.04    3.61
-117855.074    27.748     3.82    3.85
-117475.756    28.436     1.81    3.34
-117096.361    28.690     0.67    2.69
-116716.890    29.106     1.09    2.51
-116337.344    29.318     0.56    2.34
-115957.721    29.481     0.43    2.21
-115578.022    29.808     0.86    1.94
-115198.247    29.587    -0.58    1.75
-114818.395    29.322    -0.70    1.92
-114438.467    27.632    -4.45    3.88
-114058.463    25.142    -6.55    4.78
-113678.382    22.946    -5.78    4.60
-113298.225    21.587    -3.57    3.96
-112917.991    22.935     3.54    4.35
-112537.680    25.003     5.44    4.00
-112157.293    26.521     3.99    2.53
-111776.830    27.090     1.50    1.44
-111396.289    26.922    -0.44    1.53
-111022.736    26.594    -0.88    1.77
-110656.758    26.434    -0.44    2.04
-110290.711    25.452    -2.68    3.05
-109924.593    24.651    -2.19    3.36
-109558.405    24.174    -1.30    3.33
-109192.146    24.171    -0.01    3.09
-108825.818    24.728     1.52    2.63
-108459.419    25.553     2.25    1.91
-108092.950    26.350     2.17    1.86
-107726.410    26.823     1.29    1.54
-107359.800    26.628    -0.53    1.56
-106993.119    26.367    -0.71    2.15
-106626.368    26.260    -0.29    2.50
-106259.546    25.255    -2.74    3.53
-105892.654    23.558    -4.62    4.39
-105525.691    21.769    -4.87    4.51
-105158.658    20.180    -4.33    3.78
-104791.553    19.401    -2.12    2.95
-104424.378    19.767     1.00    3.46
-104057.133    21.287     4.14    4.39
-103689.816    22.536     3.40    4.42
-103322.428    24.027     4.06    4.14
-102954.970    25.112     2.95    3.19
-102587.440    25.160     0.13    2.87
-102219.840    24.514    -1.76    2.68
-101852.168    24.225    -0.78    2.74
-101484.426    23.947    -0.76    2.62
-101116.612    23.946    -0.00    2.20
-100748.727    23.149    -2.17    2.22
-100380.771    22.378    -2.09    2.16
-100012.744    21.594    -2.13    2.67
 -99644.645    20.610    -2.67    2.83
 -99276.475    19.647    -2.61    2.45
 -98908.234    18.733    -2.48    1.40
 -98539.921    18.017    -1.95    1.68
 -98171.536    17.520    -1.35    1.87
 -97803.081    17.231    -0.78    1.89
 -97434.553    16.858    -1.01    2.62
 -97065.955    15.862    -2.70    4.40
 -96697.284    14.244    -4.39    6.07
 -96328.542    12.901    -3.64    6.69
 -95959.728    11.115    -4.84    6.33
 -95590.842    10.329    -2.13    5.49
 -95221.885     9.407    -2.50    4.03
 -94852.856     9.026    -1.03    2.07
 -94483.754     9.003    -0.06    1.61
 -94114.581     9.069     0.18    1.54
 -93745.336     9.123     0.15    1.84
 -93376.019     9.225     0.28    2.15
 -93006.630     9.537     0.85    2.39
 -92637.169     9.837     0.81    2.11
 -92267.636    10.481     1.74    1.50
 -91898.031    10.685     0.55    1.49
 -91528.353    10.572    -0.31    1.59
 -91158.603    10.778     0.56    1.59
 -90788.781    10.909     0.35    1.58
 -90418.886    10.778    -0.35    2.03
 -90048.919    10.911     0.36    2.21
 -89678.880    11.047     0.37    2.50
 -89308.768    11.344     0.80    2.69
 -88938.584    11.314    -0.08    2.72
 -88568.327    11.654     0.92    2.99
 -88197.998    12.680     2.77    3.47
 -87827.596    13.591     2.46    3.15
 -87457.121    14.265     1.82    2.33
 -87086.573    14.503     0.64    2.18
 -86715.953    14.463    -0.11    2.13
 -86345.260    15.250     2.12    2.35
 -85974.494    16.367     3.01    2.05
 -85603.656    17.261     2.41    1.62
 -85232.744    17.820     1.51    1.20
 -84861.759    17.607    -0.57    1.15
 -84490.702    17.457    -0.40    1.24
 -84119.571    16.969    -1.32    1.44
 -83748.367    16.279    -1.86    1.80
 -83377.090    15.436    -2.27    1.79
 -83005.740    14.957    -1.29    1.48
 -82634.317    14.778    -0.48    1.40
 -82262.820    14.381    -1.07    1.35
 -81891.250    13.791    -1.59    1.39
 -81519.607    13.234    -1.50    1.52
 -81147.890    12.891    -0.92    1.61
 -80776.100    13.857     2.60    2.73
 -80404.236    15.314     3.92    4.06
 -80032.299    15.447     0.36    4.56
 -79660.288    16.203     2.03    4.90
 -79288.204    18.014     4.87    7.95
 -78916.046    20.216     5.92   10.91
 -78543.814    23.603     9.10   12.84
 -78171.508    28.981    14.44   13.11
 -77799.129    33.125    11.13   11.83
 -77426.676    35.815     7.22   10.35
 -77054.149    36.903     2.92    9.39
 -76681.548    36.711    -0.51    8.67
 -76308.873    38.295     4.25    9.42
 -75936.124    38.587     0.78    9.89
 -75563.301    38.002    -1.57    9.89
 -75190.404    36.165    -4.93    9.99
 -74817.433    33.547    -7.02    8.59
 -74444.387    32.005    -4.13    6.51
 -74071.268    31.801    -0.55    4.75
 -73698.074    33.338     4.12    4.41
 -73324.805    36.452     8.34    4.31
 -72951.463    39.422     7.95    4.68
 -72578.046    42.621     8.57    4.37
 -72204.554    44.564     5.20    3.03
 -71830.988    43.614    -2.55    3.38
 -71457.348    40.934    -7.17    4.39
 -71083.633    37.596    -8.93    4.55
 -70709.843    34.516    -8.24    3.85
 -70335.979    31.784    -7.31    3.71
 -69962.040    29.705    -5.56    2.52
 -69588.026    28.563    -3.05    2.61
 -69213.937    28.140    -1.13    2.99
 -68839.774    28.574     1.16    3.04
 -68465.535    28.719     0.39    2.75
 -68091.222    28.980     0.70    2.71
 -67716.834    28.911    -0.18    2.31
 -67342.370    28.585    -0.87    2.38
 -66967.832    27.958    -1.67    2.41
 -66593.218    27.250    -1.89    2.01
 -66218.530    26.526    -1.93    3.08
 -65843.766    25.299    -3.27    3.52
 -65468.927    25.027    -0.73    3.49
 -65094.012    25.090     0.17    3.36
 -64719.022    25.946     2.28    2.87
 -64343.957    26.677     1.95    2.55
 -63968.816    26.913     0.63    2.47
 -63593.600    26.758    -0.41    2.36
 -63218.309    26.317    -1.18    2.88
 -62842.942    26.336     0.05    3.16
 -62467.499    25.238    -2.92    3.23
 -62091.980    23.114    -5.66    5.66
 -61716.386    19.376    -9.95    7.50
 -61340.716    16.814    -6.82    6.34
 -60964.971    16.834     0.06    6.24
 -60589.149    20.591    10.00    6.56
 -60213.252    23.719     8.32    3.76
 -59837.278    25.200     3.94    2.02
 -59461.229    24.745    -1.21    2.15
 -59085.104    25.180     1.16    2.34
 -58708.902    25.879     1.86    2.57
 -58332.625    27.771     5.03    4.37
 -57956.271    29.160     3.69    4.82
 -57579.841    30.803     4.36    4.11
 -57203.335    31.722     2.44    3.25
 -56826.753    32.387     1.77    1.93
 -56450.094    33.026     1.70    2.11
 -56073.359    34.169     3.03    2.01
 -55696.547    34.643     1.26    1.79
 -55319.659    33.925    -1.91    2.49
 -54942.694    32.727    -3.18    2.83
 -54565.653    30.636    -5.55    3.14
 -54188.535    29.475    -3.08    2.39
 -53811.341    28.814    -1.75    2.32
 -53434.070    28.066    -1.98    2.99
 -53056.722    27.525    -1.43    3.57
 -52679.297    27.870     0.92    3.64
 -52301.795    27.563    -0.82    4.09
 -51924.217    25.347    -5.87    4.99
 -51546.561    24.112    -3.27    4.47
 -51168.829    23.685    -1.13    4.02
 -50791.020    24.804     2.96    3.90
 -50413.133    26.601     4.76    2.82
 -50035.169    27.969     3.62    2.22
 -49657.129    28.783     2.15    2.09
 -49279.011    29.803     2.70    1.87
 -48900.815    29.423    -1.00    2.57
 -48522.543    27.823    -4.23    3.75
 -48144.193    26.981    -2.23    3.56
 -47765.765    26.303    -1.79    2.92
 -47387.260    27.099     2.10    2.68
 -47008.678    28.002     2.39    2.12
 -46630.018    29.322     3.49    2.86
 -46251.280    31.002     4.43    3.28
 -45872.465    31.362     0.95    4.96
 -45493.572    29.530    -4.84    6.91
 -45114.602    26.713    -7.43    7.91
 -44735.553    23.904    -7.41    7.19
 -44356.427    23.992     0.23    6.66
 -43977.223    24.513     1.37    6.59
 -43597.941    24.365    -0.39    7.17
 -43218.581    22.828    -4.05    7.85
 -42839.143    19.693    -8.26    7.57
 -42459.627    16.219    -9.15    7.41
 -42080.032    13.736    -6.54    7.42
 -41700.360    10.211    -9.28    6.56
 -41320.609     8.291    -5.05    5.95
 -40940.781     7.519    -2.03    5.01
 -40560.873     8.147     1.65    4.86
 -40180.888    10.002     4.88    4.45
 -39800.824    11.992     5.23    4.12
 -39420.681    14.288     6.04    2.64
 -39040.460    14.935     1.70    2.62
 -38660.161    14.847    -0.23    2.51
 -38279.783    15.358     1.34    2.29
 -37899.326    15.266    -0.24    2.05
 -37518.791    17.068     4.74    3.30
 -37138.177    20.496     9.01    5.50
 -36757.484    24.321    10.05    5.89
 -36378.953    27.760     9.09    3.89
 -36013.198    28.747     2.70    2.61
 -35647.372    28.410    -0.92    3.44
 -35281.473    26.878    -4.19    4.85
 -34915.503    24.815    -5.64    5.59
 -34549.461    24.877     0.17    5.41
 -34183.347    25.497     1.69    6.09
 -33817.161    26.888     3.80    6.80
 -33450.903    30.002     8.50    4.96
 -33084.572    31.889     5.15    2.55
 -32718.170    31.230    -1.80    2.03
 -32351.695    30.831    -1.09    2.40
 -31985.148    30.376    -1.24    2.38
 -31618.529    30.632     0.70    2.63
 -31251.838    31.360     1.98    2.74
 -30885.074    32.415     2.88    2.99
 -30518.238    34.176     4.80    2.66
 -30151.329    35.399     3.33    2.43
 -29784.348    35.725     0.89    2.60
 -29417.295    36.513     2.15    3.50
 -29050.168    35.644    -2.37    4.40
 -28682.970    33.464    -5.94    5.48
 -28315.698    34.072     1.65    5.83
 -27948.354    33.738    -0.91    5.25
 -27580.937    33.747     0.02    4.74
 -27213.447    32.991    -2.06    6.38
 -26845.885    30.299    -7.32    8.26
 -26478.249    27.329    -8.08    8.07
 -26110.541    26.002    -3.61    6.88
 -25742.760    26.934     2.54    5.29
 -25374.906    29.187     6.12    4.99
 -25006.978    32.225     8.26    3.53
 -24638.978    33.324     2.99    1.91
 -24270.904    32.991    -0.90    2.01
 -23902.758    33.079     0.24    2.37
 -23534.538    33.654     1.56    2.82
 -23166.245    34.714     2.88    2.62
 -22797.878    35.244     1.44    2.31
 -22429.438    34.640    -1.64    2.54
 -22060.925    33.697    -2.56    3.04
 -21692.339    32.705    -2.69    2.51
 -21323.678    32.281    -1.15    2.14
 -20954.945    32.793     1.39    2.02
 -20586.138    32.708    -0.23    1.83
 -20217.257    31.830    -2.38    2.14
 -19848.302    30.578    -3.39    3.11
 -19479.274    30.553    -0.07    3.17
 -19110.172    31.915     3.69    4.81
 -18740.997    33.314     3.79    5.29
 -18371.747    37.165    10.43    5.84
 -18002.424    40.556     9.18    6.76
 -17633.027    42.614     5.57    6.90
 -17263.555    42.687     0.20    6.55
 -16894.010    42.572    -0.31    6.23
 -16524.391    42.524    -0.13    6.26
 -16154.697    43.569     2.83    6.37
 -15784.930    42.066    -4.07    7.59
 -15415.088    39.155    -7.87    8.32
 -15045.172    36.195    -8.00    8.53
 -14675.182    34.613    -4.28    7.72
 -14305.118    35.100     1.32    7.55
 -13934.979    33.632    -3.96    7.35
 -13564.766    32.848    -2.12    5.91
 -13194.478    32.958     0.30    4.90
 -12824.116    33.184     0.61    4.09
 -12453.679    33.725     1.46    3.31
 -12083.168    34.389     1.79    3.07
 -11712.582    34.530     0.38    2.90
 -11341.921    34.056    -1.28    4.15
 -10971.186    33.343    -1.92    4.70
 -10600.376    31.414    -5.20    6.37
 -10229.491    26.350   -13.65    9.68
  -9858.531    19.783   -17.70   11.01
  -9487.497    13.143   -17.90    8.45
  -9116.387     8.748   -11.84    3.67
  -8745.203     9.165     1.12    2.73
  -8373.943     9.606     1.19    2.60
  -8002.608     9.088    -1.40    3.09
  -7631.199     8.825    -0.71    3.63
  -7259.714     6.365    -6.62    4.39
  -6888.154     4.442    -5.17    3.76
  -6516.518     4.233    -0.56    3.65
  -6144.808     4.733     1.34    4.05
  -5773.022     5.569     2.25    4.30
  -5401.160     6.120     1.48    4.52
  -5029.223     5.306    -2.19    4.63
  -4657.211     3.730    -4.24    3.75
  -4285.123     2.685    -2.81    2.20
  -3912.960     3.111     1.14    2.37
  -3540.721     2.711    -1.07    2.22
  -3168.406     2.306    -1.09    2.41
  -2796.016     1.372    -2.51    2.29
  -2423.549     0.249    -3.01    0.83
  -2051.008     0.027    -0.59    0.35
  -1678.390     0.760     1.97    2.85
  -1305.696     2.539     4.77    6.48
   -932.926     3.453     2.45    7.85
   -560.081     3.663     0.56    8.28
   -187.159     2.067    -4.28    6.05
    185.839     0.515    -4.16    2.63
    558.913    -0.031    -1.46    0.00
    932.063    -0.031     0.00    0.00
   1305.289    -0.020     0.03    0.10
   1678.591     0.200     0.59    0.97
   2051.970     0.371     0.46    1.11
   2425.425     0.288    -0.22    0.83
   2798.957     0.187    -0.27    0.61
   3172.565     0.197     0.03    0.79
   3546.249     1.067     2.33    2.25
   3920.010     2.055     2.64    2.94
   4293.848     2.837     2.09    2.98
   4667.762     3.176     0.90    2.72
   5041.753     2.727    -1.20    2.09
   5415.821     1.915    -2.17    1.28
   5789.965     1.436    -1.28    0.85
   6164.187     1.313    -0.33    0.70
   6538.485     1.091    -0.59    0.36
   6912.860     1.163     0.19    0.58
   7287.312     1.194     0.08    0.67
   7661.841     1.012    -0.49    0.74
   8036.447     0.674    -0.90    0.70
   8411.130     0.464    -0.56    0.56
   8785.890     0.486     0.06    0.66
   9160.728     0.741     0.68    0.74
   9535.643     0.992     0.67    0.55
   9910.635     1.077     0.23    0.45
  10285.704     1.117     0.11    0.39
  10660.851     1.096    -0.06    0.33
  11036.075     1.117     0.06    0.39
  11411.377     1.077    -0.11    0.31
  11786.756     1.050    -0.07    0.27
  12162.213     1.044    -0.01    0.27
  12537.747     1.086     0.11    0.32
  12913.359     1.055    -0.08    0.28
  13289.049     1.016    -0.11    0.21
  13664.817     0.980    -0.10    0.10
  14040.662     1.003     0.06    0.18
  14416.585     1.001    -0.00    0.18
  14792.586     0.980    -0.06    0.11
  15168.666     1.077     0.26    0.34
  15544.823     1.115     0.10    0.39
  15921.058     1.129     0.04    0.49
  16297.371     0.880    -0.66    0.70
  16673.762     0.469    -1.09    0.65
  17050.232     0.214    -0.68    0.55
  17426.780     0.033    -0.48    0.25
  17803.406     0.156     0.33    0.45
  18180.111     0.267     0.29    0.48
  18556.893     0.387     0.32    0.56
  18933.755     0.352    -0.09    0.53
  19310.695     0.299    -0.14    0.52
  19687.713     0.227    -0.19    0.46
  20064.810     0.178    -0.13    0.41
  20441.985     0.225     0.12    0.44
  20819.240     0.277     0.14    0.46
  21196.572     0.313     0.10    0.48
  21573.984     0.291    -0.06    0.47
  21951.475     0.230    -0.16    0.44
  22329.044     0.280     0.13    0.47
  22706.693     0.502     0.59    0.50
  23084.420     0.771     0.71    0.40
  23462.226     0.850     0.21    0.33
  23840.112     0.736    -0.30    0.43
  24218.076     0.915     0.48    1.07
  24596.120     1.891     2.58    2.25
  24974.243     3.799     5.04    3.31
  25352.445     5.542     4.61    3.06
  25730.727     7.780     5.91    2.62
  26109.088     9.879     5.55    3.65
  26487.528    11.267     3.67    4.23
  26866.048    11.935     1.76    4.93
  27244.647    11.905    -0.08    5.38
  27623.326    11.700    -0.54    5.42
  28002.084     9.947    -4.63    4.87
  28380.922     8.250    -4.48    4.61
  28759.840     6.735    -4.00    4.69
  29138.838     4.061    -7.06    2.36
  29517.915     3.065    -2.63    0.49
  29897.073     2.969    -0.25    0.00
  30276.310     2.969     0.00    0.00
  30655.627     2.969     0.00    0.00
  31035.024     3.281     0.82    1.38
  31414.501     5.388     5.55    6.80
  31794.059     7.786     6.32    9.99
  32173.696     8.748     2.53    9.92
  32553.414    10.174     3.75   10.33
  32933.212    12.452     6.00   13.06
  33313.090    16.469    10.58   15.72
  33693.049    18.429     5.16   16.12
  34073.088    16.214    -5.83   13.92
  34453.207    14.414    -4.74   11.87
  34833.407    13.593    -2.16    9.99
  35213.688    16.014     6.37   10.63
  35594.049    16.959     2.48   11.31
  35974.491    17.325     0.96   11.73
  36355.014    16.801    -1.38   11.18
  36735.617    16.094    -1.86   10.93
  37116.301    15.639    -1.19   10.49
  37497.066    14.103    -4.04    9.15
  37877.912    17.980    10.18   10.61
  38258.839    20.733     7.23   10.49
  38627.326    19.249    -4.03   10.82
  38992.923    17.625    -4.44   10.31
  39358.594    12.544   -13.90    9.72
  39724.339    10.365    -5.96    9.17
  40090.157     8.150    -6.05    6.57
  40456.049     7.837    -0.85    6.25
  40822.015    11.453     9.88    7.95
  41188.055    13.636     5.96    7.89
  41554.168    16.591     8.07    8.89
  41920.355    19.235     7.22    9.81
  42286.616    21.618     6.50   10.67
  42652.952    21.597    -0.06   10.92
  43019.361    19.844    -4.78   11.98
  43385.844    19.852     0.02   11.67
  43752.401    15.725   -11.26   10.27
  44119.033    12.829    -7.90    7.19
  44485.738    12.722    -0.29    7.82
  44852.518    13.618     2.44    8.11
  45219.372    15.917     6.27    8.33
  45586.301    14.244    -4.56    7.89
  45953.303    13.238    -2.74    7.95
  46320.381    13.284     0.12    8.18
  46687.532    14.184     2.45    8.50
  47054.758    17.509     9.06    7.97
  47422.059    20.193     7.31    5.65
  47789.434    20.165    -0.08    4.96
  48156.884    16.754    -9.28    6.72
  48524.409    14.679    -5.65    7.79
  48892.008    13.992    -1.87    9.38
  49259.682    13.480    -1.39   10.29
  49627.431    13.299    -0.49    9.95
  49995.255    11.533    -4.80    7.79
  50363.154    12.503     2.64    7.59
  50731.127    15.894     9.21    9.43
  51099.176    20.059    11.32    9.70
  51467.300    22.222     5.88    8.22
  51835.498    20.851    -3.72    8.08
  52203.772    17.871    -8.09    8.37
  52572.121    16.235    -4.44    7.90
  52940.546    13.163    -8.34    6.37
  53309.045    13.395     0.63    6.07
  53677.620    13.354    -0.11    5.77
  54046.270    13.756     1.09    6.29
  54414.996    19.509    15.60   11.57
  54783.797    24.554    13.68   14.50
  55152.674    27.115     6.94   14.63
  55521.626    28.285     3.17   13.76
  55890.654    29.306     2.77   13.07
  56259.757    29.098    -0.56   13.59
  56628.936    31.926     7.66   14.70
  56998.191    35.044     8.44   16.34
  57367.522    37.176     5.77   16.90
  57736.928    42.914    15.54   15.91
  58106.410    45.230     6.27   12.82
  58475.969    45.026    -0.55   11.06
  58845.603    48.561     9.56   12.58
  59215.313    55.401    18.50   10.74
  59585.099    58.905     9.48    9.86
  59954.962    57.136    -4.78   12.44
  60324.900    49.108   -21.70   13.45
  60694.915    41.936   -19.38    9.83
  61065.006    39.738    -5.94    6.11
  61435.173    40.121     1.04    5.60
  61805.416    42.320     5.94    5.42
  62175.736    44.851     6.83    6.50
  62546.133    47.485     7.11    6.95
  62916.605    47.797     0.84    6.72
  63287.155    47.596    -0.54    6.85
  63657.781    44.959    -7.11    6.45
  64028.483    42.060    -7.82    4.89
  64399.262    40.639    -3.83    3.96
  64770.118    41.025     1.04    3.75
  65141.051    42.182     3.12    5.62
  65512.060    47.090    13.23   11.29
  65883.147    57.565    28.23   16.53
  66254.310    70.342    34.42   19.59
  66625.550    86.491    43.50   18.63
  66996.867    96.373    26.62   15.73
  67368.261   103.131    18.19   10.58
  67739.733   103.317     0.50    9.54
  68111.281    97.367   -16.01   12.97
  68482.907    88.012   -25.18   15.94
  68854.610    76.024   -32.25   15.42
  69226.390    67.012   -24.24   13.15
  69598.247    58.372   -23.24    7.39
  69970.182    54.668    -9.96    3.14
  70342.194    52.901    -4.75    3.06
  70714.284    52.769    -0.35    3.38
  71086.451    52.705    -0.17    3.62
  71458.696    54.843     5.74    5.24
  71831.018    56.395     4.17    5.10
  72203.418    58.043     4.43    3.47
  72575.896    57.743    -0.80    2.96
  72948.452    57.480    -0.71    2.40
  73321.085    56.852    -1.68    2.20
  73693.796    55.714    -3.05    3.57
  74066.585    53.801    -5.13    5.81
  74439.452    50.892    -7.80    7.36
  74812.397    49.180    -4.59    6.82
  75185.420    49.437     0.69    5.84
  75558.522    50.214     2.08    4.53
  75931.701    51.291     2.89    2.67
  76304.959    51.306     0.04    2.43
  76678.294    50.061    -3.33    3.05
  77051.708    48.714    -3.61    3.83
  77425.201    47.310    -3.76    3.94
  77798.772    46.352    -2.56    4.13
  78172.421    45.891    -1.24    4.39
  78546.149    44.496    -3.73    4.71
  78919.955    42.174    -6.21    4.02
  79293.840    40.222    -5.22    3.78
  79667.803    38.556    -4.45    3.29
  80041.845    37.190    -3.65    3.26
  80415.966    36.267    -2.47    2.93
  80790.166    36.098    -0.45    2.82
  81164.444    34.991    -2.96    3.09
  81538.802    33.480    -4.04    2.56
  81913.238    32.727    -2.01    2.19
  82287.753    33.249     1.39    2.85
  82662.348    34.820     4.20    2.90
  83037.021    36.267     3.86    2.48
  83411.774    36.937     1.79    2.44
  83786.605    37.654     1.91    2.45
  84161.516    38.012     0.95    2.41
  84536.506    38.556     1.45    2.56
  84911.576    38.496    -0.16    2.36
  85286.725    38.328    -0.45    2.72
  85661.953    38.527     0.53    2.76
  86037.261    38.547     0.05    2.43
  86412.648    39.230     1.82    2.15
  86788.115    39.340     0.29    2.55
  87163.662    38.485    -2.28    3.38
  87539.288    37.481    -2.68    3.89
  87914.994    37.427    -0.14    3.81
  88290.779    37.463     0.10    3.09
  88666.645    38.554     2.90    3.53
  89042.590    40.025     3.91    4.25
  89418.615    41.474     3.86    5.14
  89794.721    43.281     4.80    6.47
  90170.906    44.664     3.68    6.67
  90547.171    44.393    -0.72    6.50
  90923.517    44.267    -0.33    5.54
  91299.943    44.230    -0.10    4.72
  91676.449    45.417     3.15    4.10
  92053.035    47.695     6.05    4.90
  92429.701    52.380    12.44    7.30
  92806.448    56.969    12.18    8.18
  93183.275    64.906    21.06    9.71
  93560.183    75.044    26.90   15.26
  93937.172    93.422    48.75   23.87
  94314.241   112.184    49.76   24.80
  94691.390   129.832    46.80   21.13
  95068.620   143.895    37.28   19.86
  95445.931   152.927    23.94   26.10
  95823.323   150.512    -6.40   31.26
  96200.796   149.682    -2.20   31.52
  96578.349   156.639    18.43   30.88
  96955.984   174.661    47.72   32.88
  97333.699   196.580    58.03   24.30
  97711.495   216.782    53.48   18.58
  98089.373   225.464    22.98   15.37
  98467.332   226.767     3.45   12.94
  98845.372   226.916     0.39   14.10
  99223.493   229.559     6.99   17.23
  99601.695   241.653    31.98   25.92
  99979.979   255.459    36.50   28.89
 100358.344   261.937    17.12   32.36
 100736.791   272.852    28.84   35.19
 101115.319   272.622    -0.61   32.53
 101493.929   252.769   -52.44   47.76
 101872.620   222.759   -79.25   60.75
 102251.393   183.074  -104.78   47.15
 102630.248   160.096   -60.66   21.82
 103009.185   148.517   -30.56    9.50
 103388.203   155.317    17.94   20.43
 103767.303   178.896    62.20   45.18
 104146.485   222.464   114.91   79.35
 104525.749   284.437   163.42   98.66
 104905.096   327.180   112.68   93.16
 105284.524   357.001    78.60   74.62
 105664.034   368.159    29.40   64.09
 106043.627   384.161    42.16   56.54
 106423.301   391.171    18.47   50.81
 106803.059   394.622     9.09   39.72
 107182.898   385.096   -25.08   40.97
 107562.820   371.748   -35.13   42.40
 107942.824   361.799   -26.18   43.51
 108322.911   346.178   -41.10   47.72
 108703.080   324.799   -56.24   50.88
 109083.332   283.396  -108.89   60.17
 109463.667   263.518   -52.27   49.86
 109844.084   259.072   -11.69   42.82
 110224.584   272.310    34.79   40.03
 110605.167   300.401    73.82   31.24
 110985.833   318.410    47.31   36.11
 111366.582   341.542    60.76   36.58
 111747.414   355.801    37.44   34.43
 112128.328   350.759   -13.24   49.45
 112509.326   333.586   -45.08   59.53
 112890.407   305.619   -73.40   59.69
 113264.288   289.774   -42.38   57.20
 113629.654   275.085   -40.21   59.35
 113995.095   267.359   -21.14   60.26
 114360.612   257.884   -25.92   60.13
 114726.204   246.146   -32.11   47.94
 115091.871   239.306   -18.71   35.66
 115457.614   251.895    34.42   44.85
 115823.433   272.924    57.49   51.32
 116189.327   292.619    53.83   49.52
 116555.297   305.569    35.39   49.06
 116921.342   310.432    13.29   49.28
 117287.463   316.584    16.80   54.26
 117653.660   327.475    29.74   64.73
 118019.933   330.949     9.49   69.68
 118386.282   331.882     2.55   66.47
 118752.706   326.052   -15.91   52.11
 119119.207   329.024     8.11   36.80
 119485.783   346.619    48.00   38.09
 119852.436   368.748    60.36   40.28
 120219.164   395.527    73.03   36.55
 120585.969   417.646    60.31   40.72
 120952.850   443.980    71.78   44.27
 121319.807   466.201    60.56   44.94
 121686.841   479.572    36.43   44.29
 122053.950   481.763     5.97   50.94
 122421.137   482.895     3.08   51.35
 122788.399   484.792     5.17   44.87
 123155.738   499.127    39.03   51.16
 123523.154   538.831   108.07   68.90
 123890.646   588.511   135.20   68.74
 124258.215   627.969   107.36   49.52
 124625.860   663.722    97.26   48.18
 124993.582   684.180    55.64   51.28
 125361.381   686.948     7.53   53.01
 125729.257   674.502   -33.84   66.38
 126097.210   598.480  -206.63  107.54
 126465.239   514.437  -228.38  116.90
 126833.346   427.193  -237.03   93.38
 127201.529   365.832  -166.67   58.49
 127569.789   325.469  -109.61   31.82
 127938.127   315.510   -27.04   26.29
 128306.542   319.426    10.63   34.59
 128675.033   328.848    25.57   33.66
 129043.603   332.905    11.01   30.22
 129412.249   320.908   -32.55   37.00
 129780.973   293.639   -73.96   44.76
 130149.774   259.464   -92.67   44.11
 130518.652   234.584   -67.45   28.67
 130887.608   221.416   -35.69   12.90
 131256.642   220.407    -2.74   12.70
 131625.753   222.621     6.00   13.52
 131994.942   223.918     3.51   12.69
 132364.208   221.758    -5.85   11.41
 132733.552   217.061   -12.72    9.83
 133102.974   212.416   -12.57    7.10
 133472.474   209.742    -7.24    5.12
 133842.051   208.352    -3.76    4.45
 134211.707   207.459    -2.42    4.73
 134581.440   208.844     3.75    6.46
 134951.252   213.076    11.44    8.13
 135321.141   219.155    16.44   10.92
 135691.109   225.795    17.95   11.69
 136061.155   227.887     5.65   11.53
 136431.279   224.769    -8.42   18.80
 136801.481   212.282   -33.73   27.49
 137171.762   196.554   -42.48   28.13
 137542.121   178.500   -48.75   26.64
 137912.558   164.778   -37.05   23.17
 138283.074   153.382   -30.76   17.28
 138653.668   149.813    -9.63   13.28
 139024.341   148.363    -3.91   13.48
 139395.092   149.459     2.96   17.53
 139765.922   149.361    -0.27   19.99
 140136.831   149.796     1.17   18.71
 140507.819   151.045     3.37   16.12
 140878.885   153.606     6.90   14.65
 141250.030   157.089     9.39   16.95
 141621.254   159.000     5.15   17.14
 141992.557   159.339     0.91   14.05
 142363.939   160.155     2.20   10.11
 142735.400   162.459     6.20    7.72
 143106.941   165.815     9.03    7.16
 143478.560   169.184     9.07    9.53
 143850.258   165.590    -9.67   12.49
 144222.036   159.144   -17.34   14.51
 144593.893   148.209   -29.41   14.62
 144965.830   137.886   -27.76   11.76
 145337.845   130.354   -20.25   10.66
 145709.941   124.062   -16.91   10.56
 146082.116   119.567   -12.08    8.82
 146454.370   116.538    -8.14    8.00
