-200434.573    46.415     0.00    2.01
-200060.315    45.581    -2.23    2.06
-199685.998    44.576    -2.68    1.89
-199311.622    44.392    -0.49    2.01
-198937.186    44.600     0.55    2.02
-198562.690    45.240     1.71    1.88
-198188.136    46.088     2.26    1.65
-197813.521    46.282     0.52    1.40
-197438.848    46.677     1.05    1.35
-197064.114    46.462    -0.57    1.57
-196689.321    46.016    -1.19    1.62
-196314.469    45.198    -2.18    1.55
-195939.557    44.914    -0.76    1.95
-195564.586    44.583    -0.88    2.14
-195189.554    43.841    -1.98    2.04
-194814.463    43.090    -2.00    2.34
-194439.313    42.362    -1.94    3.49
-194064.102    40.350    -5.36    5.12
-193688.832    37.029    -8.85    6.06
-193313.502    33.082   -10.51    5.06
-192938.112    30.782    -6.13    3.39
-192562.662    29.749    -2.75    2.19
-192187.153    30.118     0.98    1.94
-191811.583    31.417     3.46    1.81
-191435.954    32.253     2.22    1.17
-191060.264    32.896     1.71    1.16
-190684.515    32.939     0.11    1.57
-190308.705    32.896    -0.11    2.06
-189932.835    32.410    -1.29    2.25
-189556.906    31.682    -1.94    2.94
-189180.916    30.573    -2.95    3.16
-188804.866    29.597    -2.60    3.22
-188428.756    28.789    -2.15    2.37
-188052.585    28.782    -0.02    2.29
-187676.354    29.096     0.83    2.22
-187300.064    29.363     0.71    1.82
-186923.712    29.549     0.49    1.39
-186547.301    29.444    -0.28    0.96
-186170.829    29.075    -0.98    0.97
-185794.296    28.693    -1.01    0.91
-185417.704    28.269    -1.12    1.12
-185041.050    28.198    -0.19    1.59
-184664.337    27.516    -1.81    2.03
-184287.562    26.893    -1.65    2.16
-183910.728    26.750    -0.38    2.43
-183533.832    26.268    -1.28    2.15
-183156.876    26.400     0.35    1.51
-182779.860    26.863     1.23    1.27
-182402.782    27.216     0.93    1.23
-182025.645    27.669     1.20    1.26
-181648.446    28.149     1.27    1.56
-181271.186    28.562     1.10    1.65
-180893.866    28.693     0.35    1.39
-180516.485    28.688    -0.01    1.24
-180139.043    28.953     0.70    1.18
-179761.541    28.882    -0.19    1.22
-179383.977    28.967     0.22    1.78
-179006.352    29.776     2.14    2.63
-178628.667    30.789     2.68    2.94
-178250.920    31.474     1.81    3.09
-177873.113    32.390     2.43    3.30
-177495.244    32.389    -0.00    3.37
-177117.315    33.309     2.43    3.38
-176739.324    33.350     0.11    2.84
-176361.272    33.568     0.58    2.81
-175983.159    35.090     4.02    4.06
-175604.984    36.722     4.32    4.48
-175226.749    38.657     5.11    3.74
-174848.452    39.062     1.07    3.36
-174470.094    38.120    -2.49    3.27
-174091.674    38.177     0.15    3.32
-173713.194    39.269     2.88    3.39
-173334.651    41.401     5.63    3.62
-172956.048    46.896    14.51    7.54
-172577.383    52.389    14.50    8.72
-172198.656    57.698    14.02    6.62
-171819.868    60.981     8.66    3.79
-171441.019    60.536    -1.17    4.11
-171062.108    59.701    -2.20    4.43
-170683.135    58.736    -2.55    4.03
-170304.101    57.225    -3.98    2.18
-169925.005    57.679     1.20    1.89
-169545.847    58.944     3.34    2.38
-169166.627    61.579     6.95    4.54
-168787.346    65.309     9.83    5.25
-168408.003    68.025     7.16    4.64
-168028.598    70.242     5.84    2.74
-167649.132    69.241    -2.64    3.55
-167279.601    66.949    -6.20    3.96
-166911.986    65.118    -4.98    3.27
-166544.313    64.620    -1.35    3.23
-166176.583    64.707     0.23    4.18
-165808.794    65.426     1.95    4.72
-165440.949    66.240     2.21    5.30
-165073.045    66.651     1.12    5.04
-164705.084    66.419    -0.63    4.62
-164337.064    66.114    -0.83    3.95
-163968.987    65.944    -0.46    4.49
-163600.853    65.010    -2.54    4.80
-163232.660    64.998    -0.03    4.75
-162864.409    66.006     2.74    4.60
-162496.101    67.228     3.32    4.67
-162127.734    68.715     4.03    4.83
-161759.310    71.131     6.56    4.23
-161390.827    72.419     3.49    3.20
-161022.286    72.620     0.55    3.44
-160653.688    72.501    -0.32    3.79
-160285.031    69.118    -9.18    5.86
-159916.316    67.056    -5.59    6.36
-159547.543    66.496    -1.52    6.56
-159178.711    66.006    -1.33    5.63
-158809.822    67.598     4.32    5.30
-158440.874    68.164     1.53    4.65
-158071.868    68.674     1.38    4.10
-157702.804    68.283    -1.06    4.01
-157333.681    67.904    -1.03    4.02
-156964.500    67.032    -2.36    4.02
-156595.260    66.539    -1.34    4.07
-156225.963    65.506    -2.80    4.12
-155856.606    64.002    -4.07    3.26
-155487.191    63.440    -1.52    2.91
-155117.718    64.189     2.03    3.25
-154748.186    64.401     0.57    3.21
-154378.596    64.720     0.86    3.16
-154008.947    65.458     1.99    2.89
-153639.239    66.147     1.86    3.26
-153269.473    66.679     1.44    2.98
-152899.648    66.471    -0.56    3.06
-152529.765    65.971    -1.35    3.07
-152159.822    65.836    -0.37    2.82
-151789.821    64.138    -4.59    3.38
-151419.761    61.722    -6.53    4.60
-151049.643    58.049    -9.92    5.93
-150679.465    54.836    -8.68    5.34
-150309.229    53.633    -3.25    5.18
-149938.933    54.474     2.27    6.09
-149568.579    55.646     3.17    6.34
-149198.166    57.542     5.12    5.77
-148827.694    58.629     2.93    4.69
-148457.162    59.830     3.24    2.42
-148086.572    60.659     2.24    1.01
-147715.923    61.525     2.34    1.82
-147345.214    63.389     5.03    3.17
-146974.447    65.310     5.18    3.53
-146603.620    67.816     6.76    2.99
-146232.734    69.493     4.52    1.70
-145861.789    70.269     2.09    1.15
-145490.785    70.681     1.11    0.86
-145119.721    70.980     0.80    0.82
-144748.598    71.435     1.22    0.97
-144377.416    71.756     0.87    1.64
-144006.174    73.014     3.39    3.20
-143634.873    73.816     2.16    3.37
-143263.513    75.282     3.95    3.36
-142892.093    76.321     2.80    2.62
-142520.613    77.157     2.25    1.84
-142149.075    77.587     1.16    1.29
-141777.476    77.573    -0.04    1.66
-141405.818    78.993     3.82    4.20
-141034.100    81.761     7.45    6.57
-140662.323    84.696     7.89    6.39
-140290.486    85.268     1.54    6.15
-139918.590    83.444    -4.90    7.28
-139546.634    78.188   -14.13    7.21
-139174.618    74.446   -10.06    5.81
-138802.542    71.417    -8.14    3.60
-138430.406    70.228    -3.20    2.50
-138058.211    70.701     1.27    2.50
-137685.956    70.809     0.29    2.72
-137313.640    69.782    -2.76    3.41
-136941.265    68.151    -4.38    3.33
-136568.830    66.485    -4.47    2.19
-136196.335    65.688    -2.14    1.06
-135823.780    65.606    -0.22    0.57
-135451.165    65.962     0.95    1.03
-135078.490    66.967     2.69    1.75
-134705.755    68.176     3.24    2.08
-134332.960    69.480     3.50    2.11
-133960.104    69.863     1.03    2.05
-133587.188    68.789    -2.88    3.49
-133214.213    67.309    -3.97    4.67
-132841.176    65.213    -5.62    5.06
-132468.080    63.728    -3.98    5.12
-132094.923    62.096    -4.37    4.00
-131721.706    61.448    -1.73    3.06
-131348.429    60.802    -1.73    2.37
-130975.091    60.859     0.15    2.13
-130601.693    61.690     2.23    1.97
-130228.234    62.282     1.58    1.46
-129854.715    61.706    -1.54    2.56
-129481.136    61.046    -1.77    3.04
-129107.495    61.361     0.84    3.10
-128733.795    62.337     2.61    3.11
-128360.033    63.427     2.92    2.68
-127986.211    64.496     2.86    1.86
-127612.329    64.730     0.63    1.26
-127238.385    64.501    -0.61    1.03
-126864.381    63.728    -2.07    1.35
-126490.317    62.949    -2.08    1.51
-126116.191    62.664    -0.76    1.33
-125742.005    62.815     0.40    1.33
-125367.757    63.336     1.39    1.41
-124993.449    64.049     1.90    0.86
-124619.080    64.402     0.94    0.71
-124244.650    65.010     1.62    1.32
-123870.160    65.742     1.95    1.70
-123495.608    66.561     2.19    1.52
-123120.995    67.076     1.37    0.99
-122746.321    67.218     0.38    1.01
-122371.586    67.073    -0.39    1.04
-121996.790    66.809    -0.71    0.95
-121621.932    66.546    -0.70    0.87
-121247.014    66.125    -1.12    0.66
-120872.034    65.981    -0.38    0.65
-120496.993    66.482     1.34    1.26
-120121.891    67.602     2.99    2.06
-119746.728    69.374     4.72    2.94
-119371.503    71.389     5.37    2.84
-118996.217    72.906     4.04    2.66
-118620.869    73.562     1.75    2.93
-118245.460    72.269    -3.44    3.96
-117869.990    69.377    -7.70    4.82
-117494.458    66.762    -6.96    4.23
-117118.864    65.462    -3.46    2.83
-116743.210    65.802     0.90    2.42
-116367.493    67.854     5.46    3.63
-115991.715    71.052     8.51    5.06
-115615.875    74.440     9.01    5.38
-115239.974    76.981     6.76    4.30
-114864.011    78.059     2.87    3.29
-114487.986    77.042    -2.70    3.43
-114111.899    71.756   -14.05    7.64
-113735.751    66.147   -14.91    8.66
-113359.541    63.667    -6.59    8.65
-112983.269    63.688     0.05    9.83
-112606.935    68.667    13.23   10.72
-112230.539    75.039    16.93    6.25
-111854.081    76.896     4.93    3.57
-111477.562    74.848    -5.44    5.74
-111100.980    70.296   -12.09    7.55
-110724.336    64.414   -15.61    7.99
-110347.630    58.709   -15.14    6.12
-109970.862    54.350   -11.57    4.39
-109594.032    51.760    -6.87    3.61
-109217.140    49.861    -5.04    3.84
-108840.186    48.379    -3.93    4.88
-108463.169    45.730    -7.03    6.26
-108086.090    44.857    -2.31    6.63
-107708.949    47.270     6.40    8.05
-107331.745    49.215     5.15    7.62
-106954.480    48.270    -2.50    7.09
-106577.151    44.802    -9.19    6.64
-106199.761    42.138    -7.06    5.52
-105822.308    40.413    -4.57    4.36
-105444.792    41.546     3.00    5.52
-105067.214    45.896    11.52    9.55
-104689.574    50.417    11.97   11.14
-104311.871    55.162    12.56   10.42
-103934.105    59.507    11.50    6.59
-103556.276    60.401     2.37    2.87
-103178.385    60.240    -0.43    2.54
-102800.432    60.026    -0.57    2.43
-102422.415    59.871    -0.41    3.12
-102044.336    58.834    -2.74    6.54
-101666.194    56.922    -5.06    8.99
-101287.989    53.704    -8.51   10.97
-100909.722    50.477    -8.53   10.71
-100531.391    47.217    -8.62    9.01
-100152.998    43.546    -9.70    8.87
 -99774.541    41.136    -6.37    9.90
 -99396.022    37.896    -8.56    8.88
 -99017.439    35.981    -5.06    7.68
 -98638.794    38.032     5.42    8.27
 -98260.086    41.365     8.80    8.80
 -97881.314    45.014     9.63    9.31
 -97502.479    47.896     7.61    8.06
 -97123.581    48.834     2.48    6.68
 -96744.620    48.882     0.13    6.18
 -96365.596    48.882     0.00    5.75
 -95986.508    50.737     4.89    5.62
 -95607.357    52.722     5.24    5.19
 -95228.143    53.989     3.34    4.30
 -94848.865    54.049     0.16    3.98
 -94469.524    52.522    -4.02    4.87
 -94090.120    50.606    -5.05    5.21
 -93710.652    49.562    -2.75    5.75
 -93331.121    48.949    -1.62    6.72
 -92951.526    48.437    -1.35    6.37
 -92578.946    45.717    -7.30    6.68
 -92211.515    42.308    -9.28    6.69
 -91844.025    38.882    -9.32    5.64
 -91476.476    36.616    -6.17    4.10
 -91108.868    34.629    -5.41    2.11
 -90741.201    33.906    -1.97    1.51
 -90373.475    34.019     0.31    2.04
 -90005.690    34.856     2.27    3.09
 -89637.845    35.944     2.96    3.94
 -89269.941    36.629     1.86    4.36
 -88901.977    36.416    -0.58    4.65
 -88533.955    34.413    -5.44    3.54
 -88165.873    32.405    -5.45    2.42
 -87797.731    31.558    -2.30    2.16
 -87429.530    30.893    -1.81    2.07
 -87061.270    29.764    -3.07    3.45
 -86692.950    28.515    -3.39    4.35
 -86324.571    26.717    -4.88    4.72
 -85956.132    25.844    -2.37    4.91
 -85587.634    25.309    -1.45    4.99
 -85219.076    25.210    -0.27    5.43
 -84850.458    24.782    -1.16    5.94
 -84481.781    24.652    -0.35    5.58
 -84113.044    24.980     0.89    4.19
 -83744.247    25.546     1.53    2.58
 -83375.390    25.903     0.97    2.01
 -83006.474    26.254     0.95    1.92
 -82637.498    26.979     1.97    1.62
 -82268.462    27.734     2.05    1.44
 -81899.366    28.743     2.73    1.58
 -81530.211    29.802     2.87    2.02
 -81160.995    30.730     2.51    2.32
 -80791.720    31.924     3.23    2.82
 -80422.384    33.019     2.96    3.10
 -80052.989    34.008     2.68    3.37
 -79683.533    34.783     2.10    3.42
 -79314.018    36.004     3.30    3.55
 -78944.442    37.721     4.64    3.53
 -78574.806    39.518     4.86    3.19
 -78205.110    40.992     3.99    2.69
 -77835.354    42.008     2.75    1.92
 -77465.537    42.954     2.56    1.32
 -77095.661    43.268     0.85    1.34
 -76725.724    44.177     2.46    1.84
 -76355.726    45.225     2.83    2.13
 -75985.669    45.164    -0.17    2.13
 -75615.551    44.501    -1.79    2.61
 -75245.372    43.629    -2.36    2.62
 -74875.134    42.310    -3.56    1.70
 -74504.834    41.496    -2.20    1.78
 -74134.475    40.726    -2.08    1.88
 -73764.054    40.017    -1.91    1.54
 -73393.573    39.579    -1.18    1.93
 -73023.032    39.361    -0.59    3.54
 -72652.430    38.972    -1.05    4.47
 -72281.767    37.967    -2.71    4.55
 -71911.044    37.018    -2.56    3.64
 -71540.260    36.585    -1.17    2.61
 -71169.415    36.512    -0.20    2.11
 -70798.510    36.271    -0.65    2.28
 -70427.543    36.073    -0.53    2.46
 -70056.516    36.245     0.46    2.60
 -69685.428    36.802     1.50    2.32
 -69314.279    37.480     1.82    1.50
 -68943.069    37.419    -0.16    1.50
 -68571.799    36.967    -1.22    1.33
 -68200.467    37.014     0.13    1.14
 -67829.074    37.230     0.58    0.94
 -67457.620    37.309     0.21    0.94
 -67086.106    37.911     1.62    1.94
 -66714.530    38.998     2.93    2.83
 -66342.893    39.808     2.18    3.28
 -65971.194    39.989     0.49    3.20
 -65599.435    39.488    -1.35    2.89
 -65227.614    38.922    -1.52    2.93
 -64855.733    38.796    -0.34    2.97
 -64483.789    39.375     1.56    4.13
 -64111.785    39.525     0.41    4.81
 -63739.719    39.085    -1.18    4.86
 -63367.592    37.860    -3.29    4.61
 -62995.403    35.940    -5.16    2.59
 -62623.153    35.169    -2.07    1.39
 -62250.842    34.896    -0.73    1.68
 -61878.469    35.462     1.52    2.61
 -61506.034    38.717     8.74    5.59
 -61133.538    42.945    11.35    7.65
 -60760.981    48.854    15.86    7.80
 -60388.361    52.511     9.81    5.88
 -60015.681    54.400     5.07    4.87
 -59642.938    53.065    -3.58    5.37
 -59270.134    51.023    -5.48    4.44
 -58897.268    50.722    -0.81    3.05
 -58524.340    51.706     2.64    3.27
 -58151.350    51.656    -0.13    4.06
 -57778.299    49.193    -6.60    6.69
 -57405.185    46.402    -7.48    7.39
 -57032.010    41.464   -13.23    6.70
 -56658.773    36.875   -12.30    6.29
 -56285.474    32.029   -12.98    5.82
 -55912.113    28.376    -9.78    3.54
 -55538.689    25.971    -6.44    1.50
 -55165.204    24.539    -3.83    2.11
 -54791.657    23.033    -4.03    2.31
 -54418.048    21.532    -4.02    1.81
 -54044.376    20.608    -2.47    1.20
 -53670.642    20.079    -1.41    0.65
 -53296.846    19.756    -0.86    0.62
 -52922.988    19.726    -0.08    1.14
 -52549.068    20.815     2.91    2.45
 -52175.085    22.309     3.99    3.16
 -51801.040    24.411     5.62    3.31
 -51426.932    26.647     5.98    2.66
 -51052.762    27.996     3.60    2.74
 -50678.530    28.625     1.68    2.79
 -50304.235    28.116    -1.36    3.18
 -49929.878    26.440    -4.48    3.41
 -49555.458    24.464    -5.28    2.81
 -49180.976    22.941    -4.07    1.69
 -48806.431    22.398    -1.45    1.13
 -48431.823    22.488     0.24    1.22
 -48057.153    23.192     1.88    1.59
 -47682.420    24.103     2.43    1.80
 -47307.624    23.936    -0.45    2.24
 -46932.766    23.296    -1.71    2.53
 -46557.845    22.402    -2.38    2.31
 -46182.861    21.821    -1.55    1.49
 -45807.814    21.736    -0.23    0.84
 -45432.704    21.880     0.38    0.64
 -45057.532    22.145     0.71    0.95
 -44682.296    22.269     0.33    1.06
 -44306.997    22.661     1.04    1.91
 -43931.636    23.359     1.86    2.53
 -43556.211    24.435     2.86    2.70
 -43180.724    23.908    -1.40    3.34
 -42805.173    22.458    -3.86    3.73
 -42429.559    20.757    -4.53    4.43
 -42053.882    18.763    -5.31    3.74
 -41678.142    18.629    -0.36    3.70
 -41302.338    19.219     1.57    3.78
 -40926.471    20.374     3.07    4.52
 -40550.541    20.802     1.14    6.78
 -40174.548    21.480     1.80    8.97
 -39798.491    19.764    -4.56   11.75
 -39422.371    18.361    -3.73   13.19
 -39046.188    16.526    -4.88   11.89
 -38669.941    14.414    -5.61    8.32
 -38293.630    15.685     3.38    3.52
 -37917.256    17.761     5.52    3.75
 -37540.818    21.125     8.93    5.04
 -37164.317    24.742     9.61    4.17
 -36787.752    26.646     5.06    3.22
 -36411.124    28.661     5.35    4.99
 -36034.432    30.258     4.24    6.29
 -35657.676    32.082     4.84    6.38
 -35280.856    33.646     4.15    7.11
 -34903.973    35.426     4.72    6.82
 -34527.026    35.764     0.90    6.64
 -34150.015    35.898     0.36    6.33
 -33772.940    35.244    -1.74    6.32
 -33395.801    35.979     1.95    6.93
 -33018.598    37.616     4.34    7.03
 -32641.331    38.574     2.54    6.29
 -32264.001    37.149    -3.78    7.34
 -31886.606    32.898   -11.26    8.10
 -31509.147    28.597   -11.39    6.28
 -31131.624    26.439    -5.72    5.25
 -30754.037    24.008    -6.44    6.27
 -30376.385    22.017    -5.27    7.76
 -29998.670    18.909    -8.23    9.32
 -29620.890    15.496    -9.04    8.27
 -29243.046    13.190    -6.10    6.63
 -28865.137    14.607     3.75    6.28
 -28487.165    16.001     3.69    4.69
 -28109.127    16.471     1.24    3.66
 -27731.026    16.719     0.66    3.75
 -27352.860    17.374     1.73    3.63
 -26974.630    17.650     0.73    4.89
 -26596.335    16.082    -4.14    6.04
 -26217.975    14.958    -2.97    6.29
 -25839.551    14.917    -0.11    5.00
 -25461.062    15.384     1.23    4.96
 -25082.509    14.998    -1.02    6.00
 -24703.891    14.296    -1.86    5.87
 -24325.208    14.140    -0.41    5.28
 -23946.461    14.451     0.82    5.15
 -23567.649    16.075     4.29    3.95
 -23188.772    16.532     1.21    4.56
 -22809.830    17.612     2.85    5.41
 -22430.823    18.072     1.21    5.33
 -22051.751    18.591     1.37    5.22
 -21672.615    18.836     0.65    5.18
 -21293.413    16.711    -5.60    5.48
 -20914.146    16.958     0.65    5.53
 -20534.815    17.929     2.56    6.14
 -20155.418    19.496     4.13    6.03
 -19775.956    20.933     3.79    5.85
 -19396.429    21.875     2.48    6.49
 -19016.837    22.464     1.55    7.33
 -18637.180    26.655    11.04    7.89
 -18257.457    30.523    10.19    6.67
 -17881.546    27.565    -7.87   10.01
 -17514.304    26.975    -1.61   10.72
 -17147.002    27.919     2.57   10.74
 -16779.640    29.677     4.79    9.14
 -16412.216    32.098     6.59    7.16
 -16044.732    29.506    -7.05   11.61
 -15677.188    23.501   -16.34   14.77
 -15309.582    14.596   -24.22   14.99
 -14941.916     7.232   -20.03    9.34
 -14574.190     5.116    -5.75    6.82
 -14206.402     3.698    -3.86    2.64
 -13838.554     3.789     0.25    2.30
 -13470.644     3.052    -2.00    2.20
 -13102.674     3.068     0.04    2.25
 -12734.643     2.782    -0.78    2.06
 -12366.551     2.629    -0.42    2.06
 -11998.398     2.757     0.35    2.24
 -11630.184     2.439    -0.87    2.66
 -11261.909     1.056    -3.75    3.30
 -10893.573     1.008    -0.13    3.88
 -10525.176     0.802    -0.56    4.00
 -10156.718     1.021     0.59    4.17
  -9788.198     1.989     2.63    4.28
  -9419.617     1.475    -1.39    4.31
  -9050.976     0.944    -1.44    4.25
  -8682.272     1.101     0.42    4.06
  -8313.508     2.296     3.24    4.05
  -7944.682     2.571     0.75    3.66
  -7575.795     1.556    -2.75    3.00
  -7206.847     1.108    -1.21    2.67
  -6837.837     1.201     0.25    2.60
  -6468.766     2.021     2.22    2.81
  -6099.633     2.989     2.62    2.49
  -5730.439     4.114     3.05    2.25
  -5361.183     4.282     0.46    2.04
  -4991.866     3.808    -1.28    2.15
  -4622.487     3.679    -0.35    2.23
  -4253.046     2.883    -2.15    1.98
  -3883.544     2.836    -0.13    2.06
  -3513.980     2.587    -0.67    2.01
  -3144.355     2.309    -0.75    2.10
  -2774.667     2.477     0.46    2.24
  -2404.918     2.593     0.31    2.26
  -2035.107     2.633     0.11    2.36
  -1665.234     1.850    -2.12    2.89
  -1295.300     0.208    -4.44    3.22
   -925.303    -1.718    -5.20    1.94
   -555.245    -1.909    -0.52    2.08
   -185.124    -0.847     2.87    3.01
    185.058     0.898     4.72    3.50
    555.303     2.633     4.69    2.98
    925.609     2.121    -1.38    3.08
   1295.978     1.576    -1.47    3.27
   1666.409     0.933    -1.73    3.06
   2036.902     0.875    -0.16    2.93
   2407.457     1.055     0.49    2.93
   2778.074     0.698    -0.96    3.12
   3148.754     0.384    -0.85    2.75
   3519.495     0.616     0.62    2.90
   3890.300     1.096     1.29    2.78
   4261.166     1.954     2.31    2.44
   4632.095     2.383     1.16    2.25
   5003.086     1.589    -2.14    2.97
   5374.140     1.144    -1.20    3.03
   5745.256     1.192     0.13    3.09
   6116.435     1.599     1.10    2.78
   6487.676     2.509     2.45    2.09
   6858.980     2.358    -0.41    2.12
   7230.347     2.761     1.09    2.22
   7601.776     2.971     0.56    2.16
   7973.268     2.958    -0.03    2.19
   8344.822     2.997     0.11    2.74
   8716.439     3.429     1.16    3.46
   9088.119     3.384    -0.12    3.35
   9459.862     2.823    -1.51    2.09
   9831.667     3.183     0.97    2.32
  10203.536     3.323     0.38    2.32
  10575.467     3.596     0.73    2.33
  10947.461     3.363    -0.62    2.48
  11319.518     3.607     0.66    2.51
  11691.639     3.998     1.05    2.92
  12063.822     3.796    -0.54    2.84
  12436.068     3.633    -0.44    2.57
  12808.377     3.358    -0.74    2.30
  13180.750     4.444     2.92    3.17
  13553.185     5.929     3.99    4.01
  13925.684     6.016     0.23    4.11
  14298.246     5.526    -1.31    4.26
  14670.871     5.482    -0.12    4.61
  15043.560     5.208    -0.74    3.68
  15416.312     6.164     2.56    4.59
  15789.127     6.933     2.06    4.83
  16162.005     7.789     2.30    5.34
  16534.947     9.688     5.09    5.97
  16907.953    10.574     2.38    6.95
  17281.022    10.296    -0.75    7.15
  17654.154    10.151    -0.39    7.27
  18027.350     9.496    -1.76    7.61
  18400.609     8.075    -3.81    6.95
  18773.932     8.549     1.27    7.60
  19147.319    11.220     7.15    7.71
  19520.770    11.933     1.91    7.04
  19894.284    11.421    -1.37    6.94
  20267.862    10.763    -1.76    6.35
  20641.503     9.919    -2.26    5.26
  21015.209    10.190     0.73    5.06
  21388.978    10.296     0.28    5.30
  21762.811    11.471     3.14    4.72
  22136.708    11.708     0.64    4.86
  22510.669    11.853     0.39    5.27
  22884.694    12.701     2.27    5.11
  23258.783    13.529     2.22    4.58
  23632.936    13.658     0.34    4.44
  24007.153    12.848    -2.16    4.85
  24381.434    12.571    -0.74    4.71
  24755.779    13.258     1.84    4.41
  25130.188    12.764    -1.32    3.53
  25504.662    12.096    -1.78    2.84
  25879.200    11.096    -2.67    2.81
  26253.802    10.268    -2.21    3.18
  26628.468     8.746    -4.06    3.99
  27003.199     8.228    -1.38    4.09
  27377.994     6.867    -3.63    3.47
  27752.854     7.016     0.40    3.64
  28127.778     7.646     1.68    3.80
  28502.766     9.190     4.12    5.21
  28877.819    11.458     6.05    6.02
  29252.937    13.633     5.80    5.45
  29628.119    14.546     2.43    4.88
  30003.365    15.118     1.53    4.68
  30378.676    15.146     0.07    4.29
  30754.052    13.642    -4.01    4.24
  31129.493    11.757    -5.02    4.33
  31504.998    11.059    -1.86    4.00
  31880.568    10.578    -1.28    3.72
  32256.203    11.764     3.16    4.50
  32631.903    13.483     4.58    5.23
  33007.668    16.083     6.92    5.10
  33383.497    17.646     4.16    3.42
  33759.392    16.746    -2.40    3.57
  34135.351    16.125    -1.65    3.69
  34511.376    16.371     0.65    4.59
  34887.465    15.869    -1.33    6.08
  35263.620    15.880     0.03    6.40
  35639.839    14.704    -3.13    6.38
  36016.124    14.433    -0.72    5.14
  36392.474    14.971     1.43    3.81
  36768.890    16.546     4.18    4.21
  37145.370    17.730     3.15    4.08
  37521.916    18.967     3.28    4.07
  37898.527    19.093     0.34    4.76
  38275.203    18.180    -2.42    5.43
  38651.945    17.578    -1.60    5.56
  39028.752    17.688     0.29    5.02
  39405.625    17.193    -1.31    4.55
  39782.563    16.539    -1.73    4.59
  40159.567    16.058    -1.28    4.32
  40536.636    16.410     0.93    4.83
  40913.771    17.233     2.18    5.16
  41290.971    18.098     2.29    5.43
  41668.237    18.708     1.62    5.14
  42045.569    19.796     2.88    4.64
  42422.966    21.172     3.65    5.28
  42800.430    21.536     0.96    5.43
  43177.959    22.208     1.78    5.46
  43555.553    22.656     1.19    5.17
  43933.214    23.033     1.00    4.76
  44310.941    22.270    -2.02    4.99
  44688.733    21.106    -3.08    5.12
  45066.592    19.359    -4.62    5.11
  45444.516    17.518    -4.87    4.81
  45822.507    16.858    -1.75    3.90
  46200.564    17.821     2.55    4.37
  46578.686    18.258     1.16    5.20
  46956.875    18.763     1.34    5.11
  47335.130    18.271    -1.30    5.02
  47713.452    16.140    -5.63    4.02
  48091.839    14.871    -3.35    3.42
  48470.293    14.701    -0.45    3.53
  48848.813    13.555    -3.03    3.20
  49227.400    14.362     2.13    4.71
  49606.052    16.596     5.90    5.69
  49984.772    17.258     1.75    5.63
  50363.557    17.908     1.72    4.77
  50742.410    18.106     0.52    4.63
  51121.328    18.449     0.91    5.11
  51500.314    20.675     5.87    6.07
  51879.366    22.565     4.98    6.68
  52258.484    23.996     3.77    6.21
  52637.669    24.055     0.16    6.18
  53016.921    23.283    -2.04    5.96
  53396.240    22.661    -1.64    5.23
  53775.625    23.246     1.54    5.30
  54155.078    23.255     0.02    5.44
  54534.597    23.710     1.20    5.82
  54914.183    22.384    -3.49    6.19
  55293.836    22.771     1.02    5.83
  55673.556    23.296     1.38    6.22
  56053.342    23.552     0.68    5.94
  56433.196    26.373     7.43    5.57
  56812.729    28.625     5.93    4.79
  57179.777    28.796     0.47    4.28
  57546.887    28.876     0.22    4.05
  57914.059    28.671    -0.56    3.83
  58281.294    26.719    -5.32    3.79
  58648.590    25.192    -4.16    4.85
  59015.949    25.498     0.83    5.35
  59383.370    25.308    -0.52    5.62
  59750.853    25.308    -0.00    5.62
  60118.398    25.706     1.08    5.52
  60486.006    28.683     8.10    6.65
  60853.676    30.638     5.32    6.49
  61221.409    32.683     5.56    5.62
  61589.203    34.335     4.49    4.17
  61957.061    34.296    -0.11    4.49
  62324.980    35.164     2.36    5.28
  62692.963    35.246     0.22    5.24
  63061.007    36.164     2.49    5.74
  63429.115    37.483     3.58    6.14
  63797.285    36.189    -3.52    6.77
  64165.517    33.421    -7.52    7.35
  64533.812    29.019   -11.95    3.99
  64902.170    27.296    -4.68    0.00
  65270.591    27.296     0.00    0.00
  65639.074    27.296     0.00    0.00
  66007.621    27.296     0.00    0.00
  66376.230    27.296     0.00    0.00
  66744.901    27.296     0.00    0.00
  67113.636    27.320     0.07    0.16
  67482.434    27.906     1.59    1.48
  67851.294    30.558     7.19    4.48
  68220.218    32.988     6.59    4.95
  68589.205    34.345     3.68    4.52
  68958.254    35.118     2.10    3.90
  69327.367    34.271    -2.30    4.50
  69696.543    33.101    -3.17    4.00
  70065.782    32.158    -2.55    3.75
  70435.084    31.071    -2.94    3.36
  70804.449    31.518     1.21    3.69
  71173.878    33.876     6.38    5.03
  71543.370    39.419    15.00    8.32
  71912.925    44.088    12.63    7.66
  72282.544    48.014    10.62    6.02
  72652.226    49.518     4.07    5.42
  73021.971    48.604    -2.47    6.17
  73391.780    47.333    -3.44    5.77
  73761.652    46.071    -3.41    5.96
  74131.588    47.046     2.64    5.86
  74501.587    49.103     5.56    6.52
  74871.650    49.333     0.62    6.59
  75241.777    51.783     6.62    6.02
  75611.967    53.696     5.17    4.10
  75982.221    53.992     0.80    3.33
  76352.538    54.171     0.48    3.36
  76722.919    54.511     0.92    3.27
  77093.364    54.666     0.42    3.04
  77463.873    54.777     0.30    3.47
  77834.446    55.888     3.00    4.09
  78205.083    56.650     2.06    5.11
  78575.783    57.908     3.39    4.32
  78946.547    58.182     0.74    5.12
  79317.376    58.641     1.24    5.13
  79688.268    60.751     5.69    5.63
  80059.225    63.871     8.41    5.31
  80430.245    66.637     7.46    5.38
  80801.330    69.371     7.37    6.09
  81172.478    72.565     8.61    5.82
  81543.691    73.061     1.34    4.91
  81914.968    72.764    -0.80    4.91
  82286.310    72.346    -1.13    5.28
  82657.715    71.131    -3.27    5.29
  83029.185    72.096     2.60    5.67
  83400.719    74.796     7.27    6.56
  83772.318    78.296     9.42    7.12
  84143.981    81.802     9.43    7.00
  84515.709    85.691    10.46    6.72
  84887.501    88.065     6.39    7.24
  85259.357    90.471     6.47    7.21
  85631.278    93.180     7.29    4.95
  86003.264    92.580    -1.61    4.81
  86375.314    92.194    -1.04    4.82
  86747.429    91.333    -2.31    4.76
  87119.608    91.129    -0.55    4.86
  87491.852    90.876    -0.68    4.49
  87864.161    87.833    -8.17    3.84
  88236.535    85.728    -5.65    2.90
  88608.974    84.422    -3.51    2.06
  88981.477    83.246    -3.16    2.57
  89354.045    81.118    -5.71    3.79
  89726.678    79.546    -4.22    3.97
  90099.377    77.987    -4.18    4.06
  90472.140    76.765    -3.28    4.76
  90844.968    75.058    -4.58    5.39
  91217.861    72.683    -6.37    5.71
  91590.819    69.001    -9.87    6.15
  91963.843    65.333    -9.83    7.24
  92336.931    61.629    -9.93    6.80
  92710.085    59.789    -4.93    5.82
  93083.304    58.650    -3.05    6.24
  93456.588    58.770     0.32    7.18
  93829.938    59.468     1.87    8.41
  94203.353    59.975     1.36    9.51
  94576.833    60.678     1.88   10.41
  94950.379    61.858     3.16   11.12
  95323.990    62.033     0.47   11.57
  95697.666    61.789    -0.65   11.59
  96071.408    59.357    -6.51   11.31
  96445.216    56.435    -7.82   10.73
  96819.089    52.024   -11.80    9.52
  97193.028    48.719    -8.84    7.16
  97567.032    48.496    -0.60    6.01
  97941.102    51.483     7.99    7.88
  98315.238    56.669    13.86    7.93
  98689.439    60.885    11.27    5.06
  99063.706    60.637    -0.66    4.11
  99438.040    58.680    -5.23    4.53
  99812.438    56.466    -5.91    3.91
 100186.903    54.743    -4.60    3.15
 100561.434    55.235     1.31    3.21
 100936.031    55.611     1.00    2.62
 101310.693    54.296    -3.51    3.24
 101685.422    51.835    -6.57    4.29
 102060.217    48.740    -8.26    4.88
 102435.078    45.464    -8.74    5.10
 102810.004    42.654    -7.50    3.96
 103184.998    41.503    -3.07    1.91
 103560.057    41.858     0.95    1.76
 103935.182    42.860     2.67    1.44
 104310.374    43.555     1.85    0.63
 104685.632    43.713     0.42    0.55
 105060.957    43.683    -0.08    0.63
 105436.348    43.397    -0.76    0.98
 105811.805    42.771    -1.67    1.36
 106187.329    42.382    -1.03    1.31
 106562.919    42.493     0.30    1.26
 106938.575    42.905     1.10    1.37
 107314.299    43.603     1.86    1.51
 107690.088    44.796     3.17    1.40
 108065.945    45.746     2.53    1.38
 108441.868    46.740     2.65    1.37
 108817.858    47.701     2.56    1.39
 109193.914    48.802     2.93    1.44
 109570.038    49.854     2.80    1.43
 109946.228    50.962     2.95    1.47
 110322.485    51.802     2.23    1.47
 110698.808    52.320     1.38    1.75
 111075.199    52.809     1.30    1.66
 111451.657    52.844     0.09    1.63
 111828.181    52.890     0.12    1.65
 112204.773    53.123     0.62    0.96
 112581.432    53.282     0.42    0.11
 112958.157    53.210    -0.19    0.36
 113334.950    51.322    -5.01    3.47
 113711.810    48.407    -7.74    4.69
 114088.738    45.156    -8.62    4.11
 114465.732    42.888    -6.02    2.39
 114842.794    42.259    -1.67    1.28
 115219.923    43.646     3.68    3.57
 115597.119    47.244     9.54    5.59
 115974.383    51.540    11.39    5.68
 116351.714    55.234     9.79    3.70
 116729.113    56.671     3.81    2.22
 117106.579    56.864     0.51    1.69
 117484.112    56.014    -2.25    1.90
 117861.714    54.691    -3.50    1.81
 118239.382    53.374    -3.49    1.61
 118617.119    51.654    -4.55    1.97
 118994.923    49.722    -5.11    2.43
 119372.795    48.210    -4.00    2.41
 119750.734    47.190    -2.70    1.86
 120128.741    47.003    -0.50    1.38
 120506.817    46.757    -0.65    1.46
 120884.959    45.604    -3.05    2.34
 121263.170    43.941    -4.40    2.70
 121641.449    42.515    -3.77    3.04
 122019.796    41.160    -3.58    3.33
 122398.210    40.881    -0.74    3.03
 122776.693    41.530     1.72    2.94
 123155.244    42.992     3.86    3.36
 123533.863    45.209     5.86    2.96
 123912.550    47.448     5.91    2.93
 124291.305    48.814     3.61    2.85
 124670.129    49.642     2.19    3.40
 125049.020    50.221     1.53    3.37
 125427.980    50.730     1.34    3.25
 125807.008    50.442    -0.76    2.92
 126186.105    50.001    -1.16    2.46
 126565.270    49.752    -0.66    2.13
 126944.504    49.608    -0.38    1.86
 127323.806    49.851     0.64    1.56
 127703.176    50.333     1.27    1.32
 128082.615    50.759     1.12    1.15
 128462.123    51.135     0.99    0.94
 128841.699    51.371     0.62    0.71
 129221.344    51.431     0.16    0.52
 129601.058    51.397    -0.09    0.38
 129980.840    51.046    -0.93    0.53
 130360.691    50.581    -1.22    0.81
 130740.611    49.771    -2.13    1.23
 131120.600    48.427    -3.54    2.15
 131500.657    47.332    -2.88    2.45
 131870.903    46.464    -2.34    2.32
 132237.814    45.979    -1.32    2.05
 132604.789    45.243    -2.00    2.03
 132971.827    43.901    -3.66    2.53
 133338.930    42.036    -5.08    2.78
 133706.096    40.137    -5.17    2.59
 134073.325    38.693    -3.93    1.61
 134440.619    37.783    -2.48    0.76
 134807.976    38.394     1.66    2.31
 135175.398    40.753     6.42    4.33
 135542.883    43.740     8.13    4.85
 135910.432    47.320     9.74    3.73
 136278.045    49.637     6.30    1.86
 136645.722    51.052     3.85    1.74
 137013.463    52.246     3.25    1.67
 137381.268    53.405     3.15    1.59
 137749.137    54.382     2.66    1.73
 138117.070    55.481     2.99    1.80
 138485.068    56.187     1.92    1.70
 138853.129    56.346     0.43    1.72
 139221.255    54.759    -4.31    3.20
 139589.445    51.911    -7.74    4.53
 139957.700    48.604    -8.98    4.70
 140326.018    46.979    -4.41    4.69
 140694.402    48.874     5.14    6.66
 141062.849    52.880    10.87    7.32
 141431.361    57.061    11.35    4.79
 141799.937    58.932     5.08    1.12
 142168.578    58.790    -0.39    1.26
 142537.284    58.413    -1.02    1.11
 142906.054    58.320    -0.25    0.94
 143274.888    58.335     0.04    0.81
 143643.788    58.332    -0.01    0.91
 144012.752    57.828    -1.37    1.75
 144381.780    56.710    -3.03    2.96
 144750.874    55.552    -3.14    3.52
 145120.032    54.802    -2.03    3.11
 145489.255    54.555    -0.67    2.61
 145858.542    55.649     2.96    3.68
 146227.895    57.555     5.16    4.99
 146597.313    59.333     4.81    5.26
 146966.795    60.715     3.74    5.13
 147336.342    61.088     1.01    5.08
 147705.955    61.008    -0.22    4.78
 148075.632    61.621     1.66    4.58
 148445.375    62.833     3.28    4.29
 148815.183    64.149     3.56    4.18
 149185.056    64.975     2.23    3.88
 149554.994    65.893     2.48    3.18
 149924.997    66.235     0.92    3.07
 150295.066    67.098     2.33    2.74
 150665.199    68.283     3.20    2.03
 151035.398    69.580     3.50    1.49
 151405.663    70.613     2.79    1.40
 151775.993    71.580     2.61    1.30
 152146.388    72.113     1.44    1.03
 152516.849    72.209     0.26    0.94
 152887.375    71.588    -1.68    1.62
 153257.967    70.210    -3.72    2.33
 153628.624    68.431    -4.80    2.94
 153999.347    67.036    -3.76    2.85
 154370.136    66.296    -2.00    2.55
 154740.990    65.496    -2.16    2.55
 155111.910    65.246    -0.67    2.59
 155482.896    65.721     1.28    2.92
 155853.947    66.838     3.01    3.13
 156225.065    68.308     3.96    2.86
 156596.248    69.320     2.73    2.35
 156967.497    70.014     1.87    2.06
 157338.812    70.073     0.16    2.28
 157710.193    69.561    -1.38    2.61
 158081.640    69.522    -0.11    2.77
 158453.153    69.954     1.16    2.27
 158824.732    69.765    -0.51    1.61
 159196.377    68.971    -2.14    1.70
 159568.088    68.046    -2.49    1.69
 159939.865    67.021    -2.76    1.64
 160311.709    66.233    -2.12    1.42
 160683.619    65.821    -1.11    1.06
 161055.595    66.319     1.34    1.50
 161427.637    67.536     3.27    2.03
 161799.746    69.024     4.00    2.01
 162171.921    70.486     3.93    1.49
 162544.162    71.558     2.88    1.51
 162916.470    72.503     2.54    1.37
 163288.845    73.137     1.70    1.23
 163661.286    73.783     1.73    0.82
 164033.793    74.064     0.75    0.50
 164406.367    74.346     0.76    0.39
 164779.008    74.403     0.15    0.49
 165151.716    74.208    -0.52    0.73
 165524.490    73.567    -1.72    1.11
 165897.331    72.458    -2.98    1.59
 166270.238    70.860    -4.29    2.28
 166643.213    68.796    -5.54    2.54
 167016.254    67.098    -4.55    2.15
 167389.362    65.883    -3.26    1.29
 167762.537    65.543    -0.91    0.89
 168135.779    66.209     1.79    1.51
 168509.088    67.271     2.84    2.01
 168882.464    68.765     4.00    2.13
 169255.907    70.143     3.69    1.76
 169629.417    71.194     2.82    1.23
 170002.995    71.580     1.03    0.96
 170376.639    71.613     0.09    0.87
 170750.351    71.404    -0.56    0.87
 171124.130    71.068    -0.90    0.97
 171497.976    70.665    -1.08    1.14
 171871.889    70.198    -1.25    1.29
 172245.870    69.613    -1.57    1.71
 172619.918    68.901    -1.90    2.13
 172994.034    68.015    -2.37    2.26
 173368.217    66.938    -2.88    2.01
 173742.468    66.006    -2.49    1.36
 174116.786    65.588    -1.12    0.78
 174491.172    66.235     1.73    1.61
 174865.625    67.601     3.65    2.63
 175240.146    69.209     4.30    3.23
 175614.735    71.783     6.87    3.32
 175989.391    73.735     5.21    2.95
 176364.115    75.637     5.08    2.42
 176738.907    76.796     3.09    1.78
 177113.767    77.223     1.14    1.22
 177488.694    77.012    -0.56    1.19
 177863.690    76.597    -1.11    1.19
 178238.753    76.247    -0.93    1.10
 178613.885    75.789    -1.22    1.25
 178989.084    75.183    -1.62    1.90
 179364.351    74.507    -1.80    2.69
 179739.687    73.209    -3.46    3.61
 180115.091    71.234    -5.26    3.74
 180490.563    68.996    -5.96    3.63
 180866.103    67.072    -5.12    2.61
 181241.711    66.360    -1.90    1.88
 181617.387    66.141    -0.58    1.63
 181993.132    66.334     0.51    1.56
 182368.945    65.754    -1.54    1.34
 182744.827    64.828    -2.46    1.63
 183120.777    63.175    -4.40    2.74
 183496.795    61.039    -5.68    2.49
 183872.882    61.284     0.65    3.28
 184249.038    62.655     3.64    4.22
 184625.262    63.703     2.79    5.04
 185001.554    62.728    -2.59    7.14
 185377.916    62.129    -1.59    7.17
 185754.346    62.183     0.14    6.80
 186130.844    63.991     4.80    5.44
 186507.412    66.838     7.56    2.61
 186884.048    67.903     2.83    2.02
 187260.753    67.905     0.01    2.35
 187637.527    67.513    -1.04    2.61
 188014.370    65.843    -4.43    4.12
 188391.282    64.259    -4.20    4.80
 188768.262    63.910    -0.93    4.46
 189145.312    64.419     1.35    4.23
 189522.431    65.666     3.31    4.14
 189899.619    68.506     7.53    3.78
 190276.876    72.644    10.97    5.95
 190654.202    76.678    10.69    7.26
 191031.598    81.148    11.84    6.95
 191409.063    85.552    11.67    5.11
 191786.597    88.069     6.67    4.46
 192164.200    89.937     4.95    4.09
 192541.873    91.404     3.89    4.13
 192919.615    91.526     0.32    5.14
 193297.426    90.613    -2.42    4.88
 193675.307    88.233    -6.30    4.27
 194053.258    84.765    -9.18    4.97
 194431.278    79.649   -13.53    6.54
 194809.368    75.462   -11.08    6.56
 195187.527    71.765    -9.78    5.88
 195565.756    71.117    -1.71    6.16
 195944.055    71.857     1.96    7.13
 196322.423    73.722     4.93    8.29
 196700.861    76.850     8.27    8.90
 197079.369    78.966     5.59    8.79
 197457.947    79.540     1.51    8.30
 197836.595    80.234     1.83    7.48
 198215.313    81.575     3.54    6.62
 198594.101    83.444     4.94    6.39
 198972.958    85.778     6.16    6.38
 199351.886    89.106     8.78    4.90
 199730.884    90.496     3.67    3.00
 200109.952    90.334    -0.43    2.78
 200489.090    89.430    -2.38    2.74
 200868.299    88.196    -3.26    2.11
 201247.577    87.990    -0.54    1.50
 201626.926    88.564     1.51    1.85
 202006.346    88.613     0.13    2.04
 202385.835    87.649    -2.54    2.74
 202765.395    86.344    -3.44    2.70
 203145.026    84.802    -4.06    2.00
 203524.727    83.808    -2.62    1.08
 203904.499    83.669    -0.36    1.02
 204284.341    84.448     2.05    1.73
 204664.253    85.284     2.20    2.09
 205044.237    85.988     1.85    2.22
 205424.291    85.886    -0.27    2.43
 205804.415    85.039    -2.23    3.22
 206184.611    83.138    -5.00    4.76
 206558.753    82.036    -2.94    4.96
