# NaN NaN NaN ;Mean Elev.(m), Avg Gradient(m/km), RMS Gradient(m/km) - SRTM1     
#    6.000  -0.281   2.029 ;Mean Elev.(m), Avg Gradient(m/km), RMS Gradient(m/km) - ASTER GDEM
#    0.000  -0.201   4.693 ;Mean Elev.(m), Avg Gradient(m/km), RMS Gradient(m/km) - GMTED2010 
  7  69.134300  66.783611     1.399     1.383  8 52456.28134702 20.189
 10  69.142422  66.781136     1.480     1.553  7 52561.28134892 17.628
 12  69.146626  66.780989     1.802     1.842  6 52631.28129887 16.567
 15  69.136158  66.784212     1.807     1.776  8 52736.28133124  9.870
 17  69.147877  66.781956     3.270     3.230  6 52806.28135498 18.336
 18  69.144591  66.780185    -1.315    -1.342  6 52841.28141519 23.891
 19  69.140818  66.782126     0.546     0.680  7 52876.28145380 23.952
 20  69.134484  66.783356     1.109     1.069  8 52911.28141738 28.230
 23  69.129177  66.784377     0.848     0.903  9 53016.28140625 16.537
 24  69.148693  66.780473     1.103     1.084  5 53051.28138344 15.812
 25  69.122566  66.784822     0.584     0.738  9 53086.28142000 12.830
 26  69.144254  66.782933     0.771     0.816  7 53121.28138972 12.430
 28  69.140512  66.781544     2.833     2.851  7 53191.28143631 18.351
 29  69.136483  66.783707     0.684     0.778  8 53226.28144091 28.255
 30  69.121650  66.784232     1.373     1.504  8 53261.28141516 31.155
 31  69.136169  66.783226     1.278     0.965  8 53296.28144763 20.804
 32  69.137908  66.783484     1.331     1.351  7 53331.28141997 28.662
 35  69.131033  66.784484     1.273     1.306  9 53436.28138339 13.993
 36  69.140679  66.781212     1.165     1.146  7 53471.28143326 11.127
 37  69.135900  66.785337     3.116     3.115  8 53506.28146688 48.712
 38  69.134101  66.783770     2.745     2.757  8 53541.28147131 15.157
 39  69.128322  66.784634     2.755     2.757  9 53576.28146175 42.890
 41  69.146563  66.780441     0.132     0.140  6 53646.28141760 24.636
 42  69.129268  66.784557     1.514     1.555  9 53681.28143379 27.910
 43  69.131964  66.785035     0.421     0.448  8 53716.28136130 25.608
 44  69.151194  66.777191     1.076     1.091  5 53751.28128018 14.273
 45  69.137682  66.783518     1.098     1.089  7 53786.28130969 12.650
 47  69.140223  66.783469     1.400     1.412  8 53856.28135404 10.470
 48  69.143638  66.780926     3.985     3.980  7 53891.28136616 46.222
 49  69.130651  66.784237     0.427    -0.223  9 53926.28142826 19.940
 50  69.124793  66.785090     1.217     1.094  8 53961.28141457 25.465
 51  69.157663  66.778227     1.040     1.132  5 53996.28135513 22.005
 52  69.147455  66.781763     1.697     1.721  6 54031.28140854 38.999
 53  69.138428  66.785219     1.426     1.411  8 54066.28140214 18.477
 55  69.144556  66.781181     1.452     1.461  7 54136.28132943 11.830
 57  69.144853  66.781329     1.647     1.607  6 54206.28133448  6.733
 58  69.138530  66.783323     3.554     3.620  7 54241.28136727 21.985
 59  69.138035  66.783156     3.476     3.494  7 54276.28138237 14.869
 61  69.127515  66.784810    -0.532    -0.406  9 54346.28135743 25.815
 62  69.143338  66.780937    -0.015    -0.002  7 54381.28132045 28.554
 63  69.133659  66.785493     1.727     1.710  8 54416.28130611 46.784
 64  69.146344  66.780443     1.237     1.258  6 54451.28128908 19.914
 65  69.138536  66.782753     1.244     1.247  8 54486.28130272 16.546
 66  69.143272  66.781106     1.211     1.216  6 54521.28130243 15.288
 67  69.130149  66.784696     1.610     1.531  9 54556.28131323  5.458
 68  69.139568  66.782403     0.614     0.550  8 54591.28129813  8.908
 69  69.136850  66.785339     3.164     3.156  8 54626.28131383 15.174
 70  69.138479  66.784813     0.894     0.378  8 54661.28132183 19.428
 71  69.131524  66.784237     0.545     0.667  9 54696.28129902 28.848
 72  69.144095  66.781671     0.431     0.500  6 54731.28127798 25.064
 73  69.137570  66.783583     1.099     1.011  8 54766.28127795 27.707
 75  69.138635  66.785367     1.650     1.571  8 54836.28126943 15.731
 76  69.146155  66.782016     1.412     1.382  6 54871.28126990 12.926
 78  69.142586  66.781609     1.534     1.539  7 54941.28126227  8.988
 79  69.139154  66.784331     2.851     2.742  8 54976.28129053 20.757
 80  69.134951  66.784423     2.119     2.858  9 55011.28130050 16.638
 81  69.139127  66.782968     0.661     0.726  8 55046.28129201 22.094
 82  69.128140  66.785366     1.425     1.447  8 55081.28126518 22.571
 83  69.143663  66.781946     1.122     1.087  7 55116.28122421 18.126
 84  69.134384  66.783391     1.174     1.167  8 55151.28122284 32.484
 85  69.144579  66.781519     1.300     1.308  7 55186.28120988 18.187
 86  69.133864  66.783827     1.335     1.336  8 55221.28122107 14.852
 87  69.142471  66.781544     1.257     1.271  6 55256.28120613 13.425
 88  69.127407  66.785092     1.173     1.154  8 55291.28120960 12.970
 89  69.136162  66.783056     2.509     2.554  8 55326.28119079 27.148
 90  69.132552  66.783437     2.748     2.773  8 55361.28118773 14.452
 91  69.141798  66.780858     2.386     2.593  7 55396.28119430 16.682
 92  69.140228  66.783759     0.159     0.236  8 55431.28120254 25.688
 93  69.126235  66.785086     1.510     1.509  8 55466.28116334 41.070
