-245396.473    67.872     0.00    1.39
-245020.103    67.603    -0.72    1.29
-244643.673    67.486    -0.31    1.07
-244267.185    67.493     0.02    0.99
-243890.638    67.753     0.69    0.80
-243514.033    67.945     0.51    0.68
-243137.368    68.151     0.55    0.72
-242760.645    68.208     0.15    0.80
-242383.863    68.260     0.14    0.80
-242007.022    68.042    -0.58    0.80
-241630.122    67.662    -1.01    0.78
-241253.163    67.000    -1.76    1.22
-240876.145    65.893    -2.93    1.51
-240499.068    65.103    -2.10    1.32
-240121.932    64.243    -2.28    1.12
-239744.737    63.611    -1.68    0.91
-239367.482    63.164    -1.18    1.01
-238990.169    62.877    -0.76    1.07
-238612.796    62.658    -0.58    1.40
-238235.365    62.378    -0.74    1.52
-237857.874    62.208    -0.45    1.34
-237480.324    62.068    -0.37    1.21
-237102.714    62.058    -0.03    1.43
-236725.046    61.987    -0.19    1.90
-236347.318    62.074     0.23    2.31
-235969.530    61.662    -1.09    2.41
-235591.684    60.901    -2.01    2.49
-235213.777    59.493    -3.73    2.69
-234835.812    57.597    -5.02    2.03
-234457.787    56.878    -1.90    1.67
-234079.702    56.703    -0.46    1.42
-233701.558    56.764     0.16    1.39
-233323.354    57.151     1.02    1.35
-232945.091    57.169     0.05    1.49
-232566.768    57.480     0.82    1.62
-232188.386    57.941     1.22    1.56
-231809.943    58.720     2.06    1.69
-231431.441    59.986     3.34    1.61
-231052.880    61.219     3.26    1.56
-230674.258    62.333     2.94    1.07
-230295.577    62.730     1.05    0.83
-229916.836    62.541    -0.50    1.06
-229538.035    61.917    -1.65    1.38
-229159.175    61.452    -1.23    1.58
-228780.254    61.600     0.39    1.78
-228401.274    62.827     3.24    2.41
-228022.233    64.000     3.09    2.06
-227643.133    65.213     3.20    2.15
-227263.972    66.789     4.15    2.21
-226884.751    67.603     2.15    2.19
-226505.471    69.622     5.32    3.39
-226127.114    70.853     3.25    4.10
-225759.361    72.493     4.46    4.48
-225391.552    74.480     5.40    4.60
-225023.687    75.520     2.83    4.21
-224655.766    75.947     1.16    4.07
-224287.788    76.413     1.27    3.73
-223919.754    76.333    -0.22    3.61
-223551.664    77.040     1.92    3.31
-223183.518    77.014    -0.07    3.79
-222815.315    76.187    -2.25    4.39
-222447.056    74.716    -3.99    4.57
-222078.741    72.493    -6.03    3.95
-221710.369    71.014    -4.02    3.63
-221341.941    71.356     0.93    4.30
-220973.457    71.905     1.49    4.95
-220604.916    72.644     2.00    5.20
-220236.319    72.905     0.71    5.49
-219867.665    73.808     2.45    4.90
-219498.954    74.863     2.86    3.99
-219130.187    75.493     1.71    3.09
-218761.364    72.932    -6.94    7.84
-218392.483    64.384   -23.17   13.63
-218023.546    58.370   -16.30   13.34
-217654.553    55.452    -7.91   10.99
-217285.503    57.890     6.61   11.37
-216916.396    64.534    18.00    9.66
-216547.232    68.699    11.28    6.05
-216178.012    70.616     5.19    5.00
-215808.734    71.356     2.00    4.79
-215439.400    72.230     2.36    3.61
-215070.009    72.712     1.31    2.92
-214700.561    72.757     0.12    3.02
-214331.057    73.333     1.56    2.67
-213961.495    73.120    -0.58    2.94
-213591.876    73.164     0.12    3.24
-213222.201    73.427     0.71    3.05
-212852.468    73.699     0.74    2.72
-212482.678    73.080    -1.67    2.94
-212112.832    72.027    -2.85    3.05
-211742.928    70.405    -4.38    3.81
-211372.967    69.041    -3.69    3.98
-211002.948    68.613    -1.16    3.74
-210632.873    67.973    -1.73    4.37
-210262.741    68.080     0.29    4.64
-209892.551    67.342    -1.99    5.37
-209522.304    65.987    -3.66    6.17
-209151.999    65.653    -0.90    6.39
-208781.638    64.547    -2.99    6.65
-208411.219    64.722     0.47    7.07
-208040.742    64.184    -1.45    7.58
-207670.209    63.639    -1.47    6.83
-207299.617    63.827     0.51    6.33
-206928.969    65.569     4.70    5.93
-206558.263    68.622     8.23    4.24
-206187.499    69.380     2.05    3.75
-205816.678    68.467    -2.46    3.91
-205445.799    67.507    -2.59    3.33
-205074.863    68.743     3.33    4.14
-204703.869    71.153     6.49    4.26
-204332.817    73.149     5.38    3.13
-203961.708    74.606     3.93    2.36
-203590.541    73.867    -1.99    2.90
-203219.316    73.443    -1.14    3.27
-202848.034    72.947    -1.34    3.20
-202476.694    73.300     0.95    2.96
-202105.296    73.627     0.88    2.63
-201733.840    73.958     0.89    2.23
-201362.326    72.838    -3.01    5.02
-200990.754    68.528   -11.60   10.15
-200619.125    61.932   -17.75   12.64
-200247.437    53.466   -22.77   11.66
-199875.692    47.575   -15.84    8.62
-199503.889    43.534   -10.87    2.69
-199132.027    42.189    -3.62    1.81
-198760.107    41.411    -2.09    1.30
-198388.130    41.122    -0.78    1.03
-198016.094    40.960    -0.43    1.20
-197644.000    40.907    -0.14    1.41
-197271.848    40.689    -0.58    1.55
-196899.638    40.627    -0.17    1.81
-196527.369    40.822     0.52    1.81
-196155.042    41.375     1.49    1.56
-195782.657    41.877     1.35    1.69
-195410.214    41.493    -1.03    1.68
-195037.712    40.877    -1.65    1.83
-194665.152    40.056    -2.20    1.85
-194292.534    38.892    -3.12    1.49
-193919.857    37.814    -2.89    1.78
-193547.122    37.351    -1.24    1.68
-193174.328    37.147    -0.55    1.60
-192801.476    37.773     1.68    1.54
-192428.565    38.721     2.54    1.20
-192055.595    39.347     1.68    1.12
-191682.567    39.739     1.05    0.96
-191309.481    39.667    -0.19    1.00
-190936.335    39.260    -1.09    1.13
-190563.131    38.844    -1.11    1.19
-190189.869    38.534    -0.83    1.72
-189816.547    38.250    -0.76    2.03
-189443.167    38.405     0.42    3.48
-189069.728    39.573     3.13    5.12
-188696.231    39.041    -1.43    5.61
-188322.674    37.392    -4.41    5.27
-187949.058    35.824    -4.19    4.93
-187575.384    34.027    -4.81    3.34
-187201.651    34.027    -0.00    4.12
-186827.859    34.527     1.34    4.87
-186454.007    34.813     0.77    5.17
-186080.097    34.507    -0.82    4.82
-185706.128    35.104     1.60    4.19
-185332.099    35.123     0.05    3.45
-184958.012    36.147     2.74    3.71
-184583.865    37.543     3.73    3.31
-184209.659    39.013     3.93    3.34
-183835.394    39.426     1.10    3.55
-183461.070    36.892    -6.77    6.14
-183086.687    32.343   -12.15    9.21
-182712.244    27.703   -12.39    8.83
-182337.742    23.384   -11.53    7.20
-181963.181    21.082    -6.14    4.60
-181588.560    21.658     1.54    3.14
-181213.880    20.811    -2.26    4.88
-180839.140    20.827     0.04    5.67
-180464.341    19.627    -3.20    6.40
-180089.483    19.662     0.09    6.66
-179714.565    20.847     3.16    6.33
-179339.587    21.753     2.42    6.32
-178964.550    21.918     0.44    5.70
-178589.454    22.135     0.58    5.48
-178214.298    23.000     2.30    5.51
-177839.082    23.405     1.08    4.89
-177463.806    23.765     0.96    4.76
-177088.471    23.961     0.52    4.46
-176713.076    24.086     0.33    4.90
-176337.621    25.093     2.68    4.60
-175962.106    26.137     2.78    3.72
-175586.532    28.684     6.78    6.70
-175210.898    31.622     7.82    7.37
-174835.203    34.080     6.54    6.76
-174459.449    35.230     3.06    6.21
-174083.635    31.784    -9.17    6.24
-173707.761    29.640    -5.70    4.87
-173331.827    29.189    -1.20    4.10
-172955.833    29.143    -0.12    2.94
-172579.779    31.425     6.07    4.48
-172203.665    36.592    13.74    7.37
-171827.491    42.211    14.94    8.16
-171451.257    47.066    12.90    6.94
-171074.962    49.657     6.89    6.00
-170698.607    49.933     0.73    5.24
-170322.192    49.306    -1.67    4.58
-169945.717    48.151    -3.07    5.41
-169569.181    46.589    -4.15    5.22
-169192.585    47.162     1.52    6.01
-168815.929    50.280     8.28    8.24
-168439.212    55.187    13.02    8.85
-168062.435    60.890    15.14    5.90
-167685.598    63.027     5.67    4.26
-167308.700    63.055     0.07    4.31
-166931.741    60.914    -5.68    8.56
-166554.722    52.667   -21.87   21.02
-166177.643    40.824   -31.40   26.92
-165800.503    30.711   -26.81   26.37
-165423.302    19.700   -29.19   21.11
-165046.040    14.560   -13.62   17.00
-164668.718    10.082   -11.87   12.07
-164291.336     7.400    -7.11    7.92
-163913.892     6.581    -2.17    4.76
-163536.388     7.865     3.40    5.04
-163158.823     8.920     2.79    5.09
-162781.197     9.959     2.75    4.49
-162403.510    10.934     2.58    3.58
-162025.762    11.689     2.00    2.50
-161647.954    11.447    -0.64    2.59
-161270.084    11.153    -0.78    2.54
-160892.153    11.147    -0.02    2.95
-160514.162    11.151     0.01    3.29
-160136.109    10.909    -0.64    3.82
-159757.996    11.200     0.77    4.60
-159379.821    11.395     0.51    4.93
-159001.585    10.773    -1.64    5.07
-158623.288    10.392    -1.01    5.12
-158244.930    11.356     2.55    5.49
-157866.510    11.288    -0.18    5.90
-157488.030    12.373     2.87    6.40
-157109.488    13.843     3.88    6.89
-156730.884    15.547     4.50    6.09
-156352.220    17.366     4.80    3.28
-155973.494    15.824    -4.07    3.67
-155594.706    13.808    -5.32    2.66
-155215.857    12.882    -2.45    1.95
-154836.947    12.797    -0.22    2.19
-154457.975    14.257     3.85    3.41
-154078.942    15.158     2.38    3.08
-153699.847    16.014     2.26    2.50
-153320.691    15.571    -1.17    1.68
-152941.473    15.111    -1.21    0.88
-152562.193    15.244     0.35    1.19
-152182.851    15.056    -0.50    1.19
-151803.448    14.961    -0.25    1.14
-151423.983    14.892    -0.18    1.14
-151054.427    14.636    -0.69    0.96
-150686.795    14.541    -0.26    0.98
-150319.106    14.558     0.05    1.14
-149951.359    14.486    -0.20    1.18
-149583.555    14.579     0.25    1.15
-149215.693    14.849     0.73    1.04
-148847.774    15.068     0.60    1.03
-148479.797    15.233     0.45    1.01
-148111.762    15.370     0.37    0.84
-147743.669    15.247    -0.33    0.86
-147375.519    15.027    -0.60    0.82
-147007.310    14.575    -1.23    0.85
-146639.044    14.135    -1.20    1.05
-146270.721    13.667    -1.27    1.06
-145902.339    13.400    -0.72    1.01
-145533.899    13.041    -0.98    1.27
-145165.402    12.803    -0.65    1.30
-144796.846    12.479    -0.88    1.33
-144428.233    12.052    -1.16    1.43
-144059.561    11.644    -1.11    1.01
-143690.832    11.597    -0.13    0.95
-143322.044    11.541    -0.15    0.95
-142953.198    11.538    -0.01    0.89
-142584.294    11.616     0.21    0.95
-142215.332    12.092     1.29    1.01
-141846.312    12.726     1.72    1.03
-141477.234    13.720     2.69    2.27
-141108.097    14.534     2.21    2.83
-140738.902    14.347    -0.51    2.67
-140369.649    13.859    -1.32    1.85
-140000.337    13.676    -0.50    1.09
-139630.968    13.901     0.61    1.06
-139261.539    14.200     0.81    0.87
-138892.053    14.338     0.37    1.12
-138522.508    14.419     0.22    1.16
-138152.904    14.236    -0.49    1.03
-137783.242    14.173    -0.17    1.10
-137413.521    13.878    -0.80    0.99
-137043.742    13.792    -0.23    1.12
-136673.905    13.370    -1.14    1.32
-136304.008    12.962    -1.10    1.21
-135934.053    12.849    -0.30    1.28
-135564.040    13.403     1.50    1.93
-135193.967    14.431     2.78    2.17
-134823.836    15.338     2.45    2.48
-134453.647    16.311     2.63    3.02
-134083.398    17.558     3.37    3.79
-133713.091    17.307    -0.68    3.21
-133342.724    17.390     0.22    3.09
-132972.299    17.041    -0.94    2.87
-132601.815    16.173    -2.34    1.01
-132231.273    16.123    -0.14    1.04
-131860.671    16.096    -0.07    1.13
-131490.010    15.892    -0.55    1.20
-131119.290    15.608    -0.77    0.99
-130748.511    15.324    -0.77    1.38
-130377.674    17.132     4.87    4.21
-130006.777    19.093     5.29    5.01
-129635.820    19.711     1.66    4.89
-129264.805    19.573    -0.37    4.64
-128893.731    18.237    -3.60    3.67
-128522.597    15.905    -6.28    3.29
-128151.404    13.676    -6.01    3.68
-127780.152    12.568    -2.98    3.22
-127408.841    13.338     2.07    3.74
-127037.470    15.750     6.49    4.09
-126666.040    18.093     6.31    2.84
-126294.550    19.632     4.14    1.16
-125923.001    19.960     0.88    0.94
-125551.393    19.750    -0.57    0.93
-125179.725    19.781     0.08    0.87
-124807.998    20.329     1.47    1.26
-124436.211    21.453     3.02    2.04
-124064.365    22.356     2.43    2.19
-123692.459    24.493     5.75    4.03
-123320.493    27.600     8.35    5.55
-122948.468    28.068     1.26    5.42
-122576.383    27.693    -1.01    5.65
-122204.239    25.458    -6.01    5.69
-121832.034    22.831    -7.06    2.75
-121459.770    21.861    -2.61    1.79
-121087.446    22.025     0.44    1.78
-120715.063    22.472     1.20    1.80
-120342.619    22.833     0.97    1.77
-119970.116    22.861     0.07    1.47
-119597.552    21.560    -3.49    2.90
-119224.929    20.500    -2.84    3.69
-118852.246    19.800    -1.88    3.47
-118479.503    19.181    -1.66    3.33
-118106.699    19.203     0.06    3.10
-117733.836    19.877     1.81    2.59
-117360.913    19.041    -2.24    2.96
-116987.929    17.863    -3.16    3.20
-116614.886    16.747    -2.99    2.70
-116241.782    15.960    -2.11    1.65
-115868.618    16.368     1.09    1.23
-115495.393    17.000     1.69    0.00
-115122.109    17.000     0.00    0.00
-114748.764    17.000     0.00    0.00
-114375.359    17.000     0.00    0.00
-114001.894    16.921    -0.21    0.32
-113628.368    17.013     0.25    0.53
-113254.782    17.182     0.45    0.90
-112881.135    17.147    -0.09    1.31
-112507.428    17.052    -0.25    1.66
-112133.660    16.946    -0.28    1.92
-111759.832    17.347     1.07    2.53
-111385.943    18.775     3.82    3.08
-111011.994    21.400     7.02    3.20
-110637.984    23.543     5.73    2.34
-110263.913    24.329     2.10    1.54
-109889.782    24.125    -0.55    1.91
-109515.590    21.987    -5.71    3.55
-109141.337    18.887    -8.28    4.07
-108767.024    16.397    -6.65    3.48
-108392.649    14.370    -5.42    1.78
-108018.214    13.769    -1.60    0.90
-107643.718    13.905     0.36    1.04
-107269.162    13.872    -0.09    1.51
-106894.544    13.618    -0.68    1.56
-106519.865    13.395    -0.60    1.41
-106145.125    13.948     1.48    2.10
-105770.325    15.104     3.08    2.34
-105395.463    16.459     3.62    1.83
-105020.540    16.920     1.23    1.68
-104645.556    16.616    -0.81    2.20
-104270.511    15.986    -1.68    2.85
-103895.405    14.693    -3.45    3.21
-103520.237    13.932    -2.03    2.68
-103145.009    13.013    -2.45    1.98
-102769.719    13.125     0.30    1.59
-102394.368    13.397     0.73    1.06
-102018.955    13.375    -0.06    0.78
-101643.481    12.924    -1.20    1.31
-101267.946    12.205    -1.91    1.56
-100892.349    11.675    -1.41    1.56
-100516.691    11.587    -0.24    2.16
-100140.972    11.724     0.36    2.50
 -99765.191    12.553     2.21    2.57
 -99389.348    13.053     1.33    2.07
 -99013.444    12.105    -2.52    2.59
 -98637.478    10.842    -3.36    2.75
 -98261.451     9.197    -4.37    2.47
 -97885.362     8.613    -1.55    1.90
 -97509.211     8.679     0.18    1.68
 -97132.999     9.014     0.89    1.84
 -96756.725    10.494     3.93    2.11
 -96380.389    12.056     4.15    1.94
 -96003.991    13.269     3.22    1.71
 -95627.532    14.208     2.49    0.99
 -95251.011    14.329     0.32    0.81
 -94874.427    14.000    -0.87    0.91
 -94497.782    13.740    -0.69    0.88
 -94121.075    13.573    -0.44    0.76
 -93744.306    13.716     0.38    0.94
 -93367.475    14.474     2.01    1.42
 -92990.581    15.325     2.26    1.76
 -92613.626    15.921     1.58    1.61
 -92236.609    16.105     0.49    1.52
 -91859.529    15.821    -0.76    1.61
 -91482.387    15.123    -1.85    1.25
 -91105.183    15.013    -0.29    1.13
 -90727.917    15.417     1.07    1.29
 -90350.589    16.063     1.71    1.35
 -89973.198    16.917     2.26    1.58
 -89595.745    18.500     4.19    2.26
 -89218.229    19.227     1.92    2.23
 -88840.651    18.066    -3.07    4.25
 -88463.011    15.027    -8.05    6.03
 -88085.308    12.560    -6.53    5.53
 -87707.543    10.662    -5.02    4.45
 -87329.715    10.237    -1.13    3.87
 -86951.825    10.355     0.31    3.62
 -86573.872    10.693     0.89    3.92
 -86195.856    10.731     0.10    3.81
 -85817.778     9.528    -3.18    3.53
 -85439.637     8.333    -3.16    2.75
 -85061.434     7.583    -1.98    2.19
 -84683.168     6.910    -1.78    1.94
 -84304.838     6.419    -1.30    1.79
 -83926.447     5.948    -1.24    1.78
 -83547.992     5.500    -1.18    2.05
 -83169.474     5.182    -0.84    2.26
 -82790.894     5.040    -0.37    2.48
 -82412.250     4.867    -0.46    2.38
 -82033.544     4.805    -0.16    1.87
 -81654.774     4.527    -0.73    1.11
 -81275.942     4.234    -0.77    0.67
 -80897.047     3.778    -1.20    0.65
 -80518.088     3.532    -0.65    0.68
 -80139.066     3.473    -0.15    0.74
 -79759.981     3.500     0.07    0.94
 -79380.833     3.813     0.83    0.90
 -79001.622     3.857     0.12    1.04
 -78622.348     3.649    -0.55    1.06
 -78243.010     3.610    -0.10    1.10
 -77863.609     3.589    -0.06    1.09
 -77484.144     3.773     0.49    1.01
 -77104.616     3.680    -0.25    0.95
 -76725.025     3.466    -0.56    0.85
 -76352.417     3.442    -0.06    0.73
 -75984.968     3.514     0.20    0.82
 -75617.460     3.900     1.05    0.94
 -75249.892     4.347     1.22    1.01
 -74882.266     4.899     1.50    0.94
 -74514.581     5.479     1.58    0.73
 -74146.836     5.987     1.38    0.72
 -73779.032     6.400     1.12    0.70
 -73411.170     6.707     0.83    0.69
 -73043.248     6.773     0.18    0.71
 -72675.266     6.560    -0.58    0.81
 -72307.226     6.395    -0.45    0.82
 -71939.126     6.091    -0.83    0.65
 -71570.967     5.973    -0.32    0.49
 -71202.749     6.038     0.18    0.41
 -70834.471     6.080     0.11    0.43
 -70466.134     6.329     0.68    0.52
 -70097.737     6.605     0.75    0.65
 -69729.281     7.141     1.45    0.80
 -69360.766     7.640     1.35    0.71
 -68992.191     8.158     1.41    0.65
 -68623.557     8.329     0.46    0.55
 -68254.863     8.413     0.23    0.50
 -67886.109     8.618     0.56    0.63
 -67517.296     8.789     0.46    0.77
 -67148.423     9.039     0.68    0.72
 -66779.490     9.182     0.39    0.58
 -66410.498     9.213     0.09    0.53
 -66041.446     9.115    -0.27    0.51
 -65672.334     8.987    -0.35    0.63
 -65303.162     8.909    -0.21    0.61
 -64933.931     8.961     0.14    0.57
 -64564.640     8.868    -0.25    0.55
 -64195.289     8.641    -0.62    0.70
 -63825.877     8.195    -1.21    0.78
 -63456.406     7.740    -1.23    0.80
 -63086.875     7.143    -1.62    0.81
 -62717.284     6.947    -0.53    0.69
 -62347.633     6.987     0.11    0.79
 -61977.922     7.160     0.47    0.79
 -61608.151     7.000    -0.43    0.89
 -61238.320     6.360    -1.73    1.51
 -60868.428     4.870    -4.03    2.12
 -60498.477     3.779    -2.95    1.72
 -60128.465     3.039    -2.00    1.27
 -59758.393     2.885    -0.42    0.91
 -59388.260     3.416     1.43    0.86
 -59018.068     3.636     0.60    0.87
 -58647.815     4.117     1.30    0.84
 -58277.501     4.724     1.64    0.93
 -57907.127     5.221     1.34    1.06
 -57536.693     5.880     1.78    1.01
 -57166.198     6.667     2.12    0.70
 -56795.643     6.960     0.79    0.60
 -56425.028     7.234     0.74    0.63
 -56054.351     7.299     0.18    0.73
 -55683.615     6.947    -0.95    1.01
 -55312.817     6.566    -1.03    1.09
 -54941.959     6.237    -0.89    0.98
 -54571.041     6.195    -0.11    0.90
 -54200.061     6.429     0.63    0.97
 -53829.021     6.921     1.33    0.99
 -53457.920     7.342     1.13    0.78
 -53086.759     7.608     0.72    0.64
 -52715.536     7.595    -0.04    0.59
 -52344.253     7.453    -0.38    0.58
 -51972.909     7.218    -0.63    0.47
 -51601.504     7.158    -0.16    0.40
 -51230.038     7.547     1.05    0.72
 -50858.511     7.961     1.11    0.79
 -50486.923     8.303     0.92    0.59
 -50115.274     8.427     0.33    0.52
 -49743.564     8.423    -0.01    0.52
 -49371.793     8.333    -0.24    0.50
 -48999.960     8.300    -0.09    0.56
 -48628.067     8.315     0.04    0.60
 -48256.112     8.641     0.88    0.77
 -47884.097     8.863     0.60    0.80
 -47512.020     9.105     0.65    0.72
 -47139.881     9.222     0.31    0.65
 -46767.682     9.474     0.68    0.62
 -46395.421     9.833     0.97    0.71
 -46023.098    10.053     0.59    0.80
 -45650.715    10.162     0.29    0.88
 -45278.269    10.025    -0.37    0.93
 -44905.763     9.708    -0.85    0.88
 -44533.195     9.388    -0.86    0.80
 -44160.565     8.811    -1.55    0.75
 -43787.874     8.000    -2.18    1.26
 -43415.121     7.400    -1.61    1.34
 -43042.307     7.182    -0.59    1.21
 -42669.431     7.395     0.57    1.32
 -42296.493     8.247     2.28    1.28
 -41923.494     9.240     2.66    0.84
 -41550.433     9.846     1.62    0.82
 -41177.310    10.289     1.19    0.67
 -40804.125    10.513     0.60    0.53
 -40430.879    10.640     0.34    0.51
 -40057.571    10.662     0.06    0.53
 -39684.200    10.731     0.18    0.57
 -39310.768    10.792     0.16    0.59
 -38937.274    10.886     0.25    0.70
 -38563.718    10.949     0.17    0.82
 -38190.100    11.234     0.76    1.17
 -37816.420    11.789     1.49    1.75
 -37442.678    13.165     3.68    2.88
 -37068.873    14.467     3.48    2.83
 -36695.007    14.709     0.65    2.55
 -36321.078    14.293    -1.11    2.30
 -35947.087    13.295    -2.67    1.68
 -35573.034    12.689    -1.62    0.95
 -35198.919    12.688    -0.00    0.75
 -34824.741    12.863     0.47    0.65
 -34450.501    13.145     0.75    1.21
 -34076.199    14.189     2.79    2.75
 -33701.834    15.288     2.93    3.46
 -33327.407    16.125     2.24    3.46
 -32952.917    15.775    -0.93    2.89
 -32578.365    15.133    -1.71    2.08
 -32203.751    14.705    -1.14    1.27
 -31829.073    14.263    -1.18    0.70
 -31454.334    14.107    -0.42    0.56
 -31079.531    14.132     0.07    0.50
 -30704.666    14.234     0.27    0.54
 -30329.738    14.338     0.28    0.55
 -29954.748    14.519     0.48    0.53
 -29579.695    14.303    -0.58    0.82
 -29204.579    13.829    -1.26    1.16
 -28829.400    13.338    -1.31    1.11
 -28454.159    12.882    -1.22    0.95
 -28078.854    12.513    -0.98    0.77
 -27703.487    12.342    -0.46    0.74
 -27328.057    11.787    -1.48    0.93
 -26952.564    11.467    -0.85    0.91
 -26577.007    10.936    -1.41    0.83
 -26201.388    10.438    -1.32    0.67
 -25825.706    10.354    -0.22    0.68
 -25449.960    10.083    -0.72    0.69
 -25074.152     9.949    -0.36    0.75
 -24698.280     9.811    -0.37    0.75
 -24322.345     9.763    -0.13    0.78
 -23946.347     9.909     0.39    0.85
 -23570.286     9.947     0.10    0.91
 -23194.161     9.857    -0.24    0.97
 -22817.973     9.779    -0.21    0.87
 -22441.722     9.680    -0.26    0.84
 -22065.407     9.750     0.19    0.77
 -21689.029     9.756     0.02    0.71
 -21312.588     9.776     0.05    0.76
 -20936.083     9.731    -0.12    0.71
 -20559.514     9.597    -0.35    0.71
 -20182.882     9.792     0.52    1.06
 -19806.186     9.824     0.09    1.11
 -19429.427     9.975     0.40    1.07
 -19052.604    10.000     0.07    1.19
 -18675.717     9.625    -0.99    1.07
 -18298.767     9.233    -1.04    0.86
 -17921.753     8.975    -0.68    0.75
 -17544.675     8.711    -0.70    0.86
 -17167.534     8.355    -0.94    1.02
 -16790.328     6.987    -3.63    2.68
 -16413.059     4.590    -6.35    4.00
 -16035.726     2.141    -6.49    3.66
 -15658.328     0.382    -4.66    2.17
 -15280.867    -0.329    -1.88    1.32
 -14903.342    -0.421    -0.24    1.42
 -14525.753    -0.418     0.01    1.10
 -14148.100    -0.600    -0.48    0.87
 -13770.382    -0.697    -0.26    0.73
 -13392.601    -0.699    -0.00    0.83
 -13014.755    -1.000    -0.80    1.25
 -12636.845    -1.055    -0.14    1.27
 -12258.871    -0.709     0.92    1.65
 -11880.833    -0.400     0.82    1.45
 -11502.730    -0.188     0.56    1.36
 -11124.563    -0.197    -0.03    1.39
 -10746.332    -0.571    -0.99    0.95
 -10368.036     0.282     2.26    2.24
  -9989.676     1.641     3.59    2.85
  -9611.251     3.364     4.55    2.74
  -9232.762     4.737     3.63    1.25
  -8854.208     4.949     0.56    0.64
  -8475.590     4.740    -0.55    0.58
  -8096.907     4.633    -0.28    0.49
  -7718.160     4.671     0.10    0.47
  -7339.348     4.577    -0.25    0.50
  -6960.471     4.408    -0.45    0.49
  -6581.529     4.208    -0.53    0.41
  -6202.523     4.000    -0.55    0.00
  -5823.452     3.974    -0.07    0.16
  -5444.316     3.714    -0.69    0.45
  -5065.115     3.429    -0.75    0.55
  -4685.849     3.062    -0.97    0.58
  -4306.518     2.730    -0.88    0.50
  -3927.123     2.538    -0.50    0.50
  -3547.662     2.397    -0.37    0.49
  -3168.136     2.195    -0.53    0.40
  -2788.546     2.054    -0.37    0.23
  -2408.890     1.872    -0.48    0.44
  -2029.169     1.507    -0.96    0.83
  -1653.242     1.177    -0.88    0.96
  -1285.982     0.789    -1.06    0.96
   -918.661     0.494    -0.81    0.85
   -551.279     0.211    -0.77    0.60
   -183.837     0.013    -0.54    0.11
    183.665     0.000    -0.04    0.00
    551.228     0.000     0.00    0.00
    918.852     0.000     0.00    0.00
   1286.537     0.000     0.00    0.00
   1654.282     0.125     0.34    0.63
   2022.087     0.387     0.71    1.16
   2389.954     0.581     0.53    1.46
   2757.881     0.684     0.28    1.56
   3125.869     1.014     0.89    1.97
   3493.918     1.260     0.67    2.25
   3862.027     1.514     0.69    2.48
   4230.198     1.925     1.12    2.65
   4598.429     2.329     1.10    2.76
   4966.722     2.863     1.45    2.90
   5335.075     3.811     2.57    3.47
   5703.489     9.192    14.61   12.66
   6071.965    20.533    30.78   25.58
   6440.501    43.429    62.13   38.85
   6809.099    63.933    55.63   37.31
   7177.757    81.633    48.01   26.55
   7546.477    93.213    31.41    9.54
   7915.258    94.200     2.68    6.55
   8284.100    92.773    -3.87    6.42
   8653.004    89.718    -8.28    6.93
   9021.968    84.623   -13.81    9.35
   9390.994    77.701   -18.76    9.67
   9760.082    71.740   -16.15    9.14
  10129.230    66.897   -13.12    8.49
  10498.441    63.434    -9.38    8.28
  10867.712    61.287    -5.81    8.19
  11237.045    58.921    -6.41    8.01
  11606.440    56.731    -5.93    8.08
  11975.896    53.397    -9.02    8.42
  12345.413    48.278   -13.85    8.56
  12714.992    45.063    -8.70    7.80
  13084.633    44.792    -0.73    8.43
  13454.336    46.921     5.76   10.05
  13824.100    51.456    12.26    9.73
  14193.926    52.896     3.89    8.66
  14563.813    52.338    -1.51    8.44
  14933.763    52.269    -0.18    8.25
  15303.774    53.215     2.56    8.16
  15673.847    55.700     6.71    6.91
  16043.982    58.987     8.88    2.14
  16414.178    59.286     0.81    2.38
  16784.437    58.538    -2.02    3.97
  17154.758    58.118    -1.13    3.94
  17525.140    59.234     3.01    4.72
  17895.585    61.405     5.86    6.45
  18266.092    65.532    11.14    7.31
  18636.660    69.525    10.78    6.20
  19007.291    71.519     5.38    4.12
  19377.984    70.333    -3.20    5.06
  19748.740    66.333   -10.79    6.15
  20119.557    62.351   -10.74    5.51
  20490.437    59.247    -8.37    4.13
  20861.379    57.950    -3.50    2.95
  21232.383    57.924    -0.07    2.25
  21603.450    58.443     1.40    1.61
  21974.579    59.026     1.57    1.34
  22345.770    59.117     0.24    1.28
  22717.024    58.412    -1.90    1.53
  23088.340    57.526    -2.39    1.75
  23459.719    56.156    -3.69    1.97
  23831.160    54.089    -5.57    3.22
  24202.664    51.671    -6.51    4.30
  24574.231    49.051    -7.05    4.61
  24945.860    46.127    -7.87    4.38
  25317.552    44.000    -5.72    4.15
  25689.306    41.787    -5.95    4.98
  26061.124    40.566    -3.29    5.72
  26433.003    39.756    -2.18    5.10
  26804.946    37.641    -5.69    6.94
  27176.952    29.731   -21.26   14.80
  27549.020    20.260   -25.46   17.56
  27921.152     9.443   -29.07   14.21
  28293.346     2.197   -19.47    6.22
  28665.603     0.025    -5.84    0.16
  29037.923     0.147     0.33    0.36
  29410.306     0.329     0.49    0.47
  29782.752     0.456     0.34    0.50
  30155.262     0.772     0.85    0.60
  30527.834     1.227     1.22    1.02
  30900.470     1.800     1.54    1.75
  31273.168     2.635     2.24    2.38
  31645.930     3.300     1.78    2.72
  32018.755     4.081     2.10    2.92
  32391.644     5.065     2.64    2.54
  32764.596     5.640     1.54    2.35
  33137.611     6.519     2.36    1.69
  33510.689     7.054     1.44    1.11
  33883.831     7.469     1.11    0.57
  34257.036     7.635     0.44    0.48
  34630.305     7.750     0.31    0.44
  35003.637     7.836     0.23    0.37
  35377.033     7.922     0.23    0.27
  35750.492     7.933     0.03    0.25
  36124.015     7.962     0.08    0.19
  36497.602     7.960    -0.01    0.20
  36871.252     7.962     0.01    0.19
  37244.966     7.961    -0.01    0.20
  37618.744     7.936    -0.07    0.25
  37992.585     7.937     0.00    0.29
  38366.490     7.900    -0.10    0.30
  38740.459     7.833    -0.18    0.38
  39114.492     7.772    -0.16    0.42
  39488.589     7.671    -0.27    0.47
  39862.750     7.628    -0.11    0.49
  40236.975     7.564    -0.17    0.50
  40611.263     7.512    -0.14    0.50
  40985.616     7.400    -0.30    0.49
  41360.033     7.218    -0.49    0.50
  41734.514     6.924    -0.78    0.55
  42109.059     6.718    -0.55    0.56
  42483.668     6.525    -0.52    0.76
  42858.341     6.434    -0.24    0.87
  43233.079     6.367    -0.18    0.92
  43607.881     6.329    -0.10    1.09
  43982.747     5.850    -1.28    1.63
  44357.677     5.053    -2.12    2.12
  44732.672     3.938    -2.98    2.41
  45107.731     2.676    -3.36    2.08
  45482.855     1.650    -2.73    1.72
  45858.043     0.933    -1.91    1.22
  46233.295     0.623    -0.83    0.95
  46608.612     0.360    -0.70    0.65
  46983.994     0.325    -0.09    0.55
  47359.440     0.303    -0.06    0.46
  47734.951     0.288    -0.04    0.46
  48110.527     0.224    -0.17    0.42
  48486.167     0.397     0.46    1.32
  48861.872     2.278     5.01    5.45
  49237.642     6.325    10.77    9.80
  49613.476    11.962    15.00   13.59
  49989.376    18.364    17.03   15.10
  50365.340    27.051    23.11   15.37
  50741.369    34.141    18.86   14.18
  51117.463    41.859    20.52   12.09
  51493.622    46.937    13.50   11.29
  51869.846    51.519    12.18   11.13
  52246.135    54.184     7.08   12.17
  52622.489    54.200     0.04   13.98
  52998.908    52.324    -4.98   15.55
  53375.393    50.787    -4.08   13.94
  53751.942    50.211    -1.53   11.31
  54128.557    51.429     3.23    9.08
  54505.237    55.014     9.52    7.36
  54881.982    56.763     4.64    6.12
  55258.793    55.039    -4.57    7.82
  55635.669    47.750   -19.34   12.06
  56012.610    40.000   -20.56   12.63
  56389.616    36.500    -9.28   12.14
  56766.688    35.704    -2.11   11.83
  57143.826    36.525     2.18   11.47
  57521.029    36.051    -1.26    8.95
  57898.298    38.442     6.34   12.56
  58275.632    45.241    18.02   17.03
  58653.032    51.182    15.74   17.54
  59030.497    56.139    13.13   16.04
  59408.028    57.195     2.80   14.75
  59785.625    60.838     9.65   13.40
  60163.288    65.784    13.10   11.05
  60541.016    68.568     7.37    9.09
  60918.810    65.838    -7.23   13.33
  61296.671    61.963   -10.26   13.19
  61674.596    64.519     6.76   13.28
  62052.588    67.038     6.66   12.64
  62430.646    68.487     3.83   10.19
  62808.770    67.380    -2.93   10.11
  63186.960    66.104    -3.37   10.03
  63565.216    66.269     0.44   10.16
  63943.538    68.662     6.33    9.08
  64321.926    69.342     1.80    8.10
  64700.380    69.088    -0.67    7.64
  65078.901    69.382     0.78    6.87
  65457.488    68.175    -3.19    6.70
  65836.141    66.351    -4.82    7.35
  66214.860    63.407    -7.77    7.88
  66593.646    62.895    -1.35    8.60
  66972.498    65.620     7.19    8.73
  67351.416    69.382     9.93    8.29
  67730.401    72.575     8.43    5.94
  68109.453    70.091    -6.55    9.22
  68488.571    65.076   -13.23   11.06
  68867.755    60.062   -13.22    9.63
  69247.006    56.975    -8.14    7.69
  69626.324    60.963    10.51    6.95
  70005.708    64.714     9.89    6.76
  70385.159    62.650    -5.44    8.41
  70764.677    56.635   -15.85   13.16
  71144.262    48.765   -20.73   12.86
  71523.913    44.395   -11.51    7.71
  71903.631    48.050     9.63    8.68
  72283.416    53.395    14.07    6.46
  72663.268    56.862     9.13    3.15
  73042.809    60.701    10.11    7.01
  73409.874    65.203    12.26    9.03
  73777.001    71.291    16.59    7.34
  74144.190    74.188     7.89    3.79
  74511.442    71.513    -7.28    7.26
  74878.755    63.713   -21.24   12.54
  75246.131    52.789   -29.73   14.54
  75613.568    41.825   -29.84   13.29
  75981.068    31.461   -28.20    8.71
  76348.630    23.987   -20.33    7.16
  76716.254    17.868   -16.64    6.00
  77083.940    13.850   -10.93    5.01
  77451.689    10.868    -8.11    2.93
  77819.499     9.753    -3.03    2.21
  78187.373     9.907     0.42    2.69
  78555.308    13.633    10.13    7.55
  78923.306    18.234    12.50    9.48
  79291.367    22.862    12.58    8.93
  79659.490    27.195    11.77    6.07
  80027.675    29.475     6.19    3.59
  80395.923    30.727     3.40    2.08
  80764.233    31.725     2.71    1.53
  81132.606    32.380     1.78    2.16
  81501.042    33.050     1.82    2.67
  81869.540    33.857     2.19    3.00
  82238.101    34.862     2.73    3.32
  82606.725    35.570     1.92    3.59
  82975.412    36.450     2.39    4.14
  83344.161    37.185     1.99    4.16
  83712.973    37.926     2.01    4.55
  84081.848    37.808    -0.32    5.02
  84450.786    36.753    -2.86    5.42
  84819.786    35.329    -3.86    5.18
  85188.850    33.462    -5.06    4.27
  85557.977    32.284    -3.19    3.93
  85927.167    33.671     3.76    7.59
  86296.419    35.342     4.53   10.09
  86665.735    36.321     2.65   11.83
  87035.114    34.089    -6.04   11.92
  87404.556    30.075   -10.86   10.69
  87774.061    27.123    -7.99    7.44
  88143.630    26.641    -1.31    6.04
  88513.261    26.763     0.33    5.64
  88882.956    28.282     4.11    5.47
  89252.715    29.950     4.51    6.43
  89622.536    31.127     3.18    7.43
  89992.421    32.512     3.75    7.85
  90362.370    35.076     6.93    8.43
  90732.381    38.688     9.76    9.38
  91102.457    44.763    16.42    8.87
  91472.596    49.588    13.03    7.44
  91842.798    52.038     6.62    7.98
  92213.064    54.346     6.23    7.66
  92583.393    54.873     1.43    7.59
  92953.786    53.275    -4.32    6.47
  93324.243    51.649    -4.39    5.67
  93694.764    50.700    -2.56    3.73
  94065.348    48.885    -4.90    5.34
  94435.996    46.815    -5.58    7.34
  94806.708    43.065   -10.12    8.06
  95177.483    42.037    -2.77    7.46
  95548.323    43.293     3.39    6.69
  95919.226    44.244     2.56    5.34
  96290.194    45.351     2.98    5.22
  96661.225    44.747    -1.63    5.41
  97032.320    42.500    -6.06    6.10
  97403.480    39.375    -8.42    6.33
  97774.703    36.347    -8.16    5.49
  98145.991    35.512    -2.25    6.11
  98517.342    37.143     4.39    8.70
  98888.758    38.250     2.98    9.94
  99260.238    38.653     1.09   10.12
  99631.782    37.038    -4.35    9.66
 100003.391    34.400    -7.10    8.08
 100375.064    33.134    -3.41    5.56
 100746.801    32.519    -1.65    3.83
 101118.602    34.600     5.60    5.10
 101490.468    37.040     6.56    5.68
 101862.398    38.375     3.59    5.84
 102234.393    39.039     1.79    5.35
 102606.453    39.646     1.63    4.95
 102978.577    40.519     2.35    4.41
 103350.765    42.025     4.04    4.55
 103723.018    43.671     4.42    4.08
 104095.336    44.638     2.60    3.89
 104467.718    45.974     3.59    4.29
 104840.165    47.889     5.14    5.75
 105212.677    51.519     9.75    8.11
 105585.253    55.562    10.85    9.98
 105957.895    59.273     9.96   11.32
 106330.601    61.600     6.24   13.13
 106703.372    65.633    10.82   13.72
 107076.208    70.951    14.26   15.02
 107449.109    79.253    22.27   15.58
 107822.075    86.088    18.33   14.88
 108195.106    92.063    16.02    9.68
 108568.202    89.588    -6.64   12.30
 108941.363    86.241    -8.97   14.82
 109314.589    82.815    -9.18   14.91
 109687.881    79.750    -8.21   15.78
 110061.237    75.638   -11.02   17.02
 110434.659    70.987   -12.45   15.21
 110808.146    65.127   -15.69   14.01
 111181.698    63.778    -3.61   14.02
 111555.316    63.099    -1.82   14.54
 111928.999    63.914     2.18   15.73
 112302.747    64.152     0.64   16.63
 112676.561    63.747    -1.08   17.07
 113050.440    61.198    -6.82   16.95
 113424.385    56.778   -11.82   14.86
 113798.395    54.630    -5.74   13.05
 114172.471    51.338    -8.80   10.51
 114546.612    46.795   -12.14    9.71
 114920.819    37.962   -23.61   12.65
 115295.092    33.873   -10.93   11.20
 115669.430    35.988     5.65   13.82
 116043.835    44.304    22.21   17.81
 116418.304    57.963    36.48   14.07
 116792.840    66.208    22.02   11.65
 117167.442    68.284     5.54   11.19
 117542.109    63.610   -12.48   14.23
 117916.843    60.275    -8.90   14.27
 118291.642    61.533     3.36   15.47
 118666.507    68.679    19.06   16.62
 119041.438    77.892    24.57   13.35
 119416.436    83.580    15.17    9.36
 119791.499    86.410     7.55    6.31
 120166.629    85.346    -2.84    8.10
 120541.825    82.507    -7.57    9.76
 120917.086    79.862    -7.05    9.14
 121292.415    76.974    -7.70    9.55
 121667.809    79.506     6.75   10.01
 122043.270    81.139     4.35   10.08
 122418.797    80.580    -1.49    8.57
 122794.390    81.974     3.71    7.56
 123170.050    83.914     5.16    7.35
 123545.776    87.625     9.88    5.48
 123921.569    87.531    -0.25    5.85
 124297.428    84.852    -7.13    7.61
 124673.354    81.937    -7.76    9.52
 125049.346    78.329    -9.60    9.81
 125425.405    73.075   -13.97   11.12
 125801.531    71.235    -4.89   11.32
 126177.723    75.400    11.07   13.25
 126553.982    80.407    13.31   14.28
 126930.308    85.462    13.43   10.78
 127306.700    86.383     2.45   11.50
 127683.160    81.756   -12.29   14.47
 128059.686    72.333   -25.03   18.09
 128436.279    65.320   -18.63   15.88
 128812.939    67.537     5.89   16.25
 129189.666    74.635    18.84   19.15
 129566.460    83.296    22.99   14.19
 129943.321    87.818    12.00    9.14
 130320.250    80.890   -18.38   14.90
 130697.245    72.273   -22.86   15.43
 131074.307    70.675    -4.24   14.72
 131451.437    69.481    -3.17   14.52
 131828.634    72.790     8.77   11.42
 132205.898    75.111     6.15   10.95
 132583.230    77.684     6.82   12.49
 132960.628    84.638    18.43    9.08
 133338.094    83.741    -2.38   11.38
 133715.628    77.753   -15.86   14.56
 134093.229    74.400    -8.88   12.53
 134470.897    75.494     2.90   11.50
 134848.633    79.896    11.66   10.36
 135226.437    79.878    -0.05    9.57
 135604.308    74.948   -13.05   12.37
 135982.247    68.840   -16.16   12.74
 136360.253    59.684   -24.22   10.90
 136738.327    51.195   -22.46   13.20
 137116.469    46.342   -12.84   10.74
 137494.679    45.108    -3.26    9.11
 137872.956    47.177     5.47    7.55
 138251.301    48.642     3.87    7.05
 138629.714    48.333    -0.82    7.27
 139008.195    49.025     1.83    7.60
 139386.744    47.195    -4.83    8.13
 139765.361    46.235    -2.54    8.08
 140144.046    46.451     0.57    8.18
 140522.799    50.089     9.60   10.76
 140901.620    60.938    28.64   16.92
 141280.510    68.025    18.71   16.46
 141659.467    79.024    29.03   14.25
 142038.493    88.803    25.80   14.00
 142417.587    98.329    25.13   15.04
 142796.749   103.680    14.11   13.99
 143175.979   108.829    13.58   12.84
 143555.278   114.835    15.84   12.38
 143934.645   115.383     1.44   11.87
 144314.081   115.500     0.31    9.92
 144693.585   114.309    -3.14   10.45
 145073.158   111.061    -8.56   11.90
 145452.799   111.012    -0.13   11.67
 145832.509   112.634     4.27   11.34
 146212.287   112.532    -0.27    9.46
 146592.134   111.481    -2.77    9.24
 146972.050   106.608   -12.83   13.65
 147352.034   100.602   -15.81   15.98
 147732.088   100.250    -0.93   16.35
 148102.351   103.756     9.47   13.51
 148469.280   106.289     6.91   11.76
 148836.273   103.256    -8.27   13.78
 149203.329    98.481   -13.01   13.80
 149570.448    92.790   -15.50   13.91
 149937.632    89.154    -9.90   14.16
 150304.879    82.691   -17.60   17.52
 150672.189    79.568    -8.50   17.06
 151039.564    80.829     3.43   16.16
 151407.002    82.753     5.24   14.51
 151774.503    91.450    23.67   13.42
 152142.069    98.432    19.00   13.98
 152509.699   105.732    19.86   14.75
 152877.392   110.802    13.79   10.42
 153245.149   110.617    -0.50   11.24
 153612.971   109.350    -3.45   13.46
 153980.856   106.321    -8.23   14.80
 154348.805   104.085    -6.08   17.03
 154716.819   102.734    -3.67   17.16
 155084.896   104.272     4.18   14.72
 155453.038   101.231    -8.26   15.76
 155821.244    95.768   -14.84   17.14
 156189.514    88.519   -19.69   16.63
 156557.848    79.060   -25.68   16.41
 156926.246    74.182   -13.24   14.53
 157294.709    71.671    -6.82   14.80
 157663.236    73.079     3.82   15.79
 158031.827    84.250    30.31   21.08
 158400.483    97.351    35.54   21.80
 158769.203   109.549    33.09   13.82
 159137.988   114.590    13.67   11.12
 159506.837   115.049     1.24   12.59
 159875.751   113.430    -4.39   13.16
 160244.729   106.000   -20.14   14.03
 160613.772   100.438   -15.07   12.55
 160982.880    96.284   -11.25   12.25
 161352.052    92.537   -10.15   13.25
 161721.289    89.793    -7.43   15.42
 162090.590    87.383    -6.53   14.90
 162459.957    83.580   -10.30   12.86
 162829.388    81.975    -4.35   13.38
 163198.884    80.415    -4.22   13.82
 163568.445    77.259    -8.54    9.94
 163938.071    77.622     0.98    8.61
 164307.762    79.612     5.39    9.73
 164677.517    85.457    15.81   11.04
 165047.338    89.244    10.24   12.37
 165417.224    97.280    21.73   12.70
 165787.175   104.036    18.26   12.64
 166157.191   110.494    17.45   10.58
 166527.272   114.614    11.14    8.56
 166897.418   116.387     4.79   11.02
 167267.630   116.988     1.62   10.70
 167637.906   116.222    -2.07   11.75
 168008.248   115.642    -1.57   11.67
 168378.656   117.238     4.31   13.28
 168749.129   123.847    17.84   14.88
 169119.667   132.716    23.94    7.37
 169490.270   134.531     4.90    5.52
 169860.939   134.213    -0.86    4.46
 170231.674   131.464    -7.41    5.43
 170602.474   129.241    -6.00    5.22
 170973.339   129.395     0.42    5.26
 171344.271   130.974     4.26    5.69
 171715.268   134.598     9.77    4.92
 172086.330   136.519     5.18    4.68
 172457.458   134.548    -5.31    6.98
 172828.652   129.949   -12.39    8.95
 173199.912   123.802   -16.56   10.40
 173571.237   119.321   -12.07    8.59
 173942.629   118.167    -3.11    8.61
 174314.086   118.089    -0.21    9.05
 174685.609   120.259     5.84    9.62
 175057.198   122.922     7.17    8.00
 175428.853   120.571    -6.33   10.26
 175800.575   119.221    -3.63   10.76
 176172.362   117.939    -3.45   11.98
 176544.215   115.947    -5.36   13.94
 176916.134   115.037    -2.45   15.08
 177288.120   112.090    -7.92   14.20
 177660.172   108.341   -10.08   13.04
 178032.290   106.579    -4.74   12.59
 178404.474   108.927     6.31   14.37
 178776.725   107.481    -3.89   15.33
 179149.041   108.345     2.32   15.66
 179521.425   111.442     8.32   18.89
 179893.874   118.519    19.00   23.16
 180266.391   128.519    26.85   17.81
 180638.973   132.988    12.00   13.65
 181011.622   133.675     1.84   10.62
 181384.338   132.195    -3.97    7.63
 181757.120   131.962    -0.63    5.15
 182129.969   130.940    -2.74    4.46
 182502.885   130.308    -1.70    4.28
 182875.867   128.305    -5.37    5.72
 183248.916   126.987    -3.53    9.15
 183622.032   125.598    -3.72   10.66
 183995.214   120.103   -14.73   13.71
 184368.464   118.714    -3.72   14.39
 184741.780   121.975     8.73   14.49
 185115.163   128.272    16.87   15.76
 185488.613   140.684    33.24   13.23
 185862.130   147.518    18.30    8.01
 186235.714   150.562     8.15    5.07
 186609.366   148.383    -5.83    7.32
 186983.084   142.630   -15.40    9.39
 187356.869   139.918    -7.26    9.87
 187730.722   137.914    -5.36   10.65
 188104.642   137.914     0.00   11.71
 188478.629   138.329     1.11   10.79
 188852.683   135.325    -8.03   13.39
 189226.805   128.213   -19.01   19.58
 189600.994   119.195   -24.10   22.79
 189975.250   111.556   -20.42   23.82
 190349.574   111.548    -0.02   25.44
 190723.965   114.951     9.09   28.50
 191098.424   127.207    32.74   26.78
 191472.950   134.049    18.27   23.27
 191847.544   136.783     7.30   20.06
 192222.205   140.244     9.24   13.48
 192596.934   141.024     2.08   11.25
 192971.731   140.866    -0.42   10.70
 193346.595   143.753     7.70    9.21
 193721.527   141.195    -6.82   10.77
 194096.527   138.720    -6.60   13.74
 194471.595   137.869    -2.27   14.27
 194846.731   135.085    -7.42   13.80
 195221.934   130.762   -11.52   16.58
 195597.206   125.797   -13.23   17.81
 195972.545   120.747   -13.46   17.31
 196347.953   122.950     5.87   16.61
 196723.428   121.543    -3.75   17.01
 197098.972   120.700    -2.25   16.10
 197474.583   114.894   -15.46   17.58
 197850.263   108.114   -18.05   17.31
 198226.011    97.585   -28.02   21.67
 198601.828    86.766   -28.79   19.95
 198977.712    78.729   -21.38   19.60
 199353.665    69.090   -25.64   16.27
 199729.686    60.410   -23.09   15.58
 200105.776    52.727   -20.43    9.13
 200481.934    50.706    -5.37    5.35
 200858.160    51.203     1.32    4.72
 201234.455    52.420     3.24    4.09
 201610.818    52.725     0.81    3.26
 201987.250    52.430    -0.78    3.80
 202363.751    54.531     5.58    8.21
 202740.320    58.210     9.77   12.51
 203116.958    66.183    21.17   16.07
 203493.665    74.366    21.73   17.28
 203870.440    79.476    13.56   16.61
 204247.284    85.024    14.73   18.12
 204624.197    98.659    36.18   20.66
 205001.179   108.098    25.04   22.32
 205378.230   115.518    19.68   19.26
 205755.350   120.457    13.10   16.89
 206132.539   123.732     8.68   14.98
 206509.796   125.370     4.34   11.81
 206887.123   129.965    12.18   10.23
 207264.519   129.550    -1.10   10.68
 207641.984   125.354   -11.12    9.49
 208019.518   123.013    -6.20    8.89
 208397.121   123.729     1.90    7.34
 208774.794   123.156    -1.52    8.26
 209152.536   121.108    -5.42   10.16
 209530.347   117.487    -9.59   12.81
 209908.228   112.847   -12.28   12.19
 210286.178   109.625    -8.53    9.96
 210664.197   108.840    -2.08    8.65
 211042.286   109.313     1.25    9.62
 211420.445   109.976     1.75   10.00
 211798.673   107.585    -6.32   12.78
 212176.970   102.012   -14.74   15.78
 212555.337    96.683   -14.09   16.28
 212933.774    90.366   -16.70   15.46
 213312.281    80.373   -26.40   17.37
 213690.857    71.476   -23.51   17.33
 214069.503    65.778   -15.05   12.83
 214448.219    67.926     5.67   15.71
 214827.005    77.835    26.17   20.07
 215205.860    87.475    25.45   18.46
 215584.786    90.155     7.07   20.70
 215963.781    92.385     5.88   22.42
 216342.847    90.235    -5.67   24.03
 216721.983    88.359    -4.95   23.84
 217101.188    88.646     0.76   23.22
 217480.464    87.321    -3.50   21.91
 217859.810    88.400     2.84   19.25
 218239.226    88.383    -0.05   20.61
 218618.713    88.915     1.40   21.76
 218998.270    89.171     0.67   22.75
 219377.897    90.293     2.96   21.56
 219757.594    89.833    -1.21   21.47
 220137.362    95.446    14.78   22.76
 220517.200    99.072     9.55   24.43
 220897.109   100.737     4.38   23.83
 221277.088    99.588    -3.03   22.59
 221657.138    98.846    -1.95   19.89
 222037.259   102.831    10.49   17.79
 222417.450   104.308     3.88   17.50
 222791.609   109.329    13.42   16.66
 223158.334   114.218    13.33   17.52
 223525.124   117.602     9.23   14.78
 223891.979   119.744     5.84   16.18
 224258.899   120.659     2.49   17.35
 224625.885   120.838     0.49   18.01
 224992.936   122.073     3.37   15.68
 225360.052   121.088    -2.69   17.33
 225727.233   120.369    -1.96   17.72
 226094.479   118.643    -4.70   18.59
 226461.791   120.310     4.54   20.55
 226829.169   119.317    -2.70   19.77
 227196.612   118.091    -3.34   17.55
 227564.120   116.230    -5.07   15.80
