# NaN NaN NaN ;Mean Elev.(m), Avg Gradient(m/km), RMS Gradient(m/km) - SRTM1     
#   12.593  -1.460   9.212 ;Mean Elev.(m), Avg Gradient(m/km), RMS Gradient(m/km) - ASTER GDEM
#   25.704  -1.120   5.899 ;Mean Elev.(m), Avg Gradient(m/km), RMS Gradient(m/km) - GMTED2010 
  7    15.364 52447.67896346 30.16  69.784512  61.248242 21.027
  7    14.539 52447.67896411 26.04  69.782162  61.251402 21.027
  7    14.859 52447.67896475 27.15  69.779812  61.254552 21.027
  7    15.028 52447.67896540 31.94  69.777452  61.257712 21.027
  8    28.056 52482.67895290 52.61  69.794466  61.251275 47.673
  8    28.049 52482.67895355 51.48  69.792106  61.254435 47.673
  8    28.054 52482.67895419 49.82  69.789756  61.257595 47.673
  8    27.995 52482.67895484 48.51  69.787406  61.260745 47.673
  9    24.818 52517.67890950 29.32  69.803554  61.254798 30.191
  9    24.509 52517.67891015 24.66  69.801204  61.257948 30.191
  9    24.699 52517.67891079 24.66  69.798844  61.261108 30.191
  9    24.903 52517.67891144 32.54  69.796494  61.264268 30.191
 10    26.025 52552.67895848 21.58  69.780818  61.249176 24.473
 10    25.511 52552.67895912 20.27  69.778458  61.252336 24.473
 10    24.881 52552.67895977 19.97  69.776108  61.255486 24.473
 10    24.098 52552.67896041 21.16  69.773758  61.258646 24.473
 11    22.389 52587.67893787 45.82  69.797259  61.256570 15.656
 11    22.114 52587.67893852 50.87  69.794899  61.259730 15.656
 11    22.156 52587.67893916 45.77  69.792549  61.262880 15.656
 12    22.646 52622.67889902 18.24  69.799616  61.257309  4.413
 12    22.631 52622.67889966 19.30  69.797266  61.260459  4.413
 12    22.567 52622.67890031 19.56  69.794906  61.263619  4.413
 15    24.763 52727.67893386  8.75  69.793700  61.255152  3.073
 15    24.623 52727.67893450  7.86  69.791340  61.258312  3.073
 15    25.482 52727.67893514  8.08  69.788990  61.261462  3.073
 16    23.009 52762.67894788 28.11  69.792545  61.256127 15.247
 16    22.161 52762.67894852 28.20  69.790195  61.259287 15.247
 16    21.860 52762.67894917 30.39  69.787845  61.262437 15.247
 17    24.090 52797.67891340 28.87  69.790640  61.251319 33.651
 17    25.941 52797.67891405 25.90  69.788290  61.254469 33.651
 17    26.465 52797.67891469 25.16  69.785930  61.257629 33.651
 17    26.838 52797.67891534 29.42  69.783580  61.260779 33.651
 18    25.852 52832.67898455 24.84  69.790461  61.250591 29.874
 18    25.727 52832.67898520 25.17  69.788111  61.253751 29.874
 18    26.225 52832.67898584 25.14  69.785761  61.256901 29.874
 18    26.606 52832.67898649 26.29  69.783401  61.260061 29.874
 19    22.474 52867.67902827 27.70  69.795142  61.256621 24.874
 19    22.660 52867.67902891 23.26  69.792782  61.259781 24.874
 19    23.642 52867.67902956 22.44  69.790432  61.262931 24.874
 20    22.385 52902.67904661 22.18  69.794478  61.255875 19.447
 20    22.299 52902.67904726 20.33  69.792118  61.259035 19.447
 20    21.889 52902.67904790 18.49  69.789768  61.262185 19.447
 21    21.847 52937.67898451 29.35  69.804730  61.254383 16.290
 21    19.591 52937.67898515 40.55  69.802380  61.257543 16.290
 21    19.734 52937.67898580 32.09  69.800020  61.260703 16.290
 21    20.871 52937.67898644 22.37  69.797670  61.263863 16.290
 22    20.101 52972.67901594 20.63  69.788490  61.250714  5.411
 22    20.126 52972.67901658 21.56  69.786140  61.253874  5.411
 22    20.260 52972.67901723 21.14  69.783780  61.257034  5.411
 22    20.124 52972.67901787 20.48  69.781430  61.260184  5.411
 23    23.640 53007.67902555 12.73  69.792132  61.249251  3.286
 23    22.719 53007.67902619 13.45  69.789782  61.252411  3.286
 23    22.469 53007.67902684 14.14  69.787432  61.255561  3.286
 23    22.131 53007.67902748 13.86  69.785072  61.258721  3.286
 24    24.767 53042.67898120 10.75  69.783937  61.247742  2.638
 24    24.082 53042.67898185 10.42  69.781587  61.250892  2.638
 24    23.566 53042.67898249 10.92  69.779237  61.254052  2.638
 24    23.837 53042.67898313 10.81  69.776877  61.257212  2.638
 25    24.210 53077.67901487 10.36  69.793215  61.252577  2.416
 25    24.048 53077.67901552 10.62  69.790865  61.255737  2.416
 25    24.283 53077.67901616 10.87  69.788505  61.258897  2.416
 25    23.868 53077.67901681 10.41  69.786155  61.262047  2.416
 26    26.149 53112.67898520  6.50  69.779360  61.249768  1.831
 26    26.174 53112.67898585  6.58  69.777010  61.252918  1.831
 26    26.459 53112.67898649  6.61  69.774650  61.256078  1.831
 27    25.877 53147.67902959 20.57  69.788450  61.251607 28.525
 27    24.792 53147.67903023 19.65  69.786100  61.254757 28.525
 27    24.769 53147.67903087 19.86  69.783740  61.257917 28.525
 28    25.482 53182.67903146 22.71  69.795680  61.256451 31.736
 28    26.136 53182.67903211 23.36  69.793320  61.259611 31.736
 28    26.489 53182.67903275 24.99  69.790970  61.262771 31.736
 29    23.047 53217.67905451 32.39  69.794589  61.251840 31.095
 29    23.143 53217.67905516 26.73  69.792239  61.254990 31.095
 29    23.000 53217.67905580 25.82  69.789879  61.258150 31.095
 29    23.217 53217.67905645 29.03  69.787529  61.261310 31.095
 30    22.771 53252.67903298 29.16  69.798674  61.255449 26.859
 30    22.767 53252.67903362 21.92  69.796324  61.258599 26.859
 30    22.437 53252.67903427 21.29  69.793964  61.261759 26.859
 31    21.946 53287.67903157 30.31  69.778851  61.249471 25.356
 31    21.679 53287.67903222 21.57  69.776501  61.252631 25.356
 31    21.829 53287.67903286 19.87  69.774141  61.255791 25.356
 32    21.790 53322.67900793 28.53  69.799117  61.254843 15.312
 32    21.463 53322.67900858 25.77  69.796757  61.258003 15.312
 32    21.613 53322.67900922 24.03  69.794407  61.261163 15.312
 32    21.703 53322.67900987 25.53  69.792057  61.264313 15.312
 33    22.489 53357.67897339 19.81  69.806232  61.255116  4.973
 33    22.295 53357.67897404 21.71  69.803882  61.258276  4.973
 33    22.464 53357.67897468 20.61  69.801522  61.261436  4.973
 33    22.237 53357.67897533 19.81  69.799172  61.264586  4.973
 34    25.196 53392.67898834 16.98  69.783969  61.250938  3.832
 34    23.690 53392.67898899 16.63  69.781619  61.254088  3.832
 34    22.669 53392.67898963 18.48  69.779259  61.257248  3.832
 35    23.644 53427.67898390 13.95  69.800810  61.257052  2.955
 35    22.970 53427.67898455 14.71  69.798450  61.260212  2.955
 35    22.640 53427.67898519 13.91  69.796100  61.263362  2.955
 36    24.893 53462.67900020 11.40  69.789057  61.250641  2.465
 36    24.785 53462.67900085 12.11  69.786697  61.253801  2.465
 36    24.689 53462.67900149 12.10  69.784347  61.256951  2.465
 36    24.110 53462.67900214 12.31  69.781997  61.260111  2.465
 37    24.670 53497.67907323 49.14  69.785544  61.251008 40.861
 37    24.781 53497.67907387 51.76  69.783194  61.254168 40.861
 37    24.740 53497.67907452 50.71  69.780844  61.257318 40.861
 38    26.582 53532.67905528 52.19  69.797383  61.257231 47.268
 38    26.601 53532.67905592 51.89  69.795023  61.260391 47.268
 38    26.626 53532.67905656 50.32  69.792673  61.263551 47.268
 40    22.742 53602.67902025 29.05  69.801659  61.257244 22.666
 40    22.559 53602.67902089 25.36  69.799299  61.260404 22.666
 40    22.535 53602.67902154 23.68  69.796949  61.263564 22.666
 41    22.419 53637.67901750 23.13  69.782993  61.250656 22.604
 41    22.310 53637.67901815 20.98  69.780643  61.253816 22.604
 41    22.076 53637.67901879 19.43  69.778283  61.256976 22.604
 42    25.678 53672.67903797 19.50  69.787785  61.250982 12.774
 42    24.401 53672.67903862 17.89  69.785435  61.254132 12.774
 42    24.083 53672.67903926 16.99  69.783075  61.257292 12.774
 42    20.557 53672.67903991 18.23  69.780725  61.260452 12.774
 43    19.811 53707.67896980 32.53  69.806866  61.255088 15.269
 43    20.118 53707.67897045 40.53  69.804516  61.258248 15.269
 43    20.072 53707.67897109 47.37  69.802156  61.261408 15.269
 43    20.152 53707.67897174 45.58  69.799806  61.264558 15.269
 44    20.519 53742.67888094 20.10  69.813755  61.254296  5.349
 44    20.845 53742.67888159 20.27  69.811405  61.257446  5.349
 44    20.889 53742.67888223 19.80  69.809055  61.260606  5.349
 44    20.826 53742.67888288 18.94  69.806695  61.263766  5.349
 44    20.606 53742.67888352 19.62  69.804345  61.266916  5.349
 44    20.462 53742.67888417 17.64  69.801995  61.270076  5.349
 44    20.257 53742.67888481 16.43  69.799645  61.273236  5.349
 44    19.871 53742.67888546 15.99  69.797295  61.276386  5.349
 44    20.060 53742.67888610 14.49  69.794935  61.279546  5.349
 45    20.131 53777.67890778 11.62  69.794470  61.256042  3.403
 45    20.297 53777.67890843 10.79  69.792110  61.259202  3.403
 45    20.014 53777.67890907 11.27  69.789760  61.262352  3.403
 46    24.739 53812.67888346  8.39  69.809709  61.254964  2.593
 46    24.335 53812.67888411  9.82  69.807359  61.258124  2.593
 46    24.554 53812.67888475  8.89  69.804999  61.261284  2.593
 46    25.166 53812.67888540  9.10  69.802649  61.264434  2.593
 46    25.163 53812.67888604  8.76  69.800299  61.267594  2.593
 47    19.948 53847.67893761 26.68  69.784057  61.250956 11.179
 47    19.987 53847.67893826 26.43  69.781707  61.254116 11.179
 47    19.771 53847.67893890 22.55  69.779347  61.257276 11.179
 49    25.400 53917.67901965 20.02  69.787089  61.251281 34.811
 49    25.176 53917.67902029 21.79  69.784739  61.254431 34.811
 49    25.518 53917.67902093 22.44  69.782379  61.257591 34.811
 50    22.534 53952.67902359 35.58  69.787598  61.251536 29.351
 50    22.806 53952.67902423 34.68  69.785248  61.254696 29.351
 50    23.010 53952.67902488 38.81  69.782888  61.257856 29.351
 52    20.710 54022.67900201 38.75  69.789683  61.248548 17.997
 52    20.781 54022.67900265 41.42  69.787333  61.251708 17.997
 52    20.851 54022.67900330 39.69  69.784983  61.254858 17.997
 52    20.846 54022.67900394 39.70  69.782623  61.258018 17.997
 53    22.160 54057.67899537 39.26  69.797173  61.256543 13.467
 53    22.113 54057.67899601 39.66  69.794823  61.259693 13.467
 53    22.099 54057.67899666 37.54  69.792463  61.262853 13.467
 54    23.944 54092.67897702 13.28  69.801253  61.256737  2.898
 54    23.312 54092.67897767 13.63  69.798893  61.259897  2.898
 54    23.395 54092.67897831 13.45  69.796543  61.263047  2.898
 55    25.492 54127.67891221 11.04  69.784901  61.250867  2.152
 55    25.524 54127.67891286 10.89  69.782551  61.254027  2.152
 55    24.880 54127.67891350 10.99  69.780191  61.257187  2.152
 56    24.670 54162.67894611 11.15  69.793763  61.255265  2.146
 56    24.789 54162.67894676 10.95  69.791413  61.258425  2.146
 56    24.984 54162.67894740 10.75  69.789053  61.261585  2.146
 57    20.277 54197.67891428 24.49  69.788094  61.250473 19.496
 57    20.433 54197.67891493 29.21  69.785744  61.253623 19.496
 57    20.430 54197.67891557 19.72  69.783384  61.256783 19.496
 57    20.036 54197.67891622 17.84  69.781034  61.259943 19.496
 58    25.671 54232.67895911 23.72  69.792364  61.251962 39.128
 58    25.351 54232.67895975 21.86  69.790014  61.255112 39.128
 58    25.939 54232.67896040 22.28  69.787654  61.258272 39.128
 58    26.343 54232.67896104 28.03  69.785304  61.261432 39.128
 59    26.617 54267.67897834 29.13  69.792596  61.256017 25.970
 59    27.334 54267.67897899 27.79  69.790246  61.259167 25.970
 59    27.414 54267.67897963 28.62  69.787886  61.262327 25.970
 60    27.118 54302.67898223 28.32  69.793288  61.255911 18.929
 60    27.291 54302.67898288 27.88  69.790928  61.259071 18.929
 60    27.665 54302.67898352 27.67  69.788578  61.262231 18.929
 61    25.135 54337.67896830 21.18  69.796813  61.256377 26.478
 61    24.977 54337.67896895 23.17  69.794453  61.259537 26.478
 61    25.146 54337.67896959 28.54  69.792103  61.262687 26.478
 62    22.434 54372.67891412 37.23  69.792185  61.249570 25.981
 62    22.434 54372.67891476 31.10  69.789835  61.252730 25.981
 62    22.428 54372.67891541 28.65  69.787485  61.255880 25.981
 62    22.518 54372.67891605 23.99  69.785125  61.259040 25.981
 63    22.116 54407.67891347 28.20  69.793649  61.255680 18.109
 63    22.637 54407.67891412 22.43  69.791289  61.258840 18.109
 63    22.227 54407.67891476 21.76  69.788939  61.261990 18.109
 64    25.795 54442.67887421 19.77  69.785588  61.248561  4.417
 64    25.187 54442.67887486 20.01  69.783238  61.251721  4.417
 64    23.742 54442.67887550 21.06  69.780888  61.254871  4.417
 64    21.323 54442.67887615 20.93  69.778528  61.258031  4.417
 65    23.259 54477.67890253 14.85  69.792861  61.256332  3.627
 65    22.356 54477.67890318 14.84  69.790501  61.259492  3.627
 65    22.251 54477.67890382 14.98  69.788151  61.262642  3.627
 66    24.403 54512.67888978 13.50  69.786458  61.250442  3.156
 66    23.874 54512.67889042 12.68  69.784108  61.253592  3.156
 66    23.264 54512.67889107 13.07  69.781758  61.256752  3.156
 66    23.872 54512.67889171 12.77  69.779398  61.259912  3.156
 67    24.646 54547.67891621 12.37  69.796491  61.255648  2.274
 67    24.888 54547.67891686 12.17  69.794141  61.258798  2.274
 67    25.145 54547.67891750 11.98  69.791791  61.261958  2.274
 68    22.971 54582.67888585 25.13  69.793998  61.252526 12.358
 68    21.975 54582.67888649 28.18  69.791648  61.255676 12.358
 68    22.673 54582.67888714 21.82  69.789298  61.258836 12.358
 68    23.825 54582.67888778 20.03  69.786948  61.261996 12.358
 69    26.344 54617.67890662 35.85  69.794005  61.253437 43.198
 69    26.273 54617.67890726 34.01  69.791655  61.256597 43.198
 69    26.550 54617.67890791 44.47  69.789305  61.259747 43.198
 70    25.572 54652.67891848 23.80  69.793238  61.251961 31.478
 70    25.225 54652.67891913 22.88  69.790888  61.255111 31.478
 70    25.989 54652.67891977 25.09  69.788538  61.258271 31.478
 70    26.651 54652.67892042 28.23  69.786188  61.261431 31.478
 71    22.333 54687.67890902 41.33  69.797487  61.254666 34.375
 71    22.312 54687.67890966 47.06  69.795137  61.257826 34.375
 71    22.250 54687.67891031 51.12  69.792787  61.260976 34.375
 72    20.718 54722.67886568 28.37  69.785473  61.251261 21.071
 72    20.692 54722.67886633 29.57  69.783123  61.254421 21.071
 72    20.813 54722.67886697 32.79  69.780773  61.257571 21.071
 73    22.027 54757.67888465 26.06  69.793049  61.255783 15.602
 73    21.229 54757.67888529 33.08  69.790699  61.258933 15.602
 73    21.388 54757.67888594 41.26  69.788349  61.262093 15.602
 74    20.562 54792.67885864 31.33  69.783775  61.249692 13.837
 74    20.554 54792.67885929 31.30  69.781425  61.252842 13.837
 74    20.437 54792.67885993 30.63  69.779075  61.256002 13.837
 74    20.619 54792.67886058 36.63  69.776715  61.259162 13.837
 75    22.571 54827.67888208 17.08  69.792761  61.252349  4.114
 75    22.619 54827.67888273 16.74  69.790411  61.255499  4.114
 75    22.704 54827.67888337 17.79  69.788061  61.258659  4.114
 75    22.384 54827.67888402 17.05  69.785701  61.261819  4.114
 76    22.469 54862.67885289 12.77  69.787671  61.251182  3.326
 76    22.475 54862.67885354 12.27  69.785321  61.254342  3.326
 76    22.591 54862.67885418 13.42  69.782971  61.257492  3.326
 76    23.211 54862.67885483 13.10  69.780611  61.260652  3.326
 77    23.196 54897.67888244 10.96  69.794612  61.254936  2.730
 77    22.972 54897.67888309 11.49  69.792262  61.258096  2.730
 77    22.471 54897.67888373 11.42  69.789912  61.261256  2.730
 78    22.533 54932.67884825 22.56  69.788833  61.250536  7.303
 78    20.650 54932.67884889 25.29  69.786483  61.253686  7.303
 78    20.840 54932.67884954 27.78  69.784133  61.256846  7.303
 78    20.872 54932.67885018 25.84  69.781773  61.260006  7.303
 79    25.345 54967.67888332 17.45  69.793932  61.252723 32.710
 79    25.186 54967.67888396 19.35  69.791582  61.255873 32.710
 79    25.303 54967.67888461 19.88  69.789232  61.259033 32.710
 79    25.615 54967.67888525 25.45  69.786882  61.262193 32.710
 80    26.008 55002.67890229 52.32  69.793930  61.248650 43.590
 80    26.031 55002.67890293 52.15  69.791570  61.251810 43.590
 80    26.051 55002.67890358 51.11  69.789220  61.254970 43.590
 80    26.067 55002.67890422 48.62  69.786870  61.258120 43.590
 80    26.084 55002.67890487 49.96  69.784520  61.261280 43.590
 81    24.652 55037.67889021 53.02  69.793275  61.255862 44.430
 81    24.671 55037.67889086 55.33  69.790925  61.259022 44.430
 81    24.832 55037.67889150 52.28  69.788575  61.262182 44.430
 82    22.108 55072.67887661 39.29  69.797137  61.256732 28.248
 82    21.981 55072.67887726 24.66  69.794787  61.259892 28.248
 82    22.180 55072.67887790 21.55  69.792437  61.263052 28.248
 83    21.198 55107.67882161 25.00  69.786524  61.250592 20.697
 83    21.458 55107.67882225 22.28  69.784174  61.253742 20.697
 83    23.871 55107.67882290 20.17  69.781824  61.256902 20.697
 83    21.897 55107.67882354 18.50  69.779464  61.260062 20.697
 84    20.382 55142.67882705 34.99  69.794375  61.254589 14.513
 84    20.485 55142.67882770 47.42  69.792025  61.257749 14.513
 84    20.553 55142.67882834 51.10  69.789675  61.260909 14.513
 85    21.887 55177.67879311 15.95  69.785045  61.250109  3.918
 85    21.732 55177.67879376 17.07  69.782695  61.253259  3.918
 85    21.810 55177.67879440 17.34  69.780345  61.256419  3.918
 85    21.628 55177.67879505 17.58  69.777985  61.259579  3.918
 86    20.990 55212.67882140 12.19  69.794555  61.252714  2.687
 86    24.103 55212.67882204 11.34  69.792205  61.255864  2.687
 86    23.093 55212.67882269 11.26  69.789855  61.259024  2.687
 86    22.541 55212.67882333 11.39  69.787505  61.262184  2.687
 87    24.432 55247.67879467  9.42  69.789555  61.251289  2.616
 87    23.905 55247.67879532  9.65  69.787205  61.254449  2.616
 87    24.204 55247.67879596  9.85  69.784855  61.257599  2.616
 87    23.514 55247.67879661  9.52  69.782495  61.260759  2.616
 88    24.340 55282.67881563  8.47  69.795481  61.255240  2.492
 88    24.313 55282.67881627  8.46  69.793131  61.258390  2.492
 88    23.122 55282.67881692  9.13  69.790781  61.261550  2.492
 89    21.994 55317.67878458 38.46  69.793617  61.252528 24.800
 89    21.824 55317.67878522 38.23  69.791267  61.255688 24.800
 89    21.922 55317.67878587 26.06  69.788917  61.258838 24.800
 89    21.970 55317.67878651 23.68  69.786567  61.261998 24.800
 90    25.379 55352.67878834 22.24  69.794571  61.256442 36.062
 90    25.478 55352.67878899 24.83  69.792221  61.259602 36.062
 90    25.980 55352.67878963 25.59  69.789871  61.262762 36.062
 91    26.620 55387.67878368 28.55  69.787615  61.248550 39.989
 91    25.970 55387.67878433 28.97  69.785255  61.251710 39.989
 91    26.027 55387.67878497 29.01  69.782905  61.254860 39.989
 91    26.279 55387.67878562 29.56  69.780555  61.258020 39.989
 92    24.597 55422.67880624 21.65  69.793153  61.256352 33.349
 92    24.510 55422.67880688 23.47  69.790803  61.259512 33.349
 92    24.803 55422.67880753 25.73  69.788453  61.262672 33.349
 93    22.042 55457.67877916 33.91  69.798404  61.257235 27.008
 93    21.988 55457.67877980 23.75  69.796054  61.260385 27.008
 93    21.892 55457.67878045 21.64  69.793704  61.263545 27.008
