# NaN NaN NaN ;Mean Elev.(m), Avg Gradient(m/km), RMS Gradient(m/km) - SRTM1     
#    6.070  -0.515  20.153 ;Mean Elev.(m), Avg Gradient(m/km), RMS Gradient(m/km) - ASTER GDEM
#   25.597  -0.064  20.469 ;Mean Elev.(m), Avg Gradient(m/km), RMS Gradient(m/km) - GMTED2010 
 10    18.695 52574.27632343 18.77  67.032061  62.210479  5.219
 10    19.152 52574.27632407 20.04  67.029571  62.207339  5.219
 10    19.455 52574.27632472 21.10  67.027081  62.204189  5.219
 11    16.975 52609.27628335 35.38  67.029081  62.208834  8.845
 11    16.548 52609.27628399 34.39  67.026591  62.205684  8.845
 13    17.691 52679.27625505 12.57  67.031186  62.208179  2.379
 13    17.666 52679.27625570 11.93  67.028704  62.205031  2.115
 15    18.987 52749.27632436 10.42  67.016179  62.210983  2.883
 15    19.674 52749.27632501  9.81  67.013689  62.207833  2.883
 15    20.130 52749.27632565 10.26  67.011199  62.204693  2.883
 18    18.201 52854.27639104 17.18  67.039944  62.207851 19.573
 18    19.206 52854.27639168 22.09  67.037454  62.204701 19.573
 20    19.550 52924.27637872 13.18  67.021397  62.208527 12.017
 20    20.655 52924.27637937 15.66  67.018917  62.205377 12.017
 21    12.705 52959.27634500 33.17  67.047635  62.207221 10.705
 21    12.808 52959.27634565 33.24  67.045145  62.204071 10.705
 23    13.013 53029.27633988 22.47  67.025403  62.209465  5.636
 23    12.803 53029.27634052 22.52  67.022913  62.206325  5.636
 24    15.145 53064.27634733 14.59  67.041230  62.208295  6.606
 24    15.322 53064.27634797 14.36  67.038740  62.205145  6.606
 25    19.660 53099.27635889  7.85  67.019117  62.210184  1.826
 25    20.038 53099.27635953  8.41  67.016627  62.207044  1.826
 25    20.551 53099.27636018  7.61  67.014147  62.203894  1.826
 26    15.028 53134.27634627 26.39  67.044513  62.208672 10.988
 26    15.024 53134.27634692 24.29  67.042023  62.205532 10.988
 26    15.295 53134.27634756 21.82  67.039533  62.202382 10.988
 28    19.852 53204.27641815 37.29  67.032170  62.209004 23.244
 28    20.264 53204.27641879 31.16  67.029690  62.205864 23.244
 29    18.499 53239.27638670 11.96  67.030617  62.208000 11.916
 29    17.914 53239.27638734 15.88  67.028127  62.204860 11.916
 34    16.349 53414.27634607 14.46  67.036555  62.207487  6.442
 34    16.103 53414.27634671 12.70  67.034075  62.204347  6.442
 39    15.876 53589.27638882 39.48  67.030946  62.207778 11.906
 39    17.204 53589.27638947 29.88  67.028456  62.204628 11.906
 40    17.074 53624.27636487 12.67  67.040863  62.209047 11.665
 40    16.886 53624.27636551 21.23  67.038373  62.205897 11.665
 40    16.527 53624.27636616 27.71  67.035883  62.202757 11.665
 41    14.453 53659.27639190 30.19  67.037510  62.208854 11.291
 41    13.966 53659.27639255 35.14  67.035020  62.205714 11.291
 42    12.534 53694.27636941 37.31  67.026805  62.209314 15.245
 42    12.598 53694.27637005 41.10  67.024325  62.206164 15.245
 43    16.519 53729.27629241 23.91  67.024144  62.209691  9.674
 43    17.618 53729.27629305 23.44  67.021654  62.206541  9.674
 46    20.030 53834.27625979  8.64  67.046818  62.207380  1.994
 46    20.973 53834.27626044  8.68  67.044328  62.204240  1.994
 47    17.233 53869.27632332 25.92  67.035319  62.207068 13.459
 47    17.309 53869.27632396 33.34  67.032829  62.203918 13.459
 49    19.291 53939.27639100 40.96  67.024105  62.208636 14.625
 49    19.829 53939.27639164 34.99  67.021625  62.205486 14.625
 50    17.836 53974.27635088 13.06  67.023502  62.210773 12.419
 50    18.182 53974.27635152 17.41  67.021012  62.207623 12.419
 50    19.257 53974.27635217 20.04  67.018522  62.204473 12.419
 54    15.095 54114.27629433 18.67  67.019172  62.208991  4.432
 54    14.801 54114.27629497 22.16  67.016682  62.205841  4.432
 56    19.633 54184.27628439  9.08  67.021214  62.209440  2.005
 56    20.377 54184.27628503  8.83  67.018724  62.206300  2.005
 57    18.784 54219.27631278 26.86  67.038327  62.209178 14.706
 57    19.394 54219.27631342 24.64  67.035837  62.206028 14.706
 59    43.202 54289.27634057 15.33  67.033937  62.209075 15.977
 59    43.582 54289.27634121 15.86  67.031447  62.205925 15.977
 61    18.426 54359.27629323 16.03  67.022466  62.210388 13.570
 61    18.505 54359.27629388 19.68  67.019976  62.207238 13.570
 61    19.731 54359.27629452 25.19  67.017496  62.204098 13.570
 62    19.150 54394.27627853 18.08  67.035325  62.207437 11.439
 62    20.183 54394.27627918 18.95  67.032835  62.204297 11.439
 63    14.717 54429.27624377 21.62  67.027887  62.208297  5.592
 63    14.598 54429.27624442 22.44  67.025397  62.205147  5.592
 64    17.040 54464.27625767 19.62  67.039110  62.207080  4.784
 64    18.392 54464.27625832 18.76  67.036620  62.203940  4.784
 65    16.275 54499.27625411 17.37  67.030218  62.209346  4.469
 65    13.718 54499.27625475 17.83  67.027728  62.206196  4.469
 66    18.780 54534.27627183 11.58  67.035695  62.208236  2.700
 66    18.479 54534.27627247 13.24  67.033205  62.205086  2.700
 67    19.410 54569.27625796  6.78  67.022911  62.208166  2.398
 67    20.070 54569.27625860  6.41  67.020421  62.205026  2.398
 68   107.354 54604.27626614  0.29  67.035029  62.208556  6.128
 68    94.216 54604.27626679  0.93  67.032539  62.205406  6.128
 70    19.641 54674.27627949 16.58  67.029949  62.207816 16.404
 70    19.758 54674.27628013 24.43  67.027459  62.204666 16.404
 71    17.033 54709.27623679 17.50  67.027375  62.209525 11.891
 71    18.067 54709.27623743 21.18  67.024895  62.206375 11.891
 72    19.396 54744.27624616 14.72  67.034394  62.206777 13.179
 72    20.029 54744.27624680 19.03  67.031914  62.203627 13.179
 73    14.873 54779.27622017 46.21  67.031963  62.209619 18.206
 73    15.658 54779.27622081 49.81  67.029473  62.206469 18.206
 76    16.828 54884.27624289 12.48  67.035115  62.208277  6.360
 76    16.712 54884.27624354 13.56  67.032635  62.205127  6.360
 79    21.411 54989.27626114 36.40  67.033116  62.209943 19.338
 79    23.267 54989.27626178 31.28  67.030626  62.206793 19.338
 79    24.504 54989.27626243 35.32  67.028146  62.203643 19.338
 81    18.042 55059.27624752 15.18  67.032449  62.209457 16.107
 81    17.106 55059.27624816 20.57  67.029959  62.206317 16.107
 82    14.171 55094.27620108 39.12  67.021696  62.209697 11.171
 82    15.734 55094.27620173 26.73  67.019216  62.206547 11.171
 83    16.733 55129.27618935 20.13  67.034378  62.208020 13.494
 83    17.362 55129.27618999 23.46  67.031898  62.204870 13.494
 85    16.849 55199.27618030  8.36  67.037883  62.209931  3.953
 85    17.344 55199.27618095  8.83  67.035403  62.206781  3.953
 85    17.605 55199.27618159  9.21  67.032913  62.203631  3.953
 87    14.782 55269.27617539 11.16  67.034158  62.208453  2.951
 87    15.264 55269.27617603 11.54  67.031678  62.205303  2.951
 88    11.409 55304.27614807 13.94  67.023715  62.209783 14.873
 88    12.814 55304.27614871 11.50  67.021225  62.206633 14.873
 90    20.144 55374.27613900 29.93  67.032166  62.210373 19.386
 90    20.510 55374.27613965 23.91  67.029676  62.207223 19.386
 90    20.959 55374.27614029 32.94  67.027196  62.204073 19.386
 91    19.646 55409.27616021 17.75  67.038526  62.209610 22.217
 91    20.238 55409.27616086 22.63  67.036036  62.206460 22.217
 91    20.661 55409.27616150 35.94  67.033556  62.203320 22.217
 92    18.032 55444.27615634 14.03  67.031569  62.208697 12.862
 92    19.286 55444.27615698 15.16  67.029089  62.205557 12.862
 93    18.541 55479.27609363 16.04  67.020568  62.208906 12.193
 93    18.878 55479.27609427 18.89  67.018078  62.205756 12.193
