-171097.053    60.909     0.00    1.10
-170718.326    61.246     0.89    1.00
-170339.537    61.331     0.23    0.94
-169960.686    61.106    -0.59    0.99
-169581.774    60.825    -0.74    1.07
-169202.800    60.432    -1.04    1.13
-168823.765    59.855    -1.52    1.25
-168444.668    59.335    -1.37    1.47
-168065.509    58.838    -1.31    1.43
-167686.288    58.614    -0.59    1.47
-167307.006    58.552    -0.16    1.45
-166927.662    58.668     0.31    1.44
-166548.257    58.769     0.27    1.39
-166168.789    59.161     1.03    1.34
-165799.300    59.426     0.71    1.12
-165431.685    59.435     0.03    1.01
-165064.012    59.300    -0.37    1.13
-164696.282    59.085    -0.59    1.07
-164328.494    58.842    -0.66    1.04
-163960.648    58.654    -0.51    1.04
-163592.745    58.721     0.18    0.99
-163224.784    58.568    -0.42    1.00
-162856.765    58.629     0.17    0.98
-162488.688    58.682     0.14    1.09
-162120.554    58.415    -0.72    1.11
-161752.361    58.125    -0.79    1.22
-161384.111    57.815    -0.84    1.20
-161015.803    57.421    -1.07    1.04
-160647.437    57.432     0.03    1.22
-160279.012    57.372    -0.16    1.30
-159910.530    57.314    -0.16    1.22
-159541.990    57.140    -0.47    1.16
-159173.392    57.255     0.31    1.14
-158804.735    57.335     0.22    1.13
-158436.020    57.823     1.32    1.16
-158067.248    58.265     1.20    1.10
-157698.417    58.474     0.57    0.88
-157329.528    58.279    -0.53    1.02
-156960.580    57.603    -1.83    1.22
-156591.575    57.034    -1.54    1.31
-156222.511    56.537    -1.35    1.22
-155853.389    56.270    -0.72    1.16
-155484.208    56.208    -0.17    1.11
-155114.969    56.353     0.39    0.99
-154745.672    56.389     0.10    0.93
-154376.316    56.382    -0.02    0.91
-154006.902    56.175    -0.56    0.96
-153637.429    55.782    -1.06    0.98
-153267.897    55.221    -1.52    1.28
-152898.308    54.711    -1.38    1.13
-152528.659    54.379    -0.90    0.97
-152158.952    54.048    -0.90    0.90
-151789.186    53.842    -0.56    0.81
-151419.362    53.557    -0.77    0.79
-151049.479    53.349    -0.56    0.80
-150679.537    53.015    -0.90    0.95
-150309.537    52.530    -1.31    0.93
-149939.478    52.279    -0.68    0.93
-149569.359    51.906    -1.01    0.78
-149199.183    51.583    -0.87    1.00
-148828.947    51.215    -0.99    1.09
-148458.652    51.203    -0.03    1.09
-148088.298    51.469     0.72    1.13
-147717.886    53.105     4.42    3.64
-147347.414    57.362    11.49    7.11
-146976.884    61.499    11.16    7.13
-146606.294    64.362     7.72    5.13
-146235.646    65.833     3.97    1.98
-145864.938    64.522    -3.54    1.74
-145494.171    63.203    -3.56    1.36
-145123.345    61.942    -3.40    1.53
-144752.460    60.802    -3.07    1.38
-144381.516    59.913    -2.40    1.18
-144010.512    59.209    -1.90    0.62
-143639.449    58.825    -1.04    0.85
-143268.327    58.250    -1.55    1.07
-142897.145    57.799    -1.21    1.09
-142525.905    57.263    -1.44    0.84
-142154.604    56.994    -0.73    0.49
-141783.245    56.853    -0.38    0.38
-141411.826    56.761    -0.25    0.32
-141040.347    56.577    -0.50    0.35
-140668.809    56.415    -0.43    0.45
-140297.211    56.129    -0.77    0.64
-139925.554    55.842    -0.77    0.74
-139553.837    55.549    -0.79    0.86
-139182.061    55.261    -0.77    0.93
-138810.225    55.024    -0.64    0.93
-138438.329    54.829    -0.53    0.88
-138066.374    54.708    -0.32    0.85
-137694.359    54.549    -0.43    0.84
-137322.284    54.422    -0.34    0.80
-136950.150    54.263    -0.43    0.74
-136577.955    54.079    -0.49    0.67
-136205.701    53.696    -1.03    0.63
-135833.387    54.220     1.41    1.76
-135461.012    55.312     2.93    3.12
-135088.578    55.327     0.04    3.29
-134716.084    55.257    -0.19    3.62
-134343.530    55.353     0.26    3.56
-133970.916    54.239    -2.99    2.54
-133598.242    54.322     0.22    2.58
-133225.508    55.568     3.34    2.36
-132852.714    57.149     4.24    3.88
-132479.859    57.539     1.05    3.91
-132106.945    56.287    -3.36    5.01
-131733.970    54.849    -3.86    5.63
-131360.935    54.432    -1.12    4.37
-130987.840    54.518     0.23    4.66
-130614.684    57.438     7.83    7.98
-130241.468    60.640     8.58    8.26
-129868.192    60.903     0.70    8.09
-129494.855    59.762    -3.06    9.89
-129121.458    55.059   -12.59   10.33
-128748.001    51.379    -9.85    7.62
-128374.483    49.958    -3.80    6.31
-128000.904    47.955    -5.36    8.16
-127627.265    45.853    -5.62    9.43
-127253.566    45.802    -0.14    9.79
-126879.806    48.015     5.92   11.18
-126505.985    53.749    15.34   10.68
-126132.104    57.696    10.56    7.32
-125758.162    56.929    -2.05    7.44
-125384.159    53.362    -9.54    7.11
-125010.095    49.387   -10.63    4.35
-124635.971    46.833    -6.83    2.48
-124261.786    45.644    -3.18    1.98
-123887.540    46.071     1.14    3.29
-123513.233    47.998     5.15    4.60
-123138.865    50.626     7.02    4.62
-122764.437    52.866     5.98    3.59
-122389.947    54.807     5.18    2.80
-122015.397    56.869     5.50    3.34
-121640.785    59.506     7.04    2.98
-121266.112    60.956     3.87    2.28
-120891.379    61.629     1.79    2.21
-120516.584    62.269     1.71    2.96
-120141.728    65.669     9.07    7.38
-119766.811    71.287    14.98   10.49
-119391.833    78.815    20.07    9.05
-119016.793    83.055    11.30    7.61
-118641.692    80.445    -6.96   12.36
-118266.530    74.804   -15.04   14.39
-117891.307    67.409   -19.70   12.88
-117516.022    61.120   -16.76    6.59
-117140.676    59.285    -4.89    2.44
-116765.269    58.750    -1.42    3.05
-116389.800    57.800    -2.53    2.85
-116014.270    57.782    -0.05    3.00
-115638.678    58.215     1.15    3.35
-115263.024    59.639     3.79    2.99
-114887.309    60.485     2.25    2.94
-114511.533    59.696    -2.10    3.87
-114135.694    59.033    -1.76    3.36
-113759.795    58.069    -2.56    2.58
-113383.833    57.682    -1.03    2.53
-113007.810    58.375     1.84    2.47
-112631.725    59.182     2.14    3.49
-112255.578    61.314     5.67    4.48
-111879.370    63.682     6.29    3.32
-111503.099    65.336     4.39    1.91
-111126.767    65.175    -0.43    2.13
-110750.373    62.989    -5.81    3.83
-110373.917    60.168    -7.49    4.68
-109997.399    56.962    -8.51    4.18
-109620.818    54.111    -7.57    2.82
-109244.176    53.050    -2.81    2.99
-108867.472    54.074     2.72    4.36
-108490.706    56.314     5.94    5.64
-108113.878    59.815     9.29    5.64
-107736.987    61.515     4.51    4.36
-107360.034    61.668     0.41    4.09
-106983.020    60.455    -3.22    4.14
-106605.942    58.335    -5.62    3.83
-106228.803    57.143    -3.16    4.25
-105851.601    57.024    -0.31    5.53
-105474.337    56.429    -1.58    6.38
-105097.011    56.189    -0.64    6.36
-104719.622    56.640     1.20    5.79
-104342.171    57.169     1.40    4.84
-103964.657    58.279     2.94    3.03
-103587.081    58.327     0.13    2.15
-103209.442    58.628     0.80    2.05
-102831.741    58.233    -1.04    3.09
-102453.977    57.221    -2.68    3.61
-102076.151    56.810    -1.09    3.71
-101698.261    56.442    -0.97    3.43
-101320.310    56.375    -0.18    2.84
-100942.295    58.526     5.69    5.09
-100564.218    60.855     6.16    5.76
-100186.078    62.429     4.16    4.82
 -99807.875    62.488     0.16    3.83
 -99429.609    60.829    -4.39    3.12
 -99051.281    59.282    -4.09    2.32
 -98672.889    58.221    -2.80    2.18
 -98294.435    58.358     0.36    2.40
 -97915.917    59.644     3.40    2.81
 -97537.337    60.853     3.19    2.75
 -97158.694    61.787     2.47    2.11
 -96779.987    61.749    -0.10    2.69
 -96401.218    61.149    -1.58    3.09
 -96022.385    60.695    -1.20    3.01
 -95643.489    60.055    -1.69    3.07
 -95264.530    59.362    -1.83    2.94
 -94885.508    59.133    -0.60    2.82
 -94506.422    58.669    -1.22    2.54
 -94127.273    58.953     0.75    2.15
 -93748.061    59.735     2.06    2.48
 -93368.786    61.135     3.69    2.66
 -92989.447    62.266     2.98    2.08
 -92610.045    63.122     2.25    0.81
 -92230.579    63.122     0.00    0.50
 -91851.050    62.426    -1.83    1.86
 -91471.457    60.602    -4.80    4.12
 -91098.933    58.759    -4.95    4.59
 -90731.501    57.255    -4.09    4.27
 -90364.009    57.208    -0.13    4.06
 -89996.458    59.919     7.37    3.15
 -89628.849    61.874     5.32    1.76
 -89261.180    62.248     1.02    1.55
 -88893.452    62.261     0.04    1.85
 -88525.665    61.195    -2.90    2.70
 -88157.818    59.968    -3.34    2.76
 -87789.912    59.242    -1.97    2.32
 -87421.947    58.985    -0.70    1.85
 -87053.923    59.842     2.33    2.61
 -86685.839    62.024     5.93    4.43
 -86317.696    64.851     7.68    5.46
 -85949.493    67.772     7.93    6.01
 -85581.231    68.825     2.86    6.00
 -85212.910    68.448    -1.02    6.03
 -84844.529    67.851    -1.62    4.79
 -84476.089    66.851    -2.71    3.38
 -84107.588    66.422    -1.16    2.48
 -83739.029    66.149    -0.74    2.72
 -83370.410    65.169    -2.66    2.87
 -83001.731    63.389    -4.83    2.94
 -82632.992    62.336    -2.85    2.98
 -82264.194    61.116    -3.31    3.37
 -81895.336    59.721    -3.78    3.66
 -81526.418    59.629    -0.25    3.67
 -81157.440    60.169     1.46    4.39
 -80788.403    61.775     4.35    5.42
 -80419.306    63.879     5.70    5.72
 -80050.148    64.998     3.03    4.79
 -79680.931    64.591    -1.10    4.25
 -79311.654    60.919    -9.94    7.35
 -78942.317    56.323   -12.44    7.99
 -78572.920    53.790    -6.86    6.74
 -78203.463    54.923     3.06    7.27
 -77833.946    57.208     6.19    7.03
 -77464.369    58.400     3.22    6.13
 -77094.732    55.869    -6.85    6.98
 -76725.034    51.471   -11.89    7.27
 -76355.276    46.242   -14.14    6.53
 -75985.459    42.419   -10.34    5.74
 -75615.580    39.029    -9.17    4.17
 -75245.642    36.541    -6.72    3.51
 -74875.643    34.774    -4.78    3.05
 -74505.584    33.796    -2.64    3.05
 -74135.465    34.250     1.23    4.29
 -73765.285    35.554     3.52    5.04
 -73395.045    37.458     5.14    5.80
 -73024.744    37.435    -0.06    6.91
 -72654.383    36.513    -2.49    7.76
 -72283.962    36.575     0.17    7.86
 -71913.479    36.971     1.07    7.10
 -71542.937    37.774     2.17    6.18
 -71172.333    38.958     3.20    5.00
 -70801.669    37.643    -3.55    4.50
 -70430.945    35.909    -4.68    2.73
 -70060.159    35.131    -2.10    1.84
 -69689.313    35.175     0.12    2.18
 -69318.407    35.305     0.35    2.28
 -68947.439    35.409     0.28    2.25
 -68576.411    35.721     0.84    2.15
 -68205.321    35.938     0.58    1.69
 -67834.171    35.838    -0.27    1.98
 -67462.960    35.400    -1.18    2.98
 -67091.688    33.448    -5.26    4.45
 -66720.355    30.922    -6.80    4.67
 -66348.961    29.255    -4.49    3.34
 -65977.506    28.564    -1.86    2.33
 -65605.990    28.415    -0.40    1.65
 -65234.413    28.279    -0.37    1.72
 -64862.775    27.007    -3.42    2.64
 -64491.076    24.760    -6.04    3.49
 -64119.315    22.785    -5.31    3.91
 -63747.493    19.344    -9.25    3.63
 -63375.610    16.825    -6.77    2.88
 -63003.666    14.773    -5.52    3.42
 -62631.660    12.906    -5.02    3.83
 -62259.594    14.125     3.28    5.30
 -61887.465    16.229     5.65    5.61
 -61515.276    18.593     6.35    5.07
 -61143.025    20.949     6.33    2.45
 -60770.712    22.054     2.97    2.37
 -60398.338    23.616     4.20    3.16
 -60025.902    24.604     2.65    3.35
 -59653.405    24.804     0.54    3.14
 -59280.847    24.748    -0.15    3.16
 -58908.226    23.574    -3.15    2.84
 -58535.544    21.744    -4.91    2.66
 -58162.801    20.293    -3.89    2.17
 -57789.995    19.619    -1.81    1.44
 -57417.128    19.545    -0.20    1.29
 -57044.200    20.695     3.08    2.02
 -56671.209    22.244     4.15    1.91
 -56298.157    23.406     3.11    1.69
 -55925.042    24.696     3.46    1.24
 -55551.866    25.143     1.20    1.46
 -55178.628    25.358     0.58    1.84
 -54805.328    24.872    -1.30    2.02
 -54431.966    24.269    -1.62    1.97
 -54058.542    23.944    -0.87    1.59
 -53685.056    24.655     1.90    2.27
 -53311.508    26.708     5.49    3.35
 -52937.897    29.305     6.95    3.04
 -52564.225    30.985     4.49    2.85
 -52190.490    32.938     5.23    3.85
 -51816.694    34.046     2.96    4.23
 -51442.834    34.567     1.39    4.06
 -51068.913    34.906     0.91    3.39
 -50694.930    35.422     1.38    3.58
 -50320.884    34.998    -1.13    3.66
 -49946.775    32.771    -5.95    4.23
 -49572.605    30.958    -4.84    4.03
 -49198.372    28.374    -6.90    2.56
 -48824.076    26.812    -4.17    1.70
 -48449.718    25.708    -2.95    0.91
 -48075.297    25.322    -1.03    0.54
 -47700.814    25.163    -0.43    0.53
 -47326.269    24.929    -0.62    0.83
 -46951.660    24.707    -0.59    0.80
 -46576.989    24.599    -0.29    0.75
 -46202.256    24.744     0.39    0.83
 -45827.459    25.317     1.53    1.08
 -45452.600    26.366     2.80    1.90
 -45077.678    26.871     1.35    1.98
 -44702.694    26.851    -0.05    1.99
 -44327.646    26.485    -0.98    1.97
 -43952.536    25.938    -1.46    1.62
 -43577.363    25.287    -1.74    1.30
 -43202.126    24.998    -0.77    1.39
 -42826.827    24.550    -1.19    1.29
 -42451.465    24.163    -1.03    0.94
 -42076.040    23.528    -1.69    1.38
 -41700.552    22.378    -3.06    2.41
 -41325.000    20.948    -3.81    4.06
 -40949.386    18.929    -5.38    4.55
 -40573.708    16.938    -5.30    4.44
 -40197.968    16.402    -1.43    4.35
 -39822.163    17.394     2.64    4.43
 -39446.296    20.277     7.67    4.89
 -39070.366    23.482     8.53    3.78
 -38694.372    25.979     6.64    1.48
 -38318.314    26.827     2.25    0.90
 -37942.194    26.997     0.45    0.68
 -37566.010    26.786    -0.56    0.80
 -37189.762    26.429    -0.95    0.76
 -36813.451    26.182    -0.66    0.62
 -36437.077    25.935    -0.66    0.62
 -36060.639    25.517    -1.11    0.84
 -35684.137    24.761    -2.01    1.15
 -35307.572    23.786    -2.59    1.75
 -34930.943    22.067    -4.56    2.41
 -34554.251    20.477    -4.22    2.31
 -34177.494    18.973    -3.99    1.72
 -33800.674    17.851    -2.98    0.97
 -33423.791    17.144    -1.88    0.83
 -33046.843    16.522    -1.65    1.22
 -32669.832    15.694    -2.19    1.48
 -32292.756    14.946    -1.99    1.21
 -31915.617    15.069     0.33    1.31
 -31538.414    15.628     1.48    1.65
 -31161.147    16.240     1.62    2.36
 -30783.816    14.836    -3.72    4.82
 -30406.421    14.272    -1.49    5.11
 -30028.962    14.272     0.00    5.18
 -29651.438    12.124    -5.69    6.08
 -29273.851    12.511     1.03    5.40
 -28896.199    11.169    -3.55    4.67
 -28518.483     9.467    -4.51    2.99
 -28140.703     9.509     0.11    0.78
 -27762.859     9.156    -0.93    0.57
 -27384.950     9.033    -0.33    0.60
 -27006.977     8.929    -0.27    0.43
 -26628.940     9.101     0.46    0.62
 -26250.838     9.657     1.47    1.09
 -25872.672    10.161     1.33    1.08
 -25494.442    10.307     0.38    0.92
 -25116.147    10.122    -0.49    0.72
 -24737.787     9.849    -0.72    0.38
 -24359.363     9.682    -0.44    0.00
 -23980.874     9.682     0.00    0.00
 -23602.321     9.592    -0.24    0.29
 -23223.702     9.396    -0.52    0.53
 -22845.020     8.859    -1.42    0.97
 -22466.272     8.229    -1.66    1.11
 -22087.460     7.594    -1.67    0.98
 -21708.583     7.033    -1.48    0.61
 -21329.641     7.036     0.01    0.62
 -20950.634     7.449     1.09    1.10
 -20571.562     8.643     3.15    2.01
 -20192.426    10.500     4.90    2.63
 -19813.224    12.015     4.00    2.37
 -19433.957    13.195     3.11    1.47
 -19054.626    13.458     0.69    1.10
 -18675.229    12.541    -2.42    2.03
 -18295.767    11.077    -3.86    2.71
 -17916.240     9.361    -4.52    2.61
 -17536.648     8.235    -2.97    1.79
 -17156.991     8.370     0.36    1.61
 -16777.268     9.344     2.56    1.81
 -16401.434    10.519     3.13    1.40
 -16034.189    11.321     2.18    0.59
 -15666.884    11.294    -0.07    0.70
 -15299.518    11.101    -0.53    0.81
 -14932.092    10.923    -0.49    0.68
 -14564.605    10.655    -0.73    0.47
 -14197.058    10.020    -1.73    1.22
 -13829.450     9.358    -1.80    1.58
 -13461.781     8.657    -1.91    1.62
 -13094.051     8.295    -0.98    1.54
 -12726.261     8.569     0.75    1.92
 -12358.409     9.149     1.57    2.29
 -11990.497     9.771     1.69    2.29
 -11622.524    10.344     1.56    2.00
 -11254.491    10.656     0.85    1.42
 -10886.396    10.823     0.45    0.88
 -10518.240    10.669    -0.42    1.06
 -10150.023    10.300    -1.00    1.28
  -9781.745    10.467     0.45    1.97
  -9413.407    11.735     3.44    3.46
  -9045.007    13.305     4.26    4.65
  -8676.546    12.986    -0.87    6.55
  -8308.023    11.232    -4.76    8.23
  -7939.440     8.819    -6.55    8.04
  -7570.795     6.490    -6.32    5.91
  -7202.090     5.981    -1.38    4.04
  -6833.322     7.353     3.72    3.09
  -6464.494     8.105     2.04    1.75
  -6095.604     7.695    -1.11    0.95
  -5726.653     8.111     1.13    1.39
  -5357.641     8.569     1.24    1.58
  -4988.567     8.782     0.58    1.54
  -4619.431     8.644    -0.38    1.69
  -4250.234     8.264    -1.03    1.71
  -3880.976     7.487    -2.10    1.03
  -3511.656     7.378    -0.30    1.02
  -3142.275     7.827     1.21    1.84
  -2772.831     8.323     1.34    2.37
  -2403.327     8.656     0.90    2.48
  -2033.760     8.708     0.14    2.08
  -1664.132     8.085    -1.69    2.65
  -1294.442     6.593    -4.03    3.93
   -924.690     4.541    -5.55    4.53
   -554.877     2.682    -5.03    4.19
   -185.002     0.389    -6.20    1.80
    184.936     0.682     0.79    1.95
    554.935     1.054     1.00    2.34
    924.996     1.451     1.07    2.54
   1295.119     2.682     3.33    3.06
   1665.304     3.315     1.71    3.11
   2035.551     3.853     1.45    3.23
   2405.860     4.532     1.83    3.12
   2776.231     5.748     3.28    2.31
   3146.664     6.438     1.86    1.43
   3517.159     6.758     0.86    0.27
   3887.717     6.682    -0.20    0.00
   4258.337     6.682     0.00    0.00
   4629.019     6.682     0.00    0.00
   4999.763     7.090     1.10    1.26
   5370.570     9.044     5.27    4.04
   5741.439    11.840     7.54    5.32
   6112.370    13.657     4.90    5.00
   6483.364    13.872     0.58    4.82
   6854.420    11.923    -5.25    5.09
   7225.538     8.958    -7.99    3.61
   7596.720     7.419    -4.15    1.35
   7967.963     7.759     0.91    1.81
   8339.269     9.087     3.58    2.70
   8710.638    11.240     5.80    3.25
   9082.070    13.277     5.48    3.04
   9453.564    12.897    -1.02    4.55
   9825.120    11.169    -4.65    5.77
  10196.740     9.300    -5.03    5.48
  10568.422     7.694    -4.32    4.29
  10940.167     7.214    -1.29    2.79
  11311.975     7.366     0.41    1.10
  11683.846     7.720     0.95    1.98
  12055.779     9.494     4.77    3.40
  12427.776    12.264     7.45    4.91
  12799.835    15.630     9.05    5.36
  13171.957    18.864     8.69    3.96
  13544.143    19.844     2.63    2.99
  13916.391    19.041    -2.16    3.88
  14288.703    16.297    -7.37    5.30
  14661.078    12.457   -10.31    4.93
  15033.515     9.557    -7.79    3.77
  15406.016     7.885    -4.49    1.92
  15778.580     8.118     0.63    2.14
  16151.208    10.208     5.61    4.54
  16523.898    12.787     6.92    6.01
  16896.652    16.720    10.55    6.34
  17269.470    19.631     7.81    5.25
  17642.350    21.694     5.53    2.65
  18015.294    21.378    -0.85    2.35
  18388.302    19.441    -5.19    3.02
  18761.373    17.656    -4.79    2.83
  19134.507    15.544    -5.66    1.95
  19507.705    14.189    -3.63    1.58
  19880.967    12.836    -3.62    1.93
  20254.292    11.543    -3.46    2.06
  20627.681    11.226    -0.85    1.97
  21001.133    11.549     0.86    2.44
  21374.649    12.419     2.33    2.58
  21748.229    13.471     2.82    1.83
  22121.873    14.169     1.87    1.41
  22495.580    14.709     1.44    1.35
  22869.351    15.344     1.70    1.18
  23243.187    15.895     1.47    1.32
  23617.086    16.941     2.80    1.53
  23991.048    17.871     2.49    1.57
  24365.075    18.257     1.03    2.00
  24739.166    18.196    -0.16    2.84
  25113.321    16.957    -3.31    3.83
  25487.540    15.524    -3.83    4.08
  25861.823    14.144    -3.69    3.71
  26236.170    12.617    -4.08    2.47
  26610.582    11.517    -2.94    1.65
  26985.057    11.118    -1.07    1.17
  27359.597    12.194     2.87    2.47
  27734.201    14.118     5.13    3.98
  28108.869    15.857     4.64    4.11
  28483.602    17.003     3.06    3.37
  28858.399    17.332     0.88    1.92
  29233.260    16.859    -1.26    1.26
  29608.186    16.761    -0.26    1.25
  29983.176    17.644     2.35    2.28
  30358.231    19.195     4.14    3.05
  30733.350    21.282     5.56    3.53
  31108.534    23.897     6.97    2.75
  31483.782    25.682     4.76    1.37
  31859.095    26.448     2.04    1.09
  32234.473    27.257     2.15    1.76
  32609.915    27.445     0.50    2.05
  32985.422    26.994    -1.20    1.70
  33360.994    26.550    -1.18    1.10
  33736.631    26.539    -0.03    1.06
  34112.332    26.952     1.10    1.52
  34488.099    28.019     2.84    1.90
  34863.930    29.398     3.67    1.73
  35239.826    30.207     2.15    1.41
  35615.787    30.695     1.30    1.03
  35991.813    30.695    -0.00    1.06
  36367.905    30.328    -0.98    1.20
  36744.061    29.919    -1.08    1.18
  37120.282    29.720    -0.53    0.95
  37496.569    30.107     1.03    1.26
  37872.920    31.581     3.92    2.44
  38249.337    33.644     5.48    3.50
  38625.819    36.682     8.07    4.18
  39002.366    39.353     7.09    3.52
  39378.979    40.733     3.66    2.19
  39755.657    40.864     0.35    1.90
  40132.400    38.957    -5.06    3.76
  40509.209    36.455    -6.64    4.35
  40886.083    34.757    -4.51    3.84
  41263.023    34.455    -0.80    3.51
  41640.028    36.978     6.69    4.55
  42017.099    39.871     7.67    4.10
  42394.235    41.944     5.50    2.61
  42771.437    42.616     1.78    1.91
  43148.705    41.492    -2.98    2.34
  43526.038    40.208    -3.40    2.13
  43903.437    39.460    -1.98    1.79
  44280.901    39.087    -0.99    1.08
  44658.432    39.960     2.31    1.85
  45036.028    41.557     4.23    2.45
  45413.690    42.528     2.57    2.35
  45791.418    43.507     2.59    1.59
  46169.212    43.391    -0.31    1.09
  46547.072    42.707    -1.81    1.14
  46924.998    41.909    -2.11    1.37
  47302.990    40.941    -2.56    1.28
  47681.048    39.979    -2.54    0.95
  48059.172    39.669    -0.82    1.08
  48437.363    39.616    -0.14    1.86
  48815.619    40.469     2.26    2.57
  49193.942    42.285     4.80    3.39
  49572.330    44.214     5.10    3.56
  49950.786    46.003     4.73    2.81
  50329.307    46.746     1.96    1.90
  50707.895    46.507    -0.63    1.96
  51086.549    45.052    -3.84    2.77
  51465.269    42.969    -5.50    2.96
  51844.056    41.266    -4.50    2.36
  52222.910    40.332    -2.47    1.48
  52601.830    40.182    -0.40    1.66
  52980.816    41.544     3.60    2.94
  53359.870    42.248     1.86    3.03
  53738.989    41.517    -1.93    3.78
  54118.176    39.774    -4.60    4.66
  54497.429    36.394    -8.91    4.82
  54876.749    33.285    -8.20    2.70
  55256.135    32.543    -1.96    2.76
  55635.589    33.807     3.33    5.50
  56015.109    35.571     4.65    6.77
  56394.696    37.232     4.38    6.98
  56774.350    39.773     6.69    6.21
  57154.071    41.269     3.94    4.12
  57533.859    41.994     1.91    2.56
  57913.714    42.188     0.51    2.42
  58293.147    42.208     0.05    2.32
  58660.197    42.407     0.54    2.27
  59027.310    42.723     0.86    2.06
  59394.484    42.144    -1.57    2.24
  59761.721    40.524    -4.41    2.55
  60129.020    38.619    -5.19    3.04
  60496.380    37.340    -3.48    2.88
  60863.804    36.929    -1.12    2.69
  61231.289    36.772    -0.43    2.67
  61598.837    37.119     0.95    1.89
  61966.446    36.926    -0.53    1.70
  62334.119    36.404    -1.42    1.40
  62701.853    36.998     1.62    3.25
  63069.650    39.645     7.20    5.86
  63437.510    43.619    10.81    7.27
  63805.432    48.581    13.49    6.59
  64173.416    52.028     9.37    4.22
  64541.463    54.464     6.62    2.02
  64909.572    54.632     0.46    2.22
  65277.744    51.114    -9.56    7.97
  65645.979    45.744   -14.58    9.81
  66014.276    39.872   -15.95    8.05
  66382.636    35.957   -10.63    3.95
  66751.059    34.682    -3.46    0.00
  67119.544    34.682     0.00    0.00
  67488.093    34.682     0.00    0.00
  67856.704    34.682     0.00    0.00
  68225.378    34.682     0.00    0.00
  68594.114    34.682     0.00    0.00
  68962.914    34.682     0.00    0.00
  69331.777    34.682     0.00    0.00
  69700.702    35.235     1.50    1.92
  70069.691    38.769     9.58    5.96
  70438.743    42.655    10.53    7.27
  70807.857    47.744    13.79    7.97
  71177.035    52.777    13.63    6.49
  71546.276    55.756     8.07    5.86
  71915.580    59.274     9.53    3.64
  72284.948    61.312     5.52    5.43
  72654.378    61.412     0.27    7.05
  73023.872    59.373    -5.52    8.10
  73393.429    56.439    -7.94    7.78
  73763.050    54.373    -5.59    5.34
  74132.733    55.050     1.83    5.03
  74502.481    56.144     2.96    5.18
  74872.291    57.402     3.40    5.08
  75242.165    59.932     6.84    3.37
  75612.103    60.708     2.10    3.00
  75982.104    59.853    -2.31    3.19
  76352.169    59.074    -2.10    3.31
  76722.297    58.793    -0.76    3.10
  77092.489    60.195     3.79    4.90
  77462.745    65.094    13.23    8.66
  77833.064    72.046    18.77    9.94
  78203.447    78.532    17.51    9.24
  78573.894    82.467    10.62    6.32
  78944.405    82.582     0.31    6.27
  79314.979    81.015    -4.23    7.18
  79685.618    79.094    -5.18    7.84
  80056.320    78.682    -1.11    8.99
  80427.086    79.373     1.86   10.53
  80797.916    82.581     8.65   10.87
  81168.810    84.432     4.99    8.87
  81539.768    86.315     5.08    5.95
  81910.790    83.657    -7.16    5.12
  82281.877    81.772    -5.08    5.57
  82653.027    79.781    -5.36    5.61
  83024.242    76.910    -7.73    5.25
  83395.520    76.894    -0.04    5.94
  83766.863    76.479    -1.12    6.89
  84138.271    74.919    -4.20    7.98
  84509.742    74.105    -2.19    8.74
  84881.278    76.548     6.58    9.25
  85252.878    78.340     4.82    7.80
  85624.543    78.904     1.52    6.82
  85996.272    79.182     0.75    6.22
  86368.066    78.694    -1.31    5.89
  86739.924    79.809     3.00    6.23
  87111.846    83.511     9.96    6.38
  87483.833    85.973     6.62    7.33
  87855.885    87.532     4.19    6.79
  88228.001    88.246     1.92    6.57
  88600.182    87.793    -1.22    6.28
  88972.428    88.138     0.93    5.60
  89344.739    86.365    -4.76    5.74
  89717.114    84.454    -5.13    6.26
  90089.554    80.582   -10.40    7.69
  90462.059    75.046   -14.86    7.15
  90834.629    69.707   -14.33    7.16
  91207.263    64.986   -12.67    6.98
  91579.963    59.206   -15.51    7.00
  91952.728    53.773   -14.58    6.40
  92325.557    48.157   -15.06    6.82
  92698.452    42.669   -14.72    6.22
  93071.411    37.414   -14.09    5.74
  93444.436    33.656   -10.07    3.73
  93817.526    31.608    -5.49    1.88
  94190.681    30.735    -2.34    0.28
  94563.902    30.707    -0.08    0.16
  94937.187    30.736     0.08    0.23
  95310.538    30.805     0.19    0.40
  95683.955    30.971     0.44    0.75
  96057.436    31.275     0.81    1.37
  96430.983    31.603     0.88    1.82
  96804.595    32.287     1.83    2.22
  97178.273    33.129     2.25    2.32
  97552.017    34.231     2.95    2.10
  97925.825    35.235     2.69    1.22
  98299.700    35.682     1.20    0.00
  98673.640    35.682     0.00    0.00
  99047.645    35.682     0.00    0.00
  99421.717    35.708     0.07    0.16
  99795.854    36.176     1.25    1.02
 100170.056    37.366     3.18    1.95
 100544.325    38.732     3.65    2.05
 100918.659    40.067     3.57    1.19
 101293.059    40.583     1.38    0.37
 101667.525    40.682     0.26    0.00
 102042.057    40.682     0.00    0.00
 102416.655    40.682     0.00    0.00
 102791.319    40.682     0.00    0.00
 103166.049    41.219     1.43    1.37
 103540.845    42.645     3.80    2.52
 103915.707    44.497     4.94    2.82
 104290.635    46.201     4.54    1.94
 104665.629    47.132     2.48    0.61
 105040.689    47.057    -0.20    0.70
 105415.816    46.621    -1.16    0.74
 105791.009    46.176    -1.19    0.64
 106166.268    45.857    -0.85    0.38
 106541.594    45.720    -0.36    0.19
 106916.985    45.682    -0.10    0.00
 107292.444    45.682     0.00    0.00
 107667.968    45.682     0.00    0.00
 108043.560    45.746     0.17    0.29
 108419.217    46.023     0.74    0.96
 108794.942    46.445     1.12    1.50
 109170.732    46.633     0.50    1.68
 109546.590    46.851     0.58    1.82
 109922.514    46.842    -0.02    1.72
 110298.505    46.682    -0.43    1.52
 110674.562    46.619    -0.17    1.45
 111050.686    46.810     0.51    1.61
 111426.877    47.072     0.70    1.71
 111803.135    47.543     1.25    1.87
 112179.460    48.250     1.88    1.86
 112555.851    48.919     1.78    1.72
 112932.310    49.507     1.56    1.39
 113308.835    49.792     0.76    1.29
 113685.428    49.892     0.27    1.22
 114062.088    49.719    -0.46    1.22
 114438.814    49.555    -0.43    1.05
 114815.608    49.419    -0.36    0.69
 115192.469    49.633     0.57    0.72
 115569.397    50.133     1.33    0.61
 115946.392    50.492     0.95    0.39
 116323.455    50.682     0.50    0.00
 116700.585    50.682     0.00    0.00
 117077.782    50.682     0.00    0.00
 117455.046    50.682     0.00    0.00
 117832.378    50.682     0.00    0.00
 118209.778    50.682     0.00    0.00
 118587.244    50.682     0.00    0.00
 118964.779    50.707     0.07    0.16
 119342.381    50.718     0.03    0.19
 119720.050    50.783     0.17    0.30
 120097.787    50.966     0.48    0.58
 120475.592    51.361     1.05    0.80
 120853.464    51.509     0.39    0.91
 121231.405    51.560     0.13    1.32
 121609.412    51.410    -0.40    1.82
 121987.488    51.133    -0.73    1.99
 122365.632    50.861    -0.72    1.97
 122743.843    50.768    -0.25    1.90
 123122.123    50.581    -0.50    1.77
 123500.470    50.475    -0.28    1.74
 123878.885    50.853     1.00    2.04
 124257.369    51.999     3.03    2.72
 124635.920    53.202     3.18    2.89
 125014.539    54.694     3.94    2.28
 125393.227    55.968     3.36    0.51
 125771.983    56.089     0.32    0.49
 126150.807    56.188     0.26    0.57
 126529.699    56.262     0.20    0.65
 126908.659    56.328     0.17    0.74
 127287.688    56.349     0.05    0.79
 127666.785    56.312    -0.10    0.81
 128045.951    56.112    -0.53    0.71
 128425.185    56.040    -0.19    0.60
 128804.487    56.340     0.79    0.99
 129183.858    56.790     1.19    1.10
 129563.298    57.195     1.07    1.06
 129942.806    57.438     0.64    0.98
 130322.382    57.331    -0.28    1.09
 130702.028    56.954    -1.00    1.05
 131081.742    56.461    -1.30    0.77
 131461.525    56.052    -1.08    0.51
 131841.376    55.859    -0.51    0.38
 132221.296    55.731    -0.34    0.22
 132601.285    55.682    -0.13    0.00
 132981.343    55.682     0.00    0.00
 133351.460    55.682     0.00    0.00
 133718.373    55.682     0.00    0.00
 134085.349    55.682     0.00    0.00
 134452.389    55.682     0.00    0.00
 134819.493    55.682     0.00    0.00
 135186.661    55.682     0.00    0.00
 135553.892    55.682     0.00    0.00
 135921.187    55.682     0.00    0.00
 136288.546    55.682     0.00    0.00
 136655.968    55.718     0.10    0.19
 137023.455    55.916     0.54    0.43
 137391.005    56.255     0.92    0.61
 137758.620    56.643     1.05    0.58
 138126.298    56.968     0.88    0.45
 138494.041    57.059     0.25    0.49
 138861.847    57.060     0.00    0.56
 139229.718    57.028    -0.09    0.62
 139597.652    57.011    -0.05    0.65
 139965.651    56.986    -0.07    0.65
 140333.714    57.031     0.12    0.59
 140701.841    57.089     0.16    0.52
 141070.033    57.065    -0.07    0.56
 141438.289    56.917    -0.40    0.66
 141806.609    56.744    -0.47    0.70
 142174.993    56.560    -0.50    0.74
 142543.442    56.340    -0.60    0.70
 142911.955    56.201    -0.38    0.65
 143280.533    56.182    -0.05    0.65
 143649.175    56.133    -0.13    0.65
 144017.882    56.077    -0.15    0.61
 144386.653    55.919    -0.43    0.43
 144755.489    55.830    -0.24    0.36
 145124.389    55.802    -0.08    0.40
 145493.354    55.783    -0.05    0.47
 145862.384    55.707    -0.21    0.45
 146231.479    55.720     0.04    0.55
 146600.638    56.299     1.57    1.47
 146969.862    57.361     2.88    2.07
 147339.151    58.646     3.48    1.95
 147708.505    59.861     3.29    0.80
 148077.924    60.072     0.57    0.49
 148447.407    59.994    -0.21    0.47
 148816.956    59.894    -0.27    0.41
 149186.570    59.814    -0.22    0.34
 149556.248    59.730    -0.23    0.22
 149925.992    59.682    -0.13    0.00
 150295.801    59.682     0.00    0.00
 150665.675    59.682     0.00    0.00
 151035.614    59.682     0.00    0.00
 151405.618    59.682     0.00    0.00
 151775.688    59.682     0.00    0.00
 152145.823    59.682     0.00    0.00
 152516.023    59.682     0.00    0.00
 152886.288    59.682     0.00    0.00
 153256.619    59.756     0.20    0.26
 153627.016    60.194     1.18    0.95
 153997.477    60.800     1.63    1.26
 154368.005    61.028     0.62    1.30
 154738.598    61.102     0.20    1.31
 155109.256    60.793    -0.83    1.40
 155479.980    60.309    -1.31    1.11
 155850.769    60.125    -0.49    0.87
 156221.625    60.238     0.30    1.11
 156592.546    60.398     0.43    1.37
 156963.532    60.501     0.28    1.55
 157334.585    60.720     0.59    1.77
 157705.703    61.563     2.27    2.24
 158076.887    62.534     2.62    2.30
 158448.137    63.707     3.16    1.78
 158819.453    64.472     2.06    0.74
 159190.834    64.682     0.57    0.00
 159562.282    64.682     0.00    0.00
 159933.796    64.682     0.00    0.00
 160305.376    64.682     0.00    0.00
 160677.022    64.694     0.03    0.11
 161048.734    64.781     0.23    0.34
 161420.512    65.040     0.70    0.48
 161792.356    65.225     0.50    0.50
 162164.267    65.475     0.67    0.54
 162536.244    65.608     0.36    0.65
 162908.287    65.563    -0.12    0.92
 163280.396    65.398    -0.44    1.13
 163652.572    65.019    -1.02    1.36
 164024.814    64.694    -0.87    1.43
 164397.123    64.365    -0.88    1.42
 164769.498    64.015    -0.94    1.38
 165141.940    63.597    -1.12    1.17
 165514.448    63.365    -0.62    0.97
 165887.023    63.304    -0.16    0.78
 166259.664    63.497     0.52    0.82
 166632.372    63.944     1.20    0.82
 167005.147    64.410     1.25    0.69
 167377.989    64.975     1.51    0.78
 167750.897    65.682     1.90    1.11
 168123.872    67.003     3.54    1.69
 168496.914    68.447     3.87    1.97
 168870.023    69.995     4.15    1.91
 169243.198    71.151     3.10    1.52
 169616.441    71.938     2.11    0.95
 169989.750    72.188     0.67    0.73
 170363.127    71.861    -0.88    0.97
 170736.571    71.378    -1.29    1.28
 171110.081    70.444    -2.50    2.10
 171483.659    69.511    -2.50    2.49
 171857.304    68.534    -2.62    2.66
 172231.016    68.315    -0.59    2.65
 172604.796    68.341     0.07    2.35
 172978.642    68.423     0.22    2.20
 173352.556    68.238    -0.50    2.31
 173726.538    67.608    -1.68    2.59
 174100.586    66.941    -1.78    2.46
 174474.703    66.482    -1.23    2.05
 174848.886    66.423    -0.16    1.67
 175223.137    66.519     0.26    1.45
 175597.456    66.634     0.31    1.27
 175971.842    66.517    -0.31    1.10
 176346.296    66.450    -0.18    0.82
 176720.817    66.528     0.21    0.58
 177095.406    66.587     0.16    0.40
 177470.063    66.656     0.19    0.16
 177844.787    66.767     0.30    0.28
 178219.579    66.990     0.59    0.46
 178594.439    67.275     0.76    0.52
 178969.367    67.579     0.81    0.47
 179344.363    67.902     0.86    0.54
 179719.427    68.235     0.89    0.64
 180094.559    68.584     0.93    0.68
 180469.758    68.990     1.08    0.59
 180845.026    69.289     0.80    0.54
 181220.362    69.631     0.91    0.55
 181595.766    70.015     1.02    0.52
 181971.238    70.382     0.98    0.58
 182346.778    70.777     1.05    0.61
 182722.387    71.145     0.98    0.53
 183098.063    71.386     0.64    0.56
 183473.808    71.583     0.53    0.37
 183849.622    71.755     0.46    0.26
 184225.503    71.929     0.46    0.43
 184601.454    72.158     0.61    0.50
 184977.472    72.633     1.27    0.61
 185353.559    73.043     1.09    0.60
 185729.715    73.389     0.92    0.46
 186105.939    73.622     0.62    0.24
 186482.232    73.682     0.16    0.00
 186858.593    73.682     0.00    0.00
 187235.023    73.825     0.38    0.35
 187611.522    73.966     0.37    0.45
 187988.090    74.139     0.46    0.50
 188364.726    74.328     0.50    0.48
 188741.431    74.588     0.69    0.53
 189118.205    74.887     0.79    0.57
 189495.048    75.109     0.59    0.74
 189871.960    75.297     0.50    0.97
 190248.940    75.458     0.43    1.14
 190625.990    75.618     0.42    1.25
 191003.109    75.938     0.85    1.29
 191380.297    76.366     1.13    1.38
 191757.554    76.753     1.03    1.44
 192134.880    77.238     1.29    1.37
 192512.276    77.877     1.69    1.49
 192889.740    79.206     3.52    2.17
 193267.274    80.911     4.52    2.66
 193644.877    82.707     4.76    2.27
 194022.550    83.865     3.07    1.23
 194400.292    83.962     0.26    0.98
 194778.103    83.292    -1.78    1.22
 195155.984    82.513    -2.06    1.01
 195533.935    82.007    -1.34    0.57
 195911.955    81.851    -0.41    0.38
 196290.044    82.201     0.93    0.70
 196668.203    82.730     1.40    0.92
 197046.432    83.269     1.43    0.92
 197424.731    83.682     1.09    0.80
 197803.099    84.003     0.85    0.73
 198181.537    84.260     0.68    0.57
 198560.045    84.426     0.44    0.44
 198938.622    84.597     0.45    0.28
 199317.270    84.682     0.23    0.00
 199695.987    84.753     0.19    0.26
 200074.775    84.935     0.48    0.44
 200453.632    85.158     0.59    0.50
 200832.560    85.450     0.77    0.42
 201211.558    85.609     0.42    0.26
 201590.625    85.586    -0.06    0.30
 201969.763    85.465    -0.32    0.41
 202348.971    85.345    -0.32    0.48
 202728.250    85.207    -0.36    0.50
 203107.598    85.003    -0.54    0.47
 203487.017    84.842    -0.42    0.37
 203866.506    84.729    -0.30    0.21
 204246.066    84.695    -0.09    0.11
 204625.696    84.718     0.06    0.24
 205005.397    84.708    -0.03    0.43
 205385.168    84.694    -0.04    0.55
 205765.009    84.670    -0.06    0.64
 206144.922    84.645    -0.06    0.67
 206524.905    84.658     0.03    0.70
 206904.958    84.743     0.22    0.64
 207285.082    84.828     0.22    0.55
 207665.277    85.019     0.50    0.52
 208039.264    85.448     1.15    0.86
 208405.971    85.732     0.77    0.98
