# NaN NaN NaN ;Mean Elev.(m), Avg Gradient(m/km), RMS Gradient(m/km) - SRTM1     
#   30.926  -1.802   6.936 ;Mean Elev.(m), Avg Gradient(m/km), RMS Gradient(m/km) - ASTER GDEM
#   25.752  -1.894   6.149 ;Mean Elev.(m), Avg Gradient(m/km), RMS Gradient(m/km) - GMTED2010 
  6    36.921 52419.25652806 22.14  73.465034  61.225436 11.681
  6    34.081 52419.25652871 23.60  73.462684  61.222276 11.681
  6    33.670 52419.25653000 25.91  73.457984  61.215966 11.681
  6    33.397 52419.25653064 28.29  73.455634  61.212806 11.681
  6    33.193 52419.25653128 29.62  73.453284  61.209646 11.681
  6    33.811 52419.25653193 30.58  73.450944  61.206496 11.681
  8    36.684 52489.25653017 19.39  73.467357  61.227468 16.643
  8    34.676 52489.25653082 21.20  73.465007  61.224308 16.643
  8    33.132 52489.25653146 22.34  73.462657  61.221158 16.643
  8    33.002 52489.25653275 27.51  73.457967  61.214838 16.643
  8    33.044 52489.25653340 29.70  73.455617  61.211688 16.643
  8    33.169 52489.25653404 30.21  73.453267  61.208528 16.643
  9    35.823 52524.25650732 20.90  73.454861  61.224635 14.377
  9    29.884 52524.25650797 25.89  73.452511  61.221485 14.377
  9    32.424 52524.25651055 23.01  73.443131  61.208855 14.377
  9    32.683 52524.25651119 22.05  73.440781  61.205695 14.377
  9    33.096 52524.25651184 28.75  73.438441  61.202535 14.377
 11    27.831 52594.25655965 42.56  73.458657  61.227462 18.014
 11    27.637 52594.25656030 49.25  73.456307  61.224302 18.014
 11    27.547 52594.25656094 36.09  73.453957  61.221152 18.014
 11    27.604 52594.25656288 36.32  73.446917  61.211672 18.014
 11    27.587 52594.25656352 40.31  73.444567  61.208522 18.014
 11    27.460 52594.25656417 43.84  73.442227  61.205362 18.014
 13    36.729 52664.25652140 11.32  73.462926  61.226510  2.538
 13    32.844 52664.25652204 12.29  73.460576  61.223350  2.538
 13    31.836 52664.25652462 11.21  73.451186  61.210720  2.538
 13    31.965 52664.25652527 11.04  73.448846  61.207560  2.538
 15    40.715 52734.25652205 13.83  73.469688  61.227598  1.856
 15    40.416 52734.25652269 13.14  73.467338  61.224438  1.856
 15    36.434 52734.25652334 13.81  73.464988  61.221288  1.856
 15    38.746 52734.25652398 13.53  73.462648  61.218128  1.856
 15    38.322 52734.25652463 13.38  73.460298  61.214968  1.856
 15    33.327 52734.25652527 13.02  73.457948  61.211808  1.856
 15    33.492 52734.25652592 12.33  73.455608  61.208658  1.856
 16    30.323 52769.25651934 31.51  73.451208  61.224949 14.935
 16    30.563 52769.25651998 35.97  73.448858  61.221789 14.935
 16    30.590 52769.25652256 36.07  73.439478  61.209159 14.935
 16    30.321 52769.25652320 35.27  73.437128  61.205999 14.935
 16    32.817 52769.25652385 31.99  73.434788  61.202849 14.935
 17    37.451 52804.25654559 27.20  73.480686  61.231760 18.817
 17    37.128 52804.25654623 24.12  73.478336  61.228600 18.817
 17    36.072 52804.25654688 23.50  73.475986  61.225450 18.817
 17    34.184 52804.25654752 24.93  73.473636  61.222290 18.817
 17    33.139 52804.25654817 26.32  73.471286  61.219130 18.817
 17    33.307 52804.25654881 27.52  73.468936  61.215980 18.817
 18    37.606 52839.25660841 23.74  73.477103  61.230013 19.335
 18    37.565 52839.25660905 19.49  73.474743  61.226853 19.335
 18    39.794 52839.25660969 20.07  73.472403  61.223693 19.335
 18    35.680 52839.25661034 21.24  73.470053  61.220543 19.335
 18    32.864 52839.25661098 22.72  73.467703  61.217383 19.335
 18    33.021 52839.25661163 24.19  73.465353  61.214223 19.335
 19    27.924 52874.25664876 22.57  73.470362  61.226707 11.572
 19    28.146 52874.25664940 27.08  73.468012  61.223557 11.572
 19    27.843 52874.25665005 31.69  73.465662  61.220397 11.572
 19    27.827 52874.25665069 32.08  73.463312  61.217237 11.572
 19    32.072 52874.25665134 27.39  73.460962  61.214077 11.572
 19    32.764 52874.25665198 25.66  73.458612  61.210927 11.572
 22    36.894 52979.25661337 16.21  73.475666  61.229714  3.743
 22    36.687 52979.25661401 16.18  73.473316  61.226554  3.743
 22    27.112 52979.25661466 17.48  73.470966  61.223394  3.743
 22    27.029 52979.25661530 17.39  73.468616  61.220244  3.743
 22    27.096 52979.25661595 17.46  73.466266  61.217084  3.743
 22    27.065 52979.25661659 16.77  73.463926  61.213924  3.743
 23    34.543 53014.25661278 12.53  73.456963  61.224840  2.592
 23    32.065 53014.25661342 13.09  73.454613  61.221690  2.592
 23    31.009 53014.25661536 12.64  73.447573  61.212210  2.592
 23    31.185 53014.25661600 11.59  73.445223  61.209060  2.592
 23    31.511 53014.25661665 11.15  73.442883  61.205900  2.592
 24    35.656 53049.25658342 13.00  73.477104  61.229176  2.811
 24    31.067 53049.25658407 12.62  73.474754  61.226016  2.811
 24    30.992 53049.25658471 12.11  73.472404  61.222856  2.811
 24    31.907 53049.25658535 12.64  73.470054  61.219706  2.811
 24    31.841 53049.25658600 12.34  73.467714  61.216546  2.811
 24    32.322 53049.25658664 11.99  73.465364  61.213386  2.811
 25    36.201 53084.25662065 11.50  73.452680  61.225262  2.971
 25    32.856 53084.25662129 12.24  73.450340  61.222102  2.971
 25    30.437 53084.25662387 12.58  73.440950  61.209472  2.971
 25    31.388 53084.25662452 11.20  73.438600  61.206322  2.971
 25    32.397 53084.25662516 10.67  73.436260  61.203162  2.971
 26    40.311 53119.25658999 13.99  73.469789  61.226841  2.288
 26    36.428 53119.25659063 13.36  73.467449  61.223681  2.288
 26    35.898 53119.25659128 12.46  73.465099  61.220521  2.288
 26    38.540 53119.25659192 11.69  73.462749  61.217361  2.288
 26    38.441 53119.25659257 11.52  73.460399  61.214211  2.288
 26    33.300 53119.25659321 10.71  73.458049  61.211051  2.288
 27    36.359 53154.25664166 18.49  73.463818  61.227446 16.588
 27    34.051 53154.25664231 18.52  73.461468  61.224286 16.588
 27    32.435 53154.25664295 19.76  73.459128  61.221136 16.588
 27    32.391 53154.25664488 22.60  73.452078  61.211656 16.588
 27    32.716 53154.25664553 22.38  73.449738  61.208506 16.588
 27    32.931 53154.25664617 29.53  73.447388  61.205346 16.588
 28    36.620 53189.25663043 19.16  73.475126  61.229020 22.342
 28    31.904 53189.25663108 21.56  73.472776  61.225860 22.342
 28    32.009 53189.25663172 23.44  73.470426  61.222700 22.342
 28    31.981 53189.25663237 25.63  73.468076  61.219550 22.342
 28    32.650 53189.25663301 24.53  73.465726  61.216390 22.342
 28    33.016 53189.25663366 25.78  73.463376  61.213230 22.342
 29    29.187 53224.25664514 22.32  73.463112  61.225295 20.109
 29    29.134 53224.25664579 27.80  73.460762  61.222145 20.109
 29    32.293 53224.25664772 22.22  73.453722  61.212665 20.109
 29    32.472 53224.25664836 20.90  73.451372  61.209515 20.109
 29    32.378 53224.25664901 19.57  73.449032  61.206355 20.109
 30    34.523 53259.25662045 21.51  73.451410  61.225800 14.305
 30    32.816 53259.25662109 23.00  73.449060  61.222650 14.305
 30    31.581 53259.25662432 22.09  73.437330  61.206860 14.305
 30    31.286 53259.25662496 23.53  73.434990  61.203700 14.305
 31    40.196 53294.25664478 12.30  73.465789  61.227708 14.962
 31    35.123 53294.25664543 13.30  73.463429  61.224548 14.962
 31    31.330 53294.25664607 17.60  73.461089  61.221398 14.962
 31    32.593 53294.25664801 16.98  73.454039  61.211918 14.962
 31    32.378 53294.25664865 21.32  73.451689  61.208768 14.962
 32    29.124 53329.25661821 32.71  73.466587  61.227193 16.223
 32    29.129 53329.25661885 34.06  73.464237  61.224033 16.223
 32    29.026 53329.25661950 33.60  73.461887  61.220873 16.223
 32    29.156 53329.25662079 36.71  73.457187  61.214563 16.223
 32    29.139 53329.25662143 37.41  73.454847  61.211403 16.223
 32    29.018 53329.25662208 36.76  73.452497  61.208253 16.223
 34    36.879 53399.25659336 16.31  73.470027  61.226477  3.894
 34    27.863 53399.25659400 16.65  73.467677  61.223317  3.894
 34    27.611 53399.25659465 17.60  73.465337  61.220157  3.894
 34    29.331 53399.25659529 16.86  73.462987  61.217007  3.894
 34    29.833 53399.25659593 16.61  73.460637  61.213847  3.894
 34    31.680 53399.25659658 15.21  73.458287  61.210687  3.894
 35    37.126 53434.25658388 12.30  73.461601  61.227532  2.549
 35    33.336 53434.25658452 13.44  73.459261  61.224372  2.549
 35    32.279 53434.25658517 12.87  73.456911  61.221212  2.549
 35    31.968 53434.25658710 11.59  73.449871  61.211742  2.549
 35    31.958 53434.25658774 11.43  73.447521  61.208582  2.549
 35    32.236 53434.25658839 10.47  73.445181  61.205432  2.549
 36    40.411 53469.25662597 11.69  73.472725  61.227447  2.339
 36    36.881 53469.25662662 11.60  73.470375  61.224287  2.339
 36    39.659 53469.25662726 11.48  73.468025  61.221137  2.339
 36    34.816 53469.25662791 11.82  73.465675  61.217977  2.339
 36    33.605 53469.25662855 12.03  73.463325  61.214817  2.339
 36    33.419 53469.25662920 11.48  73.460975  61.211657  2.339
 37    35.038 53504.25667025 19.07  73.459529  61.225354 17.428
 37    33.311 53504.25667089 18.36  73.457179  61.222194 17.428
 37    32.143 53504.25667283 24.38  73.450129  61.212724 17.428
 37    32.474 53504.25667347 25.19  73.447789  61.209564 17.428
 37    33.184 53504.25667412 22.34  73.445439  61.206414 17.428
 38    40.686 53539.25666831 17.17  73.462190  61.225261 13.706
 38    39.709 53539.25666896 18.60  73.459840  61.222101 13.706
 38    32.298 53539.25667089 22.81  73.452800  61.212631 13.706
 38    32.106 53539.25667154 22.91  73.450450  61.209471 13.706
 38    32.644 53539.25667218 21.50  73.448100  61.206321 13.706
 39    29.729 53574.25666617 23.74  73.455717  61.224605 12.875
 39    29.726 53574.25666682 35.30  73.453367  61.221445 12.875
 39    30.954 53574.25666875 24.92  73.446327  61.211975 12.875
 39    30.785 53574.25666940 23.38  73.443977  61.208825 12.875
 39    32.127 53574.25667004 21.91  73.441637  61.205665 12.875
 40    29.572 53609.25661602 25.64  73.452337  61.226240 10.878
 40    28.130 53609.25661667 27.17  73.449987  61.223080 10.878
 40    27.919 53609.25661989 27.20  73.438257  61.207300 10.878
 40    27.953 53609.25662054 25.28  73.435917  61.204140 10.878
 41    37.088 53644.25661730 17.49  73.476693  61.228763 21.837
 41    27.648 53644.25661794 24.01  73.474343  61.225613 21.837
 41    27.642 53644.25661859 29.72  73.472003  61.222453 21.837
 41    27.842 53644.25661923 30.53  73.469653  61.219293 21.837
 41    28.299 53644.25661988 25.05  73.467303  61.216143 21.837
 41    32.109 53644.25662052 20.80  73.464953  61.212983 21.837
 42    27.239 53679.25663633 34.34  73.457325  61.225430 18.414
 42    27.149 53679.25663697 36.88  73.454985  61.222270 18.414
 42    27.472 53679.25663955 52.40  73.445595  61.209640 18.414
 42    27.376 53679.25664019 52.79  73.443245  61.206490 18.414
 42    27.297 53679.25664084 47.94  73.440905  61.203330 18.414
 43    28.126 53714.25656420 27.97  73.460847  61.226961  9.947
 43    28.282 53714.25656484 28.02  73.458507  61.223801  9.947
 43    28.259 53714.25656742 29.27  73.449117  61.211171  9.947
 43    28.572 53714.25656807 25.00  73.446767  61.208011  9.947
 43    29.508 53714.25656871 20.59  73.444427  61.204861  9.947
 45    36.773 53784.25650973 12.08  73.467074  61.226535  2.735
 45    33.231 53784.25651037 13.12  73.464734  61.223375  2.735
 45    29.693 53784.25651102 13.39  73.462384  61.220215  2.735
 45    30.066 53784.25651166 12.92  73.460034  61.217065  2.735
 45    30.753 53784.25651230 12.42  73.457684  61.213905  2.735
 45    30.535 53784.25651295 11.60  73.455344  61.210745  2.735
 45    31.336 53784.25651359 10.81  73.452994  61.207595  2.735
 46    37.213 53819.25647123 12.56  73.453795  61.225987  2.485
 46    34.043 53819.25647187 12.38  73.451455  61.222827  2.485
 46    32.468 53819.25647445 11.81  73.442075  61.210197  2.485
 46    33.098 53819.25647510 11.01  73.439725  61.207037  2.485
 46    33.120 53819.25647574 10.44  73.437385  61.203887  2.485
 47    36.564 53854.25655069 21.63  73.469019  61.228206  6.577
 47    27.505 53854.25655133 21.04  73.466669  61.225046  6.577
 47    30.007 53854.25655198 20.75  73.464319  61.221886  6.577
 47    27.994 53854.25655262 20.98  73.461979  61.218736  6.577
 47    27.500 53854.25655327 20.28  73.459629  61.215576  6.577
 47    30.233 53854.25655391 18.03  73.457279  61.212416  6.577
 47    31.756 53854.25655456 16.29  73.454929  61.209256  6.577
 48    36.848 53889.25655873 21.42  73.477674  61.230471 22.552
 48    36.278 53889.25655938 18.57  73.475324  61.227321 22.552
 48    32.541 53889.25656002 20.38  73.472974  61.224161 22.552
 48    32.029 53889.25656067 21.71  73.470634  61.221001 22.552
 48    31.980 53889.25656131 22.65  73.468284  61.217851 22.552
 48    32.237 53889.25656196 23.88  73.465934  61.214691 22.552
 49    38.506 53924.25662673 18.37  73.458223  61.227025 16.225
 49    39.787 53924.25662737 18.61  73.455883  61.223865 16.225
 49    32.319 53924.25662995 32.02  73.446483  61.211235 16.225
 49    32.317 53924.25663059 23.02  73.444143  61.208075 16.225
 49    32.890 53924.25663124 27.58  73.441793  61.204925 16.225
 50    34.217 53959.25661770 21.86  73.453391  61.226351 17.965
 50    29.630 53959.25661834 23.11  73.451051  61.223191 17.965
 50    28.798 53959.25662156 24.62  73.439311  61.207411 17.965
 50    29.047 53959.25662221 35.16  73.436971  61.204251 17.965
 52    26.544 54029.25660682 19.71  73.478619  61.229661  8.250
 52    27.331 54029.25660747 19.68  73.476269  61.226511  8.250
 52    27.383 54029.25660811 22.06  73.473929  61.223351  8.250
 52    27.512 54029.25660876 22.59  73.471579  61.220191  8.250
 52    28.362 54029.25660940 22.88  73.469229  61.217031  8.250
 52    31.582 54029.25661005 21.33  73.466879  61.213881  8.250
 53    29.958 54064.25660158 24.04  73.467059  61.226857  5.162
 53    29.939 54064.25660223 24.67  73.464709  61.223697  5.162
 53    30.069 54064.25660287 24.97  73.462369  61.220537  5.162
 53    30.092 54064.25660352 24.49  73.460019  61.217377  5.162
 53    30.065 54064.25660416 24.58  73.457669  61.214227  5.162
 53    30.267 54064.25660480 24.46  73.455329  61.211067  5.162
 53    31.190 54064.25660545 23.47  73.452979  61.207907  5.162
 54    32.697 54099.25656839 14.28  73.456081  61.225860  2.853
 54    31.223 54099.25656903 14.76  73.453741  61.222700  2.853
 54    30.908 54099.25657161 13.69  73.444351  61.210070  2.853
 54    30.852 54099.25657225 13.51  73.442011  61.206910  2.853
 54    31.196 54099.25657290 12.90  73.439661  61.203760  2.853
 55    37.548 54134.25652477 11.66  73.478245  61.230763  2.381
 55    36.577 54134.25652542 11.91  73.475885  61.227613  2.381
 55    36.340 54134.25652606 11.45  73.473545  61.224453  2.381
 55    32.817 54134.25652670 12.32  73.471185  61.221293  2.381
 55    33.050 54134.25652735 11.61  73.468845  61.218133  2.381
 55    33.133 54134.25652799 11.87  73.466495  61.214983  2.381
 57    27.713 54204.25652972 34.49  73.474522  61.227497 17.033
 57    27.865 54204.25653037 27.81  73.472172  61.224337 17.033
 57    27.999 54204.25653101 25.41  73.469822  61.221177 17.033
 57    31.557 54204.25653166 21.82  73.467482  61.218027 17.033
 57    32.952 54204.25653230 19.96  73.465132  61.214867 17.033
 57    32.893 54204.25653294 26.45  73.462782  61.211707 17.033
 59    34.723 54274.25658130 24.09  73.467122  61.228195 16.329
 59    34.001 54274.25658195 25.82  73.464772  61.225035 16.329
 59    33.724 54274.25658259 27.78  73.462422  61.221875 16.329
 59    34.254 54274.25658388 28.53  73.457722  61.215565 16.329
 59    34.172 54274.25658453 32.98  73.455382  61.212405 16.329
 59    34.310 54274.25658517 32.69  73.453032  61.209245 16.329
 60    35.056 54309.25658327 23.22  73.468143  61.226911  9.972
 60    33.245 54309.25658392 24.89  73.465793  61.223751  9.972
 60    33.332 54309.25658456 26.44  73.463443  61.220591  9.972
 60    33.478 54309.25658521 27.82  73.461093  61.217441  9.972
 60    33.682 54309.25658585 29.92  73.458743  61.214281  9.972
 60    33.592 54309.25658650 32.51  73.456403  61.211121  9.972
 60    33.875 54309.25658714 33.30  73.454053  61.207961  9.972
 61    35.696 54344.25656049 24.04  73.458520  61.227207  8.550
 61    29.641 54344.25656114 25.74  73.456170  61.224047  8.550
 61    29.303 54344.25656372 29.66  73.446790  61.211417  8.550
 61    31.969 54344.25656436 27.09  73.444440  61.208257  8.550
 61    32.198 54344.25656501 27.19  73.442100  61.205107  8.550
 62    36.986 54379.25651900 18.27  73.472307  61.227043 18.580
 62    34.501 54379.25651964 21.45  73.469957  61.223883 18.580
 62    31.496 54379.25652029 21.63  73.467617  61.220733 18.580
 62    28.686 54379.25652093 23.80  73.465267  61.217573 18.580
 62    32.589 54379.25652158 23.35  73.462917  61.214413 18.580
 62    32.830 54379.25652222 31.50  73.460567  61.211253 18.580
 63    28.194 54414.25650897 43.17  73.461690  61.225178 13.838
 63    27.864 54414.25650962 45.80  73.459340  61.222028 13.838
 63    28.341 54414.25651155 38.36  73.452300  61.212548 13.838
 63    28.087 54414.25651220 40.10  73.449950  61.209398 13.838
 63    28.389 54414.25651284 38.71  73.447604  61.206241 12.669
 64    28.130 54449.25648523 20.67  73.477573  61.230413  5.483
 64    28.196 54449.25648588 20.32  73.475223  61.227253  5.483
 64    28.151 54449.25648652 20.85  73.472873  61.224093  5.483
 64    28.368 54449.25648716 21.17  73.470523  61.220943  5.483
 64    28.170 54449.25648781 21.75  73.468173  61.217783  5.483
 64    30.255 54449.25648845 21.03  73.465833  61.214623  5.483
 65    36.839 54484.25650264 15.69  73.469136  61.227425  3.179
 65    28.896 54484.25650328 15.95  73.466796  61.224265  3.179
 65    29.785 54484.25650393 15.74  73.464446  61.221105  3.179
 65    30.484 54484.25650457 15.68  73.462096  61.217955  3.179
 65    30.944 54484.25650522 16.39  73.459746  61.214795  3.179
 65    32.128 54484.25650586 14.36  73.457406  61.211635  3.179
 65    32.144 54484.25650650 13.52  73.455056  61.208485  3.179
 66    37.844 54519.25649893 11.89  73.476631  61.230433  2.728
 66    37.259 54519.25649957 11.99  73.474281  61.227273  2.728
 66    35.376 54519.25650022 11.92  73.471931  61.224123  2.728
 66    35.697 54519.25650086 11.72  73.469591  61.220963  2.728
 66    32.113 54519.25650151 12.28  73.467241  61.217803  2.728
 66    32.376 54519.25650215 11.89  73.464891  61.214653  2.728
 66    32.450 54519.25650280 11.63  73.462541  61.211493  2.728
 67    41.051 54554.25651478 18.93  73.458424  61.226129  7.098
 67    42.269 54554.25651543 16.68  73.456074  61.222969  7.098
 67    32.249 54554.25651800 13.82  73.446684  61.210349  7.098
 67    35.118 54554.25651865 12.86  73.444344  61.207189  7.098
 67    35.346 54554.25651929 12.09  73.441994  61.204029  7.098
 68    29.494 54589.25649514 37.59  73.470381  61.228065 14.547
 68    29.597 54589.25649579 32.52  73.468041  61.224905 14.547
 68    29.842 54589.25649643 30.13  73.465691  61.221755 14.547
 68    29.802 54589.25649708 33.91  73.463341  61.218595 14.547
 68    29.778 54589.25649772 31.46  73.460991  61.215435 14.547
 68    29.606 54589.25649837 29.92  73.458641  61.212285 14.547
 68    29.773 54589.25649901 27.91  73.456301  61.209125 14.547
 69    41.505 54624.25651324 22.46  73.462993  61.225424 12.890
 69    40.116 54624.25651388 23.32  73.460643  61.222274 12.890
 69    33.214 54624.25651581 28.63  73.453603  61.212804 12.890
 69    33.021 54624.25651646 28.90  73.451253  61.209644 12.890
 69    33.485 54624.25651710 29.72  73.448913  61.206484 12.890
 70    34.776 54659.25652189 19.53  73.463519  61.225369 11.865
 70    32.487 54659.25652253 21.49  73.461169  61.222209 11.865
 70    32.572 54659.25652447 25.01  73.454126  61.212744 15.797
 70    32.816 54659.25652511 24.35  73.451786  61.209584 15.797
 70    33.309 54659.25652575 28.85  73.449436  61.206424 15.797
 71    40.832 54694.25650173 21.08  73.462024  61.226908 17.569
 71    28.888 54694.25650237 26.53  73.459674  61.223748 17.569
 71    28.282 54694.25650495 35.89  73.450294  61.211118 17.569
 71    28.214 54694.25650560 32.81  73.447944  61.207958 17.569
 71    28.258 54694.25650624 31.39  73.445594  61.204798 17.569
 72    37.316 54729.25647554 21.67  73.473097  61.227234 18.986
 72    35.308 54729.25647619 23.62  73.470757  61.224074 18.986
 72    27.770 54729.25647683 29.24  73.468407  61.220924 18.986
 72    27.851 54729.25647748 31.02  73.466057  61.217764 18.986
 72    27.847 54729.25647812 28.11  73.463707  61.214604 18.986
 72    32.792 54729.25647877 32.00  73.461357  61.211454 18.986
 73    35.399 54764.25647996 26.26  73.465373  61.226425 12.014
 73    28.041 54764.25648061 29.47  73.463023  61.223265 12.014
 73    28.489 54764.25648254 39.36  73.455983  61.213795 12.014
 73    28.432 54764.25648319 42.57  73.453633  61.210645 12.014
 73    28.483 54764.25648383 45.93  73.451283  61.207485 12.014
 74    29.857 54799.25646842 40.34  73.477618  61.230721 14.691
 74    29.621 54799.25646906 38.74  73.475278  61.227561 14.691
 74    29.473 54799.25646970 37.06  73.472918  61.224411 14.691
 74    29.514 54799.25647035 31.42  73.470578  61.221251 14.691
 74    29.783 54799.25647099 31.86  73.468228  61.218091 14.691
 74    29.725 54799.25647164 28.20  73.465878  61.214941 14.691
 74    29.717 54799.25647228 24.85  73.463528  61.211781 14.691
 75    29.117 54834.25647073 16.58  73.463599  61.225657  8.795
 75    28.735 54834.25647137 17.49  73.461249  61.222497  8.795
 75    28.868 54834.25647331 16.85  73.454209  61.213027  8.795
 75    28.985 54834.25647395 30.11  73.451859  61.209877  8.795
 75    28.855 54834.25647459 36.76  73.449509  61.206717  8.795
 76    37.097 54869.25646521 12.82  73.478754  61.230714  2.930
 76    36.180 54869.25646585 12.64  73.476404  61.227564  2.930
 76    31.103 54869.25646649 13.86  73.474054  61.224404  2.930
 76    30.359 54869.25646714 14.22  73.471704  61.221244  2.930
 76    30.912 54869.25646778 13.15  73.469364  61.218084  2.930
 76    31.985 54869.25646843 13.32  73.467014  61.214934  2.930
 77    32.334 54904.25648047 12.52  73.455055  61.225376  2.948
 77    32.516 54904.25648111 12.24  73.452705  61.222226  2.948
 77    31.376 54904.25648369 12.18  73.443325  61.209596  2.948
 77    30.621 54904.25648434 11.53  73.440975  61.206436  2.948
 77    32.311 54904.25648498 10.70  73.438635  61.203276  2.948
 78    28.182 54939.25645707 25.59  73.471437  61.226769  9.650
 78    28.187 54939.25645771 24.08  73.469087  61.223609  9.650
 78    29.496 54939.25645836 22.14  73.466737  61.220459  9.650
 78    28.337 54939.25645900 21.68  73.464387  61.217299  9.650
 78    29.874 54939.25645965 20.47  73.462036  61.214144  4.107
 78    31.658 54939.25646029 20.12  73.459696  61.210984  4.107
 79    36.021 54974.25648811 18.58  73.467111  61.225885  9.582
 79    33.000 54974.25648876 19.32  73.464761  61.222735  9.582
 79    32.469 54974.25648940 20.80  73.462411  61.219575  9.582
 79    32.356 54974.25649005 22.99  73.460061  61.216415  9.582
 79    32.162 54974.25649069 26.13  73.457711  61.213265  9.582
 79    32.232 54974.25649134 28.28  73.455371  61.210105  9.582
 80    40.790 55009.25650190 18.84  73.461963  61.226395 13.829
 80    40.147 55009.25650255 19.96  73.459623  61.223235 13.829
 80    32.094 55009.25650513 21.51  73.450233  61.210605 13.829
 80    32.526 55009.25650577 20.92  73.447883  61.207455 13.829
 80    32.481 55009.25650642 28.41  73.445543  61.204295 13.829
 81    39.035 55044.25649169 22.85  73.467111  61.226248 13.567
 81    36.734 55044.25649233 21.81  73.464761  61.223088 13.567
 81    32.164 55044.25649298 26.25  73.462411  61.219938 13.567
 81    32.059 55044.25649362 27.90  73.460061  61.216778 13.567
 81    32.364 55044.25649427 24.20  73.457711  61.213618 13.567
 81    32.002 55044.25649491 25.00  73.455371  61.210468 13.567
 82    35.277 55079.25646859 20.70  73.458132  61.225720 17.274
 82    30.525 55079.25646924 25.82  73.455792  61.222560 17.274
 82    31.763 55079.25647182 17.42  73.446402  61.209930 17.274
 82    32.453 55079.25647246 16.28  73.444062  61.206770 17.274
 82    32.057 55079.25647311 35.51  73.441712  61.203620 17.274
 83    37.059 55114.25642395 19.01  73.471158  61.226820 18.152
 83    27.995 55114.25642459 23.98  73.468808  61.223660 18.152
 83    27.926 55114.25642524 27.06  73.466458  61.220500 18.152
 83    27.907 55114.25642588 28.34  73.464108  61.217350 18.152
 83    31.590 55114.25642652 24.31  73.461758  61.214190 18.152
 83    32.012 55114.25642717 27.64  73.459408  61.211030 18.152
 84    28.571 55149.25642423 30.63  73.464279  61.227091 11.636
 84    28.372 55149.25642488 35.31  73.461939  61.223931 11.636
 84    28.331 55149.25642552 30.89  73.459589  61.220781 11.636
 84    28.589 55149.25642745 32.29  73.452549  61.211311 11.636
 84    28.422 55149.25642810 29.28  73.450199  61.208151 11.636
 85    28.067 55184.25640607 16.35  73.476571  61.229864  3.429
 85    28.239 55184.25640671 16.42  73.474231  61.226704  3.429
 85    28.137 55184.25640736 16.45  73.471871  61.223554  3.429
 85    28.221 55184.25640800 17.49  73.469531  61.220394  3.429
 85    28.149 55184.25640865 17.11  73.467181  61.217234  3.429
 85    28.239 55184.25640929 17.13  73.464831  61.214084  3.429
 86    37.060 55219.25642222 11.73  73.461670  61.226474  3.203
 86    34.304 55219.25642287 12.22  73.459320  61.223314  3.203
 86    30.768 55219.25642545 11.34  73.449930  61.210694  3.203
 86    30.567 55219.25642609 11.41  73.447580  61.207534  3.203
 86    31.124 55219.25642673 10.46  73.445240  61.204374  3.203
 87    38.033 55254.25640248 10.00  73.475633  61.229110  3.396
 87    36.873 55254.25640312  9.92  73.473273  61.225960  3.396
 87    35.354 55254.25640377 10.43  73.470933  61.222800  3.396
 87    33.103 55254.25640441 11.14  73.468583  61.219640  3.396
 87    34.024 55254.25640506 10.43  73.466233  61.216490  3.396
 87    33.036 55254.25640570 10.12  73.463883  61.213330  3.396
 88    40.551 55289.25641228 13.44  73.455187  61.224795  3.056
 88    38.040 55289.25641293 13.25  73.452837  61.221635  3.056
 88    32.478 55289.25641551 12.01  73.443447  61.209005  3.056
 88    34.357 55289.25641615 12.15  73.441107  61.205855  3.056
 88    34.016 55289.25641679 10.45  73.438757  61.202695  3.056
 89    36.965 55324.25638995 21.31  73.464000  61.226264 14.658
 89    30.513 55324.25639060 27.71  73.461650  61.223104 14.658
 89    30.010 55324.25639253 29.61  73.454600  61.213634 14.658
 89    32.448 55324.25639317 22.85  73.452260  61.210484 14.658
 89    33.585 55324.25639382 22.68  73.449910  61.207324 14.658
 90    40.750 55359.25638817 18.86  73.463184  61.226925 13.557
 90    40.393 55359.25638881 19.93  73.460834  61.223765 13.557
 90    32.594 55359.25639139 24.03  73.451444  61.211145 13.557
 90    32.934 55359.25639203 25.81  73.449094  61.207985 13.557
 90    33.235 55359.25639268 32.45  73.446754  61.204825 13.557
 91    36.922 55394.25639165 19.20  73.472214  61.228927 16.792
 91    35.131 55394.25639230 21.47  73.469864  61.225767 16.792
 91    32.640 55394.25639294 22.37  73.467514  61.222617 16.792
 91    32.647 55394.25639359 22.63  73.465164  61.219457 16.792
 91    32.931 55394.25639423 23.87  73.462814  61.216297 16.792
 91    33.177 55394.25639487 27.31  73.460464  61.213147 16.792
 91    33.332 55394.25639552 34.07  73.458124  61.209987 16.792
 92    40.314 55429.25640360 19.07  73.468143  61.226946  9.716
 92    40.225 55429.25640424 18.67  73.465803  61.223786  9.716
 92    31.253 55429.25640489 23.37  73.463453  61.220636  9.716
 92    34.098 55429.25640553 21.02  73.461103  61.217476  9.716
 92    32.898 55429.25640618 19.89  73.458753  61.214316  9.716
 92    32.956 55429.25640682 20.78  73.456413  61.211156  9.716
 92    32.880 55429.25640747 21.28  73.454063  61.208006  9.716
 93    40.216 55464.25636692 22.05  73.457818  61.226231 11.544
 93    35.468 55464.25636756 22.91  73.455478  61.223071 11.544
 93    32.304 55464.25637014 19.40  73.446088  61.210441 11.544
 93    32.459 55464.25637079 18.58  73.443748  61.207281 11.544
 93    32.165 55464.25637143 31.71  73.441398  61.204131 11.544
