# NaN NaN NaN ;Mean Elev.(m), Avg Gradient(m/km), RMS Gradient(m/km) - SRTM1     
#   22.151  -0.997   4.777 ;Mean Elev.(m), Avg Gradient(m/km), RMS Gradient(m/km) - ASTER GDEM
#   30.254  -1.083   3.654 ;Mean Elev.(m), Avg Gradient(m/km), RMS Gradient(m/km) - GMTED2010 
  7  74.164474  61.168421    34.828    34.828  2 52473.66696330 28.711
  8  74.173888  61.169721    29.792    30.086  3 52508.66693068 22.617
  9  74.165513  61.167988    32.877    33.841  3 52543.66692126 27.332
 12  74.167252  61.167957    31.724    31.582  3 52648.66691413 11.658
 14  74.163455  61.168853   -42.855   -42.855  2 52718.66694750 10.453
 16  74.155096  61.166842    34.195    34.209  3 52788.66691890 25.428
 17  74.161274  61.167166    34.145    34.155  3 52823.66698981 37.558
 18  74.164889  61.167747    29.326    29.346  3 52858.66703624 46.345
 19  74.166269  61.168046    28.285    28.285  2 52893.66706770 44.300
 20  74.175265  61.172034    27.968    27.950  3 52928.66701864 22.609
 21  74.163491  61.167694    28.062    28.062  2 52963.66699941 22.372
 22  74.163466  61.168912    29.759    29.759  2 52998.66703712 14.406
 23  74.175475  61.170492    29.718    29.879  3 53033.66699060 12.610
 24  74.167861  61.168327    32.791    32.712  3 53068.66700498 11.000
 25  74.176522  61.171518    33.682    33.672  4 53103.66699268  9.222
 26  74.166593  61.167541    32.731    32.731  2 53138.66700947 31.173
 27  74.164394  61.168363    34.281    34.274  3 53173.66705070 46.937
 28  74.168371  61.168421    31.546    31.621  3 53208.66706677 28.496
 29  74.175181  61.169519    28.606    28.808  3 53243.66703442 24.770
 30  74.156950  61.166469    29.182    29.163  3 53278.66701194 44.077
 31  74.164672  61.168543    29.583    29.543  3 53313.66703907 46.100
 32  74.173282  61.170061    30.156    29.786  3 53348.66700481 18.715
 33  74.159246  61.167119    30.359    30.116  3 53383.66697567 14.355
 34  74.175628  61.170874    31.703    32.594  3 53418.66698457 17.172
 35  74.157899  61.166706    33.399    33.443  3 53453.66698888  9.051
 36  74.159966  61.166833    31.579    30.273  3 53488.66707414 31.170
 37  74.170645  61.169550    33.832    33.782  3 53523.66706243 23.994
 38  74.165037  61.166938    33.664    33.664  2 53558.66708827 29.373
 39  74.180515  61.173401    29.407    29.436  3 53593.66702642 35.837
 41  74.163406  61.167969    31.804    32.825  3 53663.66704212 29.082
 42  74.174321  61.169703    28.469    28.482  3 53698.66700246 37.687
 43  74.183213  61.171943    29.347    29.320  3 53733.66692504 21.310
 44  74.170207  61.169153    32.027    33.397  3 53768.66690632 12.598
 45  74.179747  61.170622    32.192    32.406  3 53803.66690332 10.218
 46  74.157904  61.167024    33.887    33.794  3 53838.66692060 15.058
 47  74.166686  61.168320    32.333    32.320  3 53873.66696869 35.036
 48  74.160836  61.167471    33.711    33.559  3 53908.66701213 24.401
 49  74.161034  61.167674    30.883    30.883  2 53943.66703605 25.939
 50  74.174694  61.170040    28.446    29.193  3 53978.66698646 24.229
 51  74.157653  61.167382    30.281    28.877  3 54013.66699815 27.630
 52  74.173417  61.169815    29.392    29.377  3 54048.66700518 50.479
 54  74.182040  61.171514    28.569    28.590  3 54118.66692735 35.557
 55  74.167747  61.168709    32.930    32.905  3 54153.66695249 11.490
 56  74.178550  61.171616    33.537    33.545  4 54188.66692222 12.421
 57  74.164103  61.167815    33.568    33.584  3 54223.66696274 27.094
 58  74.168504  61.169310    35.287    35.281  3 54258.66698441 40.005
 59  74.169141  61.169089    35.109    35.122  3 54293.66698717 26.978
 60  74.174131  61.170070    32.322    31.462  3 54328.66698189 23.030
 61  74.180099  61.171200    31.198    29.784  3 54363.66692935 19.687
 62  74.169022  61.168694    31.357    31.216  3 54398.66692194 18.038
 63  74.178401  61.170513    28.901    28.860  3 54433.66687988 31.314
 64  74.165263  61.168560    30.515    30.530  3 54468.66690471 18.186
 65  74.176664  61.169776    30.556    30.611  3 54503.66689528 14.090
 66  74.171952  61.168535    33.768    33.778  3 54538.66691992 10.874
 67  74.178767  61.170432    33.562    33.597  3 54573.66689626  6.200
 68  74.168390  61.169330    33.745    33.708  3 54608.66691326 25.036
 69  74.170657  61.168638    34.339    34.329  3 54643.66692116 52.948
 70  74.168649  61.168549    30.651    30.909  3 54678.66692295 21.650
 71  74.180573  61.171135    30.476    29.351  3 54713.66687557 19.387
 72  74.165258  61.167988    30.707    29.331  3 54748.66689233 30.914
 73  74.174757  61.169207    29.335    29.346  3 54783.66686256 41.506
 74  74.166131  61.168013    29.965    29.998  3 54818.66688484 22.118
 75  74.174767  61.169885    31.015    30.316  3 54853.66685982 14.297
 76  74.167981  61.168807    30.407    30.407  2 54888.66688950 11.426
 77  74.177768  61.172967    28.096    28.217  3 54923.66686013 17.239
 78  74.163394  61.168906    34.144    34.144  2 54958.66688709 53.657
 79  74.167249  61.168459    33.530    33.502  3 54993.66690913 23.494
 80  74.171896  61.168831    32.973    32.993  3 55028.66689917 31.283
 81  74.171444  61.169591    30.170    30.165  3 55063.66689129 51.168
 82  74.180480  61.170972    30.706    29.424  3 55098.66683688 20.243
 83  74.165744  61.168627    29.873    29.873  2 55133.66683513 23.873
 84  74.175893  61.170806    29.690    29.694  4 55168.66680011 22.285
 85  74.165765  61.168354    30.485    29.765  3 55203.66682791 13.828
 86  74.176545  61.169775    31.544    32.288  3 55238.66680717 11.564
 87  74.170508  61.169857    32.337    32.337  2 55273.66682180  9.555
 88  74.178761  61.172020    29.968    28.512  4 55308.66679073 30.993
 89  74.170226  61.169459    33.846    33.885  3 55343.66679047 26.724
 90  74.174289  61.169534    34.609    34.619  3 55378.66678484 47.812
 91  74.166297  61.167353    33.233    33.233  2 55413.66680954 27.524
 92  74.173781  61.170131    31.497    30.234  3 55448.66679845 20.998
 93  74.182596  61.172720    30.797    29.917  4 55483.66672588 21.751
