-206841.676    73.984     0.00    2.95
-206472.542    74.925     2.55    3.46
-206103.474    75.996     2.90    3.46
-205734.473    77.382     3.75    2.83
-205365.537    78.644     3.42    1.61
-204996.667    78.573    -0.19    1.92
-204627.864    78.317    -0.69    2.06
-204259.126    77.198    -3.04    2.40
-203890.454    75.937    -3.42    2.23
-203521.849    74.996    -2.56    1.99
-203153.309    74.341    -1.78    2.29
-202784.835    74.597     0.70    2.45
-202416.427    75.232     1.72    1.90
-202048.084    75.456     0.61    1.50
-201679.807    74.854    -1.63    1.81
-201311.596    74.039    -2.21    2.01
-200943.451    73.097    -2.56    2.06
-200575.372    72.415    -1.86    1.83
-200207.357    72.329    -0.23    1.77
-199839.409    72.607     0.76    1.95
-199471.526    72.805     0.54    2.09
-199103.709    72.463    -0.93    2.34
-198735.957    71.996    -1.27    2.37
-198368.270    71.202    -2.16    2.19
-198000.649    70.829    -1.01    1.78
-197633.093    70.663    -0.45    1.70
-197265.602    70.511    -0.41    1.81
-196898.177    70.099    -1.12    1.82
-196530.817    69.706    -1.07    1.94
-196163.523    69.341    -0.99    1.89
-195796.293    68.769    -1.56    1.78
-195429.129    68.410    -0.98    1.67
-195062.029    67.615    -2.17    1.68
-194694.995    66.927    -1.87    1.63
-194328.026    66.451    -1.30    1.66
-193961.122    66.094    -0.97    1.70
-193594.282    65.496    -1.63    1.71
-193226.986    65.573     0.21    1.75
-192846.713    65.595     0.06    1.73
-192466.511    65.889     0.77    1.71
-192086.380    66.046     0.41    1.72
-191706.318    65.817    -0.60    1.56
-191326.328    65.734    -0.22    1.63
-190946.407    65.766     0.09    1.73
-190566.557    64.888    -2.31    1.99
-190186.777    63.713    -3.10    2.00
-189807.068    62.890    -2.17    1.65
-189427.428    62.368    -1.37    1.44
-189047.859    62.252    -0.31    1.58
-188668.360    62.229    -0.06    1.60
-188288.931    62.138    -0.24    1.82
-187909.571    62.442     0.80    1.83
-187530.282    63.186     1.96    1.75
-187151.063    63.988     2.11    1.50
-186771.914    64.010     0.06    1.42
-186392.834    64.122     0.30    1.15
-186013.825    64.061    -0.16    1.23
-185634.885    63.841    -0.58    1.45
-185256.015    63.232    -1.61    1.93
-184877.215    62.540    -1.83    2.04
-184498.484    61.944    -1.57    2.09
-184119.823    61.524    -1.11    1.79
-183741.232    61.343    -0.48    1.84
-183362.710    60.879    -1.23    1.95
-182984.257    60.791    -0.23    2.03
-182605.875    61.094     0.80    1.93
-182227.561    61.133     0.10    1.63
-181849.317    61.110    -0.06    1.50
-181471.142    60.994    -0.31    1.35
-181093.037    60.781    -0.56    1.19
-180715.001    61.150     0.98    1.17
-180337.034    61.082    -0.18    1.87
-179959.137    59.658    -3.77    3.39
-179581.309    57.915    -4.62    3.73
-179203.549    56.890    -2.71    3.45
-178825.859    56.976     0.23    3.16
-178448.238    58.281     3.46    3.02
-178070.686    58.387     0.28    2.89
-177693.203    58.769     1.01    2.60
-177315.789    59.394     1.66    2.37
-176938.444    59.719     0.86    2.14
-176561.168    59.984     0.70    2.30
-176183.960    59.142    -2.23    2.99
-175806.822    58.791    -0.93    3.21
-175429.752    58.431    -0.95    2.96
-175052.751    58.227    -0.54    2.49
-174675.818    58.948     1.91    2.27
-174298.954    59.471     1.39    1.87
-173922.159    59.348    -0.33    2.61
-173545.433    59.129    -0.58    3.17
-173168.775    58.488    -1.70    3.38
-172792.185    57.953    -1.42    3.37
-172415.664    56.718    -3.28    3.13
-172039.211    56.496    -0.59    2.82
-171662.827    56.268    -0.61    2.61
-171286.511    56.146    -0.32    2.53
-170910.263    56.130    -0.04    2.56
-170534.084    56.695     1.50    2.83
-170157.973    57.732     2.76    3.03
-169781.930    58.988     3.34    2.61
-169405.955    59.471     1.29    2.20
-169030.049    59.879     1.08    2.25
-168654.210    59.521    -0.95    2.48
-168278.440    58.993    -1.40    2.56
-167902.737    58.755    -0.63    2.59
-167527.103    57.965    -2.10    2.41
-167151.536    57.579    -1.03    2.38
-166776.038    58.029     1.20    2.33
-166400.607    58.740     1.89    2.36
-166025.244    59.671     2.48    1.78
-165649.949    60.038     0.98    1.15
-165274.722    59.854    -0.49    1.32
-164899.562    59.176    -1.81    1.21
-164524.470    58.940    -0.63    1.36
-164149.446    58.751    -0.50    1.36
-163774.489    58.658    -0.25    1.47
-163399.600    58.843     0.49    1.40
-163024.778    58.901     0.16    1.21
-162650.024    58.689    -0.57    1.35
-162275.338    58.378    -0.83    1.28
-161900.719    57.996    -1.02    1.28
-161526.167    57.567    -1.15    1.53
-161151.682    57.829     0.70    1.75
-160777.265    58.261     1.15    1.91
-160402.916    58.928     1.78    1.55
-160028.633    59.091     0.43    1.54
-159654.418    58.954    -0.36    1.38
-159280.270    58.619    -0.90    1.40
-158906.189    58.447    -0.46    1.30
-158532.175    58.484     0.10    1.36
-158158.228    57.830    -1.75    3.18
-157784.348    56.329    -4.01    4.55
-157410.535    54.492    -4.91    4.83
-157036.789    52.805    -4.51    4.53
-156663.110    52.669    -0.36    4.30
-156289.498    52.780     0.30    4.41
-155915.953    52.167    -1.64    4.41
-155542.475    51.644    -1.40    4.13
-155169.063    50.488    -3.10    3.57
-154795.718    51.471     2.63    4.01
-154422.440    53.476     5.37    4.06
-154049.229    54.634     3.10    3.48
-153676.084    55.940     3.50    1.82
-153303.006    55.768    -0.46    1.38
-152929.994    54.780    -2.65    1.78
-152557.049    53.953    -2.22    2.03
-152184.170    53.171    -2.10    1.38
-151811.358    53.085    -0.23    1.39
-151438.612    52.841    -0.65    1.24
-151065.933    52.573    -0.72    1.22
-150693.320    51.878    -1.87    1.50
-150320.773    51.286    -1.59    1.40
-149948.293    50.976    -0.83    1.72
-149575.878    50.052    -2.48    3.41
-149203.530    47.293    -7.41    5.66
-148831.249    44.184    -8.35    5.67
-148459.033    40.927    -8.75    3.06
-148086.883    41.646     1.93    3.97
-147714.800    42.256     1.64    4.44
-147342.782    42.484     0.61    4.55
-146970.831    42.517     0.09    4.43
-146598.945    42.561     0.12    4.27
-146227.126    44.317     4.72    5.12
-145855.372    46.512     5.91    5.43
-145483.684    48.597     5.61    4.62
-145112.062    49.829     3.32    2.91
-144740.506    49.293    -1.44    2.17
-144369.016    48.064    -3.31    2.51
-143997.591    46.939    -3.03    2.64
-143626.232    46.224    -1.92    2.93
-143254.938    46.373     0.40    3.27
-142883.710    46.878     1.36    3.27
-142512.548    47.558     1.83    2.96
-142141.451    48.039     1.30    2.74
-141770.420    47.029    -2.72    3.00
-141399.455    47.792     2.06    3.45
-141028.554    49.037     3.35    3.37
-140657.719    49.915     2.37    2.54
-140286.950    49.504    -1.11    2.69
-139916.246    47.767    -4.69    3.36
-139545.607    45.224    -6.86    3.38
-139175.033    44.061    -3.14    3.14
-138804.525    43.101    -2.59    2.43
-138434.082    43.126     0.07    2.01
-138063.703    43.817     1.87    2.24
-137693.391    43.951     0.36    2.28
-137323.143    44.450     1.35    2.37
-136952.960    44.925     1.28    2.33
-136582.842    45.361     1.18    2.18
-136212.789    46.237     2.37    1.60
-135842.802    47.004     2.08    1.09
-135472.879    47.170     0.45    1.05
-135103.021    47.392     0.60    0.88
-134733.228    46.780    -1.66    1.71
-134363.499    45.388    -3.76    2.99
-133993.836    43.610    -4.81    3.84
-133624.237    42.622    -2.67    3.87
-133254.703    42.793     0.46    4.00
-132885.233    43.422     1.70    3.98
-132515.829    44.122     1.89    3.62
-132146.488    43.883    -0.65    3.48
-131777.213    43.612    -0.73    3.25
-131408.002    44.014     1.09    2.86
-131038.855    44.471     1.24    2.18
-130669.773    44.725     0.69    1.39
-130300.756    44.000    -1.96    2.45
-129931.802    43.253    -2.02    2.87
-129562.914    42.549    -1.91    2.88
-129194.089    42.676     0.35    2.64
-128825.329    43.187     1.39    2.23
-128456.633    43.083    -0.28    2.46
-128088.001    42.251    -2.26    3.11
-127719.434    41.479    -2.09    3.47
-127350.931    40.929    -1.49    3.13
-126982.491    41.342     1.12    2.89
-126614.116    41.878     1.46    2.35
-126245.805    42.545     1.81    1.32
-125877.558    42.434    -0.30    1.18
-125509.375    42.496     0.17    1.23
-125141.256    42.754     0.70    1.27
-124773.201    42.951     0.53    1.30
-124405.210    42.817    -0.36    1.58
-124037.283    42.644    -0.47    1.63
-123669.420    42.235    -1.11    1.82
-123301.620    41.854    -1.04    2.19
-122933.884    41.576    -0.75    2.21
-122566.212    41.504    -0.20    1.95
-122198.603    41.918     1.13    1.85
-121831.059    41.692    -0.62    1.80
-121463.578    40.883    -2.20    2.11
-121096.160    40.187    -1.89    2.00
-120728.806    39.522    -1.81    1.67
-120361.516    38.940    -1.58    1.80
-119994.289    38.449    -1.34    2.08
-119627.125    37.585    -2.35    2.84
-119260.025    35.880    -4.64    4.51
-118892.989    35.130    -2.04    5.07
-118526.015    35.669     1.47    4.89
-118148.294    36.892     3.24    3.68
-117768.238    38.146     3.30    1.58
-117388.251    38.410     0.69    1.65
-117008.333    38.407    -0.01    1.51
-116628.483    38.280    -0.33    1.32
-116248.702    37.908    -0.98    2.18
-115868.989    37.042    -2.28    4.15
-115489.344    34.412    -6.93    6.43
-115109.768    32.829    -4.17    7.08
-114730.260    31.073    -4.63    7.04
-114350.820    29.253    -4.80    6.61
-113971.449    29.142    -0.29    6.35
-113592.146    29.459     0.84    6.11
-113212.911    31.257     4.74    5.82
-112833.744    33.703     6.45    4.55
-112454.645    35.561     4.90    2.17
-112075.614    35.922     0.95    0.97
-111696.652    35.718    -0.54    1.14
-111317.757    35.414    -0.80    1.35
-110938.930    35.113    -0.79    1.67
-110560.171    34.740    -0.99    2.22
-110181.480    34.717    -0.06    2.39
-109802.857    34.767     0.13    2.01
-109424.302    35.061     0.78    1.88
-109045.815    35.224     0.43    1.99
-108667.395    35.113    -0.29    1.98
-108289.043    35.442     0.87    1.97
-107910.758    35.944     1.33    1.64
-107532.541    35.706    -0.63    1.77
-107154.392    35.273    -1.15    1.89
-106776.310    34.829    -1.17    1.75
-106398.296    34.580    -0.66    1.65
-106020.350    34.422    -0.42    1.75
-105642.470    34.541     0.31    1.81
-105264.659    34.549     0.02    1.93
-104886.914    34.713     0.44    1.83
-104509.237    34.977     0.70    1.67
-104131.627    34.945    -0.09    1.52
-103754.085    34.928    -0.05    1.41
-103376.609    34.716    -0.56    1.28
-102999.201    34.385    -0.88    1.27
-102621.860    33.779    -1.60    1.31
-102244.586    33.070    -1.88    1.25
-101867.379    32.298    -2.05    1.14
-101490.240    31.756    -1.44    1.00
-101113.167    31.348    -1.08    0.71
-100736.161    31.154    -0.51    0.48
-100359.222    31.179     0.07    0.48
 -99982.350    31.401     0.59    0.66
 -99605.545    31.644     0.64    0.74
 -99228.807    31.986     0.91    0.82
 -98852.136    32.360     0.99    0.88
 -98475.531    32.628     0.71    0.92
 -98098.993    32.707     0.21    0.90
 -97722.522    32.560    -0.39    0.86
 -97346.117    32.224    -0.89    0.80
 -96969.779    31.739    -1.29    0.72
 -96593.508    31.354    -1.02    0.63
 -96217.303    31.012    -0.91    0.40
 -95841.165    30.954    -0.15    0.35
 -95465.093    31.159     0.54    0.55
 -95089.087    31.508     0.93    0.80
 -94713.148    31.992     1.29    1.03
 -94337.276    32.654     1.76    1.28
 -93961.469    33.496     2.24    1.51
 -93585.729    34.285     2.10    1.58
 -93210.056    35.110     2.19    1.49
 -92834.448    35.706     1.59    1.19
 -92458.907    35.977     0.72    0.99
 -92083.431    36.017     0.11    1.67
 -91708.022    36.354     0.90    2.79
 -91332.679    36.907     1.47    3.53
 -90957.403    39.395     6.63    4.48
 -90582.192    42.412     8.04    4.98
 -90207.047    46.397    10.62    5.44
 -89831.968    50.362    10.57    5.89
 -89456.955    55.187    12.87    7.56
 -89082.008    59.935    12.66    7.85
 -88707.126    64.480    12.12    7.89
 -88332.311    68.028     9.47    6.35
 -87957.561    69.042     2.71    6.48
 -87582.877    67.475    -4.18    7.12
 -87208.259    64.110    -8.98    6.94
 -86833.706    60.285   -10.21    8.13
 -86459.219    55.348   -13.18    7.54
 -86084.798    51.336   -10.71    5.72
 -85710.442    49.179    -5.76    4.04
 -85336.152    48.246    -2.50    2.38
 -84961.927    48.249     0.01    1.87
 -84587.767    48.412     0.44    1.45
 -84213.674    48.200    -0.57    1.32
 -83839.645    47.868    -0.89    1.46
 -83465.682    47.567    -0.80    1.54
 -83091.784    47.007    -1.50    1.48
 -82717.952    46.471    -1.43    1.25
 -82344.184    46.138    -0.89    1.10
 -81970.482    47.150     2.71    2.81
 -81596.845    51.057    10.46    6.56
 -81223.274    56.779    15.32    8.95
 -80849.767    64.387    20.37    7.70
 -80476.325    69.002    12.36    4.55
 -80102.949    69.582     1.55    3.53
 -79729.638    65.150   -11.87    7.91
 -79356.391    56.650   -22.77   11.00
 -78983.210    49.484   -19.21    9.07
 -78610.093    43.741   -15.39    4.15
 -78237.041    41.767    -5.29    1.12
 -77864.054    40.977    -2.12    1.42
 -77491.132    40.703    -0.74    1.78
 -77118.275    41.129     1.14    2.34
 -76745.482    42.150     2.74    2.80
 -76372.755    44.079     5.18    2.91
 -76000.091    44.804     1.95    2.39
 -75627.493    44.126    -1.82    2.92
 -75254.959    42.804    -3.55    3.46
 -74882.490    41.192    -4.33    3.16
 -74510.085    41.317     0.34    2.82
 -74137.744    42.217     2.42    2.85
 -73765.469    43.526     3.52    2.64
 -73393.257    45.298     4.76    1.61
 -73021.110    45.920     1.67    1.17
 -72649.028    45.617    -0.81    1.94
 -72277.009    44.674    -2.53    3.26
 -71905.055    43.267    -3.78    5.04
 -71533.166    43.007    -0.70    6.32
 -71161.340    42.237    -2.07    6.54
 -70789.579    41.343    -2.40    5.12
 -70417.882    41.942     1.61    3.95
 -70046.249    42.583     1.73    3.43
 -69674.680    44.129     4.16    3.16
 -69303.175    46.311     5.87    2.67
 -68931.735    48.052     4.69    3.57
 -68560.358    49.264     3.27    4.06
 -68189.045    49.492     0.61    4.02
 -67817.796    48.505    -2.66    4.02
 -67446.612    46.101    -6.48    3.92
 -67075.490    43.906    -5.92    2.95
 -66704.433    42.891    -2.73    1.75
 -66333.440    43.475     1.57    2.15
 -65962.510    45.879     6.48    3.07
 -65591.644    48.155     6.14    2.68
 -65220.842    49.629     3.98    1.62
 -64850.104    50.057     1.15    1.00
 -64479.429    49.117    -2.54    1.65
 -64108.818    47.791    -3.58    1.94
 -63738.270    46.504    -3.47    1.98
 -63367.786    46.427    -0.21    3.14
 -62997.365    47.154     1.96    4.94
 -62627.008    48.235     2.92    6.20
 -62256.714    50.104     5.05    5.67
 -61886.484    51.492     3.75    4.01
 -61516.317    50.617    -2.36    4.63
 -61146.213    48.779    -4.97    5.99
 -60776.173    47.463    -3.56    6.45
 -60406.196    45.501    -5.30    6.36
 -60036.282    44.002    -4.05    5.92
 -59666.432    43.336    -1.80    5.33
 -59296.644    42.467    -2.35    4.32
 -58926.920    42.381    -0.23    3.95
 -58557.259    42.146    -0.64    3.43
 -58187.661    41.323    -2.23    2.15
 -57818.126    40.940    -1.04    1.19
 -57448.654    40.830    -0.30    0.72
 -57079.245    41.061     0.63    0.71
 -56709.899    41.212     0.41    1.05
 -56340.616    41.061    -0.41    2.29
 -55971.396    41.179     0.32    3.32
 -55602.238    41.323     0.39    4.78
 -55233.144    42.754     3.88    6.81
 -54864.112    45.086     6.32    7.72
 -54495.143    47.260     5.89    7.05
 -54126.237    48.381     3.04    5.25
 -53757.393    47.614    -2.08    3.92
 -53388.612    44.929    -7.28    3.50
 -53019.894    43.417    -4.10    2.38
 -52651.238    43.445     0.08    3.34
 -52282.645    45.154     4.64    3.86
 -51914.114    46.176     2.77    3.56
 -51545.646    46.404     0.62    3.31
 -51177.241    44.728    -4.55    3.42
 -50808.897    43.067    -4.51    2.29
 -50440.617    42.687    -1.03    1.56
 -50072.398    44.179     4.05    2.54
 -49704.242    46.343     5.88    3.04
 -49336.148    48.667     6.31    2.64
 -48968.117    50.074     3.82    1.44
 -48600.148    48.958    -3.03    3.01
 -48232.241    45.791    -8.61    5.41
 -47864.396    40.254   -15.05    7.23
 -47496.613    35.844   -11.99    6.01
 -47128.892    34.242    -4.36    5.15
 -46761.234    34.358     0.31    5.77
 -46393.637    37.892     9.62    6.91
 -46026.103    41.817    10.68    6.13
 -45658.631    44.192     6.46    3.73
 -45291.220    43.935    -0.70    3.85
 -44923.871    41.204    -7.43    4.97
 -44556.585    38.635    -7.00    4.62
 -44189.360    36.679    -5.33    3.46
 -43822.197    36.317    -0.99    3.02
 -43447.302    37.842     4.07    3.84
 -43067.387    40.349     6.60    3.97
 -42687.540    42.429     5.48    2.42
 -42307.759    43.084     1.72    1.38
 -41928.045    41.667    -3.73    2.58
 -41548.397    39.751    -5.05    2.58
 -41168.816    38.754    -2.63    2.00
 -40789.302    39.073     0.84    2.16
 -40409.854    40.374     3.43    2.32
 -40030.473    41.129     1.99    2.03
 -39651.158    40.099    -2.71    3.13
 -39271.910    37.425    -7.05    3.92
 -38892.728    34.589    -7.48    2.88
 -38513.612    33.092    -3.95    1.45
 -38134.563    33.687     1.57    2.27
 -37755.580    35.754     5.46    3.09
 -37376.664    38.249     6.58    2.37
 -36997.813    39.317     2.82    1.53
 -36619.029    38.560    -2.00    2.77
 -36240.311    35.387    -8.38    4.70
 -35861.659    30.920   -11.80    4.79
 -35483.073    27.665    -8.60    3.44
 -35104.553    26.531    -3.00    2.14
 -34726.100    27.567     2.74    3.00
 -34347.712    30.561     7.91    3.54
 -33969.390    32.842     6.03    2.56
 -33591.134    33.317     1.26    2.14
 -33212.944    31.740    -4.17    3.43
 -32834.820    28.032    -9.81    4.38
 -32456.762    24.659    -8.92    3.75
 -32078.769    22.567    -5.53    2.39
 -31700.842    22.020    -1.45    1.53
 -31322.981    23.582     4.14    2.93
 -30945.186    25.620     5.39    2.90
 -30567.456    26.867     3.30    2.15
 -30189.792    27.172     0.81    1.94
 -29812.193    25.379    -4.75    3.31
 -29434.660    21.920    -9.16    4.80
 -29057.192    20.235    -4.46    4.77
 -28679.790    20.121    -0.30    5.30
 -28302.454    21.854     4.59    5.99
 -27925.182    23.392     4.08    6.76
 -27547.977    25.856     6.53   10.08
 -27170.836    34.242    22.24   16.05
 -26793.761    43.112    23.52   17.50
 -26416.751    53.703    28.09   14.27
 -26039.806    61.699    21.21    8.53
 -25662.926    66.440    12.58    6.66
 -25286.112    69.497     8.11    3.76
 -24909.363    71.292     4.76    1.37
 -24532.679    71.803     1.36    0.31
 -24156.060    71.029    -2.06    2.03
 -23779.505    68.409    -6.96    5.10
 -23403.016    63.690   -12.53    7.13
 -23026.592    58.045   -15.00    6.62
 -22650.233    54.121   -10.43    4.87
 -22273.939    51.086    -8.06    3.82
 -21897.709    48.260    -7.51    3.52
 -21521.545    44.554    -9.85    4.53
 -21145.445    40.020   -12.06    5.92
 -20769.410    32.893   -18.95    8.69
 -20393.439    26.039   -18.23    8.80
 -20017.534    20.417   -14.96    5.99
 -19641.693    17.726    -7.16    2.41
 -19265.916    18.679     2.54    2.60
 -18890.204    20.856     5.79    3.03
 -18514.557    22.829     5.25    3.02
 -18138.974    24.137     3.48    2.46
 -17763.456    23.440    -1.86    3.10
 -17388.002    21.644    -4.79    3.64
 -17012.613    21.292    -0.94    3.80
 -16637.288    21.736     1.18    4.26
 -16262.027    23.504     4.71    4.12
 -15886.831    23.590     0.23    4.51
 -15511.699    20.703    -7.70    5.60
 -15136.631    17.048    -9.75    4.26
 -14761.628    15.070    -5.27    0.78
 -14386.689    15.908     2.23    2.61
 -14011.813    17.463     4.15    3.61
 -13637.002    19.661     5.87    4.07
 -13262.255    21.906     5.99    3.63
 -12887.572    23.986     5.55    2.14
 -12512.953    24.599     1.64    1.26
 -12138.399    24.392    -0.55    1.23
 -11763.908    23.779    -1.64    1.10
 -11389.481    23.194    -1.56    0.63
 -11015.117    22.700    -1.32    0.76
 -10640.818    21.954    -1.99    1.00
 -10266.583    21.225    -1.95    1.42
  -9892.411    20.564    -1.77    1.90
  -9518.303    20.176    -1.04    2.43
  -9144.259    20.932     2.02    2.73
  -8770.278    22.514     4.23    3.38
  -8396.361    24.504     5.32    3.72
  -8022.508    25.990     3.97    2.77
  -7648.719    26.429     1.17    1.83
  -7274.993    25.709    -1.93    1.72
  -6901.330    24.982    -1.95    1.18
  -6527.731    24.470    -1.37    0.85
  -6154.195    23.622    -2.27    1.17
  -5780.723    22.371    -3.35    1.90
  -5407.315    20.217    -5.77    2.78
  -5033.969    17.995    -5.95    2.59
  -4660.687    16.229    -4.73    1.95
  -4287.468    14.979    -3.35    1.22
  -3914.313    14.475    -1.35    1.21
  -3541.221    13.973    -1.35    1.34
  -3168.192    13.209    -2.05    1.32
  -2795.226    12.497    -1.91    1.04
  -2422.323    12.042    -1.22    0.62
  -2049.483    12.041    -0.00    0.87
  -1676.707    12.425     1.03    3.02
  -1303.993    12.699     0.74    5.47
   -931.343    12.638    -0.16    8.26
   -558.755    10.317    -6.23    9.84
   -186.231     7.349    -7.97    9.30
    186.231     5.259    -5.61    7.06
    558.630     5.045    -0.57    5.74
    930.966     7.791     7.37    5.83
   1303.239    10.599     7.54    4.41
   1675.449    13.099     6.72    1.93
   2047.597    14.354     3.37    1.62
   2419.681    15.417     2.86    1.38
   2791.704    15.702     0.77    1.08
   3163.663    15.440    -0.70    1.16
   3535.560    14.554    -2.38    1.31
   3907.394    13.449    -2.97    1.73
   4279.166    11.896    -4.18    3.56
   4650.875     9.830    -5.56    5.43
   5022.522     9.192    -1.72    6.39
   5394.106     9.017    -0.47    7.28
   5765.628     9.564     1.47    7.32
   6137.087     9.246    -0.86    6.68
   6508.484     9.541     0.79    6.16
   6879.819     9.513    -0.07    5.11
   7251.092     9.064    -1.21    4.33
   7622.302     9.648     1.57    3.63
   7993.450    10.209     1.51    3.84
   8364.535     8.285    -5.18    5.63
   8735.559     5.253    -8.17    6.14
   9106.520     2.064    -8.60    4.59
   9477.419     0.830    -3.33    2.34
   9848.257     2.817     5.36    4.22
  10219.032     5.054     6.03    4.63
  10589.745     8.181     8.43    4.11
  10960.396    10.716     6.84    2.85
  11330.985    12.323     4.34    1.73
  11701.512    12.650     0.88    1.43
  12071.977    11.986    -1.79    1.68
  12442.381    10.922    -2.87    1.42
  12812.722    10.054    -2.34    0.56
  13183.002     9.817    -0.64    0.00
  13553.220     9.817     0.00    0.00
  13923.377     9.817     0.00    0.00
  14293.471     9.817     0.00    0.00
  14663.504     9.817     0.00    0.00
  15033.475     9.817     0.00    0.32
  15403.385     9.685    -0.36    1.83
  15773.233     9.982     0.80    2.53
  16143.020    10.700     1.94    2.21
  16512.745    11.518     2.21    1.36
  16882.408    11.125    -1.06    3.57
  17252.010    11.070    -0.15    4.35
  17621.551    11.379     0.84    4.68
  17991.030    11.548     0.46    4.89
  18360.448    11.557     0.03    4.85
  18729.804    11.086    -1.28    4.63
  19099.100    11.501     1.12    4.58
  19468.334    12.479     2.65    4.72
  19837.506    14.163     4.56    4.16
  20206.618    17.032     7.77    2.44
  20575.668    18.121     2.95    2.67
  20944.657    19.501     3.74    2.54
  21313.585    20.531     2.79    2.14
  21682.452    21.541     2.74    2.03
  22051.258    22.945     3.81    2.82
  22420.003    25.949     8.14    3.78
  22788.687    28.882     7.96    3.82
  23157.310    31.945     8.31    2.65
  23525.872    33.638     4.59    1.67
  23894.373    34.625     2.68    0.97
  24262.813    35.129     1.37    1.37
  24631.192    35.244     0.31    2.19
  24999.511    34.564    -1.85    3.09
  25367.769    31.996    -6.97    5.14
  25735.966    28.146   -10.46    6.68
  26104.102    22.159   -16.26    6.78
  26472.177    16.509   -15.35    7.29
  26840.192    11.881   -12.58    6.02
  27208.147     9.687    -5.96    5.01
  27576.040     8.398    -3.50    3.98
  27943.873     9.994     4.34    2.37
  28311.646    10.680     1.86    0.93
  28679.358    11.292     1.66    1.40
  29047.010    12.461     3.18    1.79
  29414.601    13.704     3.38    2.10
  29782.132    15.047     3.65    2.54
  30149.602    15.272     0.61    4.50
  30517.012    14.502    -2.09    5.70
  30884.362    12.894    -4.38    5.85
  31256.677    10.641    -6.05    5.52
  31636.455     9.054    -4.18    4.88
  32016.168     9.150     0.25    5.65
  32395.816    13.095    10.39    8.53
  32775.400    18.404    13.98    9.28
  33154.918    23.921    14.54    8.29
  33534.372    28.222    11.33    6.41
  33913.760    29.367     3.02    5.60
  34293.084    30.116     1.97    4.98
  34672.343    29.737    -1.00    4.35
  35051.538    28.154    -4.17    4.63
  35430.667    27.511    -1.70    5.09
  35809.732    26.604    -2.39    4.91
  36188.733    25.912    -1.83    4.99
  36567.669    25.583    -0.87    6.92
  36946.540    25.264    -0.84    7.74
  37325.347    23.199    -5.45    6.57
  37704.089    21.038    -5.71    4.34
  38082.767    19.349    -4.46    3.41
  38461.380    18.550    -2.11    2.77
  38839.929    19.172     1.64    3.06
  39218.414    21.703     6.69    4.18
  39596.834    23.750     5.41    3.89
  39975.190    25.048     3.43    3.22
  40353.482    25.168     0.32    3.08
  40731.710    23.038    -5.63    3.24
  41109.873    20.803    -5.91    3.02
  41487.972    19.779    -2.71    2.28
  41866.008    20.884     2.92    4.01
  42243.979    23.692     7.43    5.93
  42621.886    26.146     6.49    6.17
  42999.729    26.222     0.20    5.82
  43377.507    24.103    -5.61    4.43
  43755.222    22.291    -4.80    4.81
  44132.874    21.766    -1.39    5.77
  44510.461    22.194     1.13    5.78
  44887.984    23.663     3.89    5.32
  45265.444    24.885     3.24    3.12
  45642.839    25.079     0.52    2.42
  46020.171    24.345    -1.95    2.47
  46397.439    22.704    -4.35    2.69
  46774.644    20.506    -5.83    2.95
  47151.785    18.471    -5.40    2.56
  47528.862    17.550    -2.44    2.00
  47905.875    18.409     2.28    2.16
  48282.826    19.986     4.18    2.21
  48659.712    21.298     3.48    2.16
  49036.535    22.778     3.93    2.03
  49413.295    24.284     4.00    2.13
  49789.991    26.343     5.47    3.03
  50166.623    27.790     3.84    2.99
  50543.193    28.355     1.50    2.65
  50919.699    28.343    -0.03    2.73
  51296.141    26.593    -4.65    2.93
  51672.521    24.897    -4.51    2.52
  52048.837    24.199    -1.86    2.11
  52425.090    24.303     0.28    1.95
  52801.280    25.492     3.16    2.28
  53177.406    26.859     3.63    2.61
  53553.470    30.154     8.76    7.20
  53929.470    36.124    15.87   12.53
  54305.407    42.881    17.97   14.76
  54681.282    48.580    15.16   12.87
  55057.093    53.067    11.94    9.10
  55432.841    54.531     3.90    6.90
  55808.527    53.830    -1.87    8.75
  56184.150    53.330    -1.33    9.92
  56559.709    54.934     4.27    9.14
  56935.206    57.661     7.26    6.72
  57310.640    60.284     6.98    5.74
  57686.012    61.007     1.93    5.96
  58061.320    60.924    -0.22    6.18
  58436.566    59.791    -3.02    5.82
  58811.749    57.750    -5.44    5.29
  59186.870    56.947    -2.14    5.69
  59561.928    57.275     0.88    5.48
  59936.923    57.764     1.30    4.22
  60311.856    57.344    -1.12    5.17
  60686.727    57.417     0.19    5.78
  61061.535    56.400    -2.71    6.15
  61436.280    55.654    -1.99    5.88
  61810.963    54.709    -2.52    6.19
  62185.584    53.176    -4.09    7.48
  62560.142    51.778    -3.73    7.94
  62934.638    50.764    -2.71    6.80
  63309.072    49.251    -4.04    5.75
  63683.443    48.185    -2.85    5.72
  64057.753    48.505     0.85    6.51
  64432.000    49.116     1.63    5.98
  64806.184    50.844     4.62    4.49
  65180.307    51.699     2.28    3.67
  65554.368    51.999     0.80    3.64
  65928.366    50.580    -3.79    4.26
  66302.303    48.142    -6.52    4.63
  66676.178    46.133    -5.37    3.75
  67049.990    45.776    -0.95    3.06
  67423.741    47.501     4.61    3.65
  67797.429    50.217     7.27    3.60
  68171.056    51.790     4.21    4.54
  68544.621    49.687    -5.63    6.69
  68918.124    45.345   -11.63    7.40
  69291.566    40.217   -13.73    6.69
  69664.945    36.220   -10.70    4.58
  70038.263    35.717    -1.35    3.99
  70411.519    35.695    -0.06    3.98
  70784.714    36.896     3.22    4.21
  71157.847    38.394     4.02    4.23
  71530.918    39.988     4.27    4.97
  71903.928    42.587     6.97    4.95
  72276.876    44.488     5.10    4.24
  72649.763    46.871     6.39    5.15
  73022.588    48.412     4.13    6.06
  73395.352    48.425     0.04    4.95
  73768.054    48.539     0.30    4.80
  74140.695    48.097    -1.18    6.01
  74513.274    46.086    -5.40    6.84
  74885.793    42.699    -9.09    7.80
  75258.250    39.685    -8.09    6.33
  75630.645    37.830    -4.98    4.13
  76002.980    37.531    -0.80    3.94
  76375.253    39.479     5.23    4.52
  76747.465    40.713     3.31    4.28
  77119.616    42.817     5.65    4.07
  77491.706    43.817     2.69    3.84
  77863.735    42.725    -2.94    4.37
  78235.702    40.950    -4.77    4.29
  78607.609    39.246    -4.58    3.27
  78979.455    38.687    -1.50    3.07
  79351.240    38.738     0.14    3.46
  79722.963    39.067     0.88    4.09
  80094.626    39.291     0.60    3.97
  80466.228    39.751     1.24    3.30
  80837.770    40.570     2.20    2.01
  81209.250    40.817     0.66    1.40
  81580.670    40.425    -1.06    1.45
  81952.029    40.577     0.41    1.72
  82323.327    41.906     3.58    3.48
  82694.564    43.457     4.18    4.22
  83065.741    45.689     6.01    4.15
  83436.857    47.975     6.16    3.47
  83807.913    50.284     6.22    3.90
  84178.908    51.084     2.16    4.17
  84549.842    51.484     1.08    4.17
  84920.716    50.790    -1.87    4.28
  85291.530    50.396    -1.06    3.62
  85662.283    51.155     2.05    3.51
  86032.976    53.349     5.92    4.36
  86403.608    55.060     4.62    4.29
  86774.180    56.354     3.49    3.18
  87144.692    56.457     0.28    2.62
  87515.143    54.713    -4.71    3.12
  87885.534    53.128    -4.28    2.61
  88255.865    52.672    -1.23    2.21
  88626.135    52.789     0.31    2.15
  88996.346    54.725     5.23    3.64
  89366.496    54.584    -0.38    5.88
  89736.586    51.488    -8.37    8.01
  90106.616    47.845    -9.85    8.30
  90476.586    43.881   -10.71    4.86
  90846.496    42.498    -3.74    1.02
  91216.346    42.779     0.76    1.10
  91586.137    43.623     2.28    1.73
  91955.867    44.713     2.95    1.95
  92325.537    44.954     0.65    2.26
  92695.147    43.238    -4.64    3.84
  93064.698    40.331    -7.87    4.79
  93434.188    38.856    -3.99    4.72
  93803.619    39.039     0.49    5.28
  94172.990    41.909     7.77    4.84
  94542.302    44.303     6.48    2.65
  94911.553    45.025     1.95    1.52
  95280.745    44.692    -0.90    2.17
  95649.878    42.917    -4.81    4.21
  96018.950    39.940    -8.06    5.96
  96387.964    37.663    -6.17    5.89
  96756.917    36.666    -2.70    5.05
  97125.811    36.430    -0.64    3.72
  97494.646    37.020     1.60    2.44
  97863.421    36.317    -1.91    2.12
  98232.137    35.136    -3.20    2.37
  98600.793    33.697    -3.90    2.69
  98969.390    32.030    -4.52    2.66
  99337.927    29.947    -5.65    3.05
  99706.405    27.344    -7.06    3.66
 100074.824    25.095    -6.10    3.54
 100443.184    23.749    -3.65    2.85
 100811.484    23.463    -0.78    3.07
 101179.726    24.524     2.88    4.04
 101547.908    26.676     5.85    4.46
 101916.031    28.764     5.67    4.26
 102284.094    31.488     7.40    5.34
 102652.099    33.514     5.51    6.34
 103020.045    35.365     5.03    7.11
 103387.931    36.449     2.95    7.39
 103755.759    37.738     3.51    7.40
 104123.528    39.330     4.33    6.81
 104491.237    41.570     6.09    5.68
 104858.888    43.017     3.93    4.47
 105226.480    44.856     5.00    2.32
 105594.013    45.736     2.39    2.07
 105963.984    47.238     4.06    1.91
 106343.623    48.514     3.36    1.76
 106723.199    49.561     2.76    1.49
 107102.711    50.331     2.03    0.97
 107482.160    50.488     0.42    0.64
 107861.546    50.031    -1.20    1.10
 108240.869    48.897    -2.99    1.83
 108620.129    47.425    -3.88    2.12
 108999.325    46.051    -3.62    1.97
 109378.459    44.896    -3.05    1.51
 109757.530    44.401    -1.30    1.06
 110136.537    44.646     0.65    1.20
 110515.482    45.574     2.45    1.69
 110894.364    46.907     3.52    1.85
 111273.183    48.255     3.56    1.69
 111651.939    49.349     2.89    1.35
 112030.632    50.009     1.74    1.10
 112409.263    50.541     1.40    0.67
 112787.830    50.817     0.73    0.62
 113166.335    50.924     0.28    0.95
 113544.777    50.977     0.14    1.12
 113923.157    50.870    -0.28    1.22
 114301.474    50.343    -1.39    1.22
 114679.728    50.103    -0.64    1.02
 115057.920    50.401     0.79    1.20
 115436.050    51.409     2.66    1.86
 115814.116    53.779     6.27    3.06
 116192.121    56.412     6.96    4.04
 116570.063    58.717     6.10    5.59
 116947.942    59.803     2.87    6.20
 117325.759    60.422     1.64    6.72
 117703.514    61.118     1.84    6.93
 118081.206    62.404     3.40    6.66
 118458.836    63.871     3.89    6.19
 118836.404    65.371     3.97    6.05
 119213.910    66.856     3.93    5.85
 119591.353    67.947     2.89    5.04
 119968.735    68.922     2.58    3.87
 120346.054    69.712     2.09    2.50
 120723.311    69.908     0.52    0.88
 121100.506    69.885    -0.06    0.30
 121477.639    69.425    -1.22    0.79
 121854.710    68.650    -2.05    1.29
 122231.719    67.663    -2.62    1.67
 122608.666    66.775    -2.36    1.38
 122985.551    66.388    -1.03    1.09
 123362.374    66.439     0.13    1.02
 123739.136    66.713     0.73    0.87
 124115.835    66.844     0.35    0.64
 124492.473    66.803    -0.11    0.59
 124869.049    66.251    -1.47    1.25
 125245.564    65.751    -1.33    1.40
 125622.016    65.514    -0.63    1.30
 125998.407    65.858     0.91    1.48
 126374.737    66.869     2.69    1.41
 126751.004    67.831     2.56    0.94
 127127.210    67.843     0.03    1.12
 127503.355    67.373    -1.25    1.61
 127879.438    66.458    -2.43    2.34
 128255.460    65.539    -2.44    3.28
 128631.420    65.453    -0.23    3.64
 129007.319    66.050     1.59    3.43
 129383.156    67.401     3.60    1.85
 129758.932    67.990     1.57    1.07
 130134.647    68.172     0.48    0.78
 130510.300    67.670    -1.34    1.50
 130885.892    66.457    -3.23    2.36
 131261.423    64.604    -4.93    3.37
 131636.893    63.830    -2.06    3.20
 132012.301    63.830     0.00    3.23
 132387.649    64.695     2.30    2.96
 132762.935    65.947     3.33    2.23
 133138.160    67.064     2.98    2.23
 133513.324    68.817     4.67    2.99
 133888.427    71.775     7.89    3.66
 134263.469    75.579    10.14    5.42
 134638.451    79.067     9.30    4.86
 135013.371    80.336     3.39    3.88
 135388.230    79.479    -2.29    3.90
 135763.028    75.564   -10.45    4.69
 136137.766    72.236    -8.88    4.14
 136512.443    70.244    -5.32    2.75
 136887.059    70.105    -0.37    2.28
 137261.614    71.461     3.62    2.50
 137636.108    73.128     4.45    1.72
 138010.542    74.047     2.45    0.69
 138384.915    74.401     0.95    0.50
 138759.228    74.620     0.58    0.46
 139133.480    75.409     2.11    1.19
 139507.671    76.564     3.09    1.99
 139881.802    78.220     4.43    2.55
 140255.872    80.249     5.43    3.47
 140629.882    80.973     1.93    3.98
 141003.831    80.036    -2.50    4.37
 141377.720    77.522    -6.72    4.45
 141751.549    74.456    -8.20    3.12
 142125.317    72.430    -5.42    1.99
 142499.025    71.634    -2.13    1.15
 142872.672    72.422     2.11    1.77
 143246.260    74.003     4.23    2.12
 143619.787    75.150     3.07    1.67
 143993.253    75.788     1.71    1.10
 144366.660    75.537    -0.67    1.23
 144740.006    74.516    -2.74    1.42
 145113.293    73.910    -1.62    1.60
 145486.519    73.695    -0.58    1.65
 145859.685    74.609     2.45    2.30
 146232.791    76.857     6.02    3.31
 146605.837    78.712     4.97    3.09
 146978.824    79.709     2.67    2.17
 147351.750    78.977    -1.96    2.44
 147724.616    76.236    -7.35    3.87
 148097.422    71.628   -12.36    6.60
 148470.169    67.710   -10.51    6.34
 148842.856    64.657    -8.19    4.95
 149215.482    62.270    -6.40    2.93
 149588.050    61.510    -2.04    3.05
 149960.557    61.120    -1.05    2.84
 150333.005    61.488     0.99    2.69
 150705.393    62.091     1.62    2.53
 151077.721    62.682     1.59    2.28
 151449.989    63.776     2.94    2.89
 151822.199    65.006     3.30    3.26
 152194.348    65.493     1.31    3.15
 152566.438    65.916     1.14    3.06
 152938.468    65.590    -0.87    3.44
 153310.439    65.282    -0.83    3.51
 153682.351    65.217    -0.17    3.87
 154054.203    64.914    -0.81    4.43
 154425.996    63.999    -2.46    4.74
 154797.729    62.581    -3.81    4.84
 155169.403    62.189    -1.05    4.64
 155541.018    62.275     0.23    4.31
 155912.573    63.238     2.59    4.32
 156284.069    64.535     3.49    3.84
 156655.506    65.137     1.62    3.01
 157026.884    64.456    -1.83    3.44
 157398.203    63.257    -3.23    3.43
 157769.462    62.581    -1.82    3.47
 158140.662    62.249    -0.89    3.31
 158511.804    62.995     2.01    2.79
 158882.886    62.927    -0.18    2.10
 159253.909    62.831    -0.26    1.96
 159624.873    63.118     0.78    2.66
 159995.779    64.201     2.92    3.45
 160366.625    64.964     2.06    4.02
 160737.412    65.966     2.70    4.13
 161108.141    67.896     5.21    3.34
 161478.810    67.343    -1.49    3.75
 161849.421    66.895    -1.21    4.01
 162219.973    67.114     0.59    4.09
 162590.467    67.067    -0.13    3.81
 162960.901    66.614    -1.22    3.63
 163331.277    65.251    -3.68    3.97
 163701.594    62.533    -7.34    4.42
 164071.853    61.199    -3.60    4.21
 164442.053    62.177     2.64    5.12
 164812.194    64.550     6.41    5.22
 165182.277    66.885     6.31    3.03
 165552.301    66.580    -0.82    3.48
 165922.267    66.528    -0.14    3.45
 166292.174    66.817     0.78    3.77
 166662.023    68.244     3.86    4.36
 167031.813    70.244     5.41    4.43
 167401.545    72.444     5.95    3.15
 167771.219    72.724     0.76    3.39
 168140.834    71.778    -2.56    4.32
 168510.391    71.244    -1.44    4.33
 168879.890    70.606    -1.72    4.34
 169249.330    70.560    -0.13    4.29
 169618.712    70.844     0.77    4.19
 169988.036    70.257    -1.59    3.95
 170357.302    68.604    -4.48    3.63
 170726.510    68.790     0.50    4.00
 171095.659    69.628     2.27    4.52
 171464.751    70.925     3.51    4.64
 171833.784    72.303     3.73    3.80
 172202.760    72.276    -0.07    2.86
 172571.677    70.898    -3.74    2.89
 172940.537    69.270    -4.41    3.09
 173309.338    67.244    -5.49    3.35
 173678.082    65.952    -3.50    3.17
 174046.767    64.817    -3.08    2.73
 174415.395    64.564    -0.69    2.38
 174783.965    64.430    -0.36    2.52
 175152.477    64.001    -1.16    3.28
 175520.932    63.417    -1.59    3.80
 175889.329    62.950    -1.27    3.94
 176257.667    60.950    -5.43    4.40
 176625.949    57.910    -8.25    5.36
 176994.172    53.204   -12.78    6.03
 177362.338    49.776    -9.31    6.08
 177730.447    46.146    -9.86    4.80
 178098.497    43.725    -6.58    2.35
 178466.490    42.736    -2.69    1.38
 178834.426    42.604    -0.36    1.17
 179202.304    42.641     0.10    1.00
 179570.125    42.777     0.37    0.99
 179937.888    42.614    -0.44    0.94
 180305.594    42.657     0.12    1.21
 180673.419    42.331    -0.89    1.27
 181052.928    42.128    -0.53    1.17
 181432.376    42.128     0.00    1.48
 181811.762    42.817     1.82    2.69
 182191.086    43.518     1.85    3.15
 182570.349    44.164     1.70    4.33
 182949.551    43.457    -1.86    4.63
 183328.691    42.085    -3.62    5.01
 183707.770    39.004    -8.13    6.22
 184086.787    35.047   -10.44    7.55
 184465.743    31.524    -9.30    7.16
 184844.637    27.682   -10.14    5.17
 185223.471    25.790    -4.99    3.12
 185602.243    26.020     0.61    2.76
 185980.954    26.721     1.85    3.01
 186359.603    26.680    -0.11    2.58
 186738.192    26.268    -1.09    2.01
 187116.719    26.604     0.89    2.67
 187495.185    27.560     2.53    2.78
 187873.590    28.497     2.48    2.44
 188251.934    28.790     0.77    2.28
 188630.218    28.385    -1.07    1.61
 189008.440    28.317    -0.18    1.25
 189386.601    28.724     1.08    1.31
 189764.701    29.270     1.45    1.26
 190142.740    30.009     1.95    1.64
 190520.719    30.155     0.39    1.47
 190898.636    30.379     0.59    1.49
 191276.493    30.554     0.46    1.41
 191654.289    30.525    -0.08    0.94
 192032.024    30.857     0.88    0.89
 192409.699    31.022     0.44    0.93
 192787.313    31.356     0.88    1.82
 193164.866    31.707     0.93    2.38
 193542.359    32.001     0.78    2.36
 193919.791    32.560     1.48    2.13
 194297.162    33.074     1.36    1.57
 194674.473    33.044    -0.08    0.95
 195051.723    33.228     0.49    1.05
 195428.913    33.435     0.55    1.07
 195806.043    33.549     0.30    1.07
 196183.112    33.670     0.32    1.06
 196560.120    33.596    -0.20    1.08
 196937.068    34.444     2.25    3.10
 197313.956    34.946     1.33    3.78
 197690.784    36.114     3.10    4.53
 198067.551    37.790     4.45    4.91
 198444.258    37.255    -1.42    5.14
 198820.905    35.844    -3.75    5.63
 199197.492    33.524    -6.16    4.94
 199574.019    30.871    -7.04    1.47
 199950.485    30.392    -1.27    1.09
 200326.891    30.529     0.36    1.78
 200703.238    30.831     0.80    2.38
 201079.524    31.587     2.01    2.90
 201455.750    31.743     0.42    3.06
 201831.916    32.580     2.22    3.57
 202208.023    32.699     0.32    4.45
 202584.069    31.897    -2.13    6.33
 202960.056    31.970     0.19    7.62
 203335.982    31.181    -2.10    8.80
 203711.849    30.666    -1.37    8.79
 204087.656    30.110    -1.48    7.99
 204463.403    29.331    -2.08    7.42
 204839.091    28.966    -0.97    6.13
 205214.718    28.439    -1.40    5.03
 205590.286    26.966    -3.92    5.50
 205965.795    26.409    -1.48    6.09
 206341.244    26.206    -0.54    5.84
 206716.633    26.764     1.49    5.65
 207091.962    26.581    -0.49    5.95
 207467.232    26.337    -0.65    5.85
 207842.443    25.595    -1.98    5.75
 208217.594    25.724     0.34    5.90
 208592.686    26.718     2.65    5.09
 208967.718    26.124    -1.59    5.69
 209342.691    26.511     1.03    5.33
 209717.604    26.225    -0.76    5.24
 210092.458    26.132    -0.25    4.82
 210467.253    26.493     0.96    4.28
 210841.988    27.050     1.49    3.86
 211216.665    27.722     1.79    3.70
 211591.282    28.074     0.94    3.07
 211965.839    29.101     2.74    2.40
 212340.338    30.502     3.74    3.35
 212714.778    31.420     2.45    4.03
 213089.158    33.146     4.61    4.26
 213463.479    34.394     3.34    4.25
 213837.741    34.244    -0.40    4.27
 214211.945    33.088    -3.09    3.71
 214586.089    33.257     0.45    3.61
 214960.174    33.874     1.65    3.08
 215334.200    34.590     1.91    2.84
 215708.168    34.531    -0.16    2.47
 216082.076    36.222     4.52    3.99
 216455.926    38.636     6.46    4.64
 216829.717    40.570     5.17    4.27
 217203.449    42.461     5.06    2.72
 217577.122    42.520     0.16    2.80
 217950.737    42.114    -1.08    3.49
 218324.292    42.209     0.25    4.38
 218697.790    42.420     0.56    4.64
 219071.228    43.601     3.16    4.66
 219444.608    45.710     5.65    3.90
 219817.929    47.105     3.73    5.05
 220191.192    48.644     4.12    7.14
 220564.396    50.331     4.52    8.92
 220937.541    50.370     0.10    9.99
 221310.629    49.242    -3.02   10.99
 221683.657    45.699    -9.50    9.66
 222056.628    41.845   -10.33    7.05
 222429.539    43.817     5.29   10.21
 222802.393    44.678     2.31   12.66
 223175.188    44.276    -1.08   13.89
 223547.925    39.470   -12.89   12.86
 223920.603    33.081   -17.14    3.06
 224293.223    33.942     2.31    5.57
 224665.785    37.257     8.90    8.06
 225038.289    41.187    10.55    8.76
 225410.735    43.804     7.02    8.69
 225783.122    45.678     5.03    7.21
 226155.452    46.204     1.41    6.48
 226527.723    45.584    -1.66    6.21
 226899.936    45.564    -0.05    5.57
 227272.091    46.036     1.27    5.45
 227644.188    46.993     2.57    5.44
 228016.227    47.570     1.55    5.10
 228388.208    47.736     0.44    5.35
 228760.132    48.831     2.94    5.73
 229131.997    50.749     5.16    6.97
 229503.804    53.310     6.89    7.39
 229875.554    54.400     2.93    7.19
 230247.246    52.762    -4.41    7.39
 230618.880    49.187    -9.62    7.39
 230990.456    45.452   -10.05    6.54
 231361.975    42.831    -7.05    6.42
 231733.435    41.927    -2.43    6.52
 232104.839    40.954    -2.62    5.11
 232476.184    40.371    -1.57    3.86
 232847.472    40.859     1.31    4.13
 233218.702    41.385     1.41    4.42
 233589.875    42.103     1.93    5.33
 233960.990    43.479     3.71    5.12
 234332.047    43.527     0.13    5.42
 234703.048    42.884    -1.73    5.33
 235073.990    41.716    -3.15    4.48
 235444.875    39.910    -4.87    3.26
 235815.703    39.831    -0.21    3.55
 236186.474    40.390     1.51    4.98
 236557.187    41.460     2.88    5.68
 236927.842    42.270     2.19    5.17
 237298.441    43.674     3.79    5.23
 237668.982    45.244     4.23    5.83
 238039.466    46.674     3.86    6.22
 238409.893    46.097    -1.56    6.73
 238780.262    44.788    -3.53    7.00
 239150.575    43.168    -4.37    6.48
 239520.830    43.588     1.13    6.86
 239891.028    47.398    10.29    9.10
 240261.169    53.914    17.60    9.02
 240631.253    59.159    14.17    7.74
 241001.280    63.345    11.31    5.43
 241371.250    66.255     7.87    4.69
 241741.163    68.261     5.42    4.53
 242111.019    69.392     3.06    4.37
 242480.818    70.831     3.89    4.34
 242850.560    71.406     1.56    4.08
 243220.246    72.091     1.85    4.22
 243589.874    72.543     1.22    4.81
 243959.446    72.516    -0.07    5.19
 244328.961    72.022    -1.33    4.88
 244698.419    70.502    -4.11    5.34
 245067.820    68.749    -4.74    4.70
 245437.165    67.439    -3.55    3.22
 245806.453    66.927    -1.39    2.48
 246175.684    66.639    -0.78    1.89
 246544.859    66.502    -0.37    1.61
 246913.977    66.132    -1.00    2.06
 247283.039    65.694    -1.19    2.36
 247652.044    64.721    -2.64    2.71
 248020.993    64.228    -1.34    2.49
 248389.885    63.447    -2.12    2.49
 248758.720    62.885    -1.52    2.19
 249127.499    62.567    -0.86    2.48
 249496.222    61.803    -2.07    2.14
 249864.888    61.581    -0.60    1.27
 250233.498    61.993     1.12    1.10
 250602.052    62.484     1.33    0.90
 250970.549    62.628     0.39    0.79
 251338.991    62.373    -0.69    0.95
 251707.375    61.598    -2.10    1.20
 252075.704    60.595    -2.72    1.47
 252443.976    59.817    -2.11    1.54
 252812.193    59.511    -0.83    1.46
 253180.353    59.296    -0.58    1.46
 253548.457    58.998    -0.81    1.56
 253916.504    58.242    -2.05    1.93
 254284.496    56.998    -3.38    2.28
 254652.432    55.707    -3.51    2.82
 255020.312    54.859    -2.31    3.18
 255388.135    54.263    -1.62    3.60
 255765.586    52.803    -3.87    4.06
 256144.903    51.553    -3.29    3.77
 256524.161    51.057    -1.31    3.66
 256903.358    50.310    -1.97    3.38
 257282.496    49.630    -1.79    3.16
 257661.574    50.935     3.44    4.12
 258040.592    53.364     6.41    5.15
 258419.550    56.310     7.77    5.01
 258798.448    58.952     6.97    4.30
 259177.287    60.557     4.23    4.06
 259556.066    61.433     2.31    4.13
 259934.785    62.236     2.12    4.07
 260313.445    62.887     1.72    3.75
 260692.045    62.776    -0.29    3.72
 261070.585    61.903    -2.31    3.51
 261449.066    60.084    -4.81    2.82
 261827.487    58.802    -3.39    1.07
 262205.849    59.617     2.15    1.76
 262584.152    60.563     2.50    1.75
 262962.394    61.502     2.48    1.63
 263340.578    62.511     2.67    1.43
 263718.702    63.475     2.55    1.22
 264096.767    64.290     2.16    0.88
 264474.772    64.676     1.02    0.80
 264852.718    64.831     0.41    0.80
 265230.605    64.860     0.08    0.91
 265608.433    64.777    -0.22    0.98
 265986.201    64.681    -0.25    0.92
