-129129.164     2.604     0.00    6.12
-128761.130     1.787    -2.22    6.02
-128381.274     0.717    -2.82    5.10
-128001.483     1.988     3.35    4.94
-127621.758     3.467     3.90    3.80
-127242.097     4.086     1.63    2.87
-126862.501     4.509     1.11    2.47
-126482.970     4.395    -0.30    2.16
-126103.504     3.735    -1.74    3.47
-125724.103     1.374    -6.23    5.14
-125344.766    -0.301    -4.42    4.99
-124965.495    -1.132    -2.19    4.68
-124586.288    -0.937     0.51    4.20
-124207.145    -0.537     1.05    3.43
-123828.067    -2.084    -4.08    3.27
-123449.054    -3.466    -3.65    2.93
-123070.106    -3.693    -0.60    4.52
-122691.222    -2.303     3.67    8.50
-122312.402    -1.031     3.36   10.27
-121933.647     1.669     7.13   12.91
-121554.957     3.208     4.07   13.69
-121176.330     8.598    14.24   16.26
-120797.768    14.107    14.55   17.69
-120419.271    21.211    18.77   17.77
-120040.838    27.557    16.77   16.89
-119662.469    29.346     4.73   15.07
-119284.164    32.384     8.03   14.37
-118905.924    39.346    18.41   10.02
-118527.747    43.974    12.24    6.66
-118149.635    46.231     5.97    6.40
-117771.587    45.467    -2.02    8.30
-117393.603    43.864    -4.24    9.77
-117015.683    42.281    -4.19    9.09
-116637.828    41.903    -1.00    7.96
-116260.036    40.541    -3.61    7.40
-115882.308    39.450    -2.89    7.59
-115504.644    42.203     7.29    9.45
-115127.043    43.054     2.25   10.47
-114749.507    40.990    -5.47   12.48
-114372.034    37.023   -10.51   14.86
-113994.626    29.573   -19.74   11.52
-113617.281    22.663   -18.31    3.68
-113239.999    22.917     0.67    4.52
-112862.782    27.120    11.14   11.03
-112485.628    32.774    14.99   15.07
-112108.537    38.182    14.34   15.56
-111731.511    38.138    -0.12   14.47
-111354.547    34.060   -10.82   10.74
-110977.648    31.134    -7.77    4.27
-110600.812    30.982    -0.40    1.60
-110224.039    30.067    -2.43    2.75
-109847.330    27.352    -7.21    4.30
-109470.684    25.360    -5.29    3.49
-109094.101    24.485    -2.33    2.36
-108717.582    25.211     1.93    2.73
-108341.126    28.458     8.63    5.85
-107964.733    32.746    11.39   11.66
-107588.404    38.978    16.56   15.39
-107212.137    39.814     2.22   15.81
-106835.934    35.400   -11.73   15.11
-106459.794    29.627   -15.35   11.41
-106083.717    23.826   -15.43    3.15
-105707.704    22.454    -3.65    2.47
-105331.753    22.432    -0.06    3.20
-104955.865    23.735     3.47    4.65
-104580.040    26.294     6.81    6.99
-104204.278    27.711     3.77    7.61
-103828.580    29.697     5.29    7.21
-103452.943    31.281     4.22    7.84
-103077.370    33.827     6.78    9.49
-102701.860    34.674     2.26    9.60
-102326.412    35.560     2.36    9.35
-101951.027    35.621     0.16    8.79
-101575.705    35.868     0.66    8.61
-101200.446    39.314     9.18    9.20
-100825.249    41.420     5.62    9.80
-100450.115    42.853     3.82    9.80
-100075.043    44.787     5.16    9.56
 -99700.034    45.031     0.65    7.63
 -99325.088    44.677    -0.94    5.31
 -98950.204    44.263    -1.11    3.82
 -98575.382    44.044    -0.59    4.19
 -98200.623    44.544     1.34    5.73
 -97825.926    44.614     0.19    6.44
 -97451.292    46.261     4.40    5.77
 -97076.720    48.294     5.43    5.93
 -96702.210    49.216     2.46    5.58
 -96327.763    46.852    -6.31    8.26
 -95953.377    42.424   -11.83    9.61
 -95579.054    40.307    -5.66    9.90
 -95204.793    41.800     3.99   13.16
 -94830.595    47.403    14.97   14.75
 -94456.458    49.524     5.67   13.05
 -94082.384    47.454    -5.53   12.11
 -93708.371    42.669   -12.80    9.84
 -93334.421    37.480   -13.88    5.73
 -92960.533    35.353    -5.69    2.61
 -92586.706    34.695    -1.76    3.45
 -92212.942    34.949     0.68    4.67
 -91839.239    35.659     1.90    5.66
 -91465.598    35.842     0.49    6.54
 -91092.019    36.927     2.90    6.47
 -90718.502    38.370     3.86    6.00
 -90345.047    35.538    -7.58    7.56
 -89971.653    34.165    -3.68    9.91
 -89598.322    34.629     1.24   12.53
 -89225.051    34.625    -0.01   14.29
 -88851.843    37.735     8.34   14.11
 -88478.696    42.360    12.40   12.96
 -88105.611    44.541     5.84   12.29
 -87732.587    48.120     9.60   10.35
 -87359.625    49.990     5.01    7.21
 -86986.724    48.987    -2.69    6.03
 -86613.885    46.712    -6.10    6.08
 -86241.107    44.498    -5.94    4.60
 -85868.390    42.995    -4.03    3.85
 -85495.735    41.761    -3.31    3.95
 -85123.141    41.800     0.10    4.33
 -84750.609    43.125     3.56    3.80
 -84378.138    44.800     4.50    4.18
 -84005.728    45.018     0.59    4.67
 -83633.379    43.077    -5.21    6.89
 -83261.092    39.619    -9.29    7.77
 -82888.865    35.627   -10.72    6.46
 -82516.700    33.352    -6.11    6.49
 -82144.596    34.640     3.46    8.64
 -81772.553    38.658    10.80   10.65
 -81400.571    40.103     3.89   10.62
 -81028.650    41.393     3.47    8.36
 -80656.790    40.064    -3.57    7.34
 -80284.991    37.300    -7.43    5.32
 -79913.253    38.129     2.23    5.60
 -79541.576    41.320     8.58    5.21
 -79169.959    43.934     7.03    3.98
 -78798.404    46.775     7.65    4.36
 -78426.909    46.881     0.29    5.17
 -78055.475    46.243    -1.72    5.49
 -77684.101    45.395    -2.28    5.25
 -77312.789    44.582    -2.19    4.61
 -76941.537    46.027     3.89    7.52
 -76570.346    47.669     4.42    8.17
 -76199.215    47.815     0.39    7.17
 -75828.145    46.156    -4.47    4.81
 -75457.135    45.327    -2.23    3.98
 -75086.186    45.182    -0.39    4.22
 -74715.298    47.869     7.24    6.44
 -74344.470    49.712     4.97    6.76
 -73973.702    49.037    -1.82    7.24
 -73602.995    45.963    -8.29    7.14
 -73232.348    43.009    -7.97    5.76
 -72861.761    39.151   -10.41    6.78
 -72491.235    36.280    -7.75    6.80
 -72120.769    37.511     3.32    7.84
 -71750.363    38.800     3.48    9.87
 -71380.018    46.353    20.39   12.05
 -71009.733    53.412    19.06    8.29
 -70639.508    54.090     1.83    9.01
 -70269.343    49.718   -11.81   12.19
 -69899.238    45.613   -11.09   11.92
 -69529.193    41.453   -11.24   10.78
 -69159.208    36.929   -12.23    9.47
 -68789.283    32.981   -10.67    7.84
 -68419.419    29.852    -8.46    4.97
 -68049.614    27.273    -6.97    2.03
 -67679.869    27.300     0.07    1.72
 -67310.184    27.929     1.70    1.66
 -66940.559    28.187     0.70    2.12
 -66570.994    28.800     1.66    2.16
 -66201.488    27.340    -3.95    2.87
 -65832.042    25.544    -4.86    3.29
 -65462.656    23.535    -5.44    3.22
 -65093.330    21.578    -5.30    1.47
 -64724.064    20.967    -1.66    1.50
 -64354.857    21.412     1.20    2.00
 -63985.709    22.256     2.29    2.20
 -63616.622    23.033     2.11    1.99
 -63247.594    22.748    -0.77    2.12
 -62878.625    21.467    -3.47    2.01
 -62509.716    20.498    -2.63    1.98
 -62140.867    20.200    -0.81    3.47
 -61772.077    21.182     2.66    4.53
 -61403.346    22.115     2.53    4.55
 -61034.675    22.037    -0.21    3.86
 -60666.063    21.239    -2.17    3.09
 -60297.510    19.028    -6.00    2.87
 -59929.017    17.307    -4.67    2.48
 -59560.583    17.050    -0.70    3.20
 -59192.208    17.663     1.66    3.75
 -58823.893    18.151     1.32    3.56
 -58455.636    19.044     2.42    4.14
 -58087.439    21.840     7.60    6.83
 -57719.301    24.287     6.65    7.36
 -57351.222    25.170     2.40    6.64
 -56983.202    24.827    -0.93    6.37
 -56615.242    22.974    -5.04    5.48
 -56247.340    21.827    -3.12    3.91
 -55879.497    23.044     3.31    3.77
 -55511.713    24.040     2.71    4.50
 -55143.988    22.800    -3.37    4.85
 -54776.322    20.665    -5.81    5.30
 -54408.715    17.463    -8.71    5.34
 -54041.167    15.129    -6.35    3.13
 -53663.439    14.172    -2.53    2.14
 -53283.781    13.665    -1.34    1.79
 -52904.187    13.906     0.63    1.81
 -52524.657    14.015     0.29    2.08
 -52145.189    12.987    -2.71    2.37
 -51765.784    11.348    -4.32    2.62
 -51386.443    10.227    -2.96    2.54
 -51007.165     9.760    -1.23    2.68
 -50627.950     9.671    -0.24    2.87
 -50248.797    10.614     2.49    3.08
 -49869.708    11.044     1.13    2.97
 -49490.682    11.672     1.66    2.60
 -49111.719    13.102     3.77    1.37
 -48732.818    14.172     2.83    3.21
 -48353.981    15.162     2.61    5.41
 -47975.206    15.208     0.12    6.07
 -47596.494    15.495     0.76    6.03
 -47217.845    15.169    -0.86    4.88
 -46839.259    14.214    -2.52    3.09
 -46460.735    13.880    -0.88    3.48
 -46082.274    14.866     2.60    6.18
 -45703.876    19.463    12.15   11.22
 -45325.540    26.774    19.33   13.13
 -44947.267    32.011    13.84   10.05
 -44569.057    31.082    -2.46   10.42
 -44190.909    25.057   -15.93   12.95
 -43812.823    20.138   -13.01   11.55
 -43434.800    15.148   -13.20    7.72
 -43056.839    14.099    -2.77    5.36
 -42678.941    13.102    -2.64    4.81
 -42301.105    10.974    -5.63    5.52
 -41923.332    10.165    -2.14    7.44
 -41545.621     9.868    -0.79    8.77
 -41167.972     8.919    -2.51    9.90
 -40790.385     9.502     1.54    9.68
 -40412.860    11.393     5.01    9.95
 -40035.398    14.629     8.58    9.84
 -39657.998    17.262     6.98    9.55
 -39280.660    17.581     0.85    9.19
 -38903.384    18.003     1.12    8.86
 -38526.170    18.273     0.71    6.83
 -38149.018    17.903    -0.98    5.60
 -37771.928    18.078     0.46    4.25
 -37394.900    16.748    -3.53    3.79
 -37017.934    16.138    -1.62    3.43
 -36641.030    15.671    -1.24    2.70
 -36264.188    15.017    -1.74    2.21
 -35887.407    15.111     0.25    2.31
 -35510.689    15.000    -0.29    2.28
 -35134.032    15.616     1.63    2.13
 -34757.437    16.577     2.55    1.49
 -34380.903    16.854     0.74    1.38
 -34004.432    17.047     0.51    1.22
 -33628.022    16.787    -0.69    1.16
 -33251.673    16.582    -0.54    0.92
 -32875.386    16.398    -0.49    0.73
 -32499.161    16.390    -0.02    0.87
 -32122.997    16.287    -0.28    0.99
 -31746.895    16.190    -0.26    0.95
 -31370.854    16.581     1.04    1.39
 -30994.875    17.567     2.62    1.78
 -30618.957    18.827     3.35    1.79
 -30243.101    19.667     2.23    2.37
 -29867.305    20.067     1.06    2.82
 -29491.572    19.987    -0.21    2.94
 -29115.899    19.867    -0.32    2.20
 -28740.288    20.261     1.05    1.72
 -28364.738    20.169    -0.25    1.43
 -27989.249    19.640    -1.41    1.68
 -27613.821    19.060    -1.55    2.09
 -27238.454    19.266     0.55    2.73
 -26863.149    19.454     0.50    3.49
 -26487.904    19.106    -0.93    3.93
 -26112.721    17.365    -4.64    4.53
 -25737.598    15.023    -6.24    4.44
 -25362.537    12.511    -6.70    3.67
 -24987.537    10.082    -6.48    2.80
 -24612.597    10.107     0.07    3.23
 -24237.718    11.922     4.84    4.70
 -23862.901    13.584     4.43    5.11
 -23488.144    14.746     3.10    4.48
 -23113.447    15.047     0.80    4.76
 -22738.812    13.534    -4.04    4.04
 -22364.237    13.866     0.89    3.98
 -21989.723    16.524     7.10    4.16
 -21615.270    18.400     5.01    4.24
 -21240.878    20.393     5.32    3.42
 -20866.546    19.261    -3.02    4.03
 -20492.274    17.658    -4.28    3.43
 -20118.063    16.179    -3.95    1.97
 -19743.913    15.749    -1.15    2.11
 -19369.823    15.061    -1.84    2.78
 -18995.794    13.403    -4.43    2.99
 -18621.825    11.631    -4.74    2.04
 -18247.917    11.774     0.38    2.13
 -17874.068    11.886     0.30    2.11
 -17500.281    12.274     1.04    1.98
 -17126.553    12.929     1.75    2.23
 -16752.886    12.827    -0.27    1.90
 -16379.279    13.829     2.68    2.01
 -16005.733    13.827    -0.00    2.11
 -15632.246    13.047    -2.09    2.68
 -15258.820    12.734    -0.84    3.33
 -14885.454    11.854    -2.36    3.58
 -14512.148    11.735    -0.32    3.45
 -14138.902    10.720    -2.72    3.15
 -13765.716     8.761    -5.25    4.10
 -13392.590     6.233    -6.78    5.86
 -13019.525     3.165    -8.22    6.18
 -12646.519     0.638    -6.77    5.35
 -12273.573    -0.659    -3.48    4.68
 -11900.687    -1.002    -0.92    5.17
 -11527.861    -0.626     1.01    5.81
 -11155.094    -0.213     1.11    5.56
 -10782.388     0.557     2.07    5.38
 -10409.741     2.414     4.98    5.86
 -10037.154     4.417     5.38    5.93
  -9664.627     6.321     5.11    5.62
  -9292.160     9.006     7.21    5.78
  -8919.752    10.974     5.28    4.77
  -8547.404    10.941    -0.09    4.91
  -8175.115     9.182    -4.73    5.34
  -7802.886     7.575    -4.32    4.75
  -7430.717     6.708    -2.33    3.64
  -7058.607     5.955    -2.02    1.87
  -6686.557     6.564     1.63    1.70
  -6314.566     7.189     1.68    2.01
  -5942.634     7.408     0.59    2.40
  -5570.762     7.009    -1.07    2.48
  -5198.950     6.288    -1.94    2.27
  -4827.196     5.689    -1.61    1.43
  -4455.502     5.800     0.30    1.18
  -4083.868     6.252     1.22    1.13
  -3712.292     6.374     0.33    1.18
  -3340.776     6.362    -0.03    1.37
  -2969.319     6.187    -0.47    1.27
  -2597.921     6.129    -0.16    1.31
  -2226.583     6.499     1.00    1.86
  -1855.303     5.368    -3.05    3.55
  -1484.083     3.691    -4.52    4.45
  -1112.922     1.691    -5.39    4.53
   -741.819     0.003    -4.55    3.34
   -370.776    -0.402    -1.09    2.69
      0.208     0.064     1.26    3.19
    371.134     0.520     1.23    3.46
    742.000     0.494    -0.07    3.19
   1112.808     1.507     2.73    4.19
   1483.556     2.932     3.84    4.80
   1854.246     4.192     3.40    4.83
   2224.877     5.152     2.59    4.63
   2595.449     6.638     4.01    4.02
   2965.963     7.773     3.06    2.73
   3336.418     7.627    -0.39    2.13
   3706.814     6.734    -2.41    1.62
   4077.151     6.080    -1.76    1.64
   4447.430     5.949    -0.35    1.61
   4817.650     6.143     0.52    1.95
   5187.812     6.665     1.41    2.16
   5557.915     6.652    -0.04    1.40
   5927.959     6.614    -0.10    1.54
   6297.945     6.584    -0.08    1.58
   6667.873     6.240    -0.93    1.44
   7037.742     6.557     0.86    1.86
   7407.553     6.547    -0.03    1.85
   7777.305     6.490    -0.16    1.85
   8146.999     6.480    -0.02    1.42
   8516.634     6.577     0.26    1.48
   8886.212     6.480    -0.26    1.40
   9255.731     6.454    -0.07    1.56
   9625.192     6.517     0.17    1.48
   9994.594     6.590     0.20    1.52
  10363.939     6.679     0.24    1.68
  10733.225     6.748     0.19    1.55
  11102.453     6.868     0.33    1.46
  11471.623     6.800    -0.18    1.30
  11840.735     6.800     0.00    1.09
  12209.789     6.945     0.39    0.72
  12578.785     6.854    -0.25    0.90
  12947.723     6.985     0.35    1.21
  13316.603     7.187     0.55    1.45
  13685.425     7.590     1.09    1.71
  14054.189     7.827     0.64    1.65
  14422.895     8.233     1.10    1.30
  14791.543     8.280     0.13    1.18
  15160.134     8.170    -0.30    1.03
  15528.667     8.198     0.07    1.16
  15897.142     8.152    -0.12    1.15
  16265.559     8.080    -0.19    1.15
  16633.918     8.314     0.63    1.41
  17002.220     7.976    -0.92    1.89
  17370.464     7.616    -0.98    2.05
  17738.651     7.084    -1.44    1.76
  18106.780     8.814     4.70    7.36
  18474.851    16.611    21.18   15.75
  18842.865    28.458    32.19   19.98
  19210.821    40.233    32.00   17.44
  19578.720    50.422    27.70    7.93
  19946.562    53.625     8.71    3.74
  20314.345    54.327     1.91    3.17
  20682.072    54.165    -0.44    3.61
  21057.235    53.679    -1.30    3.60
  21436.762    54.273     1.57    3.30
  21816.228    55.190     2.42    2.37
  22195.632    54.910    -0.74    2.71
  22574.975    54.320    -1.55    3.09
  22954.256    54.058    -0.69    3.67
  23333.476    53.707    -0.92    4.41
  23712.634    54.689     2.59    3.66
  24091.731    55.198     1.34    2.82
  24470.766    54.611    -1.55    3.20
  24849.740    52.760    -4.88    4.80
  25228.653    52.287    -1.25    4.45
  25607.505    51.842    -1.18    4.11
  25986.295    50.663    -3.11    5.96
  26365.024    47.110    -9.38   10.96
  26743.692    42.707   -11.63   11.79
  27122.299    39.700    -7.94   11.26
  27500.844    40.449     1.98   11.20
  27879.329    46.884    17.00    9.01
  28257.752    49.814     7.74    6.49
  28636.115    51.107     3.42    4.70
  29014.416    51.680     1.52    3.62
  29392.657    52.667     2.61    3.85
  29770.836    54.692     5.36    3.39
  30148.955    55.735     2.76    2.74
  30527.012    54.842    -2.36    3.65
  30905.009    53.300    -4.08    4.59
  31282.945    53.148    -0.40    4.70
  31660.820    53.893     1.97    4.55
  32038.635    54.884     2.62    3.90
  32416.389    54.261    -1.65    3.66
  32794.082    52.403    -4.92    3.62
  33171.714    51.827    -1.53    2.96
  33549.286    52.047     0.58    2.77
  33926.797    53.179     3.00    2.52
  34304.247    54.360     3.13    2.72
  34681.637    55.787     3.78    2.75
  35058.967    56.347     1.48    2.41
  35436.236    56.106    -0.64    2.14
  35813.444    54.294    -4.80    3.01
  36190.592    52.872    -3.77    3.61
  36567.680    51.720    -3.05    3.98
  36944.707    51.015    -1.87    4.16
  37321.674    51.280     0.70    4.00
  37698.580    52.350     2.84    3.60
  38075.427    52.828     1.27    3.72
  38452.213    53.746     2.44    2.84
  38828.938    54.067     0.85    2.63
  39205.604    54.706     1.70    2.73
  39582.209    54.691    -0.04    2.86
  39958.755    54.718     0.07    2.83
  40335.240    54.550    -0.45    2.54
  40711.665    54.334    -0.58    2.02
  41088.030    54.409     0.20    1.82
  41464.335    54.932     1.39    1.82
  41840.580    55.209     0.74    1.58
  42216.765    55.787     1.54    1.53
  42592.890    56.294     1.35    1.65
  42968.955    56.235    -0.16    1.73
  43344.960    55.733    -1.33    1.97
  43720.906    55.134    -1.59    2.00
  44096.792    54.287    -2.25    1.48
  44472.617    53.652    -1.69    1.20
  44848.383    53.436    -0.58    1.30
  45224.090    53.638     0.54    1.40
  45599.736    53.827     0.50    1.21
  45975.323    53.746    -0.22    1.01
  46350.851    53.385    -0.96    1.07
  46726.318    52.772    -1.63    0.94
  47101.726    52.214    -1.49    0.97
  47477.075    51.600    -1.63    0.96
  47852.364    50.894    -1.88    1.18
  48227.594    49.915    -2.61    1.32
  48602.764    49.187    -1.94    1.30
  48977.874    48.398    -2.10    1.08
  49352.925    47.800    -1.59    1.09
  49727.917    47.581    -0.58    1.11
  50102.850    47.436    -0.39    1.09
  50477.723    47.321    -0.31    1.07
  50852.536    47.254    -0.18    0.96
  51227.291    47.165    -0.24    0.96
  51601.986    47.009    -0.42    1.03
  51976.622    46.759    -0.67    1.06
  52351.199    46.505    -0.68    1.13
  52725.717    46.636     0.35    1.32
  53100.176    46.715     0.21    1.49
  53474.575    46.854     0.37    1.49
  53848.915    46.729    -0.33    1.64
  54223.197    46.374    -0.95    1.60
  54597.419    46.206    -0.45    1.76
  54971.583    46.347     0.38    1.81
  55345.687    47.000     1.75    1.91
  55719.733    47.125     0.33    1.87
  56093.719    47.937     2.17    1.73
  56467.647    47.976     0.10    1.48
  56841.516    48.307     0.89    1.30
  57215.326    48.854     1.46    1.23
  57589.077    49.544     1.85    2.03
  57962.770    51.057     4.05    3.21
  58336.403    52.267     3.24    4.16
  58709.979    53.910     4.40    4.62
  59083.495    56.111     5.89    4.24
  59456.953    56.544     1.16    4.01
  59830.352    56.054    -1.31    3.97
  60203.692    55.217    -2.24    4.02
  60576.974    54.440    -2.08    3.88
  60950.198    53.088    -3.62    3.96
  61323.363    51.517    -4.21    4.08
  61696.469    49.106    -6.46    4.25
  62069.517    46.481    -7.04    4.18
  62442.507    44.273    -5.92    4.10
  62815.438    42.211    -5.53    3.87
  63188.311    40.037    -5.83    2.64
  63561.126    38.294    -4.67    1.66
  63933.882    37.389    -2.43    1.07
  64306.580    36.708    -1.83    1.15
  64679.220    36.376    -0.89    1.37
  65051.801    36.169    -0.56    1.56
  65424.324    36.217     0.13    1.86
  65796.789    36.147    -0.19    2.08
  66169.196    36.581     1.17    2.72
  66541.545    36.787     0.55    2.88
  66913.836    36.581    -0.55    2.97
  67286.069    36.667     0.23    2.80
  67658.243    37.636     2.60    2.49
  68030.360    38.294     1.77    2.17
  68402.419    39.233     2.52    1.41
  68774.420    39.102    -0.35    1.40
  69146.362    38.030    -2.88    1.51
  69518.247    37.143    -2.39    1.44
  69890.074    36.047    -2.95    1.24
  70261.844    35.115    -2.51    1.22
  70633.555    34.074    -2.80    1.27
  71005.209    33.217    -2.31    1.31
  71376.805    32.584    -1.70    1.17
  71748.343    32.251    -0.90    1.00
  72119.823    32.287     0.10    1.06
  72491.246    32.372     0.23    1.02
  72862.611    31.480    -2.40    1.95
  73233.919    30.351    -3.04    2.21
  73605.169    29.014    -3.60    1.80
  73976.361    28.329    -1.84    1.13
  74347.496    29.040     1.92    1.73
  74718.573    30.043     2.70    1.81
  75089.593    30.640     1.61    1.51
  75460.556    30.815     0.47    1.19
  75831.461    31.294     1.29    2.19
  76202.308    31.177    -0.31    2.41
  76573.099    31.147    -0.08    2.34
  76943.831    31.415     0.72    2.34
  77314.507    30.814    -1.62    1.42
  77685.125    30.927     0.31    1.62
  78055.686    31.922     2.68    2.98
  78426.190    32.314     1.06    3.37
  78796.637    32.526     0.57    3.56
  79167.026    30.636    -5.10    5.98
  79537.358    27.047    -9.69    7.39
  79907.634    23.225   -10.32    7.41
  80277.852    19.759    -9.36    4.27
  80648.013    18.595    -3.15    1.79
  81018.117    18.692     0.26    1.90
  81388.163    19.444     2.03    2.47
  81758.153    19.584     0.38    2.62
  82128.086    19.732     0.40    2.64
  82497.962    20.431     1.89    3.66
  82867.782    21.348     2.48    4.28
  83237.544    22.431     2.93    4.85
  83607.249    23.842     3.82    5.48
  83976.898    26.030     5.92    7.26
  84346.489    29.842    10.31    8.97
  84716.024    35.719    15.90   10.50
  85085.503    43.425    20.86    9.90
  85454.924    49.148    15.49    7.87
  85824.289    52.564     9.25    6.80
  86193.597    55.023     6.66    4.83
  86562.849    55.759     1.99    4.19
  86932.043    55.869     0.30    3.87
  87301.182    56.814     2.56    3.35
  87670.264    57.458     1.74    3.07
  88039.289    58.211     2.04    2.52
  88408.257    58.102    -0.30    2.31
  88777.170    57.625    -1.29    2.46
  89146.025    56.965    -1.79    2.76
  89514.825    57.030     0.18    2.71
  89883.568    57.143     0.31    2.71
  90252.254    56.084    -2.87    3.08
  90620.884    55.896    -0.51    3.41
  90989.458    54.827    -2.90    3.44
  91357.976    53.746    -2.94    3.04
  91726.437    53.111    -1.72    3.17
  92094.842    51.773    -3.63    2.40
  92463.191    50.814    -2.60    1.32
  92831.484    50.225    -1.60    0.86
  93199.720    49.924    -0.82    0.82
  93567.901    49.622    -0.82    0.87
  93936.025    49.157    -1.27    0.89
  94304.093    48.746    -1.12    0.96
  94672.105    48.198    -1.49    1.08
  95040.062    47.883    -0.86    1.36
  95407.962    47.472    -1.12    1.73
  95780.783    47.705     0.62    2.42
  96160.183    46.560    -3.02    2.84
  96539.523    45.523    -2.74    2.80
  96918.804    44.718    -2.12    2.48
  97298.024    44.550    -0.44    3.03
  97677.185    43.992    -1.47    3.53
  98056.286    43.170    -2.17    4.05
  98435.327    41.934    -3.26    4.20
  98814.308    39.198    -7.22    3.89
  99193.230    36.842    -6.22    4.12
  99572.091    34.088    -7.27    3.98
  99950.893    32.157    -5.10    3.21
 100329.636    31.200    -2.52    2.81
 100708.319    31.225     0.07    2.67
 101086.942    31.195    -0.08    2.26
 101465.505    30.012    -3.12    3.65
 101844.009    28.252    -4.65    4.67
 102222.454    25.314    -7.76    4.19
 102600.839    22.760    -6.75    3.35
 102979.164    20.965    -4.75    3.04
 103357.431    19.978    -2.61    2.57
 103735.637    19.557    -1.11    3.28
 104113.785    21.828     6.00    5.89
 104491.873    25.174     8.85    6.64
 104869.901    28.773     9.52    5.24
 105247.871    31.265     6.59    2.17
 105625.781    31.153    -0.30    1.96
 106003.632    31.787     1.68    2.14
 106381.423    33.189     3.71    3.00
 106759.156    34.880     4.48    3.15
 107136.829    36.924     5.41    2.49
 107514.443    38.499     4.17    2.64
 107891.999    40.581     5.51    4.03
 108269.495    43.198     6.93    4.64
 108646.932    46.400     8.48    4.84
 109024.310    49.575     8.41    4.33
 109401.629    51.978     6.37    4.03
 109778.889    53.572     4.22    2.69
 110156.090    53.677     0.28    2.43
 110533.232    53.243    -1.15    2.77
 110910.316    52.855    -1.03    3.19
 111287.341    52.453    -1.07    3.21
 111664.306    52.949     1.32    2.93
 112041.213    52.568    -1.01    2.32
 112418.062    52.896     0.87    2.32
 112794.851    53.665     2.04    2.30
 113171.582    54.759     2.90    2.82
 113548.254    55.881     2.98    2.72
 113924.868    56.843     2.55    2.85
 114301.423    58.200     3.61    3.40
 114677.919    58.330     0.34    3.47
 115054.357    57.679    -1.73    3.36
 115430.736    56.829    -2.26    3.00
 115807.057    56.307    -1.39    1.96
 116183.319    57.026     1.91    1.92
 116559.523    58.106     2.87    1.78
 116935.668    58.884     2.07    1.47
 117311.755    58.717    -0.44    1.68
 117687.784    58.148    -1.51    1.81
 118063.754    57.759    -1.03    1.72
 118439.666    58.526     2.04    2.32
 118815.520    59.815     3.43    2.72
 119191.316    61.341     4.06    3.48
 119567.053    62.933     4.24    3.41
 119942.732    63.598     1.77    3.38
 120318.353    64.683     2.89    3.78
 120693.916    63.841    -2.24    4.07
 121069.420    63.700    -0.37    4.26
 121444.867    63.557    -0.38    4.08
 121820.256    62.884    -1.79    3.02
 122195.586    63.389     1.35    2.34
 122570.859    64.717     3.54    2.98
 122946.073    66.033     3.51    3.49
 123321.230    68.115     5.55    4.17
 123696.328    70.050     5.16    4.21
 124071.369    71.047     2.66    3.50
 124446.352    71.372     0.87    2.88
 124821.277    71.246    -0.33    2.25
 125196.145    70.598    -1.73    1.69
 125570.954    70.854     0.68    1.29
 125945.706    71.227     1.00    1.03
 126320.400    71.067    -0.43    1.14
 126695.036    70.595    -1.26    0.92
 127069.615    70.170    -1.13    0.84
 127444.136    69.660    -1.36    0.93
 127818.599    69.157    -1.34    0.95
 128193.005    68.645    -1.36    0.86
 128567.353    68.910     0.71    1.26
 128941.644    69.679     2.05    1.71
 129315.877    69.976     0.79    2.13
 129690.053    70.170     0.52    2.35
 130064.171    69.702    -1.25    2.71
 130438.232    68.444    -3.36    2.77
 130812.235    67.927    -1.38    2.54
 131186.182    67.417    -1.36    2.18
 131560.070    67.655     0.64    2.18
 131933.902    67.625    -0.08    1.89
 132307.676    67.550    -0.20    1.68
 132681.393    67.747     0.53    1.32
 133055.052    68.212     1.24    1.38
 133428.655    68.976     2.04    1.35
 133802.200    69.424     1.20    1.04
 134175.688    69.922     1.33    0.74
 134549.119    70.342     1.12    0.71
 134922.493    70.842     1.34    0.88
 135295.810    71.153     0.83    0.97
 135669.069    71.300     0.40    1.07
 136042.272    71.134    -0.45    1.22
 136415.418    70.829    -0.82    1.13
 136788.506    70.265    -1.51    1.25
 137161.538    69.592    -1.80    1.27
 137534.513    68.939    -1.75    1.17
 137907.431    68.716    -0.60    1.78
 138280.292    68.074    -1.72    1.71
 138653.097    67.929    -0.39    1.90
 139025.844    67.513    -1.12    1.62
 139398.535    68.015     1.35    2.19
 139771.169    68.620     1.62    2.46
 140143.746    69.258     1.71    2.24
 140516.267    69.215    -0.12    1.95
 140888.730    68.606    -1.63    1.99
 141261.138    67.286    -3.54    3.02
 141633.488    64.429    -7.67    3.72
 142005.782    61.434    -8.04    4.10
 142378.020    59.885    -4.16    3.03
 142750.201    59.869    -0.04    2.72
 143122.325    60.800     2.50    3.00
 143494.393    62.017     3.27    2.63
 143866.404    61.998    -0.05    2.51
 144238.359    61.106    -2.40    2.59
 144610.258    59.203    -5.12    3.24
 144982.100    57.398    -4.86    3.06
 145353.886    56.412    -2.65    2.47
 145725.615    56.505     0.25    2.58
 146097.289    57.026     1.40    2.39
 146468.906    56.984    -0.11    2.37
 146840.466    56.175    -2.17    2.45
 147211.971    55.392    -2.11    2.34
 147583.419    54.925    -1.26    1.83
 147954.811    55.124     0.54    1.62
 148326.147    55.047    -0.21    1.70
 148697.427    54.329    -1.93    1.18
 149068.651    53.663    -1.79    0.90
 149439.818    53.148    -1.39    0.89
 149810.930    52.909    -0.65    1.24
 150181.985    53.271     0.98    2.00
 150552.985    53.680     1.10    2.13
 150923.929    53.875     0.52    2.43
 151294.816    53.400    -1.28    3.30
 151665.648    52.785    -1.66    3.58
 152036.424    52.880     0.26    3.53
 152407.144    53.286     1.09    3.63
 152777.808    52.574    -1.92    3.89
 153148.417    51.609    -2.60    4.25
 153518.969    51.449    -0.43    4.15
 153889.466    50.989    -1.24    3.54
 154259.907    52.409     3.83    2.86
 154630.293    53.100     1.87    2.88
 155000.623    53.557     1.23    2.94
 155370.897    53.786     0.62    2.89
 155741.115    53.550    -0.64    2.68
 156111.278    53.237    -0.85    2.43
 156481.385    52.606    -1.70    1.57
 156851.437    52.293    -0.84    0.98
 157221.433    52.403     0.30    0.86
 157591.374    52.481     0.21    0.77
 157961.259    52.787     0.83    0.89
 158331.089    53.444     1.78    0.98
 158700.864    54.143     1.89    0.90
 159070.583    54.384     0.65    0.75
 159440.246    54.425     0.11    0.70
 159809.855    54.328    -0.26    0.77
 160179.408    54.037    -0.79    0.81
 160548.905    54.092     0.15    0.93
 160918.348    54.745     1.77    1.52
 161287.735    55.370     1.69    1.98
 161657.067    55.912     1.47    2.08
 162026.344    56.364     1.22    2.01
 162395.565    56.941     1.56    2.19
 162764.732    58.175     3.34    2.35
 163133.843    59.603     3.87    1.99
 163502.899    60.523     2.49    1.83
 163871.901    61.378     2.32    1.75
 164240.847    62.403     2.78    1.79
 164609.738    63.307     2.45    1.75
 164978.574    64.856     4.20    2.19
 165347.355    66.251     3.78    2.25
 165716.081    67.348     2.98    1.90
 166084.753    68.293     2.56    1.79
 166453.369    69.609     3.57    1.96
 166821.931    70.702     2.97    2.20
 167190.438    71.869     3.17    2.47
 167558.890    72.158     0.78    2.60
 167927.287    72.746     1.60    2.74
 168295.629    73.486     2.01    2.75
 168663.917    74.467     2.66    2.47
 169032.150    75.386     2.50    1.85
 169400.328    76.040     1.78    1.86
 169768.452    76.744     1.91    1.87
 170136.521    77.037     0.79    1.84
 170507.211    77.096     0.16    1.91
 170886.486    76.998    -0.26    2.19
 171265.703    77.727     1.92    2.68
 171644.862    78.351     1.65    2.84
 172023.962    78.467     0.31    2.78
 172403.005    78.978     1.35    2.65
 172781.989    79.814     2.21    2.64
 173160.914    80.189     0.99    2.40
 173539.782    80.537     0.92    2.02
 173918.591    80.134    -1.06    1.27
 174297.342    80.106    -0.07    0.88
 174676.035    80.096    -0.03    0.90
 175054.670    80.251     0.41    0.84
 175433.247    80.330     0.21    0.78
 175811.766    80.598     0.71    1.10
 176190.227    80.998     1.06    1.25
 176568.629    81.120     0.32    0.96
 176946.974    81.406     0.76    0.75
 177325.261    81.603     0.52    0.69
 177703.490    82.120     1.37    1.57
 178081.661    82.600     1.27    2.11
 178459.775    82.581    -0.05    2.30
 178837.830    82.073    -1.34    2.73
 179215.828    80.667    -3.72    2.56
 179593.768    79.397    -3.36    1.49
 179971.650    79.719     0.85    1.94
 180349.474    80.500     2.07    2.83
 180727.241    80.786     0.76    2.79
 181104.950    80.716    -0.19    2.88
 181482.602    80.491    -0.60    3.21
 181860.196    80.620     0.34    3.57
 182237.732    80.631     0.03    4.05
 182615.211    81.082     1.19    3.65
 182992.632    81.095     0.03    2.79
 183369.996    80.641    -1.20    4.06
 183747.302    80.462    -0.47    4.40
 184124.551    79.730    -1.94    5.28
 184501.742    80.143     1.10    5.61
 184878.876    81.990     4.89    5.23
 185255.953    83.439     3.84    4.52
 185632.972    83.689     0.66    3.22
 186009.934    83.148    -1.44    2.72
 186386.839    82.406    -1.97    2.69
 186763.686    79.953    -6.51    5.47
 187140.477    77.286    -7.08    6.68
 187517.210    76.922    -0.97    6.75
 187893.886    77.139     0.57    7.61
 188270.504    80.652     9.33    6.13
 188647.066    83.227     6.84    2.63
 189023.570    83.554     0.87    2.37
 189400.018    83.758     0.54    2.13
 189776.408    82.924    -2.22    2.13
 190152.742    80.732    -5.82    3.94
 190529.018    79.645    -2.89    4.76
 190905.238    79.300    -0.92    5.25
 191281.400    78.758    -1.44    6.46
 191657.506    78.745    -0.03    7.29
 192033.555    78.076    -1.78    7.51
 192409.546    77.898    -0.47    7.39
 192785.482    78.992     2.91    6.91
 193161.360    80.068     2.86    7.16
 193537.181    82.300     5.94    6.00
 193912.946    83.925     4.32    4.76
 194288.654    84.969     2.78    4.08
 194664.305    85.092     0.33    3.71
 195039.900    85.462     0.99    3.28
 195415.438    85.392    -0.19    3.40
 195790.920    84.759    -1.69    3.13
 196166.344    85.223     1.24    2.96
 196541.713    85.370     0.39    2.89
 196917.024    85.372     0.01    2.75
 197292.280    85.503     0.35    2.30
 197667.478    85.565     0.17    2.37
 198042.621    87.000     3.83    3.12
 198417.706    88.293     3.45    2.72
 198792.736    88.362     0.18    2.61
 199167.709    86.569    -4.78    4.73
 199542.626    82.978    -9.57    6.26
 199917.486    78.686   -11.45    7.49
 200292.290    74.223   -11.91    7.50
 200667.038    69.175   -13.47    6.94
 201041.729    66.054    -8.33    6.10
 201416.365    62.620    -9.16    4.46
 201790.944    60.251    -6.32    2.35
 202165.467    59.364    -2.37    1.92
 202539.934    59.386     0.06    2.44
 202914.344    62.438     8.15    6.13
 203288.699    65.502     8.18    7.66
 203662.998    69.086     9.57    8.44
 204037.240    72.447     8.98    7.66
 204411.427    73.343     2.39    6.87
 204785.557    74.058     1.91    5.77
 205159.632    74.209     0.40    4.97
 205533.650    75.561     3.61    4.52
 205907.613    77.631     5.54    4.29
 206281.520    80.448     7.53    2.64
 206655.371    81.898     3.88    2.28
 207029.166    83.660     4.71    2.51
 207402.905    85.134     3.94    2.90
 207776.589    87.403     6.07    3.61
 208150.217    88.972     4.20    3.34
 208523.789    90.280     3.50    3.01
 208897.305    92.192     5.12    2.98
 209270.766    92.395     0.54    3.42
 209644.171    91.962    -1.16    4.78
 210017.520    87.026   -13.22   11.38
 210390.814    78.697   -22.31   14.63
 210764.052    69.915   -23.53   12.75
 211137.235    64.061   -15.68    6.67
 211510.362    65.629     4.20    6.20
 211883.434    71.374    15.40    6.59
 212256.450    75.703    11.60    6.35
 212629.411    79.040     8.94    4.87
 213002.316    81.167     5.70    3.40
 213375.166    79.857    -3.51    6.48
 213747.961    75.786   -10.92   10.13
 214120.700    71.481   -11.55   11.09
 214493.384    67.406   -10.93    9.46
 214866.012    64.857    -6.84    7.50
 215238.586    65.429     1.54    8.21
 215611.104    65.431     0.00    7.71
 215983.567    65.003    -1.15    6.24
 216355.974    65.088     0.23    5.37
 216728.327    64.918    -0.46    5.19
 217100.624    64.976     0.16    5.16
 217472.866    65.374     1.07    5.17
 217845.054    66.800     3.83    5.37
 218217.186    68.095     3.48    5.72
 218589.263    69.115     2.74    6.57
 218961.285    70.696     4.25    7.23
 219333.252    71.215     1.39    7.06
 219705.164    71.786     1.54    6.38
 220077.021    71.829     0.12    5.78
 220448.823    72.129     0.81    6.12
 220820.570    72.195     0.18    6.44
 221192.263    72.829     1.70    6.42
 221563.901    72.453    -1.01    6.34
 221935.483    72.181    -0.73    6.02
 222307.011    72.287     0.28    5.16
 222678.485    72.884     1.61    4.77
 223049.903    74.329     3.89    4.35
 223421.267    75.927     4.30    3.76
 223792.576    77.143     3.27    3.85
 224163.830    77.939     2.14    3.72
 224535.030    77.757    -0.49    3.89
 224906.175    77.082    -1.82    4.68
 225277.266    76.712    -1.00    4.91
 225648.302    76.772     0.16    4.87
 226019.284    77.351     1.56    4.79
 226390.211    78.943     4.29    3.75
 226761.083    79.740     2.15    3.81
 227131.901    80.627     2.39    3.32
 227502.665    81.123     1.34    3.79
 227873.374    82.163     2.80    3.71
 228244.029    82.933     2.08    4.25
 228614.629    83.943     2.73    4.66
 228985.175    84.903     2.59    4.64
 229355.667    84.963     0.16    4.39
 229726.104    85.183     0.59    3.69
 230096.487    85.444     0.71    3.25
 230466.816    85.935     1.32    3.14
 230837.091    87.294     3.67    3.00
 231207.312    88.515     3.30    3.17
 231577.478    89.857     3.62    3.57
 231947.590    90.308     1.22    3.83
 232317.648    89.406    -2.44    4.12
 232687.652    88.615    -2.14    3.98
 233057.602    88.899     0.77    4.09
 233427.498    89.955     2.86    4.00
 233797.340    91.058     2.98    3.28
 234167.128    91.600     1.47    2.51
 234536.862    91.229    -1.00    2.31
 234906.542    90.958    -0.73    2.63
 235276.168    90.927    -0.08    2.50
 235645.740    91.209     0.76    2.21
 236015.258    91.364     0.42    2.13
 236384.722    91.420     0.15    2.05
 236754.133    90.843    -1.56    1.24
 237123.490    91.453     1.65    2.09
 237492.793    92.243     2.14    2.45
 237862.042    93.378     3.07    2.43
 238231.237    94.655     3.46    2.14
 238600.379    95.040     1.04    1.83
 238969.467    95.458     1.13    1.74
 239338.502    96.072     1.66    1.59
 239707.483    96.215     0.39    1.53
 240076.410    95.509    -1.91    2.97
 240445.283    93.256    -6.10    5.30
 240814.103    90.716    -6.89    5.42
 241182.870    89.148    -4.25    4.95
 241551.583    89.744     1.62    4.94
 241920.243    91.931     5.93    4.00
 242288.849    92.689     2.06    3.62
 242657.401    92.467    -0.60    4.33
 243025.900    91.909    -1.52    4.63
 243394.346    91.830    -0.21    4.82
 243762.739    92.239     1.11    5.07
 244131.078    91.845    -1.07    5.39
 244499.364    92.165     0.87    5.58
 244867.596    92.383     0.59    5.76
 245236.352    92.448     0.18    6.01
 245615.506    93.595     3.02    5.70
 245994.603    93.986     1.03    5.96
 246373.643    94.903     2.42    6.21
 246752.627    96.829     5.08    6.04
 247131.553    97.915     2.86    5.44
 247510.423    98.015     0.26    4.85
 247889.237    98.307     0.77    4.53
 248267.993    97.227    -2.85    4.17
 248646.693    96.523    -1.86    3.67
 249025.337    96.013    -1.35    3.46
 249403.923    95.206    -2.13    2.44
 249782.454    95.577     0.98    2.49
 250160.927    96.568     2.62    2.57
 250539.344    96.061    -1.34    3.68
 250917.705    95.939    -0.32    4.29
 251296.009    95.592    -0.92    4.23
 251674.257    95.600     0.02    4.06
 252052.448    96.068     1.24    3.01
 252430.583    95.619    -1.19    2.50
 252808.662    94.727    -2.36    1.86
 253186.684    94.016    -1.88    1.62
 253564.650    93.429    -1.55    1.12
 253942.559    93.215    -0.57    1.08
 254320.413    93.072    -0.38    1.14
 254698.210    93.251     0.47    1.33
 255075.951    94.729     3.91    2.51
 255453.636    96.336     4.25    3.01
 255831.264    97.279     2.50    2.86
 256208.837    98.020     1.96    2.87
 256586.353    98.361     0.90    2.53
 256963.813    97.260    -2.92    2.31
 257341.217    94.462    -7.41    5.29
 257718.566    89.068   -14.29    8.14
 258095.858    86.229    -7.52    6.99
 258473.094    86.600     0.98    7.15
 258850.274    89.186     6.85    6.77
 259227.399    92.858     9.73    2.60
 259604.467    93.012     0.41    2.45
 259981.480    92.337    -1.79    3.09
 260358.437    92.307    -0.08    3.48
 260735.338    92.741     1.15    3.49
 261112.183    93.314     1.52    3.01
 261488.972    94.517     3.19    2.33
 261865.706    95.513     2.64    2.29
 262242.384    95.989     1.26    2.44
 262619.006    96.054     0.17    2.39
 262995.572    95.871    -0.49    2.13
 263372.083    95.758    -0.30    1.63
 263748.539    95.941     0.49    1.31
 264124.938    96.343     1.07    0.99
 264501.282    96.536     0.51    0.86
 264877.571    96.247    -0.77    0.95
 265253.804    95.887    -0.95    1.11
 265629.982    95.271    -1.64    1.47
 266006.104    94.843    -1.14    1.63
 266382.171    95.293     1.20    2.23
 266758.182    96.124     2.21    2.57
 267134.138    96.945     2.18    2.65
 267510.038    97.343     1.06    2.70
 267885.884    97.272    -0.19    2.91
 268261.674    96.424    -2.26    2.68
 268637.408    95.758    -1.77    2.73
 269013.088    95.006    -2.00    2.48
 269388.712    93.315    -4.50    3.04
 269764.281    91.170    -5.71    3.68
 270139.794    87.580    -9.56    5.92
 270515.253    82.985   -12.23    7.11
 270890.656    78.586   -11.71    7.50
 271266.005    73.977   -12.28    7.63
 271641.298    70.558    -9.11    6.31
 272016.536    68.540    -5.38    3.59
 272391.719    68.586     0.12    2.89
 272766.848    69.029     1.18    2.90
 273141.921    70.389     3.62    3.09
 273516.939    71.491     2.94    3.43
 273891.902    72.627     3.03    3.94
 274266.811    74.702     5.53    5.46
 274641.664    76.233     4.08    6.63
 275016.463    79.482     8.66    7.16
 275391.207    82.879     9.06    5.65
 275765.896    85.742     7.64    4.20
 276140.530    87.830     5.57    3.45
 276515.109    87.434    -1.06    5.74
 276889.634    86.076    -3.63    7.62
 277264.104    83.688    -6.38    9.44
 277638.519    81.658    -5.42    9.47
 278012.880    81.286    -0.99    9.20
 278387.186    80.643    -1.72    8.85
 278761.437    80.713     0.19    8.39
 279135.634    80.040    -1.80    7.61
 279509.777    78.477    -4.18    6.59
 279883.864    78.243    -0.62    5.98
 280257.897    78.323     0.21    6.15
 280631.876    79.286     2.57    5.83
 281005.801    80.472     3.17    5.47
 281379.670    81.916     3.86    5.22
 281753.486    83.139     3.27    5.20
 282127.247    83.815     1.81    5.55
 282500.954    85.105     3.45    6.17
 282874.606    86.012     2.43    6.89
 283248.204    88.024     5.39    6.80
 283621.748    87.700    -0.87    7.41
 283995.237    86.631    -2.86    7.41
 284368.672    84.505    -5.69    7.03
 284742.053    82.586    -5.14    6.27
 285115.380    82.003    -1.56    5.99
 285488.653    82.989     2.64    6.67
 285861.872    85.050     5.52    7.30
 286235.036    88.477     9.18    7.01
 286608.146    90.952     6.63    5.31
 286981.203    92.018     2.86    4.61
 287354.205    92.149     0.35    4.10
 287727.153    90.828    -3.54    4.93
 288100.047    90.084    -1.99    5.86
 288472.887    89.732    -0.94    6.58
 288845.674    90.366     1.70    6.76
 289218.406    91.420     2.83    5.59
 289591.084    90.100    -3.54    5.53
 289963.709    87.758    -6.29    5.85
 290336.280    86.061    -4.55    5.18
 290708.797    86.843     2.10    5.12
 291081.260    89.467     7.04    5.24
 291453.669    92.815     8.99    3.24
 291826.025    95.015     5.91    1.76
 292198.326    95.858     2.27    1.79
 292570.575    96.786     2.49    1.84
 292942.769    97.697     2.45    1.59
 293314.910    98.609     2.45    1.78
 293686.997    99.331     1.94    1.73
 294059.031    99.688     0.96    1.82
 294431.011   100.550     2.32    1.96
 294802.937   101.525     2.62    2.29
 295174.810   102.631     2.97    2.18
 295546.629   103.050     1.13    2.39
 295918.395   102.188    -2.32    3.07
 296290.108   100.955    -3.32    3.34
 296661.767    99.453    -4.04    2.83
 297033.372    98.899    -1.49    1.85
 297404.924    98.992     0.25    1.66
 297776.423    99.715     1.95    1.60
 298147.869   100.595     2.37    1.09
 298519.261   100.998     1.08    0.95
 298890.599   100.955    -0.11    0.89
 299261.885   100.672    -0.76    0.92
 299633.117   100.322    -0.94    0.88
 300004.296   100.015    -0.83    0.88
 300375.422    99.438    -1.55    1.08
 300746.495    98.889    -1.48    1.16
 301117.515    98.143    -2.01    1.25
 301488.481    97.580    -1.52    1.31
 301859.394    97.547    -0.09    1.20
 302230.255    97.830     0.76    1.24
 302601.062    98.030     0.54    1.29
 302971.816    97.891    -0.37    1.03
 303342.517    97.743    -0.40    0.74
 303713.165    97.595    -0.40    0.70
 304083.760    97.496    -0.27    0.81
 304454.303    97.508     0.03    1.00
 304824.792    97.624     0.31    1.11
 305195.228    97.905     0.76    1.14
 305565.612    98.072     0.45    1.10
 305935.943    98.080     0.02    1.01
 306306.220    97.815    -0.72    1.06
 306676.445    97.554    -0.70    1.01
 307046.618    97.251    -0.82    0.84
 307416.737    97.550     0.81    1.12
 307786.804    98.026     1.28    1.39
 308156.818    98.572     1.48    1.43
 308526.780    98.672     0.27    1.39
 308896.688    98.641    -0.08    1.37
 309266.545    98.447    -0.52    1.13
 309636.348    98.134    -0.85    0.80
 310006.099    97.986    -0.40    0.91
 310375.797    97.543    -1.20    0.90
 310745.443    97.358    -0.50    0.90
 311115.037    97.372     0.04    0.88
 311484.577    97.580     0.56    0.81
 311854.066    97.786     0.56    0.90
 312223.502    97.771    -0.04    0.80
 312592.885    97.700    -0.19    0.93
 312962.216    97.619    -0.22    1.04
 313331.495    97.337    -0.76    1.05
 313700.721    97.183    -0.42    1.04
 314069.895    96.974    -0.56    0.91
 314439.017    97.009     0.09    0.91
 314808.086    97.223     0.58    0.89
 315177.103    97.114    -0.30    0.96
 315546.068    97.088    -0.07    0.89
 315914.981    96.846    -0.66    0.90
 316283.841    96.589    -0.70    0.89
 316652.650    96.225    -0.99    0.84
 317021.406    96.090    -0.36    0.79
 317390.110    96.129     0.10    0.74
 317758.762    96.080    -0.13    0.73
 318127.361    95.941    -0.38    0.81
 318495.909    95.713    -0.62    0.87
 318864.405    95.391    -0.87    0.80
 319232.849    95.307    -0.23    0.77
 319601.241    95.331     0.06    0.83
 319969.580    95.266    -0.18    0.94
 320347.281    95.212    -0.14    0.93
 320726.261    95.186    -0.07    0.98
 321105.186    95.029    -0.41    0.95
 321484.055    95.018    -0.03    0.97
 321862.869    95.153     0.36    1.00
 322241.628    95.036    -0.31    0.99
 322620.332    94.815    -0.58    1.07
 322998.980    94.406    -1.08    1.07
 323377.573    93.899    -1.34    0.78
 323756.112    93.742    -0.42    0.88
 324134.595    93.658    -0.22    1.05
 324513.023    93.374    -0.75    1.24
 324891.396    92.989    -1.02    1.15
 325269.714    92.600    -1.03    0.93
 325647.976    92.651     0.13    0.96
 326026.184    93.036     1.02    1.42
 326404.337    93.394     0.95    1.72
 326782.435    93.389    -0.01    1.84
 327160.478    93.262    -0.34    1.95
 327538.466    93.072    -0.50    1.84
 327916.400    92.668    -1.07    1.62
 328294.278    92.641    -0.07    1.75
 328672.102    92.569    -0.19    1.72
 329049.871    92.699     0.35    1.79
 329427.585    93.329     1.67    2.05
 329805.244    93.937     1.61    1.85
 330182.849    94.330     1.04    1.72
 330560.399    94.222    -0.28    1.65
 330937.894    93.374    -2.25    2.49
 331315.335    91.681    -4.48    3.59
 331692.721    89.558    -5.63    4.02
 332070.052    88.482    -2.85    3.28
 332447.329    89.134     1.73    3.53
 332824.551    91.400     6.01    3.19
 333201.719    92.859     3.87    2.72
 333578.832    93.153     0.78    2.20
 333955.891    92.493    -1.75    2.30
 334332.896    91.609    -2.34    1.92
 334709.846    91.269    -0.90    1.77
 335086.741    91.119    -0.40    1.57
 335463.582    91.183     0.17    1.26
 335840.369    91.343     0.43    1.22
 336217.102    91.609     0.71    1.14
 336593.780    91.756     0.39    1.20
 336970.404    91.674    -0.22    1.08
 337346.974    91.482    -0.51    0.93
 337723.489    91.429    -0.14    1.00
 338099.950    91.539     0.29    0.99
 338476.358    91.845     0.81    0.92
 338852.711    92.093     0.66    1.01
 339229.009    92.177     0.22    0.97
 339605.254    92.447     0.72    0.97
 339981.445    92.758     0.83    1.05
 340357.581    93.286     1.40    0.97
 340733.664    93.718     1.15    0.94
 341109.692    94.050     0.88    0.92
