-207933.308    77.480     0.00   10.94
-207563.563    79.907     6.56    8.66
-207193.885    83.059     8.53    0.30
-206824.273    82.836    -0.60    0.47
-206454.727    82.463    -1.01    0.64
-206085.247    81.977    -1.31    0.64
-205715.834    81.559    -1.13    0.49
-205346.487    81.298    -0.71    0.35
-204977.207    80.928    -1.00    0.42
-204607.992    80.657    -0.73    0.50
-204238.843    80.401    -0.69    0.43
-203869.761    80.041    -0.97    0.36
-203500.745    79.757    -0.77    0.49
-203131.795    79.357    -1.08    0.64
-202762.910    78.864    -1.34    0.64
-202394.092    78.494    -1.00    0.50
-202025.339    77.990    -1.37    0.60
-201656.653    77.578    -1.12    0.57
-201288.032    77.062    -1.40    0.67
-200919.477    76.632    -1.16    0.53
-200550.988    76.145    -1.32    0.60
-200182.565    75.742    -1.09    0.50
-199814.207    75.410    -0.90    0.46
-199445.915    75.120    -0.79    0.40
-199077.689    74.873    -0.67    0.45
-198709.528    74.669    -0.55    0.50
-198341.433    74.291    -1.03    0.58
-197973.403    74.017    -0.74    0.56
-197605.439    73.614    -1.10    0.61
-197237.540    73.231    -1.04    0.72
-196869.707    72.701    -1.44    0.86
-196501.939    71.969    -1.99    0.99
-196134.237    71.195    -2.10    1.06
-195766.599    70.169    -2.79    1.17
-195399.027    69.182    -2.68    1.18
-195031.521    68.263    -2.50    1.13
-194664.079    67.375    -2.42    0.88
-194296.703    66.675    -1.90    0.78
-193929.392    66.095    -1.58    0.71
-193562.146    65.502    -1.62    0.65
-193194.965    65.032    -1.28    0.68
-192827.849    64.371    -1.80    0.78
-192460.798    63.895    -1.30    0.76
-192093.812    63.230    -1.81    0.68
-191726.891    62.771    -1.25    0.60
-191360.035    62.428    -0.93    0.45
-190993.244    62.157    -0.74    0.38
-190613.582    61.860    -0.78    0.46
-190233.378    61.603    -0.68    0.50
-189853.245    61.327    -0.72    0.38
-189473.183    61.157    -0.45    0.16
-189093.190    60.962    -0.51    0.40
-188713.268    60.714    -0.65    0.50
-188333.416    60.419    -0.78    0.44
-187953.634    59.990    -1.13    0.38
-187573.922    59.706    -0.75    0.50
-187194.281    59.400    -0.80    0.43
-186814.709    58.990    -1.08    0.43
-186435.208    58.712    -0.73    0.50
-186055.776    58.441    -0.72    0.45
-185676.414    58.009    -1.14    0.42
-185297.123    57.716    -0.77    0.50
-184917.901    57.428    -0.76    0.45
-184538.749    57.230    -0.52    0.26
-184159.666    57.157    -0.19    0.00
-183780.654    56.984    -0.46    0.38
-183401.711    56.681    -0.80    0.50
-183022.838    56.413    -0.71    0.44
-182644.035    56.206    -0.55    0.22
-182265.301    56.157    -0.13    0.00
-181886.636    56.085    -0.19    0.26
-181508.041    55.939    -0.39    0.42
-181129.516    55.735    -0.54    0.50
-180751.060    55.503    -0.61    0.48
-180372.674    55.300    -0.54    0.35
-179994.357    55.144    -0.41    0.11
-179616.109    54.996    -0.39    0.46
-179237.930    54.576    -1.11    1.14
-178859.821    53.966    -1.61    1.95
-178481.781    53.021    -2.50    2.91
-178103.810    52.047    -2.58    3.32
-177725.908    51.108    -2.49    3.47
-177348.076    50.949    -0.42    3.15
-176970.312    50.998     0.13    2.56
-176592.617    50.779    -0.58    2.08
-176214.992    50.742    -0.10    1.41
-175837.435    50.332    -1.09    1.43
-175459.947    50.086    -0.65    1.31
-175082.528    50.469     1.02    1.47
-174705.178    51.083     1.63    1.76
-174327.897    51.587     1.34    1.46
-173950.685    50.921    -1.76    1.78
-173573.541    49.939    -2.61    1.35
-173196.466    49.300    -1.70    0.88
-172819.459    48.400    -2.39    1.51
-172442.522    47.407    -2.64    1.75
-172065.652    46.600    -2.14    1.36
-171688.852    45.897    -1.86    1.00
-171312.119    45.557    -0.90    1.01
-170935.456    45.133    -1.13    1.02
-170558.860    44.752    -1.01    0.84
-170182.333    44.864     0.30    1.05
-169805.875    44.974     0.29    1.16
-169429.484    44.901    -0.19    1.23
-169053.162    44.700    -0.53    1.13
-168676.909    44.620    -0.21    1.09
-168300.723    44.860     0.64    1.07
-167924.605    45.144     0.76    0.98
-167548.556    45.096    -0.13    1.01
-167172.575    44.984    -0.30    0.98
-166796.662    45.023     0.10    0.87
-166420.817    45.181     0.42    0.89
-166045.039    45.337     0.42    0.96
-165669.330    45.423     0.23    0.96
-165293.689    45.108    -0.84    1.06
-164918.115    44.503    -1.61    1.15
-164542.610    44.193    -0.82    0.95
-164167.172    43.952    -0.64    0.83
-163791.802    44.192     0.64    0.92
-163416.499    44.439     0.66    1.15
-163041.265    45.084     1.72    1.55
-162666.097    45.315     0.62    1.50
-162290.998    45.474     0.43    1.47
-161915.966    45.507     0.09    1.78
-161541.002    45.856     0.93    2.16
-161166.105    46.759     2.41    2.40
-160791.275    46.764     0.01    2.49
-160416.514    45.952    -2.17    2.73
-160041.819    44.986    -2.58    2.88
-159667.192    43.644    -3.58    2.07
-159292.632    43.002    -1.71    1.90
-158918.139    43.448     1.19    2.13
-158543.714    43.571     0.33    2.06
-158169.356    44.093     1.39    1.92
-157795.065    44.181     0.24    1.91
-157420.841    43.701    -1.28    1.85
-157046.684    43.350    -0.94    1.98
-156672.594    42.803    -1.46    1.64
-156298.572    42.860     0.15    0.90
-155924.616    42.799    -0.17    0.78
-155550.727    43.084     0.76    1.04
-155176.905    43.280     0.53    1.23
-154803.150    43.181    -0.26    1.28
-154429.462    42.432    -2.01    1.35
-154055.841    41.279    -3.09    1.59
-153682.286    40.552    -1.95    1.46
-153308.799    40.330    -0.60    1.38
-152935.378    40.619     0.78    1.46
-152562.023    41.268     1.74    1.07
-152188.735    41.486     0.58    0.90
-151815.514    41.535     0.13    1.08
-151442.360    42.267     1.96    1.73
-151069.272    43.243     2.62    1.91
-150696.250    43.706     1.24    1.52
-150323.295    43.391    -0.84    2.36
-149950.406    42.291    -2.95    3.00
-149577.584    41.009    -3.44    2.83
-149204.828    41.047     0.10    2.36
-148832.138    41.132     0.23    1.96
-148459.515    40.791    -0.92    1.87
-148086.957    40.490    -0.81    1.97
-147714.466    39.957    -1.43    1.80
-147342.042    39.700    -0.69    1.60
-146969.683    39.340    -0.97    2.01
-146597.390    38.754    -1.57    2.16
-146225.164    38.518    -0.63    1.89
-145853.003    37.935    -1.57    1.60
-145480.909    37.852    -0.22    1.44
-145108.880    37.132    -1.94    2.14
-144736.918    35.584    -4.16    2.39
-144365.021    34.669    -2.46    2.35
-143993.190    33.823    -2.28    2.74
-143621.425    33.657    -0.45    2.63
-143249.726    32.949    -1.90    2.90
-142878.092    31.712    -3.33    2.83
-142506.525    31.569    -0.39    2.79
-142135.022    31.594     0.07    2.70
-141763.586    31.449    -0.39    2.51
-141392.215    31.256    -0.52    2.15
-141020.910    31.157    -0.27    2.07
-140649.670    30.607    -1.48    1.85
-140278.496    30.107    -1.35    1.65
-139907.387    29.852    -0.69    1.45
-139536.344    30.023     0.46    1.72
-139165.366    30.404     1.03    1.88
-138794.453    30.309    -0.26    1.69
-138423.606    30.206    -0.28    1.52
-138052.824    29.922    -0.77    1.30
-137682.107    29.669    -0.68    1.08
-137311.455    29.982     0.84    1.33
-136940.869    30.382     1.08    1.38
-136570.348    30.799     1.13    1.20
-136199.892    30.478    -0.87    1.20
-135829.501    30.169    -0.83    1.18
-135459.175    29.811    -0.97    1.22
-135088.914    29.569    -0.65    1.08
-134718.718    29.603     0.09    1.14
-134348.587    29.612     0.03    0.98
-133978.521    29.986     1.01    1.00
-133608.520    29.957    -0.08    0.95
-133238.584    29.897    -0.16    0.85
-132868.712    30.448     1.49    1.28
-132498.906    31.240     2.14    1.64
-132129.164    32.070     2.25    1.34
-131759.486    32.294     0.61    0.96
-131389.874    32.144    -0.41    0.80
-131020.326    31.474    -1.81    1.96
-130650.842    30.962    -1.39    2.00
-130281.424    29.693    -3.43    2.74
-129912.069    28.894    -2.17    2.58
-129542.780    28.949     0.15    2.57
-129173.554    28.894    -0.15    2.89
-128804.394    29.386     1.33    2.77
-128435.297    29.301    -0.23    2.80
-128066.265    29.169    -0.36    2.47
-127697.297    28.343    -2.24    2.19
-127328.394    28.391     0.13    2.23
-126959.555    28.798     1.10    2.14
-126590.780    29.645     2.30    1.58
-126222.069    30.067     1.15    1.06
-125853.423    29.737    -0.90    1.21
-125484.840    29.625    -0.30    1.21
-125116.322    29.764     0.38    1.23
-124747.868    30.482     1.95    1.57
-124379.478    30.444    -0.10    2.67
-124011.151    28.982    -3.97    4.12
-123642.889    26.803    -5.92    4.54
-123274.691    24.786    -5.48    3.76
-122906.556    23.132    -4.49    2.21
-122538.486    24.007     2.38    3.10
-122170.479    25.944     5.27    3.78
-121802.536    26.425     1.31    3.74
-121434.657    25.651    -2.11    3.78
-121066.842    24.327    -3.60    3.21
-120699.090    23.419    -2.47    2.25
-120331.402    23.552     0.36    2.03
-119963.778    24.258     1.92    2.12
-119596.217    24.916     1.79    2.45
-119228.719    25.638     1.96    2.72
-118861.286    25.344    -0.80    2.77
-118493.915    24.630    -1.94    2.84
-118126.609    24.021    -1.66    2.24
-117759.365    24.503     1.31    2.50
-117392.185    25.749     3.39    3.14
-117025.069    27.677     5.25    3.43
-116658.016    29.357     4.58    2.75
-116291.026    30.688     3.63    1.58
-115914.680    30.706     0.05    1.21
-115534.619    30.604    -0.27    1.39
-115154.626    30.584    -0.05    1.66
-114774.702    29.407    -3.10    2.84
-114394.846    28.803    -1.59    3.43
-114015.059    27.549    -3.30    3.35
-113635.340    27.386    -0.43    3.75
-113255.689    27.469     0.22    3.85
-112876.106    27.419    -0.13    3.86
-112496.592    27.897     1.26    3.70
-112117.146    28.307     1.08    3.25
-111737.768    29.425     2.95    2.54
-111358.459    30.257     2.19    1.51
-110979.217    30.819     1.48    1.39
-110600.043    30.770    -0.13    1.79
-110220.938    30.256    -1.36    2.02
-109841.900    29.721    -1.41    2.07
-109462.931    28.774    -2.50    1.33
-109084.029    28.624    -0.40    1.32
-108705.195    28.432    -0.51    0.97
-108326.429    28.382    -0.13    0.95
-107947.731    28.354    -0.07    0.94
-107569.100    28.157    -0.52    0.00
-107190.538    28.157     0.00    0.00
-106812.043    28.157     0.00    0.00
-106433.615    28.194     0.10    0.34
-106055.256    28.510     0.84    1.37
-105676.963    29.055     1.44    1.90
-105298.739    29.404     0.92    2.01
-104920.582    29.580     0.47    1.99
-104542.492    30.084     1.33    2.02
-104164.470    29.736    -0.92    2.59
-103786.515    29.398    -0.89    2.85
-103408.628    28.170    -3.25    3.36
-103030.808    26.594    -4.17    3.14
-102653.055    25.728    -2.29    3.02
-102275.369    25.490    -0.63    2.95
-101897.751    25.802     0.83    2.84
-101520.200    26.364     1.49    2.97
-101142.716    26.482     0.31    2.95
-100765.299    26.894     1.09    2.92
-100387.949    28.132     3.28    2.74
-100010.666    28.749     1.64    2.38
 -99633.450    28.959     0.56    2.19
 -99256.301    28.032    -2.46    3.02
 -98879.220    25.919    -5.60    3.25
 -98502.205    24.611    -3.47    2.58
 -98125.256    24.559    -0.14    2.37
 -97748.375    25.352     2.10    2.87
 -97371.561    26.243     2.37    3.46
 -96994.813    26.373     0.34    3.97
 -96618.132    25.510    -2.29    4.03
 -96241.518    24.265    -3.31    3.35
 -95864.970    24.725     1.22    3.19
 -95488.489    26.533     4.80    3.57
 -95112.074    27.527     2.64    3.30
 -94735.726    27.897     0.98    3.17
 -94359.445    26.457    -3.83    3.73
 -93983.230    24.714    -4.63    3.17
 -93607.081    24.404    -0.82    3.10
 -93230.999    24.507     0.27    2.99
 -92854.983    24.619     0.30    2.71
 -92479.034    25.464     2.25    2.39
 -92103.151    26.058     1.58    1.74
 -91727.334    26.669     1.63    1.20
 -91351.583    27.132     1.23    1.31
 -90975.898    27.737     1.61    1.45
 -90600.280    28.473     1.96    2.05
 -90224.728    29.744     3.38    2.25
 -89849.242    30.790     2.78    2.29
 -89473.822    32.024     3.29    2.01
 -89098.468    33.105     2.88    1.07
 -88723.179    33.767     1.76    0.84
 -88347.957    34.696     2.48    1.46
 -87972.801    35.984     3.43    2.10
 -87597.711    37.591     4.28    2.17
 -87222.686    39.083     3.98    1.52
 -86847.727    39.933     2.27    0.90
 -86472.834    40.194     0.70    0.46
 -86098.007    40.144    -0.13    0.35
 -85723.245    40.120    -0.06    0.19
 -85348.550    39.819    -0.80    0.82
 -84973.919    38.725    -2.92    1.72
 -84599.355    37.283    -3.85    1.98
 -84224.856    35.844    -3.84    1.64
 -83850.422    35.336    -1.36    1.35
 -83476.054    36.457     2.99    2.59
 -83101.751    39.068     6.98    3.68
 -82727.514    42.256     8.52    3.68
 -82353.342    44.069     4.85    2.41
 -81979.236    43.294    -2.07    3.53
 -81605.195    39.477   -10.21    6.02
 -81231.219    34.169   -14.19    6.59
 -80857.308    29.601   -12.22    4.63
 -80483.463    28.157    -3.86    3.23
 -80109.683    30.777     7.01    6.20
 -79735.968    36.403    15.06    8.94
 -79362.318    43.272    18.38    7.78
 -78988.733    46.055     7.45    4.98
 -78615.213    45.712    -0.92    4.86
 -78241.758    42.207    -9.39    5.74
 -77868.368    38.942    -8.75    4.38
 -77495.044    37.529    -3.79    2.87
 -77121.784    37.382    -0.39    2.63
 -76748.588    38.752     3.67    2.56
 -76375.458    39.379     1.68    2.27
 -76002.393    38.977    -1.08    2.25
 -75629.392    38.457    -1.40    2.31
 -75256.456    37.433    -2.75    2.70
 -74883.585    37.544     0.30    3.16
 -74510.778    38.144     1.61    3.63
 -74138.036    40.354     5.93    4.28
 -73765.359    43.144     7.49    3.78
 -73392.746    44.819     4.50    2.84
 -73020.198    44.053    -2.06    3.91
 -72647.714    40.594    -9.29    6.18
 -72275.295    35.637   -13.31    5.83
 -71902.940    31.657   -10.69    3.90
 -71530.650    29.907    -4.70    1.91
 -71158.424    31.344     3.86    3.31
 -70786.262    34.290     7.92    4.47
 -70414.165    36.972     7.21    4.87
 -70042.132    38.644     4.49    4.18
 -69670.163    37.916    -1.96    3.61
 -69298.258    36.117    -4.84    2.59
 -68926.417    34.762    -3.64    2.69
 -68554.641    33.370    -3.74    3.23
 -68182.929    32.144    -3.30    3.17
 -67811.280    30.565    -4.25    3.08
 -67439.696    28.587    -5.32    2.45
 -67068.176    27.170    -3.81    1.38
 -66696.720    26.675    -1.33    0.91
 -66325.327    26.920     0.66    1.92
 -65953.999    27.502     1.57    3.58
 -65582.734    28.275     2.08    4.02
 -65211.534    28.926     1.75    3.77
 -64840.397    29.157     0.62    2.30
 -64469.324    29.354     0.53    1.04
 -64098.314    28.933    -1.14    1.48
 -63727.369    27.502    -3.86    2.39
 -63356.486    25.473    -5.47    2.48
 -62985.668    23.559    -5.16    1.93
 -62614.913    22.762    -2.15    1.28
 -62244.222    23.799     2.80    2.19
 -61873.594    25.637     4.96    2.58
 -61503.030    27.564     5.20    2.15
 -61132.529    28.503     2.54    1.36
 -60762.092    28.018    -1.31    1.81
 -60391.718    26.749    -3.43    2.27
 -60021.408    25.021    -4.67    2.69
 -59651.160    23.986    -2.80    2.58
 -59280.977    24.219     0.63    2.56
 -58910.856    25.597     3.72    2.82
 -58540.799    27.511     5.17    3.29
 -58170.804    28.352     2.27    2.88
 -57800.874    28.404     0.14    2.77
 -57431.006    27.572    -2.25    3.30
 -57061.201    25.257    -6.26    3.16
 -56691.459    23.367    -5.11    2.29
 -56321.781    22.435    -2.52    1.29
 -55952.165    22.435     0.00    1.00
 -55582.613    23.482     2.83    1.18
 -55213.123    24.298     2.21    1.00
 -54843.696    25.119     2.22    0.80
 -54474.332    25.682     1.52    0.66
 -54105.031    26.019     0.91    0.79
 -53735.793    26.739     1.95    1.38
 -53366.618    27.194     1.23    1.41
 -52997.505    27.321     0.34    1.10
 -52628.455    27.844     1.42    0.84
 -52259.468    27.452    -1.06    1.49
 -51890.543    25.894    -4.22    2.68
 -51521.681    23.972    -5.21    2.78
 -51152.882    21.984    -5.39    1.72
 -50784.145    21.419    -1.53    1.14
 -50415.471    22.016     1.62    1.77
 -50046.859    23.298     3.48    2.19
 -49678.310    25.118     4.94    1.60
 -49309.823    26.194     2.92    1.06
 -48941.398    26.626     1.17    0.96
 -48573.036    26.232    -1.07    1.46
 -48204.736    25.005    -3.33    2.17
 -47836.499    23.994    -2.74    2.01
 -47468.324    23.939    -0.15    2.45
 -47100.211    25.544     4.36    3.83
 -46732.160    28.980     9.33    4.11
 -46364.171    31.283     6.26    2.66
 -45996.245    32.617     3.63    1.34
 -45628.381    32.719     0.28    1.27
 -45260.578    32.278    -1.20    1.58
 -44892.838    31.922    -0.97    2.74
 -44525.160    31.917    -0.01    3.28
 -44157.544    31.897    -0.05    3.22
 -43789.990    31.262    -1.73    2.56
 -43422.497    31.069    -0.52    1.79
 -43055.067    30.359    -1.93    1.46
 -42687.698    29.782    -1.57    1.45
 -42320.392    29.103    -1.85    1.69
 -41953.147    27.334    -4.82    2.61
 -41585.964    26.055    -3.48    2.57
 -41212.661    26.269     0.57    2.61
 -40832.739    27.657     3.65    2.65
 -40452.884    29.510     4.88    2.07
 -40073.095    30.157     1.70    1.60
 -39693.374    28.811    -3.54    2.88
 -39313.718    26.245    -6.76    3.53
 -38934.130    23.444    -7.38    3.25
 -38554.607    21.708    -4.57    2.12
 -38175.152    21.285    -1.11    1.95
 -37795.762    21.900     1.62    3.09
 -37416.439    22.772     2.30    3.80
 -37037.183    23.790     2.68    4.07
 -36657.993    24.574     2.07    4.12
 -36278.869    26.258     4.44    3.74
 -35899.811    26.468     0.55    3.68
 -35520.820    25.832    -1.68    4.35
 -35141.894    24.873    -2.53    4.75
 -34763.035    23.539    -3.52    3.89
 -34384.242    22.016    -4.02    2.67
 -34005.515    21.169    -2.23    2.35
 -33626.855    20.461    -1.87    1.86
 -33248.260    19.811    -1.72    1.27
 -32869.731    19.313    -1.32    1.19
 -32491.268    18.926    -1.02    1.10
 -32112.871    18.900    -0.07    1.12
 -31734.540    19.580     1.80    1.81
 -31356.275    21.106     4.04    2.25
 -30978.075    22.078     2.57    1.77
 -30599.942    21.441    -1.68    2.47
 -30221.874    19.238    -5.83    3.99
 -29843.871    16.419    -7.46    3.95
 -29465.935    14.576    -4.88    2.47
 -29088.064    15.283     1.87    2.63
 -28710.258    17.701     6.40    2.97
 -28332.519    19.676     5.23    2.38
 -27954.844    20.741     2.82    1.70
 -27577.236    20.600    -0.37    1.45
 -27199.692    19.806    -2.10    1.83
 -26822.215    19.400    -1.07    2.43
 -26444.802    19.107    -0.78    2.80
 -26067.455    19.283     0.47    2.84
 -25690.173    19.992     1.88    3.27
 -25312.957    19.946    -0.12    3.68
 -24935.806    18.519    -3.78    4.37
 -24558.720    16.319    -5.84    5.14
 -24181.699    12.919    -9.02    5.02
 -23804.743     9.441    -9.23    3.19
 -23427.853     8.079    -3.61    1.95
 -23051.027     8.581     1.33    2.45
 -22674.267    11.069     6.60    3.61
 -22297.572    13.709     7.01    3.73
 -21920.941    15.069     3.61    2.98
 -21544.376    15.261     0.51    2.84
 -21167.875    13.913    -3.58    3.18
 -20791.440    11.786    -5.65    3.08
 -20415.069    10.557    -3.27    2.67
 -20038.763     9.593    -2.56    2.41
 -19662.522     9.261    -0.88    2.17
 -19286.346    10.157     2.38    2.51
 -18910.234    10.775     1.64    2.73
 -18534.187    10.452    -0.86    2.84
 -18158.205     9.359    -2.91    2.32
 -17782.287     7.638    -4.58    1.82
 -17406.434     6.837    -2.13    1.53
 -17030.645     6.774    -0.17    2.50
 -16654.921     6.924     0.40    3.32
 -16279.261     7.119     0.52    4.58
 -15903.666     6.819    -0.80    5.27
 -15528.135     6.018    -2.13    4.57
 -15152.669     5.391    -1.67    3.16
 -14777.267     4.919    -1.26    1.72
 -14401.929     5.210     0.77    1.15
 -14026.656     5.632     1.12    1.22
 -13651.447     6.452     2.19    1.59
 -13276.302     7.321     2.32    1.71
 -12901.221     7.670     0.93    1.57
 -12526.204     7.432    -0.63    1.72
 -12151.252     6.469    -2.57    2.20
 -11776.364     5.464    -2.68    2.26
 -11401.539     4.464    -2.67    2.11
 -11026.779     3.986    -1.28    2.09
 -10652.082     3.397    -1.57    2.24
 -10277.450     3.182    -0.57    2.50
  -9902.881     1.593    -4.24    4.08
  -9528.377     0.043    -4.14    5.02
  -9153.936    -0.995    -2.77    5.13
  -8779.559    -2.083    -2.91    4.55
  -8405.246    -2.756    -1.80    3.78
  -8030.997    -3.190    -1.16    3.48
  -7656.811    -3.263    -0.20    3.27
  -7282.689    -3.059     0.54    3.19
  -6908.630    -3.090    -0.08    3.44
  -6534.636    -2.777     0.84    3.61
  -6160.705    -2.843    -0.18    3.50
  -5786.837    -2.843     0.00    3.45
  -5413.033    -2.581     0.70    3.71
  -5039.292    -1.343     3.31    4.28
  -4665.615     0.019     3.65    5.44
  -4292.002     1.968     5.21    6.21
  -3918.451     2.767     2.14    6.44
  -3544.964     2.429    -0.90    6.06
  -3171.541     0.524    -5.10    5.14
  -2798.180    -0.870    -3.73    3.52
  -2424.883    -1.493    -1.67    2.37
  -2051.649    -0.791     1.88    1.70
  -1678.479     0.657     3.88    2.38
  -1305.371     2.836     5.84    3.41
   -932.327     4.840     5.37    3.20
   -559.346     4.888     0.13    3.40
   -186.428     2.300    -6.94    5.50
    186.428    -2.001   -11.53    5.59
    559.220    -5.194    -8.56    4.07
    931.949    -6.922    -4.64    2.14
   1304.615    -5.497     3.82    3.44
   1677.218    -3.343     5.78    3.74
   2049.759    -1.593     4.70    2.86
   2422.236    -0.189     3.77    0.48
   2794.651    -0.116     0.20    0.45
   3167.003    -0.210    -0.25    0.49
   3539.292    -0.291    -0.22    0.50
   3911.519    -0.489    -0.53    0.48
   4283.683    -0.574    -0.23    0.45
   4655.784    -0.134     1.18    1.17
   5027.823     0.823     2.57    1.72
   5399.799     1.170     0.93    1.68
   5771.712     1.023    -0.39    1.60
   6143.563     0.524    -1.34    1.32
   6515.351     0.246    -0.75    1.01
   6887.077     1.245     2.69    2.10
   7258.741     0.907    -0.91    3.55
   7630.342    -0.362    -3.41    4.90
   8001.881     0.105     1.26    6.28
   8373.357     0.567     1.24    6.48
   8744.772     1.736     3.15    5.41
   9116.123     2.944     3.25    2.91
   9487.413     2.709    -0.63    1.54
   9858.641     2.957     0.67    1.53
  10229.806     3.503     1.47    1.74
  10600.909     4.764     3.40    1.62
  10971.950     5.815     2.83    1.15
  11342.929     6.131     0.85    0.95
  11713.846     5.650    -1.30    1.41
  12084.701     4.357    -3.49    1.93
  12455.494     2.970    -3.74    1.84
  12826.225     2.169    -2.16    1.60
  13196.894     2.050    -0.32    1.56
  13567.501     3.029     2.64    2.00
  13938.046     4.262     3.33    1.86
  14308.529     5.118     2.31    1.33
  14678.951     5.170     0.14    1.20
  15049.311     4.007    -3.14    2.04
  15419.609     2.277    -4.67    2.19
  15789.845     0.844    -3.87    1.67
  16160.020     0.038    -2.18    0.86
  16530.133     0.157     0.32    0.89
  16900.185     0.930     2.09    1.09
  17270.175     1.559     1.70    0.95
  17640.103     1.757     0.53    0.68
  18009.970     1.600    -0.42    0.52
  18379.776     1.303    -0.80    0.36
  18749.519     1.269    -0.09    0.32
  19119.202     1.503     0.63    0.48
  19488.823     1.790     0.77    0.49
  19858.383     2.051     0.71    0.31
  20227.881     2.157     0.28    0.00
  20597.318     2.157     0.00    0.00
  20966.694     2.157     0.00    0.00
  21336.009     2.157     0.00    0.00
  21705.262     2.844     1.86    1.32
  22074.455     4.196     3.66    2.39
  22443.586     6.587     6.48    3.35
  22812.656     9.420     7.68    3.30
  23181.665    11.222     4.88    2.26
  23550.612    11.455     0.63    2.12
  23919.499     9.598    -5.03    3.54
  24288.325     6.507    -8.38    4.08
  24657.090     3.461    -8.26    3.06
  25025.794     2.196    -3.43    1.82
  25394.437     1.714    -1.31    2.42
  25763.019     1.288    -1.15    3.39
  26131.540     1.663     1.02    4.96
  26500.001     1.625    -0.10    5.63
  26868.401     1.397    -0.62    6.23
  27236.740     3.067     4.53    5.78
  27605.018     3.580     1.39    4.74
  27973.236     2.871    -1.92    4.75
  28341.393     3.157     0.78    4.58
  28709.489     3.657     1.36    5.25
  29077.525     4.352     1.89    5.69
  29445.500     5.676     3.60    6.04
  29813.414     8.041     6.43    5.58
  30181.268    10.221     5.92    4.46
  30549.062    11.871     4.49    1.97
  30916.795    11.708    -0.44    2.17
  31284.468    11.010    -1.90    2.31
  31652.080     9.894    -3.04    2.06
  32019.632     8.703    -3.24    1.26
  32387.124     8.473    -0.63    0.98
  32754.556     8.943     1.28    1.43
  33121.927     9.936     2.70    1.80
  33492.444    11.499     4.22    1.74
  33872.228    12.442     2.48    1.42
  34251.947    13.051     1.60    1.00
  34631.602    13.157     0.28    0.83
  35011.191    13.275     0.31    0.80
  35390.716    13.446     0.45    0.95
  35770.176    14.068     1.64    1.60
  36149.572    14.788     1.90    2.09
  36528.902    15.617     2.19    2.72
  36908.168    15.773     0.41    3.41
  37287.369    15.841     0.18    3.38
  37666.506    15.896     0.15    3.31
  38045.578    16.461     1.49    3.00
  38424.586    17.091     1.66    2.56
  38803.529    17.752     1.74    2.20
  39182.407    19.249     3.95    2.71
  39561.221    21.157     5.04    3.26
  39939.971    23.221     5.45    2.37
  40318.656    24.053     2.20    1.26
  40697.277    23.288    -2.02    1.53
  41075.834    21.783    -3.98    1.92
  41454.326    19.067    -7.18    3.49
  41832.754    16.075    -7.91    3.93
  42211.118    13.182    -7.65    3.70
  42589.418    11.444    -4.59    3.16
  42967.653    12.334     2.35    3.99
  43345.825    14.762     6.42    4.58
  43723.932    17.841     8.14    3.26
  44101.976    19.372     4.05    2.12
  44479.955    18.644    -1.93    3.00
  44857.870    16.741    -5.03    3.65
  45235.722    14.183    -6.77    3.27
  45613.509    12.245    -5.13    2.11
  45991.233    12.630     1.02    2.78
  46368.892    15.007     6.29    4.77
  46746.488    18.886    10.27    5.10
  47124.020    22.604     9.85    4.34
  47501.489    25.323     7.20    2.77
  47878.893    27.235     5.06    2.52
  48256.234    29.319     5.52    2.67
  48633.512    31.503     5.79    2.91
  49010.725    33.183     4.45    1.87
  49387.875    33.511     0.87    1.31
  49764.962    33.025    -1.29    1.33
  50141.985    32.341    -1.81    1.05
  50518.944    31.793    -1.45    1.04
  50895.841    31.287    -1.34    1.09
  51272.673    30.130    -3.07    2.08
  51649.442    29.130    -2.65    2.42
  52026.148    28.328    -2.13    2.49
  52402.791    27.970    -0.95    2.36
  52779.370    27.752    -0.58    1.91
  53155.886    27.365    -1.03    1.49
  53532.339    26.802    -1.49    1.41
  53908.728    26.417    -1.02    1.45
  54285.055    26.170    -0.66    1.78
  54661.318    26.423     0.67    2.14
  55037.518    27.290     2.30    2.80
  55413.655    29.144     4.93    3.31
  55789.729    31.144     5.32    3.04
  56165.740    32.754     4.28    2.32
  56541.688    33.118     0.97    2.11
  56917.573    32.943    -0.46    2.07
  57293.395    32.183    -2.02    1.55
  57669.154    31.081    -2.93    1.76
  58044.851    30.407    -1.79    1.80
  58420.484    30.003    -1.08    1.64
  58796.055    29.696    -0.82    1.36
  59171.563    29.494    -0.54    1.57
  59547.008    28.576    -2.45    2.60
  59922.391    26.459    -5.64    3.18
  60297.711    24.278    -5.81    3.19
  60672.968    22.244    -5.42    2.76
  61048.163    21.435    -2.16    2.03
  61423.295    22.232     2.13    2.74
  61798.365    25.077     7.58    4.91
  62173.372    29.259    11.15    6.79
  62548.317    33.486    11.27    6.03
  62923.199    35.670     5.83    4.47
  63298.019    34.262    -3.76    5.13
  63672.776    30.130   -11.02    6.51
  64047.471    25.676   -11.89    5.34
  64422.104    23.663    -5.37    3.32
  64796.675    23.983     0.85    3.03
  65171.183    26.617     7.03    4.40
  65545.629    27.593     2.60    5.10
  65920.013    26.525    -2.85    4.36
  66294.335    24.708    -4.85    3.19
  66668.594    24.025    -1.82    2.41
  67042.792    25.143     2.99    2.74
  67416.927    26.583     3.85    3.24
  67791.001    28.828     6.00    3.50
  68165.012    30.927     5.61    2.99
  68538.962    31.362     1.16    2.81
  68912.849    30.476    -2.37    3.13
  69286.675    28.836    -4.39    2.93
  69660.438    27.601    -3.30    2.05
  70034.140    27.769     0.45    2.34
  70407.780    28.759     2.65    3.35
  70781.359    30.223     3.92    3.55
  71154.875    31.609     3.71    2.98
  71528.330    32.420     2.17    1.96
  71901.723    31.749    -1.80    2.46
  72275.055    29.798    -5.23    3.64
  72648.325    26.903    -7.75    3.76
  73021.533    23.891    -8.07    3.84
  73394.680    20.427    -9.28    3.95
  73767.765    18.682    -4.68    4.15
  74140.788    17.762    -2.47    5.63
  74513.751    15.819    -5.21    7.36
  74886.651    14.105    -4.60    8.00
  75259.491    11.196    -7.80    7.13
  75632.269    10.131    -2.86    5.62
  76004.985     9.533    -1.60    5.82
  76377.641     7.066    -6.62    7.19
  76750.235     4.525    -6.82    7.90
  77122.767     0.871    -9.81    5.53
  77495.239    -0.030    -2.42    4.58
  77867.649     0.888     2.46    4.49
  78239.999     2.933     5.49    2.24
  78612.287     3.567     1.70    1.68
  78984.514     3.877     0.83    1.78
  79356.679     4.341     1.25    1.68
  79728.784     4.394     0.14    1.71
  80100.828     5.249     2.30    1.97
  80472.811     6.210     2.58    2.37
  80844.733     7.038     2.23    2.03
  81216.594     7.677     1.72    0.87
  81588.394     7.144    -1.43    0.91
  81960.133     6.726    -1.12    0.60
  82331.812     7.357     1.70    1.38
  82703.429     8.393     2.79    1.65
  83074.986     9.554     3.13    1.43
  83446.482    10.636     2.91    0.73
  83817.917    10.999     0.98    0.65
  84189.292    11.428     1.16    0.51
  84560.606    11.525     0.26    0.51
  84931.860    11.421    -0.28    0.58
  85303.052    11.157    -0.71    0.71
  85674.185    10.349    -2.18    1.20
  86045.256     9.385    -2.60    1.89
  86416.268     8.823    -1.51    2.29
  86787.219     8.444    -1.02    2.79
  87158.109     8.129    -0.85    3.03
  87528.939     8.040    -0.24    2.81
  87899.708     7.622    -1.13    2.86
  88270.418     8.275     1.76    2.84
  88641.067     9.129     2.30    2.88
  89011.655    10.512     3.73    2.94
  89382.184    11.773     3.40    1.82
  89752.652    11.090    -1.84    2.36
  90123.060     9.143    -5.26    3.08
  90493.407     6.682    -6.64    2.73
  90863.695     5.035    -4.45    1.43
  91233.922     5.057     0.06    1.48
  91604.090     6.008     2.57    2.16
  91974.197     7.746     4.70    2.26
  92344.245     9.359     4.36    1.39
  92714.232    10.050     1.87    0.97
  93084.159    10.508     1.24    0.90
  93454.027    10.367    -0.38    1.16
  93823.835    10.129    -0.64    1.55
  94193.582    10.383     0.69    1.83
  94563.270    10.873     1.32    1.84
  94932.898    11.734     2.33    3.07
  95302.466     9.170    -6.94    7.18
  95671.975     4.397   -12.92    9.64
  96041.424     0.170   -11.44    8.97
  96410.813    -2.856    -8.19    5.19
  96780.142    -1.505     3.66    4.07
  97149.412     0.854     6.39    4.24
  97518.622     3.143     6.20    3.51
  97887.773     4.551     3.81    3.38
  98256.864     6.312     4.77    4.04
  98625.896     8.696     6.46    5.48
  98994.868    12.832    11.21    7.61
  99363.780    16.023     8.65    8.78
  99732.633    19.075     8.27    9.17
 100101.427    21.806     7.41    7.20
 100470.161    23.462     4.49    5.97
 100838.837    23.819     0.97    5.17
 101207.452    22.532    -3.49    5.39
 101576.009    19.806    -7.39    5.62
 101944.506    17.018    -7.57    4.66
 102312.944    16.315    -1.91    4.28
 102681.323    17.393     2.93    5.20
 103049.642    18.894     4.07    6.04
 103417.903    18.957     0.17    6.29
 103786.104    15.854    -8.43    7.41
 104154.246    13.421    -6.61    6.51
 104522.329    13.157    -0.72    6.10
 104890.354    15.310     5.85    7.24
 105258.319    18.309     8.15    7.05
 105626.225    19.393     2.95    6.60
 105994.072    20.819     3.88    7.25
 106361.861    22.004     3.22    6.88
 106729.590    23.144     3.10    6.40
 107097.261    25.379     6.08    3.37
 107464.873    24.117    -3.43    3.04
 107832.426    22.691    -3.88    3.63
 108200.399    21.503    -3.23    3.15
 108580.048    20.757    -1.97    3.21
 108959.635    20.157    -1.58    4.79
 109339.158    19.033    -2.96    5.57
 109718.618    17.486    -4.08    5.27
 110098.015    17.850     0.96    5.04
 110477.349    20.455     6.87    7.82
 110856.620    22.917     6.49    8.55
 111235.827    25.805     7.62    7.32
 111614.972    26.339     1.41    7.52
 111994.054    23.090    -8.57    8.53
 112373.073    21.183    -5.03    9.55
 112752.029    18.254    -7.73    8.44
 113130.923    17.723    -1.40    6.06
 113509.753    17.914     0.51    5.06
 113888.521    17.877    -0.10    5.06
 114267.226    17.657    -0.58    5.72
 114645.868    19.196     4.07    7.05
 115024.448    20.330     2.99    7.15
 115402.964    22.315     5.24    7.37
 115781.419    28.367    15.99    9.29
 116159.810    30.090     4.55    8.10
 116538.140    29.939    -0.40    7.46
 116916.406    27.981    -5.18    7.56
 117294.610    24.195   -10.01    4.22
 117672.752    21.879    -6.12    2.24
 118050.831    21.565    -0.83    1.74
 118428.848    22.129     1.49    2.22
 118806.802    22.223     0.25    2.42
 119184.695    22.170    -0.14    2.40
 119562.524    22.581     1.09    2.70
 119940.292    23.078     1.31    2.46
 120317.997    23.871     2.10    2.16
 120695.640    24.499     1.66    1.98
 121073.221    24.130    -0.98    2.03
 121450.740    23.811    -0.85    2.13
 121828.196    24.266     1.21    2.57
 122205.591    23.944    -0.85    2.73
 122582.923    24.018     0.20    2.85
 122960.194    24.220     0.54    2.72
 123337.402    23.351    -2.30    1.99
 123714.549    23.315    -0.10    1.77
 124091.633    22.517    -2.12    1.34
 124468.656    21.841    -1.79    0.73
 124845.617    21.837    -0.01    0.66
 125222.516    22.250     1.10    1.05
 125599.353    22.997     1.98    1.36
 125976.128    23.810     2.16    1.08
 126352.842    24.617     2.14    0.92
 126729.493    25.357     1.96    1.03
 127106.084    26.481     2.99    1.65
 127482.612    27.773     3.43    1.93
 127859.079    28.871     2.92    1.60
 128235.484    29.073     0.54    1.48
 128611.828    27.875    -3.18    2.30
 128988.110    26.032    -4.90    2.39
 129364.331    24.554    -3.93    1.67
 129740.490    24.292    -0.70    1.42
 130116.588    25.455     3.09    2.38
 130492.624    27.846     6.36    2.95
 130868.599    30.065     5.90    2.62
 131244.513    31.999     5.14    1.68
 131620.365    33.157     3.08    1.04
 131996.156    34.223     2.84    1.33
 132371.886    35.035     2.16    1.43
 132747.555    35.943     2.42    1.19
 133123.162    36.490     1.46    1.00
 133498.708    37.038     1.46    1.30
 133874.193    37.379     0.91    1.59
 134249.617    37.689     0.83    1.68
 134624.980    37.587    -0.27    1.60
 135000.282    37.503    -0.22    1.44
 135375.523    38.365     2.30    2.26
 135750.702    40.208     4.91    2.94
 136125.821    41.499     3.44    2.45
 136500.879    41.209    -0.77    2.53
 136875.876    39.454    -4.68    3.43
 137250.812    36.997    -6.55    4.38
 137625.688    34.130    -7.65    5.16
 138000.502    31.917    -5.90    5.09
 138375.256    30.637    -3.42    4.60
 138749.949    30.565    -0.19    3.71
 139124.581    32.025     3.90    3.32
 139499.153    33.970     5.19    2.83
 139873.664    35.988     5.39    1.74
 140248.114    36.983     2.66    0.91
 140622.504    37.259     0.74    0.52
 140996.833    37.020    -0.64    0.56
 141371.102    36.719    -0.80    0.50
 141745.310    36.323    -1.06    0.65
 142119.457    35.904    -1.12    0.71
 142493.545    35.282    -1.66    0.73
 142867.571    34.957    -0.87    0.68
 143241.538    35.072     0.31    1.07
 143615.444    36.303     3.29    2.35
 143989.290    38.240     5.18    3.93
 144363.075    40.697     6.57    5.49
 144736.800    43.508     7.52    6.02
 145110.465    46.239     7.31    5.67
 145484.070    49.197     7.92    4.23
 145857.614    51.427     5.97    2.90
 146231.099    52.810     3.70    2.02
 146604.523    51.749    -2.84    4.53
 146977.887    45.103   -17.80   11.26
 147351.191    37.063   -21.53   12.74
 147724.435    29.407   -20.51    9.22
 148097.619    25.386   -10.77    4.55
 148470.744    24.880    -1.36    2.59
 148843.808    25.238     0.96    2.65
 149216.812    24.923    -0.84    2.25
 149589.756    24.307    -1.65    2.07
 149962.641    23.170    -3.05    2.00
 150335.466    22.670    -1.34    1.95
 150708.230    22.717     0.12    1.88
 151080.936    22.585    -0.35    1.71
 151453.581    23.050     1.25    1.62
 151826.167    23.442     1.05    1.22
 152198.693    23.997     1.49    1.21
 152571.159    24.542     1.46    1.44
 152943.566    24.903     0.97    1.35
 153315.913    25.271     0.99    1.65
 153688.200    25.736     1.25    2.33
 154060.429    25.472    -0.71    2.34
 154432.597    25.197    -0.74    2.92
 154804.706    24.417    -2.10    2.74
 155176.756    23.823    -1.60    2.60
 155548.746    23.718    -0.28    2.61
 155920.677    23.170    -1.47    1.95
 156292.548    22.778    -1.05    1.20
 156664.360    22.910     0.35    1.28
 157036.113    22.589    -0.86    1.26
 157407.807    22.486    -0.28    1.33
 157779.441    22.623     0.37    1.14
 158151.016    22.749     0.34    1.07
 158522.532    22.663    -0.23    1.16
 158893.989    22.801     0.37    1.20
 159265.386    23.380     1.56    1.11
 159636.725    23.677     0.80    1.03
 160008.004    24.090     1.11    1.09
 160379.225    24.423     0.90    1.48
 160750.386    25.637     3.27    3.20
 161121.489    26.223     1.58    3.46
 161492.532    26.854     1.70    3.70
 161863.517    27.663     2.18    4.25
 162234.442    28.473     2.18    4.48
 162605.309    29.433     2.59    5.16
 162976.117    29.490     0.15    6.17
 163346.866    28.116    -3.71    6.73
 163717.556    26.858    -3.39    6.66
 164088.188    25.346    -4.08    5.44
 164458.761    25.130    -0.58    4.45
 164829.275    26.129     2.70    4.51
 165199.730    27.494     3.68    4.18
 165570.127    28.089     1.61    3.61
 165940.465    26.741    -3.64    2.73
 166310.745    25.570    -3.16    2.51
 166680.966    24.703    -2.34    2.91
 167051.129    23.546    -3.13    3.12
 167421.233    21.968    -4.26    2.30
 167791.278    21.198    -2.08    1.59
 168161.265    21.414     0.58    1.80
 168531.194    21.847     1.17    1.89
 168901.064    22.237     1.05    1.73
 169270.876    22.312     0.20    1.86
 169640.630    22.211    -0.27    1.43
 170010.325    22.269     0.16    1.30
 170379.962    22.770     1.35    1.28
 170749.541    23.072     0.82    1.39
 171119.062    23.103     0.08    1.37
 171488.524    23.157     0.14    1.41
 171857.928    23.196     0.11    1.15
 172227.274    23.340     0.39    1.15
 172596.562    23.572     0.63    1.14
 172965.792    23.810     0.64    1.06
 173334.964    23.772    -0.10    1.35
 173704.078    23.976     0.55    1.79
 174073.134    24.262     0.77    1.84
 174442.132    24.819     1.51    1.74
 174811.072    25.450     1.71    1.65
 175179.954    26.269     2.22    1.55
 175548.778    27.063     2.15    1.61
 175917.544    28.014     2.58    1.30
 176286.253    28.797     2.12    1.68
 176654.903    29.371     1.56    1.69
 177023.496    29.437     0.18    1.78
 177392.031    29.114    -0.87    1.87
 177760.509    28.730    -1.04    1.54
 178128.929    28.340    -1.06    1.48
 178497.291    28.730     1.06    2.01
 178865.595    28.414    -0.86    2.08
 179233.842    27.805    -1.65    1.99
 179602.031    27.523    -0.77    2.09
 179970.163    26.637    -2.41    1.29
 180338.237    25.951    -1.86    1.25
 180706.254    25.117    -2.27    1.57
 181074.213    23.992    -3.06    1.79
 181442.115    22.871    -3.05    1.97
 181809.959    21.718    -3.13    1.72
 182177.746    20.736    -2.67    1.22
 182545.476    20.006    -1.98    1.11
 182913.148    19.854    -0.41    1.21
 183290.642    20.049     0.52    1.58
 183670.099    20.274     0.59    1.52
 184049.493    20.698     1.12    1.44
 184428.827    20.999     0.79    1.20
 184808.098    21.335     0.89    0.99
 185187.309    21.494     0.42    0.93
 185566.458    20.941    -1.46    1.70
 185945.546    20.223    -1.89    2.06
 186324.572    19.236    -2.61    2.12
 186703.537    18.718    -1.36    1.93
 187082.441    19.373     1.73    2.11
 187461.284    20.214     2.22    1.89
 187840.066    21.237     2.70    1.30
 188218.786    21.971     1.94    1.15
 188597.445    22.850     2.32    1.45
 188976.043    23.691     2.22    1.59
 189354.580    24.855     3.08    2.33
 189733.056    25.846     2.62    2.39
 190111.471    26.441     1.57    2.36
 190489.825    26.981     1.43    2.34
 190868.119    26.335    -1.71    1.85
 191246.351    25.370    -2.55    1.86
 191624.522    24.706    -1.76    1.67
 192002.632    23.797    -2.40    1.71
 192380.682    23.571    -0.60    2.19
 192758.671    23.223    -0.92    2.66
 193136.599    24.253     2.72    4.92
 193514.466    24.183    -0.18    4.07
 193892.273    24.684     1.33    2.45
 194270.019    25.263     1.53    2.44
 194647.704    24.886    -1.00    2.91
 195025.329    24.103    -2.08    3.17
 195402.893    23.236    -2.30    3.47
 195780.396    23.157    -0.21    3.41
 196157.839    23.144    -0.03    3.02
 196535.222    23.354     0.56    3.23
 196912.544    25.397     5.41    6.16
 197289.806    28.072     7.09    7.63
 197667.007    32.010    10.44    8.96
 198044.147    36.587    12.13    9.01
 198421.228    39.209     6.95    7.46
 198798.248    37.472    -4.61    8.04
 199175.208    31.981   -14.56    9.99
 199552.107    26.022   -15.81    8.97
 199928.947    22.238   -10.04    6.02
 200305.726    19.792    -6.49    1.85
 200682.445    19.759    -0.09    2.09
 201059.104    19.650    -0.29    2.12
 201435.702    19.636    -0.04    2.16
 201812.241    19.330    -0.81    1.99
 202188.720    19.857     1.40    2.64
 202565.138    19.450    -1.08    3.68
 202941.497    19.328    -0.32    4.51
 203317.795    20.481     3.06    4.82
 203694.034    21.349     2.31    5.00
 204070.212    21.481     0.35    4.82
 204446.331    21.765     0.75    4.54
 204822.390    21.278    -1.29    4.55
 205198.389    21.557     0.74    4.13
 205574.329    21.927     0.98    3.89
 205950.208    21.459    -1.24    4.08
 206326.028    21.020    -1.17    4.03
 206701.788    20.623    -1.05    4.68
 207077.489    20.323    -0.80    4.54
 207453.130    20.050    -0.73    3.82
 207828.711    19.907    -0.38    2.47
 208204.232    19.557    -0.93    0.81
 208579.695    19.579     0.06    0.98
 208955.097    19.709     0.35    0.90
 209330.440    19.935     0.60    0.81
 209705.724    20.078     0.38    0.81
 210080.948    20.278     0.53    0.78
 210456.112    20.223    -0.15    0.88
 210831.218    19.968    -0.68    1.00
 211206.264    20.238     0.72    1.13
 211581.250    20.643     1.08    1.42
 211956.177    21.292     1.73    1.44
 212331.045    22.104     2.17    1.21
 212705.854    22.587     1.29    0.96
 213080.604    22.903     0.84    0.74
 213455.294    23.657     2.01    2.13
 213829.925    29.557    15.75   11.75
 214204.497    36.157    17.62   14.23
 214579.010    40.343    11.18   12.68
 214953.464    44.671    11.56    9.75
 215327.859    46.954     6.10    7.56
 215702.195    48.424     3.93    7.09
 216076.472    49.705     3.42    5.58
 216450.690    49.924     0.59    5.49
 216824.849    49.814    -0.29    5.63
 217198.949    48.568    -3.33    5.17
 217572.990    47.495    -2.87    4.82
 217946.972    46.797    -1.87    4.06
 218320.896    47.490     1.85    3.91
 218694.760    49.088     4.27    4.37
 219068.566    50.310     3.27    4.40
 219442.314    50.581     0.73    3.75
 219816.002    50.768     0.50    3.57
 220189.632    50.102    -1.78    1.85
 220563.203    50.242     0.38    1.13
 220936.716    50.724     1.29    2.39
 221310.170    52.039     3.52    4.01
 221683.565    52.850     2.17    4.14
 222056.902    53.480     1.69    3.54
 222430.181    53.663     0.49    3.03
 222803.401    54.421     2.03    2.55
 223176.562    54.630     0.56    1.39
 223549.665    55.326     1.87    1.16
 223922.710    55.751     1.14    0.99
 224295.696    56.198     1.20    0.97
 224668.624    56.578     1.02    0.96
 225041.494    56.810     0.62    0.87
 225414.305    56.623    -0.50    1.03
 225787.058    56.609    -0.04    1.05
 226159.753    56.319    -0.78    1.15
 226532.390    56.212    -0.29    1.19
 226904.968    56.170    -0.11    1.31
 227277.488    56.130    -0.11    1.25
 227649.951    56.468     0.91    1.31
 228022.355    56.427    -0.11    1.31
 228394.701    56.076    -0.94    1.33
 228766.989    55.410    -1.79    1.50
 229139.219    55.004    -1.09    1.43
 229511.391    55.037     0.09    1.34
 229883.505    55.240     0.55    1.37
 230255.561    55.290     0.13    1.40
 230627.560    55.157    -0.36    1.37
 230999.500    54.765    -1.05    1.31
 231371.383    54.532    -0.63    1.05
 231743.208    54.842     0.83    0.98
 232114.975    54.810    -0.09    1.00
 232486.684    54.981     0.46    0.94
 232858.335    54.907    -0.20    1.00
 233229.929    54.983     0.21    0.81
 233601.465    55.058     0.20    0.88
 233972.944    55.103     0.12    0.75
 234344.365    54.869    -0.63    0.90
 234715.728    54.319    -1.48    1.10
 235087.034    53.351    -2.61    1.37
 235458.282    52.050    -3.50    1.82
 235829.473    51.568    -1.30    1.96
 236200.606    52.330     2.05    2.55
 236571.682    53.393     2.86    3.04
 236942.700    53.265    -0.34    2.86
 237313.661    52.726    -1.45    3.02
 237684.565    51.691    -2.79    2.38
 238055.411    50.740    -2.56    1.10
 238426.200    50.859     0.32    1.16
 238796.931    50.732    -0.34    1.33
 239167.606    51.130     1.07    1.57
 239538.223    51.554     1.14    1.71
 239908.783    52.346     2.14    2.04
 240279.285    53.061     1.93    1.91
 240649.731    53.129     0.18    1.83
 241020.119    53.554     1.15    1.67
 241390.451    53.814     0.70    1.41
 241760.725    54.253     1.18    1.42
 242130.942    55.035     2.11    1.19
 242501.102    55.778     2.01    1.11
 242871.206    56.116     0.91    0.99
 243241.252    56.718     1.63    0.91
 243611.241    57.033     0.85    0.93
 243981.174    57.444     1.11    0.99
 244351.049    57.759     0.85    0.79
 244720.868    57.814     0.15    0.69
 245090.630    57.691    -0.33    0.82
 245460.335    57.417    -0.74    0.85
 245829.983    57.018    -1.08    0.94
 246199.574    56.773    -0.66    1.01
 246569.109    56.448    -0.88    1.00
 246938.587    56.088    -0.97    1.02
 247308.009    55.837    -0.68    0.84
 247677.373    55.198    -1.73    1.05
 248046.681    54.865    -0.90    1.35
 248415.933    54.732    -0.36    1.94
 248785.128    54.819     0.23    2.15
 249154.266    55.427     1.65    2.19
 249523.348    55.055    -1.01    2.54
 249892.374    54.211    -2.29    2.73
 250261.343    53.215    -2.70    2.69
 250630.255    52.968    -0.67    3.02
 250999.112    53.736     2.08    3.28
 251367.911    55.050     3.56    3.53
 251736.655    56.128     2.92    3.87
 252105.342    57.903     4.82    4.28
 252473.973    58.548     1.75    3.84
 252842.547    58.450    -0.27    3.23
 253211.066    58.099    -0.95    3.10
 253579.528    57.330    -2.09    2.72
 253947.934    57.055    -0.75    2.44
 254316.283    57.423     1.00    2.04
 254684.577    57.476     0.14    1.46
 255052.814    57.823     0.94    1.12
 255420.996    58.287     1.26    1.01
 255789.121    58.743     1.24    0.79
 256157.190    58.968     0.61    0.77
 256525.204    59.263     0.80    0.88
 256893.161    59.403     0.38    0.95
 257261.062    59.730     0.89    0.92
 257628.908    60.012     0.77    0.84
 258003.991    60.330     0.85    0.88
 258383.320    60.664     0.88    0.74
 258762.589    60.610    -0.14    0.72
 259141.798    60.340    -0.71    0.88
 259520.948    59.801    -1.42    0.89
 259900.037    59.073    -1.92    1.00
 260279.067    58.357    -1.89    0.96
 260658.038    57.650    -1.86    0.87
 261036.948    57.171    -1.26    0.93
 261415.799    57.472     0.79    1.39
 261794.590    58.113     1.69    1.76
 262173.322    58.703     1.56    1.67
 262551.994    58.954     0.66    1.31
 262930.607    59.636     1.80    1.95
 263309.160    60.410     2.04    2.50
 263687.653    60.896     1.28    2.44
 264066.087    60.503    -1.04    2.62
 264444.462    59.886    -1.63    2.44
 264822.777    59.139    -1.97    1.97
