-182675.801    47.829     0.00    8.67
-182301.003    42.773   -13.49    8.57
-181926.146    37.234   -14.77    5.26
-181551.228    34.410    -7.53    2.02
-181176.252    33.303    -2.95    1.57
-180801.215    32.616    -1.83    1.28
-180426.119    32.273    -0.92    1.01
-180050.963    32.144    -0.34    0.95
-179675.747    32.243     0.27    1.03
-179300.471    32.870     1.67    1.44
-178925.136    33.715     2.25    1.65
-178549.741    34.696     2.61    1.63
-178174.285    35.416     1.92    2.24
-177798.770    37.647     5.94    3.98
-177423.195    41.943    11.44    6.81
-177047.560    47.596    15.05    8.13
-176671.865    52.533    13.14    7.05
-176296.109    56.350    10.16    4.56
-175920.294    58.163     4.83    3.92
-175544.419    58.523     0.96    2.92
-175168.483    58.444    -0.21    2.31
-174792.487    58.048    -1.05    1.91
-174416.432    56.349    -4.52    3.19
-174040.315    50.566   -15.37    8.39
-173664.139    46.477   -10.87    8.03
-173287.902    47.510     2.75    7.77
-172911.605    50.405     7.69    8.07
-172535.248    54.217    10.13    5.84
-172158.830    56.715     6.64    2.63
-171782.352    56.363    -0.93    2.77
-171405.814    56.158    -0.55    2.43
-171029.215    56.471     0.83    2.27
-170652.555    56.755     0.75    2.30
-170275.835    56.563    -0.51    2.60
-169899.054    56.537    -0.07    3.04
-169522.213    56.937     1.06    3.21
-169145.311    57.585     1.72    3.56
-168768.349    57.021    -1.50    4.05
-168391.326    55.535    -3.94    4.18
-168014.242    53.641    -5.02    3.24
-167637.098    52.977    -1.76    1.79
-167259.892    53.710     1.94    1.50
-166882.626    54.870     3.07    1.30
-166505.299    55.692     2.18    1.00
-166127.911    56.078     1.02    0.99
-165750.463    56.201     0.33    1.01
-165372.953    56.140    -0.16    1.03
-164995.383    56.043    -0.26    1.07
-164617.751    55.701    -0.91    1.23
-164240.059    55.482    -0.58    1.22
-163862.305    55.021    -1.22    1.29
-163484.491    54.296    -1.92    1.34
-163106.615    53.434    -2.28    1.50
-162728.678    52.017    -3.75    1.95
-162350.680    51.048    -2.56    1.94
-161972.621    50.497    -1.46    2.06
-161594.501    50.432    -0.17    2.29
-161216.319    51.021     1.56    2.32
-160838.076    52.201     3.12    2.29
-160459.772    53.270     2.83    1.96
-160081.407    54.298     2.72    1.66
-159702.980    54.620     0.85    1.77
-159324.492    54.662     0.11    1.55
-158945.942    54.585    -0.20    1.51
-158567.331    54.363    -0.59    1.65
-158188.658    53.849    -1.36    1.99
-157809.924    53.287    -1.48    1.87
-157431.129    52.891    -1.05    1.92
-157052.271    51.903    -2.61    2.14
-156673.352    50.931    -2.57    2.35
-156294.372    49.963    -2.55    2.51
-155915.330    48.482    -3.91    2.89
-155536.226    46.114    -6.25    4.16
-155157.060    43.065    -8.04    4.99
-154777.833    40.974    -5.51    3.83
-154398.544    41.561     1.55    4.12
-154019.193    44.562     7.91    4.64
-153639.780    47.897     8.79    3.55
-153260.305    49.760     4.91    2.55
-152890.719    50.527     2.08    2.59
-152523.106    50.856     0.89    2.73
-152155.436    51.296     1.20    2.67
-151787.707    51.766     1.28    2.23
-151419.921    52.457     1.88    1.98
-151052.077    53.664     3.28    1.96
-150684.175    54.910     3.39    1.86
-150316.216    56.103     3.24    1.62
-149948.198    56.640     1.46    1.39
-149580.123    57.016     1.02    1.59
-149211.990    56.838    -0.48    1.73
-148843.799    56.793    -0.12    2.23
-148475.550    56.531    -0.71    2.31
-148107.243    56.057    -1.28    2.31
-147738.878    55.377    -1.85    2.60
-147370.455    55.602     0.61    2.60
-147001.974    55.737     0.37    2.29
-146633.435    56.447     1.93    2.17
-146264.838    57.548     2.99    2.35
-145896.182    58.834     3.49    2.51
-145527.469    60.123     3.50    2.21
-145158.697    61.548     3.86    1.90
-144789.867    63.083     4.16    2.04
-144420.979    64.462     3.74    2.05
-144052.032    65.657     3.24    1.55
-143683.027    66.391     1.99    1.10
-143313.964    66.206    -0.50    1.14
-142944.843    65.588    -1.67    1.41
-142575.663    64.683    -2.45    1.52
-142206.424    63.946    -2.00    1.11
-141837.127    63.561    -1.04    1.28
-141467.772    63.238    -0.87    1.25
-141098.358    62.749    -1.32    1.36
-140728.886    62.349    -1.08    1.65
-140359.355    63.091     2.01    3.32
-139989.766    63.752     1.79    4.33
-139620.117    66.337     6.99    4.80
-139250.411    68.757     6.55    4.27
-138880.645    70.324     4.24    2.47
-138510.821    70.246    -0.21    2.33
-138140.938    69.257    -2.68    3.27
-137770.996    68.020    -3.34    3.25
-137400.996    67.110    -2.46    4.01
-137030.937    66.799    -0.84    5.43
-136660.819    68.350     4.19    6.81
-136290.642    69.870     4.10    8.54
-135920.406    69.110    -2.05   10.70
-135550.111    66.742    -6.40    9.81
-135179.757    66.864     0.33    9.89
-134809.344    68.911     5.53   10.39
-134438.872    74.184    14.23    9.87
-134068.341    78.021    10.35    6.76
-133697.751    75.492    -6.82    8.31
-133327.102    71.295   -11.32   10.04
-132956.394    66.351   -13.33   10.13
-132585.627    63.404    -7.95   10.23
-132214.800    62.753    -1.75   11.44
-131843.914    60.683    -5.58   11.61
-131472.969    61.523     2.26   10.85
-131101.965    65.596    10.98   10.49
-130730.901    68.116     6.79    8.98
-130359.778    69.843     4.65    6.39
-129988.596    69.431    -1.11    5.36
-129617.354    70.270     2.26    5.80
-129246.053    70.390     0.32    5.60
-128874.692    69.057    -3.59    6.63
-128503.272    69.114     0.15    6.38
-128131.793    69.963     2.29    6.18
-127760.254    70.657     1.87    5.76
-127388.655    71.097     1.18    5.32
-127016.996    70.809    -0.77    5.72
-126645.278    71.106     0.80    7.00
-126273.501    74.137     8.15    8.37
-125901.663    75.653     4.08    7.16
-125529.766    74.995    -1.77    6.77
-125157.810    73.021    -5.31    7.68
-124785.793    71.012    -5.40    7.21
-124413.717    71.897     2.38    6.91
-124041.580    73.120     3.29    4.62
-123669.384    72.062    -2.84    5.50
-123297.128    68.498    -9.57    7.26
-122924.812    68.310    -0.51    8.73
-122552.437    69.226     2.46    8.24
-122180.001    70.723     4.02    7.97
-121807.505    73.884     8.48    6.42
-121434.949    74.653     2.06    5.08
-121062.333    73.766    -2.38    5.23
-120689.657    72.672    -2.94    5.99
-120316.921    72.030    -1.72    5.41
-119944.124    72.237     0.56    6.00
-119571.268    73.821     4.25    6.29
-119198.351    71.030    -7.48    8.07
-118825.374    67.747    -8.80    9.89
-118452.337    64.803    -7.89    9.77
-118079.239    61.884    -7.83    8.89
-117706.081    61.856    -0.07    7.79
-117332.863    64.110     6.04    6.33
-116959.584    66.295     5.85    7.10
-116586.245    70.201    10.46    7.20
-116212.845    72.837     7.06    5.62
-115839.385    72.824    -0.04    6.85
-115465.865    71.153    -4.47    7.76
-115092.284    67.497    -9.79    7.47
-114718.642    65.430    -5.53    6.75
-114344.940    64.525    -2.42    6.96
-113971.177    65.161     1.70    7.90
-113597.353    67.766     6.97    8.35
-113223.469    69.390     4.34    6.82
-112849.524    70.195     2.15    6.66
-112475.518    70.017    -0.48    8.23
-112101.451    67.990    -5.42    9.22
-111727.324    65.039    -7.89    9.96
-111353.136    63.257    -4.76    9.77
-110978.886    63.048    -0.56   11.04
-110604.576    64.443     3.72   11.99
-110230.205    64.030    -1.10   12.13
-109855.773    61.803    -5.94   10.74
-109481.280    60.043    -4.70    8.60
-109106.726    59.710    -0.89    6.54
-108732.111    60.842     3.02    5.26
-108357.435    62.749     5.09    4.69
-107982.698    62.052    -1.86    4.77
-107607.900    60.133    -5.12    6.24
-107233.040    57.257    -7.67    7.42
-106858.119    53.719    -9.44    8.72
-106483.137    49.561   -11.09   10.36
-106108.094    45.469   -10.91   10.09
-105732.989    39.863   -14.94    9.57
-105357.823    35.363   -11.99    8.20
-104982.596    31.593   -10.05    5.82
-104607.307    30.057    -4.09    4.52
-104231.957    30.390     0.89    6.36
-103856.546    29.687    -1.87    6.93
-103481.073    29.390    -0.79    6.87
-103105.538    28.766    -1.66    5.77
-102729.942    28.465    -0.80    5.58
-102354.284    27.085    -3.67    4.99
-101978.565    25.582    -4.00    3.27
-101602.784    24.904    -1.80    2.43
-101226.941    24.195    -1.89    2.32
-100851.037    23.715    -1.28    2.29
-100475.071    25.350     4.35    4.24
-100099.043    26.299     2.52    4.68
 -99722.953    25.837    -1.23    5.06
 -99346.802    25.337    -1.33    4.79
 -98970.589    25.811     1.26    5.27
 -98594.313    27.992     5.80    6.48
 -98217.976    30.296     6.12    5.84
 -97841.577    31.275     2.60    6.68
 -97465.116    32.363     2.89    9.25
 -97088.593    33.832     3.90   10.72
 -96712.008    37.696    10.26   11.60
 -96335.361    43.285    14.84   11.46
 -95958.652    47.103    10.13   11.10
 -95581.880    48.950     4.90   10.15
 -95205.047    48.617    -0.88   10.48
 -94828.151    48.541    -0.20    8.65
 -94451.193    48.337    -0.54    6.98
 -94074.173    49.766     3.79    5.51
 -93697.090    50.219     1.20    5.04
 -93319.945    48.035    -5.79    7.27
 -92942.738    47.402    -1.68    8.47
 -92565.468    47.966     1.49    9.13
 -92188.136    49.152     3.14    8.05
 -91810.742    51.849     7.15    6.87
 -91433.285    49.896    -5.17    8.48
 -91055.766    42.377   -19.92   13.28
 -90678.184    33.123   -24.50   15.71
 -90300.539    23.337   -25.91   10.74
 -89922.832    20.106    -8.55    5.18
 -89545.062    22.963     7.56    6.96
 -89167.229    29.298    16.76   10.89
 -88789.334    35.948    17.60   12.16
 -88411.376    40.572    12.23   13.46
 -88033.356    43.195     6.94   12.43
 -87655.272    43.363     0.45   11.68
 -87277.126    46.073     7.16   10.99
 -86898.917    49.596     9.31   10.97
 -86520.645    55.124    14.61   10.76
 -86142.310    59.821    12.42    6.19
 -85763.912    60.600     2.06    7.39
 -85385.451    60.443    -0.41    8.14
 -85006.927    61.552     2.93    7.36
 -84628.340    63.003     3.83    6.38
 -84249.690    64.481     3.90    4.58
 -83870.977    65.727     3.29    5.03
 -83492.200    64.521    -3.18    5.77
 -83113.361    64.915     1.04    5.85
 -82734.458    63.904    -2.67    6.66
 -82355.492    62.239    -4.39    7.27
 -81976.463    61.502    -1.95    8.99
 -81597.370    60.326    -3.10    8.09
 -81218.215    60.623     0.78    6.32
 -80838.995    59.390    -3.25    6.34
 -80459.713    59.563     0.46    6.10
 -80080.367    60.877     3.46    5.40
 -79700.957    59.286    -4.19    8.80
 -79321.484    58.507    -2.05   10.01
 -78941.947    59.429     2.43   11.13
 -78562.347    58.123    -3.44   11.55
 -78189.692    56.659    -3.93   11.54
 -77822.261    53.350    -9.00   11.87
 -77454.770    49.159   -11.40   14.12
 -77087.220    42.190   -18.96   17.04
 -76719.611    33.082   -24.78   17.87
 -76351.943    26.127   -18.92   14.60
 -75984.215    22.811    -9.02    9.39
 -75616.429    25.140     6.33   13.99
 -75248.583    29.666    12.30   16.84
 -74880.677    33.966    11.69   17.82
 -74512.713    40.179    16.88   17.84
 -74144.689    43.000     7.66   17.19
 -73776.605    46.533     9.60   14.87
 -73408.462    51.097    12.40   11.65
 -73040.260    51.497     1.09   11.13
 -72671.998    45.030   -17.56   15.37
 -72303.677    43.977    -2.86   15.31
 -71935.296    46.065     5.67   15.16
 -71566.856    50.364    11.67   13.45
 -71198.356    56.546    16.77    5.42
 -70829.796    55.954    -1.61    6.37
 -70461.177    54.195    -4.77    6.47
 -70092.498    49.890   -11.68    7.64
 -69723.759    48.143    -4.74    7.05
 -69354.960    46.232    -5.18    7.06
 -68986.102    45.428    -2.18    7.37
 -68617.184    44.017    -3.83    8.66
 -68248.206    42.620    -3.78    9.40
 -67879.168    40.403    -6.01    8.82
 -67510.071    37.013    -9.18    8.53
 -67140.913    31.337   -15.37   10.10
 -66771.695    27.969    -9.12    9.84
 -66402.418    26.469    -4.06    9.77
 -66033.080    28.166     4.60   10.86
 -65663.682    34.587    17.38   11.64
 -65294.225    40.031    14.73    9.17
 -64924.707    42.995     8.02    5.97
 -64555.129    44.073     2.92    6.33
 -64185.491    46.593     6.82    7.35
 -63815.792    49.237     7.15    7.16
 -63446.034    53.048    10.30    5.24
 -63076.215    52.979    -0.19    5.34
 -62706.336    48.097   -13.20    9.51
 -62336.396    41.732   -17.20   10.15
 -61966.396    38.153    -9.67    9.16
 -61596.336    35.706    -6.61    8.61
 -61226.216    34.617    -2.94    9.79
 -60856.035    31.813    -7.57   11.07
 -60485.793    28.114    -9.99    9.97
 -60115.491    28.582     1.26    9.92
 -59745.129    30.337     4.74    8.34
 -59374.706    33.825     9.42    6.46
 -59004.222    37.166     9.02    3.38
 -58633.678    35.153    -5.43    5.87
 -58263.073    32.627    -6.82    6.43
 -57892.407    32.520    -0.29    6.50
 -57521.681    34.143     4.38    7.61
 -57150.894    37.870    10.05    6.08
 -56780.046    38.574     1.90    5.10
 -56409.137    35.117    -9.32    6.87
 -56038.168    29.523   -15.08    9.37
 -55667.138    26.429    -8.34    8.29
 -55296.046    26.510     0.22    8.32
 -54924.894    27.559     2.82    8.36
 -54553.681    30.684     8.42    7.01
 -54182.407    31.481     2.14    4.78
 -53811.072    26.972   -12.14   10.22
 -53439.676    24.546    -6.53   10.76
 -53068.219    25.018     1.27   11.64
 -52696.700    29.179    11.20   13.80
 -52325.121    39.495    27.76   12.59
 -51953.480    46.995    20.18    8.70
 -51581.779    50.039     8.19    6.97
 -51210.016    47.890    -5.78    9.01
 -50838.191    41.546   -17.06   11.54
 -50466.306    36.766   -12.85    9.71
 -50094.359    36.048    -1.93    9.14
 -49722.351    39.219     8.52    9.19
 -49350.281    43.127    10.50    6.69
 -48978.150    41.377    -4.70    8.28
 -48605.958    35.710   -15.22   11.63
 -48233.704    30.390   -14.29    9.88
 -47861.388    28.489    -5.11    8.07
 -47489.011    30.525     5.47    7.83
 -47116.573    33.454     7.86    6.20
 -46744.073    31.070    -6.40    9.68
 -46371.511    23.693   -19.80   13.89
 -45998.888    18.109   -14.98   12.58
 -45626.202    15.785    -6.24    9.96
 -45253.456    17.842     5.52    9.22
 -44880.647    20.769     7.85    7.19
 -44507.777    21.016     0.66    7.61
 -44134.845    18.492    -6.77    7.93
 -43761.850    15.057    -9.21    7.78
 -43388.795    11.614    -9.23    8.55
 -43015.677     7.719   -10.44    7.47
 -42642.497     5.035    -7.19    6.33
 -42269.255     2.267    -7.41    3.50
 -41895.952     0.903    -3.65    2.46
 -41522.586     0.390    -1.37    3.08
 -41149.158     0.351    -0.10    2.70
 -40775.668     0.163    -0.50    3.74
 -40402.116     0.934     2.06    5.62
 -40028.502     1.864     2.49    6.66
 -39654.826     1.890     0.07    6.74
 -39281.087     2.572     1.82    6.58
 -38907.286     4.556     5.31    7.13
 -38533.423     6.187     4.36    6.90
 -38159.498     6.992     2.15    7.58
 -37785.510     4.159    -7.58   10.40
 -37411.460     0.221   -10.53   10.12
 -37037.347    -3.610   -10.24    8.02
 -36663.172    -5.503    -5.06    5.44
 -36288.935    -5.269     0.63    4.95
 -35914.635    -4.357     2.44    5.18
 -35540.272    -4.251     0.28    5.48
 -35165.847    -5.505    -3.35    5.28
 -34791.359    -8.013    -6.70    3.99
 -34416.809    -9.056    -2.78    3.66
 -34042.196   -10.351    -3.46    1.90
 -33667.521   -11.164    -2.17    0.92
 -33292.782   -11.411    -0.66    0.99
 -32917.981   -10.873     1.43    2.50
 -32543.117    -8.123     7.34    6.47
 -32168.190    -2.730    14.38   10.54
 -31793.201     5.844    22.86   14.34
 -31418.148    14.156    22.16   13.48
 -31043.033    18.150    10.65   10.87
 -30667.854    14.623    -9.40   11.84
 -30292.613     7.714   -18.41   11.81
 -29917.309     0.943   -18.04    8.59
 -29541.941    -3.091   -10.74    4.54
 -29166.511    -4.426    -3.56    2.96
 -28791.017    -4.997    -1.52    3.66
 -28415.460    -5.402    -1.08    3.48
 -28039.840    -5.008     1.05    3.42
 -27664.157    -4.260     1.99    3.27
 -27288.411    -2.727     4.08    2.91
 -26912.601    -1.545     3.14    2.34
 -26536.728    -0.877     1.78    2.26
 -26160.792    -0.598     0.74    2.19
 -25784.792    -0.707    -0.29    2.40
 -25408.729    -1.011    -0.81    2.03
 -25032.603    -0.880     0.35    2.46
 -24656.413    -0.687     0.51    2.88
 -24280.159    -0.223     1.23    2.87
 -23903.842     0.074     0.79    2.82
 -23527.462    -1.000    -2.85    2.56
 -23151.018    -1.816    -2.17    2.52
 -22774.510    -2.742    -2.46    2.96
 -22397.938    -3.584    -2.24    2.64
 -22021.303    -4.373    -2.09    2.16
 -21644.604    -3.636     1.96    2.72
 -21267.842    -2.351     3.41    3.26
 -20891.015    -1.247     2.93    2.96
 -20514.125    -0.215     2.74    2.19
 -20137.171    -0.170     0.12    2.66
 -19760.153    -0.675    -1.34    2.80
 -19383.071    -1.853    -3.13    2.33
 -19005.925    -2.423    -1.51    1.94
 -18628.716    -1.582     2.23    2.75
 -18251.442     2.239    10.13    5.68
 -17874.104     7.057    12.77    6.98
 -17496.702    12.883    15.44    7.55
 -17119.236    18.831    15.76    5.47
 -16741.705    21.595     7.32    4.08
 -16364.111    24.338     7.26    2.83
 -15986.452    25.495     3.06    3.14
 -15608.729    26.997     3.98    3.93
 -15230.942    28.837     4.87    4.63
 -14853.090    29.643     2.13    5.57
 -14475.175    30.750     2.93    6.09
 -14097.194    31.870     2.96    5.72
 -13719.150    33.161     3.41    5.56
 -13341.040    34.574     3.74    4.42
 -12962.867    34.147    -1.13    4.54
 -12584.629    32.877    -3.36    5.48
 -12206.326    31.577    -3.44    6.30
 -11827.959    29.567    -5.31    7.09
 -11449.527    26.390    -8.39    7.66
 -11071.030    24.531    -4.91    6.92
 -10692.469    24.177    -0.93    5.66
 -10313.843    25.250     2.84    5.93
  -9935.152    26.559     3.46    5.18
  -9556.397    25.083    -3.89    5.24
  -9177.576    22.502    -6.81    5.51
  -8798.691    19.516    -7.88    3.61
  -8419.741    17.964    -4.09    3.45
  -8040.726    16.606    -3.58    3.81
  -7661.646    14.156    -6.46    3.76
  -7282.501    12.223    -5.10    2.72
  -6903.291    11.454    -2.03    1.70
  -6524.016    12.065     1.61    2.08
  -6144.676    13.247     3.12    2.48
  -5765.271    14.013     2.02    2.15
  -5385.801    14.338     0.86    2.07
  -5006.265    13.769    -1.50    2.22
  -4626.665    11.297    -6.51    4.51
  -4246.998     7.559    -9.85    6.23
  -3867.267     3.606   -10.41    5.70
  -3491.275     0.785    -7.51    3.84
  -3124.034    -0.164    -2.58    1.88
  -2756.733     0.202     1.00    1.69
  -2389.371     0.266     0.17    1.52
  -2021.949     0.877     1.66    1.76
  -1654.466     1.217     0.93    2.20
  -1286.922     1.133    -0.23    2.19
   -919.317     1.039    -0.26    2.20
   -551.652     0.441    -1.63    2.03
   -183.926    -0.018    -1.25    1.13
    183.861     0.592     1.66    1.49
    551.709     1.455     2.35    1.78
    919.618     1.693     0.65    2.03
   1287.587     1.737     0.12    2.11
   1655.618     1.507    -0.63    1.70
   2023.709     1.466    -0.11    1.39
   2391.862     2.250     2.13    1.49
   2760.076     2.546     0.80    1.37
   3128.350     2.851     0.83    1.55
   3496.686     3.087     0.64    1.62
   3865.083     3.043    -0.12    1.44
   4233.541     3.403     0.98    1.75
   4602.060     4.300     2.43    2.12
   4970.641     5.027     1.97    1.88
   5339.283     5.814     2.14    1.26
   5707.986     5.787    -0.07    1.12
   6076.750     5.598    -0.51    1.65
   6445.576     5.427    -0.46    2.34
   6814.463     5.232    -0.53    2.50
   7183.411     5.184    -0.13    2.42
   7552.421     5.005    -0.49    1.95
   7921.493     4.739    -0.72    1.44
   8290.626     3.736    -2.72    1.44
   8659.820     2.896    -2.27    1.32
   9029.076     2.521    -1.01    1.13
   9398.394     2.427    -0.26    1.14
   9767.773     2.481     0.15    1.20
  10137.214     2.883     1.09    1.33
  10506.716     3.714     2.25    1.46
  10876.281     4.636     2.50    1.87
  11245.907     5.274     1.73    2.13
  11615.595     4.454    -2.22    2.64
  11985.344     2.843    -4.36    2.85
  12355.156     1.339    -4.07    2.69
  12725.029     0.310    -2.78    1.71
  13094.964    -0.244    -1.50    0.96
  13464.962    -0.351    -0.29    1.13
  13835.021    -0.585    -0.63    1.28
  14205.142    -0.777    -0.52    1.17
  14575.325    -0.851    -0.20    1.23
  14945.571    -1.210    -0.97    1.45
  15315.878    -2.273    -2.87    2.04
  15686.248    -3.250    -2.64    1.71
  16056.679    -3.750    -1.35    1.28
  16427.173    -4.208    -1.24    1.41
  16797.729    -4.208     0.00    1.48
  17168.348    -3.974     0.63    1.61
  17539.029    -3.573     1.08    1.82
  17909.772    -2.690     2.38    2.20
  18280.577    -1.598     2.94    2.33
  18651.445    -0.202     3.76    2.37
  19022.375     1.326     4.12    2.50
  19393.367     3.043     4.63    2.99
  19764.423     4.043     2.70    2.71
  20135.540     5.469     3.84    2.70
  20506.720     5.972     1.35    2.47
  20877.963     6.653     1.84    2.44
  21249.268     6.477    -0.47    3.24
  21620.636     6.232    -0.66    3.44
  21992.067     5.769    -1.25    3.22
  22363.560     5.339    -1.16    3.20
  22735.116     7.630     6.17    5.17
  23106.735     9.745     5.69    4.98
  23478.417     9.263    -1.30    5.23
  23850.161     6.620    -7.11    6.83
  24221.969     3.516    -8.35    5.33
  24593.839     1.442    -5.58    2.01
  24965.772     1.992     1.48    2.07
  25337.768     2.972     2.63    2.07
  25709.827     2.481    -1.32    2.47
  26081.949     2.260    -0.59    2.38
  26454.135     1.567    -1.86    2.22
  26826.383     1.351    -0.58    1.94
  27198.694     1.646     0.79    2.00
  27571.069     2.212     1.52    2.22
  27943.507     2.577     0.98    2.81
  28316.008     2.739     0.44    3.20
  28688.572     2.184    -1.49    3.07
  29061.199     1.598    -1.58    2.77
  29433.890     1.429    -0.45    2.51
  29806.644     1.710     0.75    2.15
  30179.462     1.921     0.57    2.11
  30552.343     0.939    -2.63    2.12
  30925.287     0.452    -1.31    2.11
  31298.295     0.286    -0.44    1.93
  31671.367     1.286     2.68    2.12
  32044.502     2.364     2.89    1.90
  32417.700     2.864     1.34    1.44
  32790.962     2.946     0.22    1.18
  33164.288     2.710    -0.63    1.14
  33537.678     2.693    -0.05    1.08
  33911.131     2.299    -1.06    1.56
  34284.648     1.814    -1.30    1.64
  34658.228     1.600    -0.57    1.52
  35031.873     1.627     0.07    1.65
  35405.581     1.843     0.58    1.62
  35779.354     2.136     0.78    1.66
  36153.190     2.574     1.17    1.83
  36527.090     2.945     0.99    1.75
  36901.054     3.390     1.19    1.85
  37275.082     3.426     0.10    2.20
  37649.174     3.147    -0.75    2.37
  38023.330     3.902     2.02    2.85
  38397.550     5.403     4.01    3.34
  38771.835     7.546     5.72    3.34
  39146.183     8.990     3.86    2.66
  39520.596     9.177     0.50    2.77
  39895.073     8.574    -1.61    3.17
  40269.615     8.402    -0.46    3.07
  40644.220     8.948     1.46    3.20
  41018.890     9.697     2.00    3.28
  41393.625    10.706     2.69    2.63
  41768.423    10.769     0.17    2.63
  42143.286    10.864     0.25    2.56
  42518.214    10.195    -1.78    1.75
  42893.206     9.377    -2.18    1.74
  43268.263     9.104    -0.73    1.71
  43643.384     8.477    -1.67    1.83
  44018.570     7.820    -1.75    1.51
  44393.821     7.313    -1.35    1.29
  44769.136     7.258    -0.15    1.26
  45144.516     7.702     1.18    1.76
  45519.960     8.245     1.45    2.16
  45895.470     8.668     1.13    2.17
  46271.044     8.922     0.68    2.18
  46646.683     9.273     0.93    1.89
  47022.387     9.431     0.42    1.77
  47398.156     9.614     0.49    2.05
  47773.990     8.904    -1.89    2.48
  48149.889     8.227    -1.80    2.92
  48525.852     8.177    -0.13    2.80
  48901.881     7.997    -0.48    2.84
  49277.975     8.643     1.72    3.62
  49654.134     9.339     1.85    4.36
  50030.358     9.455     0.31    4.44
  50406.648     9.652     0.52    3.98
  50783.002     9.492    -0.42    3.23
  51159.422     8.752    -1.97    1.81
  51535.907     8.821     0.18    1.23
  51912.458     8.643    -0.47    1.28
  52289.074     7.567    -2.86    1.77
  52665.755     7.031    -1.42    1.63
  53042.501     6.614    -1.11    1.44
  53419.314     6.600    -0.04    1.38
  53796.191     6.864     0.70    1.34
  54173.134     7.600     1.95    1.46
  54550.143     8.636     2.75    1.74
  54927.217     9.525     2.36    1.76
  55304.357    10.614     2.89    1.94
  55681.562    11.803     3.15    2.19
  56058.834    13.114     3.47    2.74
  56436.171    14.605     3.95    1.86
  56813.573    14.693     0.23    1.85
  57191.042    13.825    -2.30    2.63
  57568.576    12.921    -2.40    2.23
  57946.177    12.299    -1.65    1.88
  58323.843    12.928     1.67    2.58
  58701.575    13.789     2.28    2.37
  59079.373    14.313     1.39    2.10
  59457.237    14.452     0.37    1.97
  59835.167    13.877    -1.52    2.02
  60213.163    12.714    -3.08    1.95
  60591.226    11.904    -2.14    2.18
  60969.354    11.562    -0.90    3.17
  61347.549    13.100     4.07    4.79
  61725.810    14.984     4.98    5.67
  62104.137    16.798     4.79    5.53
  62482.530    17.764     2.55    4.53
  62860.990    15.672    -5.53    3.06
  63239.516    15.377    -0.78    3.02
  63618.108    13.827    -4.09    2.85
  63996.767    12.550    -3.37    2.16
  64375.493    10.727    -4.81    2.64
  64754.285     9.630    -2.90    3.17
  65133.143     9.839     0.55    3.65
  65512.068    11.350     3.99    4.74
  65891.060    13.945     6.85    5.14
  66270.118    16.614     7.04    2.97
  66649.243    17.932     3.48    2.80
  67028.434    18.674     1.96    2.76
  67407.693    18.989     0.83    2.22
  67787.018    18.922    -0.18    2.70
  68166.410    18.052    -2.29    3.25
  68545.869    17.377    -1.78    3.39
  68925.394    17.093    -0.75    3.34
  69304.987    16.772    -0.85    2.69
  69684.646    17.779     2.65    2.58
  70064.373    18.614     2.20    2.00
  70444.167    19.127     1.35    1.99
  70824.027    18.789    -0.89    2.78
  71203.660    18.114    -1.78    3.36
  71570.707    16.982    -3.08    3.49
  71937.817    16.643    -0.92    3.37
  72304.989    17.264     1.69    3.38
  72672.223    17.574     0.84    3.37
  73039.520    17.314    -0.71    3.63
  73406.878    14.769    -6.93    4.81
  73774.299    11.514    -8.86    4.92
  74141.782     9.263    -6.13    3.88
  74509.328     7.977    -3.50    2.98
  74876.935     8.479     1.37    3.45
  75244.605    10.871     6.50    4.02
  75612.338    12.858     5.41    3.61
  75980.133    15.652     7.60    3.00
  76347.990    18.453     7.61    4.51
  76715.910    20.915     6.69    4.65
  77083.893    21.364     1.22    4.30
  77451.938    20.516    -2.30    4.20
  77820.045    18.550    -5.34    3.34
  78188.216    16.313    -6.07    4.79
  78556.448    15.289    -2.78    6.59
  78924.744    16.247     2.60    8.08
  79293.102    17.214     2.63    8.07
  79661.524    18.684     3.99    6.97
  80030.007    19.589     2.46    5.15
  80398.554    19.572    -0.05    5.53
  80767.164    19.426    -0.40    5.76
  81135.836    20.283     2.33    6.69
  81504.572    21.839     4.22    7.39
  81873.370    22.606     2.08    7.46
  82242.231    22.877     0.73    6.71
  82611.156    24.758     5.10    6.48
  82980.143    26.846     5.66    6.98
  83349.194    26.523    -0.87    7.79
  83718.307    24.796    -4.68    8.57
  84087.484    21.742    -8.28    8.39
  84456.724    18.177    -9.66    6.98
  84826.027    15.091    -8.36    3.96
  85195.394    15.499     1.10    3.44
  85564.824    15.777     0.75    3.36
  85934.317    16.902     3.04    3.81
  86303.873    18.273     3.71    4.02
  86673.493    19.089     2.21    3.76
  87043.176    19.646     1.51    2.71
  87412.923    18.031    -4.37    3.82
  87782.733    16.273    -4.75    4.04
  88152.606    16.577     0.82    5.65
  88522.544    19.300     7.36    8.91
  88892.544    24.352    13.66   10.14
  89262.609    29.351    13.51    8.25
  89632.737    34.352    13.51    4.36
  90002.928    36.646     6.20    3.61
  90373.184    36.877     0.62    4.52
  90743.503    35.579    -3.50    5.15
  91113.886    33.155    -6.55    4.75
  91484.333    30.086    -8.28    3.29
  91854.843    28.164    -5.19    3.24
  92225.418    27.646    -1.40    4.16
  92596.056    25.782    -5.03    4.68
  92966.758    24.939    -2.27    4.67
  93337.525    24.204    -1.98    4.45
  93708.355    24.060    -0.39    4.14
  94079.249    23.914    -0.39    3.58
  94450.208    24.223     0.83    2.98
  94821.230    22.964    -3.39    4.57
  95192.317    22.027    -2.53    6.05
  95563.468    21.241    -2.12    5.93
  95934.683    18.639    -7.01    6.37
  96305.962    17.289    -3.64    5.55
  96677.306    16.697    -1.59    4.83
  97048.714    15.401    -3.49    4.34
  97420.186    14.827    -1.55    3.26
  97791.723    14.747    -0.21    2.46
  98163.324    14.839     0.25    2.43
  98534.989    14.964     0.34    2.31
  98906.719    14.693    -0.73    2.31
  99278.514    14.796     0.28    2.47
  99650.373    15.174     1.02    3.04
 100022.296    16.537     3.67    3.46
 100394.284    18.111     4.23    2.73
 100766.337    18.502     1.05    2.50
 101138.455    18.139    -0.97    2.50
 101510.637    18.572     1.16    2.46
 101882.884    20.136     4.20    2.57
 102255.196    22.164     5.45    2.91
 102627.573    23.731     4.21    3.74
 103000.014    27.027     8.85    6.45
 103372.521    30.556     9.48    5.92
 103745.092    31.767     3.25    5.04
 104117.728    30.908    -2.30    5.21
 104490.429    29.080    -4.90    3.78
 104863.196    28.120    -2.58    2.76
 105236.027    28.093    -0.07    1.79
 105608.923    28.668     1.54    1.60
 105981.885    29.426     2.03    2.46
 106354.912    29.764     0.91    4.45
 106728.003    29.039    -1.94    5.00
 107101.161    28.143    -2.40    5.07
 107474.383    27.145    -2.67    4.22
 107847.671    26.987    -0.42    3.24
 108221.024    28.105     2.99    4.31
 108594.442    29.458     3.62    4.37
 108967.926    31.202     4.67    3.62
 109341.475    32.971     4.74    2.59
 109715.090    33.488     1.38    2.52
 110088.770    33.870     1.02    2.61
 110462.516    34.155     0.76    2.85
 110836.327    33.916    -0.64    2.95
 111210.204    34.611     1.86    3.43
 111584.147    34.824     0.57    3.31
 111958.155    35.414     1.58    2.86
 112332.229    35.416     0.01    2.85
 112706.368    35.926     1.36    3.49
 113080.574    37.108     3.16    4.04
 113454.845    37.994     2.37    4.34
 113829.182    37.684    -0.83    4.75
 114203.586    36.497    -3.17    4.98
 114578.055    35.162    -3.57    3.79
 114952.589    33.589    -4.20    2.73
 115327.190    32.579    -2.70    2.39
 115701.857    32.401    -0.47    3.17
 116076.590    32.744     0.91    4.01
 116451.390    34.019     3.40    4.15
 116826.255    34.377     0.96    3.51
 117201.186    34.402     0.07    4.02
 117576.184    35.142     1.97    5.76
 117951.248    35.500     0.95    6.44
 118326.378    35.636     0.36    6.35
 118701.574    34.639    -2.66    6.22
 119076.837    31.152    -9.29    6.28
 119452.166    27.189   -10.56    6.41
 119827.562    22.979   -11.22    5.51
 120203.024    19.643    -8.89    2.86
 120578.552    18.377    -3.37    0.00
 120954.147    18.377     0.00    0.00
 121329.809    18.463     0.23    0.42
 121705.537    19.858     3.71    2.90
 122081.332    23.678    10.17    5.95
 122457.194    27.535    10.26    5.81
 122833.122    30.463     7.79    4.14
 123209.117    31.206     1.98    3.74
 123585.178    30.241    -2.57    3.90
 123961.307    29.299    -2.51    4.72
 124337.502    28.204    -2.91    6.46
 124713.764    27.390    -2.16    7.27
 125090.094    27.252    -0.37    7.33
 125466.490    28.477     3.25    7.48
 125842.953    31.413     7.80    7.13
 126219.483    35.529    10.93    6.64
 126596.080    39.574    10.74    5.26
 126972.744    42.064     6.61    4.29
 127349.476    42.463     1.06    3.83
 127726.274    40.657    -4.79    3.39
 128103.140    40.031    -1.66    4.03
 128480.073    41.694     4.41    6.16
 128857.073    44.492     7.42    7.25
 129234.141    46.241     4.64    6.12
 129611.276    46.744     1.33    5.26
 129988.478    45.473    -3.37    4.41
 130365.748    43.851    -4.30    2.91
 130743.085    42.550    -3.45    2.51
 131120.489    41.110    -3.81    2.45
 131497.962    39.438    -4.43    2.32
 131875.501    38.117    -3.50    1.72
 132253.109    36.645    -3.90    2.74
 132630.784    35.026    -4.29    2.83
 133008.526    33.846    -3.12    2.37
 133386.337    33.491    -0.94    1.71
 133764.215    34.500     2.67    2.10
 134142.161    36.229     4.57    2.54
 134520.174    37.227     2.64    2.17
 134898.256    37.864     1.69    1.83
 135276.405    37.743    -0.32    1.99
 135654.623    36.266    -3.91    2.72
 136032.908    34.877    -3.67    3.03
 136411.261    33.068    -4.78    2.55
 136789.683    31.740    -3.51    1.34
 137168.172    31.645    -0.25    1.26
 137546.730    32.234     1.56    1.66
 137925.355    33.821     4.19    3.08
 138304.049    35.206     3.66    3.82
 138682.811    36.194     2.61    4.39
 139061.642    37.301     2.92    5.42
 139440.540    37.906     1.60    6.14
 139819.507    38.927     2.69    6.54
 140198.543    40.130     3.17    7.11
 140577.647    41.630     3.96    7.25
 140956.819    43.316     4.45    6.43
 141336.060    44.920     4.23    5.31
 141715.369    46.475     4.10    3.23
 142094.747    47.587     2.93    1.36
 142474.193    47.974     1.02    0.49
 142853.708    48.182     0.55    0.43
 143233.292    48.507     0.86    0.44
 143612.944    48.871     0.96    0.63
 143992.665    49.271     1.06    0.76
 144372.455    49.755     1.27    0.70
 144752.314    50.149     1.04    0.42
 145132.241    50.305     0.41    0.26
 145512.238    50.377     0.19    0.00
 145892.303    50.377     0.00    0.00
 146262.646    50.377     0.00    0.00
 146629.556    50.377     0.00    0.00
 146996.530    50.377     0.00    0.00
 147363.568    50.377     0.00    0.00
 147730.669    50.377     0.00    0.00
 148097.835    50.377     0.00    0.00
 148465.064    50.377     0.00    0.00
 148832.357    50.389     0.03    0.11
 149199.713    50.481     0.25    0.31
 149567.134    50.718     0.65    0.48
 149934.618    51.000     0.77    0.49
 150302.167    51.268     0.73    0.31
 150669.779    51.377     0.30    0.00
 151037.456    51.377     0.00    0.00
 151405.197    51.377     0.00    0.00
 151773.001    51.377     0.00    0.00
 152140.870    51.377     0.00    0.00
 152508.803    51.377     0.00    0.00
 152876.800    51.377     0.00    0.00
 153244.862    51.377     0.00    0.00
 153612.987    51.488     0.30    0.32
 153981.177    51.735     0.67    0.48
 154349.432    52.047     0.85    0.55
 154717.750    52.377     0.89    0.47
 155086.133    52.574     0.54    0.40
 155454.581    52.633     0.16    0.44
 155823.093    52.694     0.17    0.47
 156191.669    52.735     0.11    0.48
 156560.310    52.764     0.08    0.49
 156929.016    52.889     0.34    0.50
 157297.786    52.938     0.13    0.50
 157666.621    53.035     0.26    0.48
 158035.520    53.080     0.12    0.46
 158404.485    53.120     0.11    0.44
 158773.514    53.218     0.27    0.37
 159142.607    53.338     0.32    0.19
 159511.766    53.377     0.11    0.00
 159880.989    53.377     0.00    0.00
 160250.277    53.377     0.00    0.00
 160619.631    53.377     0.00    0.00
 160989.049    53.612     0.64    0.43
 161358.532    53.877     0.72    0.50
 161728.080    54.133     0.69    0.43
 162097.693    54.415     0.76    0.19
 162467.371    54.618     0.55    0.43
 162837.115    54.902     0.77    0.50
 163206.923    55.194     0.79    0.39
 163576.797    55.505     0.84    0.34
 163946.736    55.759     0.69    0.49
 164316.740    56.035     0.74    0.48
 164686.810    56.365     0.89    0.42
 165056.944    56.639     0.74    0.44
 165427.145    57.019     1.03    0.62
 165797.410    57.477     1.24    0.67
 166167.741    57.936     1.24    0.50
 166538.138    58.290     0.96    0.53
 166908.600    58.589     0.81    0.41
 167279.127    58.584    -0.01    0.41
 167649.720    58.730     0.39    0.48
 168020.379    58.809     0.21    0.50
 168391.103    58.931     0.33    0.50
 168761.893    59.084     0.41    0.46
 169132.749    59.182     0.26    0.40
 169503.670    59.401     0.59    0.45
 169874.658    59.743     0.92    0.48
 170245.711    60.006     0.71    0.49
 170616.830    60.328     0.87    0.41
 170988.014    60.645     0.85    0.45
 171359.265    60.926     0.76    0.50
 171730.582    61.179     0.68    0.40
 172101.965    61.552     1.00    0.38
 172473.413    61.718     0.45    0.48
 172844.928    61.945     0.61    0.50
 173216.509    62.133     0.51    0.43
 173588.156    62.475     0.92    0.54
 173959.869    62.779     0.82    0.54
 174331.648    63.133     0.95    0.56
 174703.494    63.560     1.15    0.57
 175075.406    63.986     1.15    0.60
 175447.384    64.402     1.12    0.69
 175819.429    65.121     1.93    0.77
 176191.540    65.743     1.67    0.92
 176563.717    66.474     1.97    0.80
 176935.961    66.919     1.19    0.63
 177308.271    67.264     0.93    0.32
 177680.648    67.377     0.30    0.00
 178053.091    67.377     0.00    0.00
 178425.601    67.377     0.00    0.00
 178798.178    67.377     0.00    0.00
 179170.821    67.377     0.00    0.00
 179543.531    67.377     0.00    0.00
 179916.308    67.377     0.00    0.00
 180289.151    67.377     0.00    0.00
 180662.061    67.365    -0.03    0.11
 181035.039    67.304    -0.16    0.26
 181408.083    67.230    -0.20    0.36
 181781.194    67.145    -0.23    0.42
 182154.371    67.023    -0.33    0.48
 182527.616    66.950    -0.20    0.50
 182900.928    66.889    -0.16    0.50
 183274.307    66.889     0.00    0.50
 183647.753    66.846    -0.12    0.50
 184021.267    66.835    -0.03    0.55
 184394.847    66.840     0.01    0.53
 184768.495    66.913     0.20    0.50
 185142.209    66.969     0.15    0.49
 185515.992    67.047     0.21    0.47
 185889.841    67.142     0.25    0.43
 186263.758    67.279     0.37    0.30
 186637.742    67.365     0.23    0.11
 187011.794    67.377     0.03    0.00
 187385.913    67.377     0.00    0.00
 187760.099    67.377     0.00    0.00
 188134.354    67.377     0.00    0.00
 188508.675    67.377     0.00    0.00
 188883.065    67.377     0.00    0.00
 189257.522    67.318    -0.16    0.24
 189632.046    67.130    -0.50    0.43
 190006.639    66.747    -1.02    0.70
 190381.299    66.214    -1.42    0.89
 190756.027    65.577    -1.70    0.99
 191130.822    64.954    -1.66    1.13
 191505.686    64.304    -1.73    1.30
 191880.618    63.675    -1.68    1.43
 192255.617    63.353    -0.86    1.40
 192630.684    63.133    -0.59    1.29
 193005.820    63.204     0.19    1.12
 193381.023    63.508     0.81    0.94
 193756.295    63.962     1.21    0.74
 194131.635    64.325     0.97    0.60
 194507.043    64.690     0.97    0.58
 194882.519    64.974     0.76    0.49
 195258.063    65.291     0.84    0.57
 195633.676    65.731     1.17    0.48
 196009.357    65.988     0.69    0.49
 196385.106    66.352     0.97    0.47
 196760.924    66.661     0.82    0.45
 197136.810    67.014     0.94    0.68
 197512.764    67.353     0.90    0.74
 197888.787    67.706     0.94    0.67
 198264.879    67.932     0.60    0.52
 198641.039    68.145     0.57    0.53
 199017.268    68.280     0.36    0.55
 199393.565    68.426     0.39    0.52
 199769.931    68.460     0.09    0.54
 200146.366    68.485     0.07    0.58
 200522.870    68.474    -0.03    0.64
 200899.442    68.401    -0.20    0.69
 201276.083    68.353    -0.13    0.70
 201652.794    68.304    -0.13    0.64
 202029.573    68.364     0.16    0.54
 202406.421    68.567     0.54    0.50
 202783.338    68.802     0.62    0.50
 203160.324    69.011     0.55    0.48
 203537.379    69.247     0.63    0.34
 203914.503    69.603     0.94    0.42
 204291.696    69.877     0.73    0.50
 204668.959    70.148     0.72    0.45
 205046.290    70.598     1.19    0.42
 205423.691    70.941     0.91    0.59
 205801.162    71.438     1.32    0.68
 206178.701    72.006     1.50    0.68
 206556.310    72.562     1.47    0.69
 206933.988    72.996     1.15    0.49
 207311.736    73.304     0.81    0.41
 207689.554    73.474     0.45    0.30
 208067.440    73.486     0.03    0.35
 208445.397    73.365    -0.32    0.40
 208823.423    73.256    -0.29    0.40
 209201.518    73.208    -0.13    0.44
 209579.684    73.377     0.45    0.62
 209957.919    73.630     0.67    0.67
 210336.223    73.955     0.86    0.70
 210714.598    74.339     1.01    0.72
 211093.042    74.722     1.01    0.69
 211471.557    75.236     1.36    0.64
 211850.141    75.682     1.18    0.64
 212228.795    76.193     1.35    0.65
 212607.519    76.714     1.38    0.63
 212986.313    77.086     0.98    0.48
 213365.177    77.543     1.21    0.56
 213744.112    77.902     0.95    0.50
 214123.116    78.256     0.94    0.55
 214502.191    78.735     1.26    0.48
 214881.335    79.015     0.74    0.48
 215260.550    79.448     1.14    0.56
 215639.836    79.852     1.07    0.50
 216019.191    80.304     1.19    0.64
 216398.618    80.755     1.19    0.58
 216778.114    81.340     1.54    0.69
 217157.681    81.809     1.24    0.57
 217537.318    82.307     1.31    0.65
 217917.026    82.813     1.33    0.50
 218296.805    83.115     0.80    0.44
 218676.654    79.890    -8.49    9.12
 219056.574    77.084    -7.38   11.58
