# NaN NaN NaN ;Mean Elev.(m), Avg Gradient(m/km), RMS Gradient(m/km) - SRTM1     
#   20.332  -0.588   2.630 ;Mean Elev.(m), Avg Gradient(m/km), RMS Gradient(m/km) - ASTER GDEM
#   33.843  -0.567   2.675 ;Mean Elev.(m), Avg Gradient(m/km), RMS Gradient(m/km) - GMTED2010 
  8  72.050259  61.246249    30.424    30.424  2 52492.26050267 26.534
 12  72.050758  61.246116    26.898    26.898  2 52632.26049059 14.956
 13  72.042272  61.247447    27.314    27.314  2 52667.26050982  9.405
 14  72.060116  61.245299    29.073    29.073  2 52702.26048099  9.057
 15  72.042253  61.248083    29.661    29.661  2 52737.26052302  8.160
 16  72.035195  61.246142    29.005    29.005  2 52772.26049065 48.400
 17  72.051356  61.246565    30.645    30.645  2 52807.26054621 27.699
 18  72.051486  61.246157    28.416    28.416  2 52842.26060496 21.162
 19  72.046045  61.246295    26.740    26.740  2 52877.26064365 23.023
 20  72.042015  61.245312    24.976    24.976  2 52912.26060238 26.900
 21  72.061789  61.245288    23.570    23.556  3 52947.26055879 38.699
 23  72.037252  61.247400    26.277    26.277  2 53017.26059105 14.835
 24  72.055895  61.246748    28.891    28.891  2 53052.26057014 12.499
 25  72.026755  61.244685    29.104    29.074  3 53087.26060822 10.352
 26  72.048875  61.245521    29.980    29.980  2 53122.26057740  7.470
 27  72.041496  61.246959    29.745    29.745  2 53157.26063342 24.070
 28  72.047592  61.246289    29.821    29.821  2 53192.26062618 25.243
 30  72.028505  61.244816    27.051    27.051  2 53262.26060093 22.154
 31  72.039234  61.245482    26.316    26.316  2 53297.26063692 21.787
 32  72.044104  61.246942    26.168    26.168  2 53332.26060844 27.741
 34  72.048048  61.246626    25.065    25.065  2 53402.26058167 22.774
 35  72.038327  61.247716    24.166    24.166  2 53437.26057088 27.833
 36  72.045209  61.245455    29.974    29.974  2 53472.26062410  6.150
 37  72.041808  61.247518    29.619    29.619  2 53507.26065330 33.199
 38  72.038623  61.245678    29.870    29.870  2 53542.26066102 49.367
 39  72.036485  61.248157    26.899    26.899  2 53577.26064763 31.955
 40  72.028932  61.244892    26.717    26.332  3 53612.26060071 26.467
 41  72.052629  61.246085    27.367    27.367  2 53647.26060466 19.256
 43  72.039836  61.248170    25.353    25.353  2 53717.26054775 36.119
 44  72.059705  61.245711    25.452    25.072  3 53752.26046714 10.909
 45  72.044920  61.246812    25.295    25.295  2 53787.26049751  9.015
 47  72.043815  61.245673    25.064    25.064  2 53857.26054357 28.266
 48  72.052081  61.247690    29.260    29.260  2 53892.26055625 26.010
 49  72.035678  61.247848    29.871    29.871  2 53927.26061682 38.954
 50  72.030253  61.245571    26.360    26.468  3 53962.26060162 24.621
 51  72.062980  61.245280    26.643    25.434  3 53997.26054512 22.834
 52  72.052514  61.246639    24.542    24.542  2 54032.26059647 48.351
 53  72.044203  61.247754    27.514    27.514  2 54067.26059053 23.915
 54  72.033525  61.246250    25.505    25.505  2 54102.26055138 38.501
 55  72.050857  61.247642    29.231    29.231  2 54137.26051829 13.133
 56  72.035540  61.245769    27.120    27.120  2 54172.26052855 15.542
 57  72.050862  61.247937    27.158    27.158  2 54207.26052373 30.549
 58  72.044440  61.246464    30.375    30.375  2 54242.26055645 23.866
 59  72.044333  61.246268    31.540    31.540  2 54277.26057062 28.843
 60  72.045034  61.247217    31.268    31.268  2 54312.26057119 51.121
 61  72.035722  61.247425    27.709    27.709  2 54347.26054390 22.508
 62  72.050889  61.247536    27.547    27.547  2 54382.26050812 21.267
 63  72.037408  61.245627    25.206    25.206  2 54417.26049349 33.704
 64  72.053072  61.246166    25.522    25.522  2 54452.26047772 21.270
 65  72.045341  61.247839    28.476    28.476  2 54487.26049012 15.523
 66  72.050794  61.247713    27.538    27.538  2 54522.26049077 13.690
 67  72.037246  61.246745    24.293    24.293  2 54557.26050066 19.481
 68  72.044578  61.245737    26.998    26.998  2 54592.26048713 32.202
 69  72.041448  61.246303    30.384    30.384  2 54627.26050275 22.756
 70  72.044012  61.248230    29.428    29.428  2 54662.26050994 44.672
 71  72.037920  61.246428    25.462    25.462  2 54697.26048571 25.282
 72  72.049264  61.245073    26.343    26.343  2 54732.26046686 21.933
 73  72.043445  61.246760    27.099    27.099  2 54767.26046494 25.519
 74  72.051005  61.247885    26.574    26.574  2 54802.26046030 49.922
 75  72.043023  61.246093    26.196    26.196  2 54837.26045749 15.775
 76  72.049485  61.245834    26.258    26.258  2 54872.26045948 13.062
 77  72.031084  61.244060    27.878    27.894  3 54907.26046596 10.671
 78  72.048155  61.245923    26.816    26.816  2 54942.26045216 29.721
 79  72.042846  61.246229    29.499    29.499  2 54977.26047997 24.867
 80  72.041525  61.246973    29.460    29.460  2 55012.26048797 24.985
 81  72.045500  61.246945    28.494    28.494  2 55047.26047988 21.082
 82  72.034191  61.246649    25.693    25.693  2 55082.26045194 32.437
 83  72.051410  61.247913    28.003    28.003  2 55117.26041161 19.077
 84  72.040407  61.246719    25.703    25.703  2 55152.26040991 26.461
 85  72.050425  61.247102    25.641    25.641  2 55187.26039863 16.639
 86  72.041282  61.247474    26.072    26.072  2 55222.26040839 11.635
 87  72.047216  61.245549    26.040    26.040  2 55257.26039519 10.087
 89  72.042475  61.246591    28.344    28.344  2 55327.26037895 39.899
 90  72.040047  61.247547    30.191    30.191  2 55362.26037508 26.743
 91  72.048923  61.245915    30.171    30.171  2 55397.26038266 23.680
 92  72.045435  61.246484    28.227    28.227  2 55432.26039022 19.986
 93  72.032586  61.245636    25.932    25.847  3 55467.26035003 26.238
