-125877.772    34.213     0.00    4.44
-125511.427    32.221    -5.44    5.83
-125145.010    29.272    -8.05    7.12
-124778.521    26.463    -7.66    7.54
-124411.960    22.931    -9.64    6.89
-124045.326    20.009    -7.97    5.80
-123678.620    19.773    -0.64    5.17
-123311.842    20.462     1.88    6.32
-122944.991    22.028     4.27    7.32
-122578.067    22.211     0.50    7.39
-122211.071    20.592    -4.41    7.23
-121844.003    17.016    -9.74    6.19
-121476.862    14.531    -6.77    4.04
-121109.648    14.149    -1.04    3.68
-120742.361    16.397     6.12    5.78
-120375.002    18.050     4.50    5.85
-120007.570    17.071    -2.67    7.00
-119640.065    14.261    -7.64    8.25
-119272.487    10.853    -9.27    5.78
-118904.836     9.206    -4.48    3.53
-118537.112     9.332     0.34    3.24
-118169.316     9.582     0.68    2.51
-117801.446     9.787     0.56    1.71
-117433.503    10.386     1.63    1.75
-117065.487    10.758     1.01    1.83
-116697.398    11.793     2.81    2.96
-116329.235    14.837     8.27    7.86
-115960.999    19.886    13.71   12.41
-115592.690    27.048    19.45   14.24
-115224.308    34.859    21.20   12.66
-114855.852    41.072    16.86    6.66
-114487.323    43.536     6.69    4.05
-114118.720    44.524     2.68    4.39
-113750.044    44.777     0.69    3.98
-113381.294    45.118     0.92    3.06
-113012.470    44.712    -1.10    2.94
-112643.573    42.694    -5.47    3.77
-112274.602    40.554    -5.80    4.30
-111905.557    38.875    -4.55    4.78
-111536.439    38.165    -1.92    5.05
-111167.247    39.886     4.66    6.28
-110797.981    40.963     2.92    6.43
-110428.640    40.514    -1.21    6.40
-110059.226    39.680    -2.26    5.69
-109689.738    39.611    -0.19    5.36
-109320.176    40.424     2.20    5.24
-108950.540    42.788     6.40    5.30
-108580.829    44.938     5.81    4.09
-108211.045    47.190     6.09    3.38
-107841.186    49.140     5.27    2.96
-107471.253    50.864     4.66    2.94
-107101.245    51.057     0.52    3.41
-106731.164    50.084    -2.63    4.52
-106361.007    48.232    -5.00    4.97
-105990.777    46.892    -3.62    4.76
-105620.471    46.518    -1.01    4.60
-105250.092    47.151     1.71    4.59
-104879.637    48.582     3.86    3.26
-104509.108    48.354    -0.61    3.40
-104138.505    46.929    -3.84    4.21
-103767.826    44.761    -5.85    4.09
-103397.073    41.440    -8.96    5.71
-103026.245    36.065   -14.50    7.65
-102655.342    31.463   -12.40    6.71
-102284.364    30.265    -3.23    6.00
-101913.312    32.254     5.36    6.56
-101542.184    35.816     9.59    5.33
-101170.981    37.606     4.82    3.31
-100799.703    36.766    -2.26    3.75
-100428.350    34.848    -5.17    3.84
-100056.922    33.090    -4.73    2.95
 -99685.419    31.797    -3.48    1.77
 -99313.840    31.745    -0.14    1.97
 -98942.186    31.410    -0.90    2.80
 -98570.457    30.190    -3.28    3.51
 -98198.652    28.180    -5.41    3.24
 -97826.772    27.160    -2.74    3.39
 -97454.816    25.970    -3.20    3.11
 -97082.785    24.375    -4.29    3.40
 -96710.678    22.749    -4.37    3.10
 -96338.495    21.514    -3.32    2.55
 -95966.237    20.433    -2.90    1.57
 -95593.903    19.995    -1.18    1.25
 -95221.494    19.635    -0.97    1.08
 -94849.008    19.440    -0.52    1.08
 -94476.447    18.991    -1.21    1.33
 -94103.810    18.192    -2.14    1.47
 -93731.096    17.518    -1.81    1.44
 -93358.307    16.973    -1.46    1.26
 -92985.442    16.683    -0.78    1.08
 -92612.501    16.705     0.06    1.17
 -92239.483    16.973     0.72    1.33
 -91866.389    17.243     0.73    1.35
 -91493.219    17.223    -0.06    1.17
 -91119.973    17.309     0.23    1.06
 -90746.651    17.505     0.53    1.20
 -90373.252    17.826     0.86    1.32
 -89999.777    17.842     0.04    1.40
 -89626.225    18.109     0.71    1.25
 -89252.597    18.223     0.30    1.04
 -88878.892    18.273     0.14    1.05
 -88505.110    18.127    -0.39    0.93
 -88131.252    18.214     0.23    1.02
 -87757.317    18.375     0.43    1.42
 -87383.306    19.063     1.84    1.90
 -87009.218    20.031     2.59    2.15
 -86635.053    21.170     3.05    2.24
 -86260.810    22.504     3.56    2.04
 -85886.492    23.515     2.70    1.56
 -85512.096    23.060    -1.22    2.16
 -85137.623    22.615    -1.19    2.29
 -84763.073    21.864    -2.00    2.24
 -84388.445    20.831    -2.76    1.60
 -84013.741    20.192    -1.71    1.02
 -83638.960    20.017    -0.47    0.90
 -83264.101    19.821    -0.52    0.83
 -82889.165    19.672    -0.40    0.84
 -82514.151    19.321    -0.94    0.87
 -82139.060    19.387     0.18    1.05
 -81763.892    20.192     2.15    1.76
 -81388.646    21.487     3.45    2.14
 -81013.323    23.665     5.80    2.67
 -80637.922    26.057     6.37    3.48
 -80262.443    28.549     6.64    3.71
 -79886.887    30.310     4.69    3.02
 -79511.253    31.571     3.36    2.05
 -79135.541    32.052     1.28    1.80
 -78759.752    31.440    -1.63    2.03
 -78383.884    30.665    -2.06    2.01
 -78007.939    29.679    -2.62    1.66
 -77631.915    29.201    -1.27    1.25
 -77255.814    29.156    -0.12    1.00
 -76879.634    29.723     1.51    1.42
 -76503.377    30.620     2.38    1.33
 -76127.041    31.041     1.12    1.22
 -75750.627    31.165     0.33    1.23
 -75374.135    30.998    -0.44    1.31
 -74997.564    30.803    -0.52    1.28
 -74620.915    30.740    -0.17    1.29
 -74244.188    30.942     0.54    1.29
 -73867.382    31.215     0.72    1.19
 -73490.498    31.109    -0.28    1.16
 -73113.535    30.991    -0.31    1.30
 -72736.494    31.013     0.06    1.39
 -72359.374    30.777    -0.62    1.35
 -71982.175    29.832    -2.51    1.59
 -71604.897    29.082    -1.99    1.78
 -71227.541    28.513    -1.51    1.70
 -70850.106    28.147    -0.97    1.47
 -70472.592    27.837    -0.82    0.87
 -70094.999    27.712    -0.33    0.95
 -69717.327    26.934    -2.06    1.65
 -69339.575    25.745    -3.15    2.33
 -68961.745    23.966    -4.71    2.40
 -68583.836    22.995    -2.57    1.87
 -68205.848    22.729    -0.70    1.68
 -67827.780    22.799     0.18    1.65
 -67449.633    22.859     0.16    1.72
 -67071.406    22.842    -0.04    1.54
 -66693.101    22.832    -0.03    1.56
 -66314.716    23.147     0.83    1.96
 -65936.251    23.342     0.52    1.97
 -65557.707    24.119     2.05    1.87
 -65179.083    24.614     1.31    1.81
 -64800.380    24.438    -0.46    2.02
 -64421.597    23.386    -2.78    2.29
 -64042.734    22.473    -2.41    2.24
 -63663.791    21.529    -2.49    1.91
 -63284.769    21.170    -0.95    1.67
 -62905.667    21.365     0.51    1.80
 -62526.484    21.299    -0.17    1.81
 -62147.222    21.560     0.69    1.76
 -61767.880    21.902     0.90    1.31
 -61388.458    21.962     0.16    1.35
 -61008.955    22.587     1.65    1.79
 -60629.372    23.266     1.79    2.00
 -60249.710    24.103     2.20    2.28
 -59869.966    24.902     2.10    2.23
 -59490.143    25.518     1.62    2.25
 -59110.239    26.236     1.89    2.17
 -58730.255    26.672     1.15    1.54
 -58350.190    26.310    -0.95    1.48
 -57970.045    26.176    -0.35    1.54
 -57589.819    26.269     0.24    1.60
 -57209.512    26.320     0.14    1.51
 -56829.125    26.611     0.77    1.44
 -56448.657    26.972     0.95    1.29
 -56068.108    27.013     0.11    1.23
 -55687.479    26.126    -2.33    1.91
 -55306.768    25.160    -2.54    2.10
 -54925.977    24.699    -1.21    1.89
 -54545.105    24.568    -0.34    1.62
 -54171.472    24.435    -0.36    1.46
 -53805.929    25.074     1.75    1.23
 -53440.311    25.485     1.13    1.13
 -53074.621    25.525     0.11    1.12
 -52708.856    25.534     0.02    1.15
 -52343.018    24.984    -1.50    1.67
 -51977.106    24.502    -1.32    1.57
 -51611.120    23.705    -2.18    1.56
 -51245.061    23.247    -1.25    1.54
 -50878.927    22.558    -1.88    1.51
 -50512.720    22.502    -0.15    1.39
 -50146.438    22.079    -1.16    1.64
 -49780.083    21.504    -1.57    1.58
 -49413.653    21.267    -0.65    1.57
 -49047.150    21.529     0.72    1.91
 -48680.572    22.027     1.36    2.09
 -48313.920    22.342     0.86    1.99
 -47947.194    22.566     0.61    1.98
 -47580.393    22.251    -0.86    2.14
 -47213.518    21.557    -1.89    2.24
 -46846.569    20.994    -1.54    1.78
 -46479.545    21.587     1.62    1.77
 -46112.447    21.923     0.92    2.00
 -45745.274    21.973     0.14    2.12
 -45378.027    21.959    -0.04    2.20
 -45010.705    21.672    -0.78    2.40
 -44643.309    20.880    -2.16    1.87
 -44275.838    20.442    -1.19    1.09
 -43908.292    20.779     0.91    1.25
 -43540.671    21.250     1.28    1.78
 -43172.975    22.193     2.56    2.13
 -42805.205    22.892     1.90    1.76
 -42437.360    23.374     1.31    1.37
 -42069.439    23.353    -0.06    1.31
 -41701.444    23.299    -0.15    1.23
 -41333.374    23.449     0.41    1.47
 -40965.228    24.092     1.75    1.88
 -40597.008    24.955     2.34    2.00
 -40228.712    25.842     2.41    1.49
 -39860.341    26.396     1.50    1.43
 -39491.894    27.296     2.44    2.53
 -39123.373    29.795     6.78    7.67
 -38754.775    32.419     7.12   11.21
 -38386.103    37.215    13.01   15.03
 -38017.355    42.332    13.88   18.17
 -37648.531    46.970    12.58   17.82
 -37279.632    54.504    20.42   16.88
 -36910.658    65.651    30.21   16.22
 -36541.607    74.683    24.47   16.86
 -36172.481    85.980    30.60   13.16
 -35803.280    93.396    20.09    9.25
 -35434.002    97.090    10.00    7.23
 -35064.649    97.949     2.33    7.17
 -34695.219    98.554     1.64    6.51
 -34325.714    99.676     3.04    4.80
 -33956.133   101.234     4.22    3.46
 -33586.476   102.248     2.74    2.41
 -33216.742   102.614     0.99    2.18
 -32846.933   103.534     2.49    2.95
 -32477.047   105.810     6.15    4.91
 -32107.086   110.246    11.99    6.69
 -31737.047   113.864     9.78    5.97
 -31366.933   113.976     0.30    5.57
 -30996.742   110.769    -8.66    7.02
 -30626.475   104.676   -16.46    6.75
 -30256.132   100.270   -11.90    4.94
 -29885.712    96.881    -9.15    4.40
 -29515.215    93.417    -9.35    6.10
 -29144.642    90.060    -9.06    7.14
 -28773.992    86.332   -10.06    7.29
 -28403.265    86.098    -0.63    6.87
 -28032.462    88.516     6.52    7.10
 -27661.582    90.459     5.24    5.34
 -27290.625    89.631    -2.23    7.52
 -26919.592    83.268   -17.15   12.92
 -26548.481    73.842   -25.40   14.13
 -26177.294    66.911   -18.67   11.58
 -25806.029    62.411   -12.12    8.42
 -25434.687    65.052     7.11   10.89
 -25063.269    69.621    12.30   10.28
 -24691.773    72.747     8.41    8.57
 -24320.199    75.104     6.34    6.18
 -23948.549    76.374     3.42    5.86
 -23576.821    78.156     4.79    5.75
 -23205.016    80.140     5.34    4.84
 -22833.134    82.738     6.99    4.84
 -22461.174    85.353     7.03    3.33
 -22089.137    86.729     3.70    3.21
 -21717.022    87.289     1.50    4.60
 -21344.830    86.683    -1.63    7.26
 -20972.559    85.278    -3.77    9.33
 -20600.212    85.342     0.17    9.04
 -20227.786    83.927    -3.80    8.42
 -19855.283    81.879    -5.50    7.24
 -19482.702    79.516    -6.34    7.12
 -19110.043    76.259    -8.74    8.95
 -18737.306    73.758    -6.71    8.57
 -18364.491    74.299     1.45    7.32
 -17991.598    75.998     4.55    5.75
 -17618.627    78.087     5.60    5.06
 -17245.578    77.870    -0.58    5.33
 -16872.451    67.827   -26.92   17.23
 -16499.246    53.407   -38.64   23.61
 -16125.962    36.584   -45.07   20.61
 -15752.600    25.516   -29.64   10.15
 -15379.159    21.988    -9.45    3.75
 -15005.641    23.223     3.31    4.01
 -14632.043    26.874     9.77    5.71
 -14258.368    30.417     9.48    5.91
 -13884.613    33.087     7.14    5.65
 -13510.781    35.448     6.31    4.13
 -13136.869    35.571     0.33    3.51
 -12762.879    34.753    -2.19    3.63
 -12388.810    31.832    -7.81    3.71
 -12014.662    29.006    -7.55    3.97
 -11640.435    26.898    -5.63    3.38
 -11266.130    25.917    -2.62    2.39
 -10891.745    27.036     2.99    2.71
 -10517.282    28.725     4.51    3.09
 -10142.739    30.797     5.53    3.07
  -9768.118    32.740     5.19    2.77
  -9393.417    34.376     4.36    3.27
  -9018.637    34.832     1.22    3.25
  -8643.778    34.222    -1.63    4.10
  -8268.839    29.500   -12.59    9.63
  -7893.821    22.962   -17.43   13.53
  -7518.724    14.938   -21.39   14.95
  -7143.547     8.049   -18.36   12.91
  -6768.291     2.806   -13.97    8.44
  -6392.955     0.189    -6.97    1.63
  -6017.540     1.130     2.51    2.10
  -5642.045     2.002     2.32    1.95
  -5266.470     2.742     1.97    1.32
  -4890.816     2.321    -1.12    1.33
  -4515.082     2.054    -0.71    1.10
  -4139.268     1.970    -0.22    1.01
  -3763.374     2.395     1.13    1.36
  -3387.400     3.108     1.90    1.38
  -3011.346     3.513     1.07    1.23
  -2635.212     2.963    -1.46    1.99
  -2258.998     1.998    -2.57    2.46
  -1882.704     0.863    -3.02    2.16
  -1506.330    -0.104    -2.57    1.46
  -1129.875    -0.531    -1.13    0.75
   -753.340    -0.626    -0.25    0.23
   -376.725    -0.285     0.90    1.06
     -0.029     0.471     2.01    1.74
    376.747     1.227     2.00    1.97
    753.604     2.181     2.53    1.88
   1130.541     2.563     1.01    1.50
   1507.558     2.816     0.67    1.10
   1884.657     2.669    -0.39    1.09
   2261.836     2.973     0.81    1.13
   2639.096     3.437     1.23    1.26
   3016.437     4.310     2.31    1.50
   3393.858     4.811     1.33    1.53
   3771.361     5.232     1.12    1.37
   4148.944     5.384     0.40    1.74
   4526.608     5.654     0.71    1.81
   4904.354     5.817     0.43    1.94
   5282.181     5.459    -0.95    2.15
   5660.088     4.759    -1.85    1.90
   6038.077     3.865    -2.37    1.64
   6416.148     3.269    -1.57    1.11
   6794.299     3.138    -0.35    0.92
   7172.532     3.069    -0.18    1.05
   7550.847     3.024    -0.12    1.05
   7929.242     2.978    -0.12    1.08
   8307.720     2.954    -0.06    1.09
   8686.279     2.641    -0.82    0.95
   9064.919     2.647     0.01    1.00
   9443.642     2.610    -0.10    0.90
   9822.446     2.742     0.35    0.88
  10201.332     2.858     0.31    0.91
  10580.299     2.986     0.34    0.89
  10959.349     3.002     0.04    0.86
  11338.480     2.814    -0.50    0.86
  11717.694     2.837     0.06    0.90
  12096.989     2.720    -0.31    0.88
  12476.367     2.806     0.23    0.87
  12855.827     2.842     0.10    0.73
  13235.369     2.940     0.26    0.81
  13614.993     2.931    -0.02    0.83
  13994.700     2.822    -0.29    0.82
  14374.489     2.972     0.40    0.88
  14754.360     2.894    -0.20    0.90
  15134.314     2.903     0.02    0.87
  15514.351     2.930     0.07    0.85
  15894.470     2.826    -0.27    1.17
  16274.671     2.669    -0.41    1.33
  16654.955     2.725     0.15    1.42
  17035.322     2.790     0.17    1.35
  17415.772     2.712    -0.21    1.37
  17796.305     2.697    -0.04    1.16
  18176.921     3.117     1.10    0.98
  18557.619     2.697    -1.10    1.48
  18938.401     2.041    -1.72    1.90
  19319.265     2.051     0.02    1.91
  19700.213     2.417     0.96    2.09
  20081.244     3.134     1.88    1.91
  20460.136     3.949     2.15    1.42
  20825.449     3.899    -0.14    1.26
  21190.838     3.972     0.20    1.28
  21556.302     3.779    -0.53    1.17
  21921.841     3.815     0.10    1.12
  22287.456     3.669    -0.40    1.28
  22653.146     3.364    -0.83    1.67
  23018.912     3.342    -0.06    1.54
  23384.754     3.322    -0.06    1.46
  23750.671     2.587    -2.01    1.91
  24116.664     2.136    -1.23    2.08
  24482.733     1.886    -0.68    2.12
  24848.877     1.894     0.02    2.13
  25215.097     2.136     0.66    1.93
  25581.393     2.637     1.37    1.72
  25947.766     2.984     0.95    1.47
  26314.214     2.795    -0.52    1.19
  26680.738     2.652    -0.39    1.13
  27047.338     2.560    -0.25    1.15
  27414.014     2.704     0.39    1.11
  27780.766     2.687    -0.05    1.12
  28147.595     2.868     0.49    1.18
  28514.500     3.217     0.95    1.50
  28881.481     3.549     0.90    1.70
  29248.538     3.879     0.90    1.92
  29615.672     3.795    -0.23    1.91
  29982.883     3.584    -0.57    1.57
  30350.169     3.417    -0.46    1.37
  30717.533     3.250    -0.46    0.98
  31084.973     3.354     0.28    1.19
  31452.489     6.134     7.57    6.93
  31820.082    10.462    11.77    9.84
  32187.752    17.509    19.17   11.30
  32555.499    23.942    17.49   11.43
  32923.323    31.290    19.98   12.02
  33291.223    38.280    19.00   10.33
  33659.201    44.277    16.30    6.01
  34027.255    46.487     6.00    2.99
  34395.386    47.092     1.65    2.47
  34763.595    47.074    -0.05    2.52
  35131.880    46.536    -1.46    3.37
  35500.243    46.549     0.03    4.18
  35868.683    42.995    -9.65    8.14
  36237.200    38.816   -11.34   10.77
  36605.794    36.878    -5.26   10.03
  36974.466    35.810    -2.90    8.91
  37343.215    38.613     7.60    9.25
  37712.042    43.106    12.18    7.66
  38080.946    45.415     6.26    6.54
  38449.927    48.484     8.32    4.00
  38818.987    49.258     2.10    3.08
  39188.124    49.310     0.14    2.16
  39557.338    49.176    -0.36    2.18
  39926.631    49.184     0.02    2.28
  40296.001    49.176    -0.02    2.58
  40665.449    48.827    -0.94    3.52
  41034.974    47.429    -3.78    4.86
  41404.578    46.061    -3.70    5.44
  41774.260    42.265   -10.27    7.39
  42144.020    38.332   -10.64    8.14
  42513.857    36.853    -4.00    7.49
  42883.773    37.069     0.58    6.65
  43253.768    40.290     8.71    7.89
  43623.840    44.363    11.01    5.69
  43993.991    45.848     4.01    4.65
  44364.220    44.624    -3.31    6.25
  44734.527    43.138    -4.01    6.95
  45104.913    41.679    -3.94    6.76
  45475.377    40.775    -2.44    6.09
  45845.920    41.454     1.83    6.03
  46216.541    43.878     6.54    6.26
  46587.241    45.234     3.66    6.12
  46958.019    46.281     2.82    5.35
  47328.877    47.977     4.57    5.54
  47699.813    49.239     3.40    5.40
  48070.828    52.100     7.71    4.97
  48441.922    55.197     8.34    4.76
  48813.094    57.905     7.30    4.34
  49184.346    61.037     8.44    3.97
  49555.677    63.456     6.51    2.98
  49927.086    65.183     4.65    2.55
  50298.575    67.549     6.37    4.02
  50670.143    70.777     8.69    5.00
  51041.791    75.873    13.71    7.54
  51413.517    81.831    16.03    8.24
  51785.323    85.655    10.28    8.20
  52157.208    89.168     9.45    8.18
  52529.173    91.924     7.41    8.67
  52901.217    96.394    12.02   10.66
  53273.341   104.796    22.58   12.43
  53645.544   114.394    25.79   14.06
  54017.827   126.914    33.63   14.50
  54390.189   136.569    25.93   12.24
  54762.631   145.700    24.52    8.80
  55135.153   152.087    17.15    8.70
  55507.755   158.859    18.17    8.79
  55880.437   164.466    15.05    8.80
  56253.198   170.592    16.44    8.01
  56626.040   177.585    18.76    9.70
  56998.961   184.766    19.26   10.03
  57371.963   189.057    11.50    8.95
  57745.045   192.364     8.87    8.13
  58118.207   194.466     5.63    7.27
  58491.449   196.108     4.40    6.18
  58864.772   196.582     1.27    5.48
  59238.174   196.006    -1.54    6.30
  59611.658   193.394    -6.99    7.71
  59985.221   190.342    -8.17    9.07
  60358.865   184.624   -15.31    9.90
  60732.590   178.971   -15.13   11.74
  61106.395   168.837   -27.11   16.77
  61480.281   156.618   -32.68   19.59
  61854.248   141.701   -39.89   20.87
  62228.295   130.669   -29.50   23.12
  62602.423   121.462   -24.61   22.30
  62976.632   114.423   -18.81   20.53
  63350.922   110.231   -11.20   15.24
  63725.293   111.613     3.69   12.94
  64099.745   114.876     8.71   13.75
  64474.277   122.863    21.33   12.59
  64848.891   130.448    20.25   11.59
  65223.587   139.551    24.30   13.06
  65598.363   147.742    21.86   14.70
  65973.221   159.082    30.25   13.14
  66348.159   167.416    22.23    9.99
  66723.180   172.863    14.53    8.58
  67098.281   174.526     4.43    8.16
  67473.465   175.437     2.43    7.28
  67848.729   175.600     0.43    6.46
  68224.076   176.456     2.28    5.81
  68599.503   177.749     3.44    5.66
  68975.013   178.827     2.87    6.40
  69350.604   180.169     3.57    6.42
  69726.277   182.902     7.27    6.03
  70102.032   185.716     7.49    5.77
  70477.869   189.896    11.12    5.26
  70853.788   193.565     9.76    4.94
  71229.789   196.397     7.53    3.64
  71605.872   199.023     6.98    4.07
  71982.037   201.527     6.66    4.55
  72358.284   203.518     5.29    4.76
  72734.613   205.158     4.36    3.96
  73111.025   206.585     3.79    3.55
  73487.518   209.310     7.24    4.07
  73864.095   212.618     8.78    5.76
  74240.753   215.977     8.92    6.36
  74617.495   220.595    12.26    7.56
  74994.318   222.301     4.53    8.09
  75371.224   223.012     1.89    7.73
  75748.213   223.142     0.34    7.78
  76125.285   224.046     2.40    7.41
  76502.439   225.742     4.50    6.40
  76879.676   229.138     9.00    6.25
  77256.996   231.108     5.22    5.83
  77634.399   235.118    10.63    7.06
  78011.885   240.155    13.34    7.67
  78389.454   244.271    10.90    7.25
  78767.106   246.002     4.58    7.73
  79144.841   247.786     4.72    9.69
  79522.659   249.240     3.85   11.56
  79900.561   254.259    13.28   14.10
  80278.545   259.404    13.61   15.09
  80656.613   266.757    19.45   15.40
  81034.765   273.628    18.17   14.38
  81413.000   281.827    21.68   16.52
  81791.318   288.786    18.40   21.94
  82169.720   295.037    16.52   30.47
  82548.206   295.499     1.22   37.85
  82926.775   289.074   -16.97   41.13
  83305.428   276.720   -32.63   36.96
  83684.165   263.041   -36.12   25.72
  84062.985   254.322   -23.02   17.79
  84441.890   248.373   -15.70   11.42
  84820.878   245.144    -8.52    7.25
  85199.951   246.095     2.51    7.74
  85579.107   247.232     3.00    7.61
  85958.348   249.611     6.27    7.02
  86337.672   251.605     5.26    6.95
  86717.081   253.963     6.22    8.26
  87096.574   260.105    16.19   13.10
  87476.152   269.542    24.86   14.24
  87855.814   276.689    18.83   12.69
  88235.560   282.521    15.36   10.08
  88615.391   285.955     9.04   11.20
  88995.306   292.651    17.63   24.01
  89375.306   314.352    57.11   45.00
  89755.391   343.289    76.14   57.01
  90135.560   361.433    47.73   51.24
  90515.814   368.942    19.75   37.72
  90896.153   352.765   -42.54   36.55
  91276.577   326.113   -70.06   38.22
  91657.086   300.322   -67.78   32.13
  92037.680   277.493   -59.99   23.85
  92418.358   264.140   -35.08   20.71
  92799.122   254.006   -26.62   15.59
  93179.971   248.394   -14.74   10.14
  93560.906   246.469    -5.05    6.81
  93941.925   251.049    12.02   12.00
  94323.030   256.957    15.50   17.10
  94704.220   258.672     4.50   19.73
  95085.496   257.064    -4.22   21.29
  95453.839   252.494   -12.41   18.64
  95818.993   245.991   -17.81    9.04
  96184.223   246.097     0.29    4.85
  96549.531   250.126    11.03    7.00
  96914.916   257.700    20.73   10.42
  97280.378   267.169    25.91   13.25
  97645.918   279.995    35.09   17.29
  98011.535   296.842    46.08   22.99
  98377.229   319.650    62.37   28.51
  98743.001   347.494    76.13   37.33
  99108.850   380.415    89.99   42.79
  99474.777   420.054   108.33   48.80
  99840.782   461.002   111.89   53.99
 100206.864   505.940   122.76   52.63
 100573.024   543.883   103.63   46.13
 100939.262   574.912    84.73   29.10
 101305.577   589.656    40.25   16.81
 101671.970   588.634    -2.79   19.60
 102038.442   568.322   -55.43   38.22
 102404.991   536.494   -86.84   52.56
 102771.618   498.893  -102.56   50.60
 103138.323   467.930   -84.44   38.71
 103505.107   447.227   -56.45   29.22
 103871.968   434.703   -34.14   28.49
 104238.908   430.212   -12.24   33.32
 104605.926   430.959     2.03   36.02
 104973.022   442.026    30.15   36.03
 105340.197   460.495    50.30   35.12
 105707.450   482.169    59.02   31.00
 106074.781   500.384    49.59   24.23
 106442.191   508.403    21.83   22.72
 106809.679   507.800    -1.64   30.30
 107177.247   494.638   -35.81   39.64
 107544.892   475.438   -52.23   43.13
 107912.617   453.751   -58.98   47.15
 108280.420   436.061   -48.10   45.22
 108648.302   419.565   -44.85   40.28
 109016.263   413.842   -15.55   32.77
 109384.302   413.934     0.25   23.72
 109752.421   425.700    31.96   25.24
 110120.619   444.973    52.35   30.73
 110488.896   475.474    82.83   37.77
 110857.251   504.724    79.41   35.80
 111225.686   533.577    78.32   28.97
 111594.201   549.514    43.25   16.65
 111962.794   547.030    -6.74   20.98
 112331.467   522.948   -65.32   43.35
 112700.219   481.995  -111.07   55.30
 113069.050   437.682  -120.15   56.54
 113437.961   396.267  -112.27   46.65
 113806.952   361.552   -94.09   48.57
 114176.022   339.230   -60.49   42.07
 114545.172   338.262    -2.62   39.92
 114914.401   362.992    66.98   53.64
 115283.710   416.516   144.94   67.89
 115653.099   466.720   135.92   57.24
 116022.567   499.064    87.55   39.62
 116392.116   502.492     9.28   46.87
 116761.744   487.168   -41.46   58.93
 117131.452   455.092   -86.77   61.73
 117501.241   434.967   -54.43   49.37
 117871.109   428.762   -16.78   30.65
 118241.058   432.874    11.11   23.69
 118611.086   440.775    21.36   31.44
 118981.195   443.272     6.75   42.62
 119351.385   427.638   -42.23   60.86
 119721.654   389.928  -101.85   80.91
 120092.004   322.912  -180.97  100.97
 120462.434   236.995  -231.96  119.63
 120832.945   155.172  -220.86   92.85
 121203.537   102.352  -142.54   59.55
 121574.208    80.177   -59.83   27.33
 121944.961    97.102    45.65   53.36
 122315.794   141.749   120.40   90.85
 122686.708   228.281   233.31  134.72
 123057.703   323.852   257.63  150.40
 123428.779   427.023   278.05  118.76
 123799.935   487.383   162.64   84.58
 124171.173   518.375    83.49   67.29
 124542.491   510.555   -21.06   67.58
 124913.891   486.640   -64.39   71.68
 125285.372   456.002   -82.48   72.90
 125656.934   416.587  -106.09   83.26
 126028.577   370.312  -124.53   81.44
 126400.301   331.551  -104.28   64.55
 126772.107   297.312   -92.09   45.56
 127143.994   287.414   -26.62   37.89
 127515.962   293.659    16.79   49.11
 127888.012   303.649    26.85   57.22
 128260.143   334.504    82.92   66.63
 128632.357   385.989   138.33   81.24
 129004.651   445.174   158.99   89.32
 129377.028   516.512   191.59   81.35
 129749.486   573.717   153.60   70.83
 130122.026   617.142   116.57   55.15
 130494.647   645.322    75.63   45.16
 130867.351   652.802    20.07   58.17
 131240.137   630.802   -59.02   79.15
 131613.004   581.454  -132.36   96.02
 131985.954   529.659  -138.89   87.13
 132358.986   492.944   -98.43   64.32
 132732.100   473.470   -52.20   48.33
 133105.296   471.896    -4.22   38.51
 133478.574   488.907    45.58   40.02
 133851.935   521.342    86.88   54.81
 134225.378   577.204   149.60   78.45
 134598.904   634.373   153.07   72.31
 134972.512   676.070   111.61   51.05
 135346.203   692.353    43.58   35.35
 135719.976   682.352   -26.76   47.93
 136093.832   652.905   -78.77   65.45
 136467.771   594.016  -157.50   90.70
 136841.792   537.666  -150.67   90.85
 137215.896   502.042   -95.23   60.72
 137590.083   507.726    15.19   58.92
 137964.353   552.095   118.56   76.96
 138338.706   598.332   123.52   54.63
 138713.142   617.891    52.24   38.95
 139087.662   605.946   -31.90   48.63
 139462.264   594.686   -30.06   48.29
 139836.949   613.762    50.92   56.06
 140211.718   632.121    48.99   46.99
 140586.570   623.645   -22.61   51.99
 140961.505   607.281   -43.65   58.76
 141336.524   596.137   -29.72   54.44
 141711.627   606.485    27.59   59.34
 142086.812   621.777    40.76   47.70
 142462.082   618.322    -9.21   41.71
 142837.435   593.042   -67.36   52.57
 143212.872   575.422   -46.94   54.25
 143588.392   550.435   -66.55   50.58
 143963.996   525.837   -65.50   55.76
 144339.684   495.536   -80.66   71.47
 144715.456   470.959   -65.41   77.12
 145091.312   437.988   -87.73   86.66
 145467.253   398.542  -104.94   92.03
 145843.277   368.864   -78.93   84.19
 146219.385   336.842   -85.15   68.64
 146595.577   313.988   -60.76   54.31
 146971.854   291.552   -59.63   39.95
 147348.215   277.779   -36.60   36.18
 147724.661   272.085   -15.13   45.51
 148101.190   257.992   -37.43   53.97
 148477.805   230.352   -73.40   56.41
 148854.503   205.730   -65.37   40.61
 149231.287   191.817   -36.93   21.16
 149608.155   193.301     3.94   18.79
 149985.108   189.092   -11.17   18.23
 150362.145   174.382   -39.02   23.25
 150739.267   163.972   -27.61   21.02
 151116.474   172.827    23.48   37.88
 151493.766   212.706   105.71   69.31
 151871.144   268.422   147.66   77.21
 152248.606   333.200   171.63   68.18
 152626.153   384.857   136.84   62.07
 153003.785   429.914   119.33   47.74
 153381.503   453.137    61.49   32.91
 153759.305   463.290    26.88   19.84
 154137.194   455.837   -19.72   27.64
 154515.167   444.627   -29.66   30.59
 154893.226   439.263   -14.19   31.39
 155271.370   438.342    -2.44   30.32
 155649.600   433.026   -14.06   31.37
 156027.916   427.832   -13.73   33.95
 156406.317   430.274     6.45   34.25
 156784.804   438.973    22.99   33.39
 157163.377   453.162    37.49   26.85
 157542.035   462.290    24.11   17.91
 157920.780   453.072   -24.34   29.36
 158299.610   423.511   -78.04   44.87
 158678.527   378.412  -119.03   55.61
 159057.529   339.710  -102.13   44.69
 159436.618   314.342   -66.92   24.25
 159815.793   308.781   -14.67   16.55
 160195.054   322.142    35.23   28.95
 160574.401   350.934    75.91   41.47
 160953.835   393.999   113.51   51.02
 161333.355   439.363   119.54   56.30
 161712.961   482.122   112.65   49.55
 162092.654   515.353    87.53   40.05
 162472.434   546.679    82.49   37.48
 162852.300   582.372    93.97   59.90
 163232.253   641.019   154.37   90.21
 163612.293   699.817   154.73   93.96
 163992.420   748.002   126.77   75.62
 164372.633   778.282    79.65   63.10
 164752.934   789.762    30.19   64.57
 165133.321   796.672    18.17   56.98
 165513.795   799.202     6.65   43.62
 165894.357   788.202   -28.91   41.43
 166275.006   744.032  -116.05   65.34
 166655.742   692.012  -136.65   76.55
 167036.565   630.882  -160.54   69.22
 167417.476   597.837   -86.76   54.92
 167798.474   573.992   -62.59   57.16
 168179.559   561.562   -32.62   64.14
 168560.732   535.272   -68.98   73.55
 168941.993   504.552   -80.58   70.59
 169323.341   478.662   -67.90   56.45
 169704.777   480.392     4.54   64.62
 170078.796   514.572    91.40   96.88
 170443.710   569.117   149.49  111.11
 170808.703   639.229   192.11  102.33
 171173.775   702.264   172.68  111.31
 171538.926   721.230    51.95  107.89
 171904.156   693.709   -75.36  117.97
 172269.465   647.122  -127.54  120.43
 172634.853   593.138  -147.76  101.10
 173000.321   543.382  -136.16   72.65
 173365.867   522.462   -57.24   55.27
 173731.493   537.068    39.95   59.38
 174097.199   553.013    43.61   66.77
 174462.983   571.660    50.98   55.50
