-271219.123    69.744     0.00    0.74
-270843.092    69.718    -0.07    1.04
-270467.007    69.616    -0.27    1.08
-270090.870    69.418    -0.53    1.20
-269714.680    68.835    -1.55    1.19
-269338.437    68.614    -0.59    1.10
-268962.141    68.309    -0.81    0.99
-268585.792    68.248    -0.16    0.94
-268209.390    68.204    -0.12    1.01
-267832.936    67.965    -0.63    1.03
-267456.428    67.704    -0.69    0.94
-267079.867    67.616    -0.24    0.79
-266703.254    67.747     0.35    0.89
-266326.587    67.868     0.32    1.13
-265949.867    67.983     0.31    1.30
-265573.095    67.782    -0.53    1.41
-265196.269    67.248    -1.42    1.56
-264819.390    67.158    -0.24    1.48
-264442.457    67.979     2.18    2.03
-264065.472    68.987     2.67    2.36
-263688.434    70.145     3.07    2.07
-263311.342    71.472     3.52    2.13
-262934.197    72.077     1.60    2.01
-262556.998    72.211     0.36    1.93
-262179.747    72.718     1.34    1.72
-261802.442    72.660    -0.16    1.83
-261425.084    73.118     1.22    1.96
-261047.672    73.468     0.93    2.00
-260670.207    74.092     1.65    1.79
-260292.689    74.008    -0.22    1.84
-259915.117    73.468    -1.43    1.95
-259537.491    72.748    -1.91    2.08
-259159.813    72.601    -0.39    1.72
-258782.080    72.888     0.76    1.67
-258404.294    73.174     0.76    1.79
-258026.455    73.306     0.35    1.90
-257648.562    73.487     0.48    2.20
-257270.615    73.468    -0.05    2.58
-256892.615    73.501     0.09    2.78
-256514.561    73.062    -1.16    2.94
-256136.454    72.601    -1.22    2.72
-255758.293    72.086    -1.36    2.57
-255380.078    71.942    -0.38    2.71
-255001.809    71.630    -0.82    2.47
-254623.486    71.195    -1.15    2.19
-254245.110    70.961    -0.62    2.00
-253866.680    70.630    -0.87    1.53
-253488.196    70.313    -0.84    1.33
-253109.658    70.002    -0.82    1.22
-252731.067    69.616    -1.02    1.11
-252352.421    69.351    -0.70    0.88
-251973.721    69.218    -0.35    0.86
-251594.968    69.042    -0.47    0.80
-251216.160    69.004    -0.10    0.79
-250837.299    69.147     0.38    0.83
-250458.969    69.101    -0.12    0.79
-250090.510    68.950    -0.41    0.77
-249722.000    68.880    -0.19    0.68
-249353.439    68.918     0.10    0.67
-248984.827    68.898    -0.06    0.69
-248616.164    68.836    -0.17    0.80
-248247.451    68.762    -0.20    0.79
-247878.686    68.660    -0.28    0.88
-247509.871    68.487    -0.47    0.91
-247141.004    68.530     0.12    0.83
-246772.087    68.400    -0.35    0.83
-246403.119    68.286    -0.31    0.94
-246034.099    68.284    -0.01    0.96
-245665.029    68.182    -0.27    0.95
-245295.907    67.998    -0.50    0.90
-244926.734    68.052     0.15    0.95
-244557.510    67.892    -0.43    0.87
-244188.235    67.838    -0.15    0.90
-243818.909    67.791    -0.13    1.00
-243449.532    67.921     0.35    1.32
-243080.103    68.161     0.65    1.41
-242710.623    68.257     0.26    1.44
-242341.092    68.371     0.31    1.28
-241971.510    68.599     0.62    1.41
-241601.876    69.248     1.75    1.75
-241232.191    69.812     1.53    2.13
-240862.455    70.066     0.69    2.22
-240492.667    69.976    -0.24    2.09
-240122.828    69.975    -0.00    1.81
-239752.938    69.431    -1.47    1.94
-239382.996    69.269    -0.44    1.97
-239013.002    68.843    -1.15    1.81
-238642.957    68.468    -1.01    1.56
-238272.861    68.855     1.04    1.81
-237902.713    69.211     0.96    1.91
-237532.513    69.582     1.00    1.98
-237162.262    69.376    -0.56    1.96
-236791.960    69.042    -0.90    1.71
-236421.605    68.646    -1.07    1.36
-236051.199    68.375    -0.73    0.98
-235680.742    68.704     0.89    0.99
-235310.232    68.863     0.43    1.12
-234939.671    69.145     0.76    1.15
-234569.059    69.443     0.80    1.08
-234198.394    69.385    -0.16    1.07
-233827.678    69.704     0.86    1.07
-233456.910    69.763     0.16    1.10
-233086.090    69.603    -0.43    1.06
-232715.218    69.777     0.47    1.17
-232344.294    69.876     0.27    1.09
-231973.319    70.021     0.39    1.02
-231602.291    70.130     0.29    0.95
-231231.212    70.312     0.49    0.89
-230860.081    70.321     0.02    0.95
-230488.897    70.297    -0.07    0.89
-230117.662    70.356     0.16    1.03
-229746.375    70.309    -0.13    1.07
-229375.035    70.347     0.10    1.07
-229003.644    70.375     0.08    1.23
-228632.200    70.761     1.04    1.03
-228260.705    71.097     0.90    1.03
-227889.157    71.400     0.81    0.99
-227517.557    71.616     0.58    0.79
-227145.904    71.400    -0.58    1.04
-226774.200    71.168    -0.62    1.04
-226402.443    70.979    -0.51    0.96
-226030.634    70.907    -0.19    1.07
-225658.773    70.983     0.21    1.43
-225286.860    71.733     2.02    2.25
-224914.894    72.465     1.97    2.52
-224542.876    72.733     0.72    2.53
-224170.805    72.145    -1.58    2.97
-223798.682    71.042    -2.96    2.89
-223426.507    69.611    -3.84    2.06
-223054.279    68.647    -2.59    1.13
-222681.999    68.309    -0.91    0.84
-222309.666    68.158    -0.41    0.83
-221937.281    67.961    -0.53    0.90
-221564.843    67.873    -0.23    1.02
-221192.353    67.597    -0.74    1.05
-220819.810    67.168    -1.15    0.95
-220447.214    66.910    -0.69    0.92
-220074.566    66.821    -0.24    0.87
-219701.865    66.545    -0.74    0.79
-219329.112    66.439    -0.28    0.75
-218956.305    66.559     0.32    1.17
-218583.446    66.838     0.75    1.64
-218210.535    67.535     1.87    2.04
-217837.570    67.792     0.69    2.15
-217464.553    67.454    -0.91    2.33
-217091.483    66.524    -2.49    2.16
-216718.360    66.468    -0.15    2.17
-216345.184    67.426     2.57    2.88
-215971.956    67.762     0.90    3.07
-215598.674    67.370    -1.05    3.17
-215225.340    65.961    -3.77    2.73
-214851.952    64.748    -3.25    1.64
-214478.512    64.604    -0.39    1.02
-214105.019    64.836     0.62    0.87
-213731.472    65.139     0.81    0.90
-213357.873    65.443     0.81    0.92
-212984.220    65.748     0.82    0.93
-212610.514    66.095     0.93    0.82
-212236.756    66.256     0.43    0.77
-211862.944    66.076    -0.48    0.90
-211489.079    65.762    -0.84    0.96
-211115.160    65.535    -0.61    0.98
-210741.189    65.385    -0.40    0.85
-210367.164    65.443     0.15    0.84
-209993.086    65.375    -0.18    0.84
-209618.955    65.101    -0.73    0.88
-209244.770    64.972    -0.34    0.89
-208870.532    64.892    -0.21    0.97
-208496.241    65.121     0.61    1.16
-208121.896    65.218     0.26    1.06
-207747.498    65.313     0.25    0.96
-207373.047    65.321     0.02    0.95
-206998.542    65.269    -0.14    0.87
-206623.983    65.336     0.18    0.91
-206249.371    65.190    -0.39    0.93
-205874.706    65.021    -0.45    0.94
-205499.987    64.792    -0.61    0.83
-205125.214    64.765    -0.07    0.79
-204750.388    64.910     0.38    0.82
-204375.509    64.965     0.15    0.81
-204000.575    64.904    -0.16    0.89
-203625.588    64.878    -0.07    0.88
-203250.547    64.892     0.04    0.92
-202875.453    64.939     0.12    0.91
-202500.305    65.110     0.45    0.81
-202125.103    65.176     0.18    0.86
-201749.847    65.284     0.29    0.83
-201374.537    65.342     0.15    0.79
-200999.174    65.301    -0.11    0.84
-200623.756    65.327     0.07    0.81
-200248.285    65.370     0.11    0.89
-199872.760    65.409     0.10    0.89
-199497.181    65.390    -0.05    0.84
-199121.548    65.352    -0.10    0.74
-198745.861    65.321    -0.08    0.78
-198370.120    65.347     0.07    0.80
-197994.325    65.313    -0.09    0.93
-197618.476    65.240    -0.19    0.98
-197242.573    65.027    -0.57    0.97
-196866.616    65.013    -0.04    0.98
-196490.604    65.204     0.51    0.97
-196114.539    65.211     0.02    0.88
-195738.419    65.288     0.20    0.87
-195362.245    65.279    -0.02    0.86
-194986.017    65.260    -0.05    0.99
-194609.735    65.307     0.12    0.97
-194233.398    65.347     0.11    0.89
-193857.007    65.342    -0.01    0.91
-193480.562    65.269    -0.19    0.96
-193104.063    65.189    -0.21    0.95
-192727.509    65.145    -0.12    1.01
-192350.900    65.247     0.27    0.86
-191974.238    65.315     0.18    0.82
-191597.520    65.316     0.00    0.82
-191220.749    65.325     0.02    0.78
-190843.923    65.441     0.31    0.74
-190467.042    65.539     0.26    0.85
-190090.107    65.676     0.36    0.86
-189713.117    65.762     0.23    0.81
-189336.072    65.834     0.19    0.83
-188958.973    65.939     0.28    0.75
-188581.820    65.807    -0.35    0.81
-188204.612    65.861     0.14    0.89
-187827.349    65.883     0.06    0.88
-187450.031    65.913     0.08    0.85
-187072.658    65.976     0.17    0.93
-186695.231    65.996     0.05    0.83
-186317.749    65.777    -0.58    0.81
-185940.212    65.576    -0.53    0.80
-185562.621    65.390    -0.49    0.77
-185184.974    65.197    -0.51    0.85
-184807.273    64.907    -0.77    0.93
-184429.517    64.777    -0.34    0.91
-184051.705    64.747    -0.08    0.92
-183673.839    64.582    -0.44    0.99
-183295.918    64.535    -0.12    1.06
-182917.942    64.584     0.13    1.13
-182539.910    64.817     0.62    1.10
-182161.824    65.101     0.75    0.91
-181783.683    65.290     0.50    0.86
-181405.486    65.507     0.57    1.00
-181027.234    65.807     0.79    0.93
-180648.928    66.182     0.99    0.96
-180270.566    66.565     1.01    0.87
-179892.148    66.968     1.07    0.95
-179513.676    67.334     0.97    0.74
-179135.148    67.404     0.19    0.71
-178756.565    67.395    -0.02    0.66
-178377.927    67.390    -0.01    0.72
-177999.233    67.298    -0.24    0.81
-177620.484    67.197    -0.27    0.87
-177241.680    66.947    -0.66    0.94
-176862.820    66.582    -0.96    0.89
-176483.905    66.395    -0.49    0.87
-176104.934    66.203    -0.51    0.94
-175725.908    66.101    -0.27    0.95
-175355.895    65.870    -0.62    0.96
-174987.543    65.747    -0.33    0.92
-174619.138    65.516    -0.63    1.07
-174250.681    65.254    -0.71    1.12
-173882.172    64.805    -1.22    1.21
-173513.611    64.282    -1.42    1.02
-173144.998    63.805    -1.29    1.03
-172776.332    63.404    -1.09    1.14
-172407.615    62.733    -1.82    1.31
-172038.845    62.233    -1.36    1.35
-171670.022    62.561     0.89    1.95
-171301.147    63.586     2.78    2.96
-170932.220    64.052     1.26    3.33
-170563.241    64.361     0.84    3.72
-170194.209    64.961     1.63    4.10
-169825.125    65.247     0.77    4.02
-169455.988    66.255     2.73    3.83
-169086.799    67.095     2.28    3.49
-168717.557    67.704     1.65    3.37
-168348.263    68.261     1.51    2.94
-167978.916    68.648     1.05    2.79
-167609.517    69.110     1.25    2.30
-167240.065    69.248     0.37    2.11
-166870.561    69.018    -0.62    2.10
-166501.004    68.689    -0.89    2.09
-166131.394    68.145    -1.47    2.17
-165761.732    67.590    -1.50    2.12
-165392.017    67.356    -0.63    2.07
-165022.249    66.437    -2.49    2.44
-164652.428    66.002    -1.18    2.36
-164282.555    65.606    -1.07    2.08
-163912.629    64.987    -1.67    1.81
-163542.650    65.268     0.76    1.55
-163172.618    65.365     0.26    1.30
-162802.533    65.160    -0.55    1.34
-162432.396    64.640    -1.40    1.47
-162062.205    64.454    -0.50    1.67
-161691.962    64.143    -0.84    1.61
-161321.666    63.804    -0.91    1.59
-160951.316    63.855     0.14    1.71
-160580.914    64.205     0.94    2.21
-160210.458    65.136     2.51    2.59
-159839.950    66.455     3.56    2.02
-159469.389    66.733     0.75    1.76
-159098.774    66.333    -1.08    1.97
-158728.106    65.777    -1.50    1.77
-158357.385    65.803     0.07    1.74
-157986.611    65.404    -1.08    2.04
-157615.784    64.542    -2.32    2.81
-157244.904    63.298    -3.35    2.76
-156873.970    62.218    -2.91    3.10
-156502.983    61.918    -0.81    2.99
-156131.943    61.218    -1.89    3.32
-155760.849    58.451    -7.46    4.90
-155389.702    56.081    -6.38    5.10
-155018.502    54.747    -3.59    5.12
-154647.248    54.892     0.39    5.36
-154275.941    54.776    -0.31    5.58
-153904.581    53.733    -2.81    5.80
-153533.167    52.061    -4.50    4.90
-153161.699    51.211    -2.29    4.55
-152790.178    50.866    -0.93    4.39
-152418.604    50.888     0.06    4.31
-152046.976    49.979    -2.44    4.17
-151675.294    48.942    -2.79    3.92
-151303.559    49.268     0.88    4.81
-150931.770    49.062    -0.55    5.32
-150559.928    49.184     0.33    6.01
-150188.032    48.487    -1.88    5.89
-149816.082    47.972    -1.38    5.66
-149444.078    47.414    -1.50    5.69
-149072.021    46.633    -2.10    6.08
-148699.910    45.833    -2.15    5.92
-148327.745    45.066    -2.06    5.08
-147955.526    44.933    -0.36    4.29
-147583.254    44.936     0.01    4.04
-147210.927    45.507     1.53    3.74
-146838.547    46.161     1.76    4.14
-146466.113    45.718    -1.19    4.85
-146093.624    45.318    -1.07    4.99
-145721.082    44.294    -2.75    5.21
-145348.486    43.898    -1.06    5.50
-144975.836    44.273     1.01    6.39
-144603.132    43.537    -1.97    6.30
-144230.374    42.617    -2.47    5.60
-143857.561    42.160    -1.23    5.80
-143484.695    42.327     0.45    6.64
-143111.774    42.013    -0.84    6.68
-142738.800    41.545    -1.25    7.11
-142365.771    41.013    -1.43    7.71
-141992.687    41.204     0.51    8.70
-141619.550    40.197    -2.70    8.89
-141246.358    39.775    -1.13    8.46
-140873.113    41.284     4.04    7.07
-140499.812    41.950     1.79    7.17
-140126.458    45.047     8.29    7.22
-139753.049    46.400     3.62    8.07
-139379.586    44.817    -4.24    9.86
-139006.068    41.983    -7.59   10.06
-138632.496    37.747   -11.34    8.49
-138258.869    33.980   -10.08    5.08
-137885.188    31.998    -5.30    3.88
-137511.453    30.250    -4.68    3.69
-137137.663    29.008    -3.32    3.50
-136763.818    26.793    -5.92    3.18
-136389.919    25.859    -2.50    3.13
-136015.965    24.907    -2.55    2.52
-135641.957    24.451    -1.22    2.41
-135267.893    24.269    -0.49    2.77
-134893.776    24.282     0.03    3.17
-134519.603    23.876    -1.09    3.36
-134145.376    24.076     0.53    3.33
-133771.094    25.197     3.00    4.13
-133396.757    27.458     6.04    4.75
-133022.366    29.676     5.93    4.10
-132647.919    31.614     5.17    2.69
-132273.418    32.013     1.06    2.98
-131898.862    31.468    -1.45    3.08
-131524.251    31.168    -0.80    2.96
-131149.585    30.777    -1.04    2.04
-130774.864    31.592     2.17    2.93
-130400.089    33.631     5.44    3.69
-130025.258    35.493     4.97    3.56
-129650.372    37.443     5.20    2.51
-129275.431    37.718     0.73    2.12
-128900.435    35.972    -4.66    3.10
-128525.384    34.791    -3.15    2.77
-128150.278    33.845    -2.52    1.80
-127775.116    33.468    -1.00    0.94
-127399.900    33.518     0.13    0.96
-127024.628    33.457    -0.16    0.92
-126649.301    33.218    -0.64    0.89
-126273.919    32.934    -0.76    0.87
-125898.481    32.603    -0.88    0.93
-125522.988    32.081    -1.39    0.89
-125147.440    31.947    -0.36    0.90
-124771.837    32.617     1.78    2.17
-124396.178    33.789     3.12    2.82
-124020.463    35.161     3.65    2.57
-123644.694    36.410     3.32    1.80
-123268.868    37.014     1.61    1.82
-122892.988    36.776    -0.63    1.78
-122517.052    36.316    -1.22    1.89
-122141.060    35.307    -2.68    1.50
-121765.013    34.037    -3.38    1.79
-121388.910    32.857    -3.14    1.60
-121012.751    32.086    -2.05    1.31
-120636.537    32.013    -0.20    1.67
-120260.267    32.169     0.42    2.07
-119883.942    32.933     2.03    2.71
-119507.561    33.887     2.54    2.98
-119131.124    35.038     3.06    2.98
-118754.631    35.646     1.61    3.50
-118378.083    36.066     1.11    3.78
-118001.479    36.718     1.73    3.71
-117624.819    36.448    -0.72    3.70
-117248.103    36.264    -0.49    3.96
-116871.331    35.989    -0.73    3.80
-116494.503    35.472    -1.37    3.82
-116117.619    35.590     0.31    4.37
-115740.680    35.690     0.27    4.62
-115363.684    35.947     0.68    4.96
-114986.632    35.118    -2.20    5.04
-114609.525    35.647     1.40    5.50
-114232.361    40.260    12.23   10.27
-113855.141    47.400    18.92   11.62
-113477.865    54.873    19.81    9.20
-113100.533    60.130    13.93    2.55
-112723.144    60.116    -0.04    3.45
-112345.700    60.912     2.11    3.47
-111968.199    61.979     2.82    2.93
-111590.642    62.863     2.34    2.12
-111213.029    62.380    -1.28    2.68
-110835.359    61.042    -3.54    3.22
-110457.633    60.327    -1.89    3.53
-110079.851    59.690    -1.69    3.46
-109702.012    60.617     2.45    3.46
-109324.117    60.834     0.58    3.28
-108946.166    60.415    -1.11    3.23
-108568.158    60.130    -0.75    2.98
-108190.093    59.454    -1.79    2.88
-107811.972    59.324    -0.34    2.64
-107433.795    59.276    -0.13    2.60
-107055.561    59.071    -0.54    2.43
-106677.270    58.676    -1.04    2.37
-106298.923    58.052    -1.65    2.31
-105920.519    57.349    -1.86    2.43
-105542.058    56.870    -1.26    2.59
-105163.541    56.318    -1.46    2.55
-104784.967    55.569    -1.98    1.85
-104406.336    55.205    -0.96    1.17
-104027.649    56.008     2.12    2.08
-103648.904    57.718     4.51    3.32
-103270.103    59.352     4.31    3.67
-102891.245    60.282     2.45    3.66
-102512.330    61.704     3.75    3.02
-102133.358    62.116     1.08    2.84
-101754.330    62.660     1.44    2.25
-101375.244    62.949     0.76    1.65
-100996.101    62.733    -0.57    1.49
-100623.750    62.066    -1.79    1.88
-100255.563    60.996    -2.91    2.44
 -99887.324    59.791    -3.27    2.95
 -99519.031    58.733    -2.87    3.30
 -99150.684    57.676    -2.87    3.62
 -98782.284    56.814    -2.34    3.80
 -98413.830    56.820     0.02    4.25
 -98045.323    56.828     0.02    4.61
 -97676.762    56.147    -1.85    5.25
 -97308.148    54.183    -5.33    6.08
 -96939.480    52.892    -3.50    5.70
 -96570.759    51.733    -3.14    5.33
 -96201.983    51.282    -1.22    5.68
 -95833.154    51.056    -0.61    5.98
 -95464.272    50.225    -2.25    6.57
 -95095.335    49.233    -2.69    6.69
 -94726.345    45.690    -9.60    7.65
 -94357.301    42.282    -9.24    7.52
 -93988.203    41.620    -1.79    7.13
 -93619.052    42.968     3.65    7.39
 -93249.846    45.268     6.23    7.15
 -92880.587    47.830     6.94    6.13
 -92511.274    50.774     7.97    5.80
 -92141.906    52.804     5.50    4.59
 -91772.485    55.493     7.28    3.59
 -91403.010    56.747     3.39    3.35
 -91033.481    57.775     2.78    3.71
 -90663.898    59.061     3.48    3.28
 -90294.260    60.338     3.45    3.08
 -89924.569    61.085     2.02    2.35
 -89554.823    61.857     2.09    1.59
 -89185.024    62.056     0.54    1.49
 -88815.170    62.024    -0.09    1.48
 -88445.262    61.961    -0.17    1.41
 -88075.300    61.310    -1.76    1.49
 -87705.284    60.936    -1.01    1.64
 -87335.213    60.169    -2.07    2.14
 -86965.088    59.418    -2.03    2.26
 -86594.909    58.423    -2.69    2.73
 -86224.675    57.545    -2.37    2.81
 -85854.387    56.814    -1.97    3.57
 -85484.045    56.315    -1.35    3.77
 -85113.649    55.570    -2.01    3.61
 -84743.197    53.582    -5.37    4.37
 -84372.692    50.892    -7.26    4.79
 -84002.132    50.931     0.10    5.37
 -83631.517    52.958     5.47    5.87
 -83260.848    54.733     4.79    5.08
 -82890.125    54.225    -1.37    6.12
 -82519.346    53.124    -2.97    6.42
 -82148.514    52.507    -1.66    6.21
 -81777.626    52.676     0.45    6.43
 -81406.684    52.071    -1.63    6.33
 -81035.687    51.979    -0.25    6.77
 -80664.636    52.871     2.40    7.16
 -80293.530    54.000     3.04    6.86
 -79922.369    54.803     2.16    6.56
 -79551.153    56.177     3.70    6.13
 -79179.882    56.121    -0.15    6.05
 -78808.557    57.282     3.13    5.40
 -78437.177    58.831     4.17    4.31
 -78065.742    59.941     2.99    2.52
 -77694.252    60.620     1.83    2.13
 -77322.707    61.482     2.32    1.84
 -76951.107    62.076     1.60    2.21
 -76579.452    62.157     0.22    2.66
 -76207.742    61.833    -0.87    2.93
 -75835.977    61.047    -2.11    3.30
 -75464.158    60.269    -2.09    3.08
 -75092.283    59.813    -1.23    2.61
 -74720.352    59.414    -1.07    2.45
 -74348.367    59.606     0.52    2.52
 -73976.327    59.277    -0.88    2.58
 -73604.231    58.892    -1.03    2.63
 -73232.080    58.439    -1.22    2.93
 -72859.874    57.298    -3.06    3.24
 -72487.613    56.542    -2.03    2.96
 -72115.297    56.547     0.01    2.90
 -71742.925    56.776     0.61    3.13
 -71370.497    56.747    -0.08    3.10
 -70998.015    56.240    -1.36    3.29
 -70625.477    55.607    -1.70    3.19
 -70252.884    55.310    -0.80    3.14
 -69880.235    54.455    -2.30    3.39
 -69507.531    53.274    -3.17    3.37
 -69134.771    52.183    -2.93    2.79
 -68761.956    51.635    -1.47    2.96
 -68389.085    51.718     0.22    3.18
 -68016.158    50.650    -2.86    4.04
 -67643.177    50.047    -1.62    4.22
 -67270.139    50.349     0.81    4.53
 -66897.046    49.160    -3.19    5.34
 -66523.897    48.002    -3.10    5.99
 -66150.692    47.336    -1.78    5.83
 -65777.432    46.859    -1.28    6.18
 -65404.116    48.101     3.33    6.12
 -65030.744    49.290     3.18    5.18
 -64657.317    50.390     2.95    4.30
 -64283.833    51.056     1.78    3.72
 -63910.294    51.936     2.35    2.41
 -63536.699    50.705    -3.30    3.39
 -63163.048    48.578    -5.69    4.69
 -62789.341    46.090    -6.66    5.42
 -62415.578    43.225    -7.66    6.04
 -62041.759    40.592    -7.05    6.32
 -61667.885    37.232    -8.98    5.71
 -61293.954    35.004    -5.96    4.90
 -60919.967    32.916    -5.58    3.67
 -60545.924    31.690    -3.28    3.13
 -60171.825    30.157    -4.10    3.49
 -59797.669    28.792    -3.65    3.97
 -59423.458    27.078    -4.58    2.86
 -59049.190    25.900    -3.15    1.11
 -58674.867    25.732    -0.45    1.46
 -58300.487    25.571    -0.43    1.66
 -57926.050    24.948    -1.66    1.62
 -57551.558    24.433    -1.38    1.75
 -57177.009    23.859    -1.53    1.92
 -56802.404    23.014    -2.26    1.44
 -56427.742    22.538    -1.27    1.41
 -56053.024    22.085    -1.21    1.59
 -55678.250    21.996    -0.24    2.27
 -55303.419    21.338    -1.76    2.55
 -54928.531    20.490    -2.26    2.33
 -54553.588    19.938    -1.47    2.44
 -54178.587    19.631    -0.82    2.48
 -53803.530    19.204    -1.14    3.20
 -53428.417    18.689    -1.37    3.90
 -53053.247    17.617    -2.86    4.30
 -52678.020    15.204    -6.43    2.65
 -52302.737    14.121    -2.88    2.31
 -51927.397    13.861    -0.69    2.64
 -51552.000    12.873    -2.63    2.53
 -51176.547    12.282    -1.58    2.52
 -50801.036    11.580    -1.87    2.83
 -50425.469    10.399    -3.14    1.94
 -50049.845    10.269    -0.35    1.55
 -49674.165    10.595     0.87    1.72
 -49298.427    10.761     0.44    1.71
 -48922.633    10.938     0.47    1.48
 -48546.781    10.968     0.08    1.46
 -48170.873    11.545     1.53    1.55
 -47794.908    12.086     1.44    1.61
 -47418.885    12.381     0.78    1.66
 -47042.806    12.447     0.18    1.53
 -46666.670    12.310    -0.36    1.12
 -46290.476    12.507     0.52    1.00
 -45914.226    12.899     1.04    1.12
 -45537.918    13.944     2.78    2.10
 -45161.553    15.149     3.20    2.63
 -44785.131    16.761     4.28    3.55
 -44408.652    17.504     1.97    3.61
 -44032.115    17.691     0.50    3.41
 -43655.522    17.116    -1.53    3.00
 -43278.871    16.233    -2.34    0.74
 -42902.162    16.530     0.79    1.47
 -42525.396    18.507     5.25    4.61
 -42148.573    22.376    10.27    6.80
 -41771.693    26.732    11.56    6.60
 -41394.755    30.038     8.77    4.38
 -41017.759    30.028    -0.03    4.08
 -40640.707    29.677    -0.93    4.18
 -40263.596    30.090     1.10    4.19
 -39886.428    29.802    -0.76    4.22
 -39509.203    29.936     0.36    4.17
 -39131.920    29.462    -1.26    4.44
 -38754.579    28.674    -2.09    4.13
 -38377.181    29.092     1.11    4.02
 -37999.725    29.998     2.40    3.59
 -37622.211    30.047     0.13    3.79
 -37244.639    29.099    -2.51    3.69
 -36867.010    28.302    -2.11    3.53
 -36489.323    27.143    -3.07    3.23
 -36111.578    26.504    -1.69    3.22
 -35733.776    25.482    -2.70    2.94
 -35355.915    25.261    -0.58    2.82
 -34977.997    26.002     1.96    2.93
 -34600.020    26.498     1.31    2.69
 -34221.986    25.637    -2.28    3.35
 -33843.894    24.933    -1.86    3.33
 -33465.744    24.677    -0.68    3.49
 -33087.535    25.218     1.43    3.77
 -32709.269    26.330     2.94    3.44
 -32330.945    25.857    -1.25    3.23
 -31952.562    25.609    -0.66    3.27
 -31574.122    25.205    -1.07    3.18
 -31195.623    25.147    -0.15    2.84
 -30817.066    25.490     0.91    2.80
 -30438.450    26.037     1.45    2.60
 -30059.777    26.330     0.77    2.68
 -29681.045    26.590     0.69    3.06
 -29302.255    27.157     1.50    2.99
 -28923.407    27.316     0.42    2.78
 -28544.500    27.093    -0.59    2.58
 -28165.535    25.802    -3.41    3.36
 -27786.511    24.648    -3.04    3.53
 -27407.429    22.421    -5.87    4.39
 -27028.289    19.483    -7.75    5.59
 -26649.090    17.692    -4.72    6.19
 -26269.832    17.023    -1.76    6.65
 -25894.910    19.637     6.97    8.19
 -25526.892    23.313     9.99    7.91
 -25158.820    26.472     8.58    5.02
 -24790.693    28.008     4.17    2.62
 -24422.511    28.075     0.18    2.37
 -24054.274    28.183     0.29    2.80
 -23685.982    28.431     0.67    3.20
 -23317.636    29.147     1.94    3.27
 -22949.234    29.732     1.59    2.68
 -22580.778    29.890     0.43    2.18
 -22212.266    30.225     0.91    1.90
 -21843.700    30.390     0.45    2.08
 -21475.079    30.486     0.26    2.32
 -21106.402    30.887     1.09    2.57
 -20737.671    31.246     0.97    2.63
 -20368.884    31.260     0.04    2.57
 -20000.042    31.352     0.25    2.51
 -19631.145    30.395    -2.60    3.34
 -19262.193    29.121    -3.45    4.04
 -18893.186    27.634    -4.03    4.16
 -18524.124    26.513    -3.04    3.68
 -18155.006    25.831    -1.85    3.83
 -17785.833    25.828    -0.01    4.82
 -17416.604    25.566    -0.71    6.30
 -17047.321    25.116    -1.22    6.67
 -16677.982    25.581     1.26    5.40
 -16308.587    26.143     1.52    3.44
 -15939.138    26.135    -0.02    2.32
 -15569.633    26.149     0.04    1.73
 -15200.072    26.294     0.39    1.72
 -14830.456    26.157    -0.37    2.11
 -14460.784    26.458     0.82    2.09
 -14091.057    27.038     1.57    2.23
 -13721.274    26.482    -1.50    3.45
 -13351.436    23.968    -6.80    6.26
 -12981.542    19.455   -12.20    9.11
 -12611.592    14.357   -13.78    8.86
 -12241.587    10.052   -11.64    6.47
 -11871.526     7.871    -5.89    3.95
 -11501.410     7.024    -2.29    2.31
 -11131.237     7.163     0.38    2.48
 -10761.009     7.225     0.17    2.52
 -10390.725     7.318     0.25    2.23
 -10020.386     7.593     0.74    2.15
  -9649.990     7.141    -1.22    1.86
  -9279.539     6.650    -1.33    1.66
  -8909.031     6.018    -1.70    1.57
  -8538.468     5.609    -1.11    1.44
  -8167.849     5.504    -0.28    1.55
  -7797.174     5.390    -0.31    1.50
  -7426.443     5.483     0.25    1.69
  -7055.656     5.502     0.05    2.32
  -6684.812     5.443    -0.16    2.95
  -6313.913     5.158    -0.77    3.15
  -5942.958     5.092    -0.18    3.05
  -5571.946     4.732    -0.97    3.17
  -5200.878     4.424    -0.83    3.23
  -4829.755     4.278    -0.39    3.55
  -4458.574     2.630    -4.44    3.78
  -4087.338     1.852    -2.10    3.81
  -3716.046     2.101     0.67    4.16
  -3344.697     3.394     3.48    4.29
  -2973.292     4.933     4.14    3.41
  -2601.830     5.151     0.59    2.32
  -2230.312     4.521    -1.69    1.86
  -1858.738     4.362    -0.43    1.72
  -1487.107     4.024    -0.91    2.15
  -1115.420     3.066    -2.58    3.16
   -743.677     1.205    -5.01    3.55
   -371.877     0.302    -2.43    3.36
     -0.020     1.774     3.96    5.50
    371.893     4.552     7.47    5.57
    743.863     7.191     7.09    4.02
   1115.889     7.830     1.72    2.81
   1487.972     6.499    -3.58    2.06
   1860.112     6.149    -0.94    1.96
   2232.308     5.941    -0.56    1.64
   2604.561     5.592    -0.94    1.77
   2976.871     5.124    -1.26    1.73
   3349.237     5.000    -0.33    1.55
   3721.661     4.979    -0.06    1.31
   4094.141     4.902    -0.21    1.17
   4466.678     4.774    -0.34    1.11
   4839.272     4.761    -0.04    1.02
   5211.922     4.604    -0.42    0.97
   5584.630     4.371    -0.62    1.53
   5957.395     3.961    -1.10    2.07
   6330.216     3.847    -0.31    2.15
   6703.095     4.000     0.41    1.94
   7076.030     4.413     1.11    1.88
   7449.023     4.908     1.33    2.54
   7822.073     4.296    -1.64    3.03
   8195.180     2.158    -5.73    4.08
   8568.344    -0.131    -6.13    3.90
   8941.565    -0.809    -1.82    4.01
   9314.843    -0.377     1.16    4.63
   9688.179     1.650     5.43    5.35
  10061.571     3.746     5.61    5.39
  10435.022     5.472     4.62    4.81
  10808.529     6.691     3.27    3.58
  11182.094     7.028     0.90    2.77
  11555.716     6.678    -0.94    3.00
  11929.395     6.296    -1.02    2.98
  12303.132     5.885    -1.10    3.36
  12676.926     4.385    -4.01    4.29
  13050.778     2.624    -4.71    4.69
  13424.687     1.601    -2.74    4.48
  13798.654     1.651     0.13    4.51
  14172.678     2.263     1.64    4.53
  14546.760     3.354     2.92    4.11
  14920.900     4.592     3.31    2.70
  15295.097     4.376    -0.58    1.42
  15669.352     4.099    -0.74    1.16
  16043.664     4.225     0.34    1.54
  16418.034     4.385     0.43    1.72
  16792.462     4.455     0.19    1.74
  17166.948     5.143     1.84    2.52
  17541.491     3.955    -3.17    4.13
  17916.092     3.540    -1.11    4.50
  18290.751     2.843    -1.86    4.33
  18665.468     2.151    -1.85    3.01
  19040.243     3.247     2.92    1.68
  19415.076     3.867     1.65    2.07
  19789.967     4.836     2.58    2.84
  20164.915     6.292     3.88    3.69
  20539.922     5.630    -1.76    5.29
  20914.987     4.151    -3.94    5.71
  21290.110     3.276    -2.33    5.50
  21665.291     3.842     1.51    4.82
  22040.530     5.163     3.52    3.21
  22415.827     4.786    -1.00    2.72
  22791.182     4.496    -0.77    2.46
  23166.596     4.171    -0.87    1.89
  23542.068     3.516    -1.74    1.65
  23917.598     3.274    -0.64    1.56
  24293.186     3.390     0.31    1.45
  24668.833     2.958    -1.15    1.56
  25044.538     2.340    -1.64    2.51
  25420.301     0.777    -4.16    3.55
  25796.123    -0.908    -4.48    3.82
  26172.003    -1.855    -2.52    3.86
  26547.942    -1.538     0.84    4.52
  26923.939     0.254     4.77    5.66
  27299.994     2.444     5.83    6.37
  27676.109     4.968     6.71    6.34
  28052.281     6.924     5.20    5.58
  28428.513     8.006     2.88    4.88
  28804.803     7.294    -1.89    5.58
  29181.151     4.760    -6.73    6.44
  29557.559     2.099    -7.07    6.24
  29934.025    -0.049    -5.70    5.04
  30310.549    -0.539    -1.30    4.59
  30687.133     0.852     3.69    5.04
  31063.775     2.807     5.19    4.29
  31440.476     3.945     3.02    2.96
  31817.236     3.833    -0.30    2.60
  32194.055     4.157     0.86    2.77
  32570.933     4.845     1.83    2.75
  32947.869     4.897     0.14    2.43
  33324.865     5.002     0.28    2.61
  33701.920     5.245     0.65    3.05
  34079.033     4.691    -1.47    3.00
  34456.206     4.873     0.48    3.00
  34833.438     3.992    -2.34    2.69
  35210.728     2.804    -3.15    1.54
  35588.078     2.412    -1.04    1.56
  35965.488     2.366    -0.12    2.24
  36342.956     3.852     3.94    3.41
  36720.483     6.507     7.03    4.40
  37098.070     8.472     5.20    3.70
  37475.716     8.788     0.84    3.40
  37853.422     7.732    -2.80    3.52
  38231.186     6.002    -4.58    3.19
  38609.010     4.066    -5.13    2.40
  38986.894     2.486    -4.18    1.78
  39364.837     1.538    -2.51    1.10
  39742.839     0.962    -1.52    0.52
  40120.901     0.895    -0.18    0.52
  40499.022     1.718     2.18    1.99
  40877.203     2.961     3.29    2.82
  41255.443     4.910     5.15    3.68
  41633.743     8.357     9.11    4.53
  42012.103    10.854     6.60    5.19
  42390.522    13.554     7.14    5.17
  42769.001    15.034     3.91    4.73
  43147.539    14.650    -1.01    5.22
  43526.138    15.607     2.53    4.78
  43904.796    14.610    -2.63    4.23
  44283.514    14.042    -1.50    3.81
  44662.291    14.478     1.15    4.11
  45041.129    14.197    -0.74    4.46
  45420.026    13.513    -1.80    4.48
  45798.983    12.910    -1.59    3.89
  46178.001    11.951    -2.53    2.14
  46557.078    12.431     1.26    1.82
  46936.215    12.376    -0.14    1.17
  47315.412    13.636     3.32    3.09
  47694.670    14.876     3.27    3.98
  48073.987    16.191     3.47    4.84
  48453.365    18.557     6.23    5.32
  48831.091    19.502     2.50    4.79
  49198.933    20.086     1.59    3.62
  49566.831    19.191    -2.43    4.01
  49934.786    16.821    -6.44    5.23
  50302.797    14.421    -6.52    5.79
  50670.863    12.277    -5.82    5.01
  51038.987    12.989     1.93    4.99
  51407.166    15.321     6.34    3.67
  51775.402    15.300    -0.06    3.99
  52143.694    13.910    -3.77    4.83
  52512.042    11.543    -6.43    5.00
  52880.447     9.483    -5.59    3.84
  53248.908     9.358    -0.34    3.25
  53617.426     8.849    -1.38    3.81
  53986.000     8.785    -0.17    4.10
  54354.631     7.733    -2.85    4.53
  54723.318     5.705    -5.50    3.77
  55092.061     4.676    -2.79    2.74
  55460.861     3.625    -2.85    2.28
  55829.718     3.604    -0.06    2.39
  56198.632     4.198     1.61    3.00
  56567.602     6.071     5.07    4.19
  56936.628     9.518     9.34    5.56
  57305.712    12.409     7.83    5.43
  57674.852    13.300     2.41    4.30
  58044.049    13.338     0.10    4.03
  58413.302    11.855    -4.02    2.85
  58782.613    11.607    -0.67    1.33
  59151.980    12.070     1.25    1.27
  59521.404    12.061    -0.02    1.03
  59890.885    11.772    -0.78    0.94
  60260.423    11.705    -0.18    1.07
  60630.018    11.745     0.11    1.14
  60999.670    11.774     0.08    1.20
  61369.379    11.732    -0.11    1.20
  61739.145    11.566    -0.45    1.02
  62108.967    11.252    -0.85    1.04
  62478.847    11.010    -0.65    1.07
  62848.784    10.678    -0.90    0.94
  63218.779    10.788     0.30    1.89
  63588.830    11.158     1.00    2.14
  63958.939    11.732     1.55    2.40
  64329.104    12.105     1.01    2.28
  64699.327    12.330     0.61    1.45
  65069.608    12.492     0.44    0.92
  65439.945    12.855     0.98    0.87
  65810.340    13.185     0.89    0.83
  66180.792    13.349     0.44    0.83
  66551.302    13.465     0.31    0.82
  66921.869    13.664     0.54    0.83
  67292.493    13.892     0.62    0.95
  67663.175    14.307     1.12    0.88
  68033.914    14.705     1.07    0.96
  68404.711    15.417     1.92    1.01
  68775.565    15.867     1.21    0.99
  69146.477    16.102     0.63    0.89
  69517.447    15.705    -1.07    1.21
  69888.474    15.273    -1.17    1.55
  70259.559    16.083     2.19    3.73
  70630.701    17.151     2.88    4.40
  71001.901    18.088     2.53    4.18
  71373.159    17.732    -0.96    3.59
  71744.475    17.581    -0.41    3.20
  72115.848    17.088    -1.33    2.52
  72487.280    16.817    -0.73    0.88
  72858.769    17.143     0.88    0.96
  73230.316    17.535     1.06    0.98
  73601.920    18.034     1.34    0.86
  73973.583    18.233     0.54    0.93
  74345.304    18.612     1.02    1.80
  74717.083    19.414     2.16    2.56
  75088.919    20.065     1.75    3.31
  75460.814    20.559     1.33    3.75
  75832.767    19.945    -1.65    3.74
  76204.778    19.939    -0.02    3.73
  76576.847    19.598    -0.92    3.24
  76948.974    19.527    -0.19    3.17
  77321.159    19.597     0.19    3.31
  77693.403    19.804     0.56    3.76
  78065.704    20.212     1.09    4.04
  78438.064    20.197    -0.04    4.23
  78810.483    19.598    -1.61    4.09
  79182.959    18.581    -2.73    3.09
  79555.494    19.561     2.63    4.36
  79928.088    22.910     8.99    7.20
  80300.739    25.038     5.71    6.80
  80673.449    27.151     5.67    5.84
  81046.218    26.855    -0.79    5.58
  81419.045    25.232    -4.35    4.64
  81791.931    24.651    -1.56    3.15
  82164.875    25.786     3.04    3.57
  82537.877    26.610     2.21    3.45
  82910.939    27.153     1.45    3.00
  83284.058    27.462     0.83    2.98
  83657.237    28.192     1.96    3.47
  84030.474    29.316     3.01    3.67
  84403.770    29.534     0.59    3.75
  84777.125    29.623     0.24    3.69
  85150.538    28.945    -1.81    3.87
  85524.010    28.169    -2.08    3.61
  85897.541    27.745    -1.14    3.65
  86271.131    27.342    -1.08    3.35
  86644.780    27.185    -0.42    3.35
  87018.487    27.124    -0.16    3.04
  87392.254    27.132     0.02    2.93
  87766.080    28.718     4.24    3.65
  88139.964    30.205     3.98    4.79
  88513.908    32.979     7.42    5.41
  88887.910    35.951     7.95    5.32
  89261.972    38.340     6.39    4.47
  89636.093    38.975     1.70    4.07
  90010.273    38.612    -0.97    4.02
  90384.512    36.438    -5.81    4.40
  90758.810    33.705    -7.30    4.15
  91133.167    31.857    -4.94    3.74
  91507.584    30.116    -4.65    1.51
  91882.060    30.239     0.33    1.72
  92256.595    30.786     1.46    2.78
  92631.190    30.718    -0.18    3.60
  93005.844    29.962    -2.02    3.16
  93380.557    28.924    -2.77    2.24
  93755.330    29.061     0.36    1.79
  94130.162    29.498     1.17    1.91
  94505.054    30.145     1.73    2.25
  94880.005    30.218     0.20    2.36
  95255.016    30.212    -0.02    2.25
  95630.086    30.786     1.53    2.08
  96005.216    30.745    -0.11    1.78
  96380.406    31.773     2.74    2.49
  96755.655    32.786     2.70    2.91
  97130.964    32.962     0.47    2.90
  97506.332    32.394    -1.51    3.43
  97881.761    30.284    -5.62    3.50
  98257.249    28.367    -5.11    2.96
  98632.797    26.407    -5.22    1.64
  99008.404    25.746    -1.76    1.21
  99384.072    25.532    -0.57    1.07
  99759.799    25.578     0.12    0.95
 100135.587    25.495    -0.22    0.86
 100511.434    25.493    -0.00    0.87
 100887.341    25.518     0.07    0.87
 101263.309    25.482    -0.10    0.86
 101639.336    25.745     0.70    1.28
 102015.423    26.239     1.31    2.01
 102391.571    26.529     0.77    2.30
 102767.778    27.158     1.67    2.54
 103144.046    27.705     1.45    3.10
 103520.374    28.462     2.01    3.50
 103896.762    29.075     1.63    3.40
 104273.210    29.705     1.67    2.92
 104649.719    29.593    -0.30    2.18
 105026.288    29.078    -1.37    1.86
 105402.917    28.965    -0.30    1.86
 105779.607    28.932    -0.09    2.18
 106156.357    28.160    -2.05    3.01
 106533.167    27.332    -2.20    3.31
 106910.038    27.024    -0.82    3.08
 107286.969    26.472    -1.47    2.42
 107663.961    25.597    -2.32    2.20
 108041.013    24.495    -2.92    2.24
 108418.126    22.367    -5.64    3.43
 108795.300    20.691    -4.44    3.34
 109172.534    19.389    -3.45    2.75
 109549.828    18.621    -2.04    2.76
 109927.184    18.511    -0.29    2.73
 110304.600    18.246    -0.70    2.65
 110682.077    17.852    -1.05    2.62
 111059.615    17.760    -0.24    2.55
 111437.213    18.012     0.67    2.99
 111814.872    18.376     0.96    3.57
 112192.592    18.602     0.60    3.83
 112570.373    17.945    -1.74    4.59
 112948.215    16.324    -4.29    5.52
 113326.118    14.612    -4.53    6.22
 113704.082    13.989    -1.65    6.44
 114082.107    13.444    -1.44    6.19
 114460.193    13.205    -0.63    5.40
 114838.340    12.745    -1.22    3.83
 115216.548    13.633     2.35    3.53
 115594.817    14.612     2.59    3.31
 115973.148    15.834     3.23    3.14
 116351.539    16.097     0.69    3.10
 116729.992    15.403    -1.83    4.01
 117108.506    14.534    -2.30    4.54
 117487.081    12.854    -4.44    5.02
 117865.718    12.218    -1.68    4.58
 118244.416    11.318    -2.38    3.87
 118623.175    12.340     2.70    4.24
 119001.996    14.359     5.33    3.81
 119380.878    15.468     2.93    3.06
 119759.822    14.603    -2.28    3.37
 120138.827    13.385    -3.21    2.82
 120517.894    13.372    -0.03    2.38
 120897.022    14.075     1.85    2.77
 121276.212    15.641     4.13    3.11
 121655.463    17.265     4.28    2.74
 122034.776    18.529     3.33    1.94
 122414.151    19.692     3.07    2.18
 122793.588    21.070     3.63    2.66
 123173.086    22.692     4.27    3.65
 123552.646    23.733     2.74    4.23
 123921.526    23.158    -1.56    4.72
 124289.245    21.618    -4.19    4.81
 124657.023    19.558    -5.60    3.35
 125024.858    18.423    -3.09    1.89
 125392.750    18.332    -0.25    1.29
 125760.700    19.361     2.80    2.47
 126128.708    19.985     1.70    2.81
 126496.774    20.609     1.69    2.71
 126864.897    20.718     0.30    1.42
 127233.079    21.088     1.00    1.54
 127601.317    21.043    -0.12    1.81
 127969.614    20.650    -1.07    1.84
 128337.969    20.244    -1.10    1.70
 128706.381    20.636     1.06    3.18
 129074.852    21.355     1.95    3.69
 129443.380    21.677     0.88    3.34
 129811.966    21.436    -0.65    2.66
 130180.610    21.527     0.24    2.65
 130549.313    20.978    -1.49    2.28
 130918.073    20.385    -1.61    1.38
 131286.891    20.172    -0.58    1.37
 131655.768    20.097    -0.20    1.25
 132024.703    19.948    -0.40    0.99
 132393.695    19.924    -0.07    0.99
 132762.746    19.609    -0.85    1.09
 133131.855    19.540    -0.19    1.25
 133501.023    20.075     1.45    2.28
 133870.248    19.842    -0.63    2.47
 134239.532    19.894     0.14    2.61
 134608.875    20.502     1.65    3.19
 134978.275    22.824     6.29    5.35
 135347.734    24.918     5.67    5.82
 135717.252    25.225     0.83    5.89
 136086.828    24.198    -2.78    6.36
 136456.462    22.065    -5.77    5.48
 136826.155    21.595    -1.27    4.65
 137195.906    21.251    -0.93    4.93
 137565.716    20.924    -0.88    5.26
 137935.584    19.590    -3.61    5.29
 138305.511    16.801    -7.54    2.83
 138675.497    16.472    -0.89    1.63
 139045.542    16.773     0.81    1.67
 139415.645    17.918     3.10    2.35
 139785.806    19.149     3.32    3.13
 140156.027    20.570     3.84    3.00
 140526.306    21.592     2.76    3.25
 140896.644    21.958     0.99    3.01
 141267.041    21.831    -0.34    3.16
 141637.497    21.585    -0.66    3.28
 142008.012    21.361    -0.60    3.00
 142378.585    21.958     1.61    3.09
 142749.218    22.135     0.48    2.98
 143119.910    22.265     0.35    2.88
 143490.660    22.177    -0.24    2.95
 143861.470    22.074    -0.28    3.06
 144232.338    22.385     0.84    3.08
 144603.266    22.347    -0.10    3.04
 144974.253    21.774    -1.54    2.87
 145345.299    22.212     1.18    3.38
 145716.404    22.525     0.84    3.66
