# NaN NaN NaN ;Mean Elev.(m), Avg Gradient(m/km), RMS Gradient(m/km) - SRTM1     
#   16.265  -0.547   3.492 ;Mean Elev.(m), Avg Gradient(m/km), RMS Gradient(m/km) - ASTER GDEM
#   26.672  -0.462   3.077 ;Mean Elev.(m), Avg Gradient(m/km), RMS Gradient(m/km) - GMTED2010 
  7  70.620111  61.259170    29.018    29.018  2 52460.26450888 37.908
 12  70.621366  61.258715    23.746    23.746  2 52635.26448881 18.566
 13  70.616967  61.264461    23.651    23.383  4 52670.26449684 14.562
 14  70.625530  61.257939    24.873    24.873  2 52705.26448808 11.662
 15  70.614704  61.265442    23.013    21.930  6 52740.26452212  7.965
 16  70.613101  61.265365    27.282    27.285  6 52775.26446917 44.805
 17  70.622411  61.258825    28.227    28.227  2 52810.26454464 27.115
 18  70.622976  61.257384    27.770    27.770  2 52845.26460094 31.641
 19  70.614933  61.258634    22.267    22.277  3 52880.26463851 38.504
 20  70.618068  61.267843    23.605    24.286  5 52915.26459433 29.192
 22  70.623900  61.258387    21.718    21.718  2 52985.26457934 16.908
 23  70.618916  61.267773    23.765    24.316  5 53020.26456845 16.484
 25  70.601339  61.262473    25.807    25.946  4 53090.26459447 10.554
 26  70.625208  61.258993    22.044    22.044  2 53125.26456460 23.313
 27  70.618480  61.267672    27.339    27.284  6 53160.26462389 26.440
 28  70.617627  61.257934    27.406    27.406  2 53195.26462227 24.637
 29  70.618415  61.258807    23.262    23.262  2 53230.26460970 44.719
 30  70.602641  61.261734    22.329    22.328  4 53265.26458041 38.518
 31  70.617197  61.264698    22.805    22.809  4 53300.26462648 50.413
 32  70.617313  61.263006    23.742    23.779  3 53335.26459786 30.067
 33  70.609258  61.263821    24.008    23.955  5 53370.26453692 19.004
 35  70.609745  61.264054    23.709    23.804  6 53440.26455752 13.359
 36  70.615527  61.257928    24.410    24.410  2 53475.26462206 13.749
 37  70.615420  61.257528    26.989    26.989  2 53510.26463792 28.456
 38  70.612673  61.264544    27.140    27.107  6 53545.26465336 24.327
 40  70.603521  61.261617    22.034    22.042  4 53615.26458510 35.637
 41  70.621804  61.257488    22.325    22.325  2 53650.26459588 29.756
 42  70.613892  61.265147    21.175    21.197  7 53685.26460491 40.658
 43  70.614150  61.266392    23.497    23.506  6 53720.26453101 18.309
 45  70.617741  61.259359    23.976    23.976  2 53790.26448639  9.393
 47  70.616396  61.257796    21.858    21.858  2 53860.26453667 24.545
 49  70.609359  61.264643    27.176    27.202  5 53930.26460705 31.101
 50  70.608113  61.263919    24.150    23.706  5 53965.26458545 24.240
 52  70.622944  61.259112    23.398    23.398  2 54035.26458622 43.627
 53  70.614808  61.256985    24.742    24.742  2 54070.26458115 28.781
 54  70.605249  61.262168    24.541    24.508  4 54105.26453448 11.603
 55  70.619968  61.257297    26.399    26.399  2 54140.26451270 12.598
 56  70.612795  61.264835    26.758    26.736  6 54175.26451386 11.970
 57  70.619859  61.259452    23.861    23.861  2 54210.26451893 34.993
 58  70.616595  61.258288    28.151    28.151  2 54245.26454951 28.805
 59  70.616843  61.259174    28.998    28.998  2 54280.26456077 27.888
 60  70.615588  61.259594    28.453    28.453  2 54315.26456005 28.079
 61  70.613550  61.266337    25.475    25.188  6 54350.26452736 24.760
 62  70.621012  61.259224    26.153    26.153  2 54385.26449860 35.697
 63  70.613284  61.264858    22.947    22.985  6 54420.26447745 38.364
 65  70.619564  61.267577    24.981    25.054  5 54490.26447714 14.998
 66  70.622117  61.258884    24.942    24.942  2 54525.26448347 11.089
 67  70.612548  61.263951    21.522    21.519  6 54560.26448678 14.794
 68  70.615306  61.258380    25.342    25.393  3 54595.26447946 40.687
 69  70.613529  61.257549    28.163    28.163  2 54630.26449392 32.969
 70  70.617607  61.263329    26.840    26.886  3 54665.26449930 27.906
 71  70.612479  61.264019    22.749    22.753  6 54700.26446947 43.343
 72  70.621761  61.256651    24.506    24.506  2 54735.26445931 35.194
 73  70.617633  61.264354    23.987    23.635  4 54770.26444987 28.133
 74  70.621915  61.259155    24.398    24.398  2 54805.26445274 33.687
 75  70.615948  61.259045    23.722    23.722  2 54840.26444561 27.345
 76  70.618018  61.257989    23.410    23.410  2 54875.26445376 12.365
 77  70.609327  61.264111    23.854    23.634  5 54910.26445086 13.499
 78  70.619352  61.258417    23.172    23.172  2 54945.26444611 38.450
 79  70.615918  61.261606    27.092    27.028  3 54980.26447219 27.910
 80  70.613866  61.257452    26.827    26.827  2 55015.26447590 30.160
 81  70.615341  61.257997    25.450    25.450  2 55050.26446970 16.068
 82  70.607723  61.262951    23.705    23.249  5 55085.26443573 26.847
 83  70.623037  61.258120    23.514    23.514  2 55120.26440261 25.385
 84  70.614916  61.265618    23.148    23.177  7 55155.26439488 25.810
 85  70.621394  61.257534    23.758    23.758  2 55190.26439197 14.834
 86  70.615951  61.264767    24.033    23.984  6 55225.26439507 11.590
 87  70.616466  61.256964    24.303    24.303  2 55260.26438815 11.236
 88  70.612223  61.264785    26.947    26.926  6 55295.26438086  7.809
 89  70.617392  61.263923    26.279    26.247  4 55330.26436802 51.640
 90  70.618099  61.267687    27.887    27.950  6 55365.26436128 38.431
 91  70.620766  61.256539    28.007    28.007  2 55400.26437477 43.267
 92  70.614980  61.258337    24.230    24.182  3 55435.26437966 24.534
 93  70.607714  61.262955    24.396    24.719  5 55470.26433272 24.777
