# NaN NaN NaN ;Mean Elev.(m), Avg Gradient(m/km), RMS Gradient(m/km) - SRTM1     
#   35.087  -0.982   4.158 ;Mean Elev.(m), Avg Gradient(m/km), RMS Gradient(m/km) - ASTER GDEM
#   42.000  -0.411   2.605 ;Mean Elev.(m), Avg Gradient(m/km), RMS Gradient(m/km) - GMTED2010 
  9  80.602895  59.180020    49.184    49.036  7 52515.65253570 23.948
 11  80.602931  59.175056    45.746    45.752  6 52585.65255473 51.665
 12  80.601627  59.171632    50.027    50.555  5 52620.65253614 18.996
 19  80.600750  59.170526    45.667    45.687  5 52865.65264950 48.046
 20  80.597681  59.171489    44.782    44.791  3 52900.65267851 51.082
 21  80.602561  59.173114    48.696    50.076  6 52935.65262055 21.257
 28  80.598656  59.172173    51.378    51.397  4 53180.65266248 24.763
 30  80.601406  59.172297    45.267    45.272  6 53250.65266038 46.173
 32  80.601258  59.171452    45.916    45.200  6 53320.65263394 40.817
 33  80.601887  59.183269    46.053    45.876  6 53355.65260505 25.773
 35  80.603258  59.172943    50.249    50.321  6 53425.65261044 14.412
 38  80.602247  59.172508    49.571    49.492  6 53530.65267726 27.720
 40  80.602755  59.174627    46.026    46.160  7 53600.65264819 28.879
 43  80.603710  59.178507    45.666    45.673  7 53705.65260068 37.023
 44  80.604287  59.189644    47.845    47.818  5 53740.65251521 19.984
 45  80.598711  59.170427    49.921    49.947  3 53775.65253344 15.299
 46  80.602345  59.183549    48.482    48.252  6 53810.65251682 13.011
 51  80.603056  59.173456    46.145    46.125  6 53985.65258930 47.657
 53  80.601571  59.172666    47.526    46.727  6 54055.65261979 31.569
 54  80.603310  59.172716    47.460    46.982  6 54090.65260646 41.572
 60  80.597433  59.171383    51.155    51.149  3 54300.65260872 45.061
 61  80.601357  59.170999    46.607    46.607  5 54335.65259716 46.472
 63  80.597833  59.171832    45.358    45.356  4 54405.65254180 46.377
 65  80.595926  59.171692    50.800    50.800  2 54475.65252915 18.746
 67  80.598741  59.171451    51.143    51.261  4 54545.65254338 11.562
 69  80.598243  59.170446    51.207    51.182  3 54615.65253253 38.907
 71  80.600724  59.171116    45.822    45.841  5 54685.65253841 52.271
 77  80.597007  59.172479    49.984    50.002  3 54895.65251039 15.811
 82  80.601087  59.172798    46.651    46.662  6 55070.65250608 32.983
 84  80.596984  59.171324    47.285    47.290  3 55140.65245462 47.682
 88  80.598826  59.171321    51.412    51.493  4 55280.65244334  6.537
 90  80.599420  59.171551    51.977    51.972  5 55350.65241499 30.587
 92  80.595810  59.172025    51.219    51.219  2 55420.65243363 26.538
 93  80.603449  59.170900    49.642    50.058  6 55455.65240938 22.772
 94  80.602514  59.184621    47.604    47.788  6 55490.65232966 26.179
