# NaN NaN NaN ;Mean Elev.(m), Avg Gradient(m/km), RMS Gradient(m/km) - SRTM1     
#    6.073  -0.248   1.692 ;Mean Elev.(m), Avg Gradient(m/km), RMS Gradient(m/km) - ASTER GDEM
#    0.000  -0.178   4.559 ;Mean Elev.(m), Avg Gradient(m/km), RMS Gradient(m/km) - GMTED2010 
  6     3.464 52419.66609582 48.09  69.830528  66.775830 42.362
  6     3.236 52419.66609646 34.05  69.827148  66.778910 42.362
  6     3.177 52419.66609711 37.50  69.823758  66.781980 42.362
  6     3.145 52419.66609775 36.81  69.820378  66.785050 42.362
  7     2.828 52454.66612025 22.67  69.837542  66.775358 29.142
  7     2.424 52454.66612090 15.35  69.834162  66.778428 29.142
  7     2.105 52454.66612154 18.50  69.830772  66.781498 29.142
  7     1.760 52454.66612219 21.74  69.827392  66.784578 29.142
  7     1.270 52454.66612283 21.27  69.824002  66.787648 29.142
  8     2.874 52489.66609535 26.03  69.853714  66.770744 39.582
  8     2.758 52489.66609600 22.35  69.850334  66.773814 39.582
  8     2.665 52489.66609664 18.58  69.846954  66.776894 39.582
  8     2.307 52489.66609729 19.01  69.843574  66.779964 39.582
  8     1.664 52489.66609793 21.57  69.840184  66.783034 39.582
  8     0.681 52489.66609857 24.25  69.836804  66.786104 39.582
  8     0.600 52489.66609922 28.43  69.833414  66.789178 27.840
  8     1.768 52489.66609986 22.04  69.830024  66.792258 27.840
  8     2.271 52489.66610051 20.83  69.826644  66.795328 27.840
  9     2.820 52524.66607217 28.75  69.859969  66.769080 29.751
  9     2.466 52524.66607281 25.49  69.856589  66.772150 29.751
  9     2.399 52524.66607346 21.36  69.853209  66.775220 29.751
  9     2.357 52524.66607410 19.52  69.849829  66.778300 29.751
  9     1.985 52524.66607475 19.82  69.846449  66.781370 29.751
  9     1.549 52524.66607539 21.47  69.843059  66.784440 29.751
  9     0.662 52524.66607603 23.65  69.839679  66.787520 29.751
  9     1.046 52524.66607668 23.29  69.836289  66.790590 29.751
  9     1.922 52524.66607732 20.62  69.832909  66.793660 29.751
  9     2.073 52524.66607797 23.38  69.829519  66.796730 29.751
 10     1.839 52559.66612312 33.34  69.832340  66.774359 14.400
 10     1.469 52559.66612377 28.54  69.828950  66.777429 14.400
 10     0.623 52559.66612441 28.92  69.825570  66.780499 14.400
 10     0.800 52559.66612506 28.81  69.822180  66.783579 14.400
 10     1.268 52559.66612570 29.37  69.818800  66.786649 14.400
 11     1.988 52594.66612815 26.87  69.835471  66.775810  4.489
 11     2.031 52594.66612880 31.01  69.832091  66.778880  4.489
 11     1.965 52594.66612944 29.59  69.828701  66.781950  4.489
 11     1.922 52594.66613009 29.18  69.825321  66.785020  4.489
 11     1.869 52594.66613073 29.61  69.821931  66.788100  4.489
 12     1.764 52629.66605815 14.15  69.834305  66.773332  2.469
 12     1.686 52629.66605879 14.51  69.830915  66.776402  2.469
 12     1.662 52629.66605944 14.59  69.827535  66.779482  2.469
 12     1.471 52629.66606008 14.76  69.824145  66.782552  2.469
 12     1.469 52629.66606073 15.53  69.820755  66.785622  2.469
 13     1.590 52664.66608919 12.12  69.842078  66.773551  2.261
 13     1.577 52664.66608983 11.97  69.838698  66.776631  2.261
 13     1.629 52664.66609048 12.50  69.835318  66.779701  2.261
 13     1.565 52664.66609112 12.43  69.831928  66.782771  2.261
 13     1.491 52664.66609177 12.97  69.828548  66.785841  2.261
 13     1.529 52664.66609241 12.89  69.825158  66.788921  2.261
 14     1.635 52699.66606366 10.36  69.830344  66.775754  2.146
 14     1.631 52699.66606430 10.58  69.826954  66.778824  2.146
 14     1.435 52699.66606495 11.15  69.823574  66.781904  2.146
 14     1.586 52699.66606559 10.42  69.820184  66.784974  2.146
 15     2.014 52734.66609094  9.56  69.857036  66.770380  2.439
 15     1.828 52734.66609158  9.38  69.853656  66.773460  2.439
 15     1.746 52734.66609223  9.57  69.850276  66.776530  2.439
 15     1.609 52734.66609287  9.48  69.846896  66.779600  2.439
 15     1.408 52734.66609352  9.11  69.843506  66.782670  2.439
 15     1.384 52734.66609416  9.83  69.840126  66.785750  2.439
 15     1.503 52734.66609481  9.73  69.836736  66.788820  2.439
 15     1.577 52734.66609545  9.37  69.833356  66.791890  2.439
 15     1.736 52734.66609610  9.10  69.829962  66.794960  2.262
 16     2.172 52769.66608328 44.22  69.859460  66.770749 39.488
 16     2.106 52769.66608392 47.49  69.856080  66.773819 39.488
 16     2.184 52769.66608456 44.24  69.852700  66.776889 39.488
 16     2.153 52769.66608521 42.84  69.849320  66.779969 39.488
 16     2.038 52769.66608585 39.91  69.845940  66.783039 39.488
 16     1.941 52769.66608650 40.37  69.842550  66.786109 39.488
 16     1.854 52769.66608714 34.11  69.839170  66.789179 39.488
 16     1.694 52769.66608779 31.93  69.835790  66.792259 39.488
 16     1.637 52769.66608843 32.40  69.832400  66.795329 39.488
 17     3.138 52804.66611690 37.97  69.826617  66.773213 32.925
 17     2.674 52804.66611754 18.11  69.823227  66.776283 32.925
 17    -4.251 52804.66611819 20.38  69.819847  66.779353 32.925
 17     1.632 52804.66611883 17.54  69.816457  66.782423 32.925
 18     2.612 52839.66617895 25.68  69.832341  66.775291 32.562
 18    -2.536 52839.66617960 23.68  69.828951  66.778361 32.562
 18    -0.924 52839.66618024 24.88  69.825571  66.781431 32.562
 18    -0.167 52839.66618089 27.13  69.822181  66.784501 32.562
 18     0.907 52839.66618153 24.65  69.818791  66.787581 32.562
 20     1.935 52909.66619086 33.03  69.859751  66.770203 16.349
 20     1.897 52909.66619150 32.30  69.856371  66.773273 16.349
 20     1.637 52909.66619215 32.77  69.852991  66.776343 16.349
 20     1.202 52909.66619279 33.31  69.849611  66.779423 16.349
 20     0.879 52909.66619343 35.78  69.846231  66.782493 16.349
 20     0.994 52909.66619408 42.67  69.842841  66.785563 16.349
 20     0.982 52909.66619472 45.34  69.839461  66.788633 16.349
 20     1.152 52909.66619537 43.59  69.836071  66.791713 16.349
 20     1.181 52909.66619601 45.79  69.832691  66.794783 16.349
 21     0.715 52944.66613032 31.05  69.831660  66.774269 12.399
 21     0.865 52944.66613096 40.92  69.828270  66.777339 12.399
 21     0.938 52944.66613161 41.33  69.824880  66.780409 12.399
 21     0.860 52944.66613225 38.59  69.821500  66.783489 12.399
 21     0.763 52944.66613289 36.62  69.818110  66.786559 12.399
 23     0.627 53014.66617789 12.64  69.851326  66.770320  2.376
 23     1.002 53014.66617854 12.53  69.847946  66.773390  2.376
 23     1.069 53014.66617918 12.10  69.844566  66.776470  2.376
 23     1.044 53014.66617983 12.35  69.841186  66.779540  2.376
 23     1.043 53014.66618047 12.13  69.837796  66.782610  2.376
 23     0.913 53014.66618112 12.26  69.834416  66.785690  2.376
 23     0.817 53014.66618176 12.20  69.831026  66.788760  2.376
 23     0.982 53014.66618241 11.89  69.827646  66.791830  2.376
 24     1.012 53049.66615259 12.16  69.829532  66.775923  2.427
 24     1.060 53049.66615323 12.00  69.826142  66.778993  2.427
 24     1.001 53049.66615388 12.23  69.822762  66.782063  2.427
 24     0.896 53049.66615452 12.01  69.819372  66.785133  2.427
 25     1.132 53084.66618795  8.70  69.840685  66.774970  2.281
 25     1.286 53084.66618860  8.90  69.837305  66.778050  2.281
 25     1.114 53084.66618924  8.75  69.833925  66.781120  2.281
 25     0.945 53084.66618989  8.66  69.830535  66.784190  2.281
 25     1.023 53084.66619053  8.40  69.827155  66.787260  2.281
 25     1.016 53084.66619118  8.05  69.823765  66.790340  2.281
 26     1.077 53119.66615870  8.32  69.828674  66.775594  2.354
 26     1.213 53119.66615934  7.92  69.825284  66.778664  2.354
 26     1.098 53119.66615998  7.83  69.821904  66.781734  2.354
 26     1.035 53119.66616063  7.42  69.818514  66.784804  2.354
 27     2.834 53154.66621090 51.18  69.830412  66.775310 50.989
 27     2.712 53154.66621154 40.62  69.827032  66.778380 50.989
 27     2.775 53154.66621219 51.47  69.823642  66.781450 50.989
 27     2.765 53154.66621283 50.64  69.820262  66.784530 50.989
 28     2.525 53189.66619954 24.98  69.849288  66.772031 30.313
 28     2.358 53189.66620019 21.55  69.845908  66.775101 30.313
 28    -2.728 53189.66620083 23.21  69.842528  66.778181 30.313
 28    -1.223 53189.66620148 24.35  69.839138  66.781251 30.313
 28    -0.040 53189.66620212 22.78  69.835758  66.784321 30.313
 28     0.707 53189.66620277 23.82  69.832368  66.787401 30.313
 28     1.627 53189.66620341 23.21  69.828988  66.790471 30.313
 28     2.150 53189.66620406 21.20  69.825598  66.793541 30.313
 29     2.125 53224.66621124 31.82  69.852205  66.772009 22.233
 29     2.129 53224.66621188 25.54  69.848825  66.775079 22.233
 29     1.932 53224.66621253 22.19  69.845445  66.778159 22.233
 29     1.507 53224.66621317 21.07  69.842065  66.781229 22.233
 29     1.010 53224.66621381 20.94  69.838675  66.784299 22.233
 29     0.237 53224.66621446 22.19  69.835295  66.787379 22.233
 29     1.048 53224.66621510 22.75  69.831905  66.790449 22.233
 29     1.423 53224.66621575 24.77  69.828525  66.793519 22.233
 30     1.967 53259.66618600 37.88  69.853323  66.771699 18.122
 30     1.874 53259.66618665 37.01  69.849943  66.774769 18.122
 30     1.730 53259.66618729 35.03  69.846563  66.777849 18.122
 30     1.222 53259.66618794 36.65  69.843183  66.780919 18.122
 30     0.907 53259.66618858 39.34  69.839803  66.783989 18.122
 30     1.214 53259.66618923 42.23  69.836413  66.787069 18.122
 30     1.228 53259.66618987 42.62  69.833033  66.790139 18.122
 30     1.200 53259.66619051 43.45  69.829643  66.793209 18.122
 31     1.370 53294.66621382 24.93  69.825123  66.773775 18.293
 31     0.969 53294.66621446 25.81  69.821743  66.776855 18.293
 31     0.886 53294.66621511 26.19  69.818353  66.779925 18.293
 31     0.899 53294.66621575 29.92  69.814973  66.782995 18.293
 32     1.296 53329.66618644 19.72  69.844423  66.774010  2.980
 32     1.250 53329.66618708 19.65  69.841043  66.777090  2.980
 32     1.224 53329.66618773 19.49  69.837653  66.780160  2.980
 32     1.178 53329.66618837 19.74  69.834273  66.783230  2.980
 32     1.169 53329.66618902 19.52  69.830893  66.786300  2.980
 32     1.195 53329.66618966 18.94  69.827503  66.789380  2.980
 32     1.239 53329.66619031 17.71  69.824113  66.792450  2.980
 33     1.515 53364.66613573 14.17  69.861335  66.770103  2.205
 33     1.488 53364.66613637 14.06  69.857955  66.773173  2.205
 33     1.506 53364.66613702 13.73  69.854575  66.776243  2.205
 33     1.463 53364.66613766 13.67  69.851195  66.779323  2.205
 33     1.428 53364.66613831 13.78  69.847815  66.782393  2.205
 33     1.391 53364.66613895 13.47  69.844425  66.785463  2.205
 33     1.310 53364.66613959 13.72  69.841045  66.788543  2.205
 33     1.302 53364.66614024 12.70  69.837655  66.791613  2.205
 33     1.297 53364.66614088 12.61  69.834275  66.794683  2.205
 33     1.414 53364.66614153 11.91  69.830885  66.797753  2.205
 34     1.470 53399.66616193 11.42  69.832957  66.775727  2.211
 34     1.331 53399.66616258 11.53  69.829567  66.778797  2.211
 34     1.307 53399.66616322 11.07  69.826187  66.781867  2.211
 34     1.200 53399.66616387 10.82  69.822797  66.784937  2.211
 34     1.228 53399.66616451 10.58  69.819417  66.788017  2.211
 35     1.634 53434.66615072 10.49  69.857047  66.771496  2.047
 35     1.618 53434.66615136 10.62  69.853667  66.774566  2.047
 35     1.517 53434.66615200 10.51  69.850287  66.777646  2.047
 35     1.430 53434.66615265 10.00  69.846907  66.780716  2.047
 35     1.300 53434.66615329  9.93  69.843517  66.783786  2.047
 35     1.290 53434.66615394 10.17  69.840137  66.786866  2.047
 35     1.370 53434.66615458  9.58  69.836747  66.789936  2.047
 35     1.349 53434.66615523  9.40  69.833367  66.793006  2.047
 35     1.495 53434.66615587  9.51  69.829977  66.796076  2.047
 36     1.425 53469.66619600  8.64  69.829218  66.774759  2.141
 36     1.411 53469.66619665  8.27  69.825828  66.777829  2.141
 36     1.339 53469.66619729  8.16  69.822448  66.780899  2.141
 36     1.305 53469.66619794  7.85  69.819058  66.783969  2.141
 37     2.397 53504.66623760 37.23  69.838597  66.774354 28.676
 37     2.347 53504.66623824 34.07  69.835217  66.777434 28.676
 37     2.487 53504.66623889 46.19  69.831827  66.780504 28.676
 37     2.492 53504.66623953 38.00  69.828447  66.783574 28.676
 37     2.585 53504.66624018 36.25  69.825067  66.786644 28.676
 37     2.346 53504.66624082 26.89  69.821677  66.789724 28.676
 38     2.516 53539.66623680 26.78  69.841482  66.774488 29.958
 38     2.282 53539.66623744 17.72  69.838102  66.777568 29.958
 38     2.111 53539.66623808 15.57  69.834712  66.780638 29.958
 38     2.138 53539.66623873 15.82  69.831332  66.783708 29.958
 38     2.073 53539.66623937 16.17  69.827942  66.786788 29.958
 38     2.309 53539.66624002 16.60  69.824562  66.789858 29.958
 39     2.453 53574.66623189 52.32  69.849020  66.771257 33.368
 39     2.470 53574.66623254 51.17  69.845640  66.774327 33.368
 39     2.439 53574.66623318 51.74  69.842260  66.777407 33.368
 39     2.407 53574.66623383 49.88  69.838880  66.780477 33.368
 39     2.345 53574.66623447 50.27  69.835490  66.783547 33.368
 39     2.464 53574.66623511 50.40  69.832110  66.786627 33.368
 39     2.375 53574.66623576 51.04  69.828720  66.789697 33.368
 39     2.411 53574.66623640 49.81  69.825340  66.792767 33.368
 40     1.621 53609.66618161 35.03  69.861188  66.769356 25.117
 40     1.617 53609.66618225 37.81  69.857808  66.772426 25.117
 40     1.578 53609.66618289 33.62  69.854428  66.775496 25.117
 40     1.543 53609.66618354 28.76  69.851048  66.778576 25.117
 40     1.288 53609.66618418 26.50  69.847668  66.781646 25.117
 40     0.509 53609.66618483 29.26  69.844278  66.784716 25.117
 40     0.234 53609.66618547 32.06  69.840898  66.787796 25.117
 40     0.843 53609.66618612 31.62  69.837518  66.790866 25.117
 40     1.229 53609.66618676 36.23  69.834128  66.793936 25.117
 40     1.422 53609.66618741 39.26  69.830748  66.797006 25.117
 41    -0.869 53644.66618641 31.63  69.827570  66.775471 17.663
 41     0.671 53644.66618706 31.14  69.824180  66.778541 17.663
 41     0.772 53644.66618770 32.60  69.820800  66.781611 17.663
 41     0.964 53644.66618835 34.40  69.817410  66.784681 17.663
 42     1.594 53679.66620306 31.22  69.841151  66.773179 10.565
 42     1.654 53679.66620371 33.67  69.837771  66.776259 10.565
 42     1.636 53679.66620435 36.83  69.834391  66.779329 10.565
 42     1.589 53679.66620500 35.61  69.831001  66.782399 10.565
 42     1.587 53679.66620564 35.70  69.827621  66.785479 10.565
 42     1.546 53679.66620629 35.49  69.824231  66.788549 10.565
 43     1.558 53714.66613003 13.67  69.861527  66.769786  2.209
 43     1.540 53714.66613067 13.78  69.858147  66.772856  2.209
 43     1.266 53714.66613132 13.25  69.854767  66.775926  2.209
 43     0.924 53714.66613196 14.36  69.851387  66.779006  2.209
 43     0.968 53714.66613261 13.24  69.848007  66.782076  2.209
 43     0.836 53714.66613325 14.11  69.844617  66.785146  2.209
 43     0.968 53714.66613390 14.11  69.841237  66.788216  2.209
 43     1.145 53714.66613454 13.05  69.837847  66.791296  2.209
 43     1.350 53714.66613519 12.71  69.834467  66.794366  2.209
 43     1.529 53714.66613583 12.26  69.831077  66.797436  2.209
 44     1.312 53749.66604752 10.90  69.830097  66.775007  2.498
 44     1.352 53749.66604816 10.94  69.826707  66.778077  2.498
 44     1.272 53749.66604881 11.07  69.823327  66.781147  2.498
 44     1.145 53749.66604945 11.68  69.819937  66.784217  2.498
 45     1.659 53784.66607682  9.52  69.852411  66.771841  2.298
 45     1.530 53784.66607747  9.38  69.849031  66.774911  2.298
 45     1.432 53784.66607811  9.44  69.845651  66.777991  2.298
 45     1.293 53784.66607876  9.83  69.842261  66.781061  2.298
 45     1.201 53784.66607940  9.64  69.838881  66.784131  2.298
 45     1.096 53784.66608005  9.25  69.835501  66.787211  2.298
 45     1.202 53784.66608069  9.17  69.832111  66.790281  2.298
 45     1.287 53784.66608133  8.90  69.828721  66.793351  2.298
 46     1.715 53819.66603629  8.68  69.868916  66.770559  2.016
 46     1.604 53819.66603694  8.58  69.865536  66.773629  2.016
 46     1.503 53819.66603758  8.66  69.862156  66.776699  2.016
 46     1.317 53819.66603823  8.60  69.858776  66.779779  2.016
 46     1.171 53819.66603887  8.75  69.855396  66.782849  2.016
 46     1.093 53819.66603952  9.02  69.852016  66.785919  2.016
 46     1.273 53819.66604016  8.22  69.848626  66.788999  2.016
 46     1.326 53819.66604081  7.91  69.845246  66.792069  2.016
 46     1.466 53819.66604145  8.00  69.841856  66.795139  2.016
 46     1.714 53819.66604210  7.71  69.838476  66.798209  2.016
 46     1.823 53819.66604274  7.73  69.835086  66.801289  2.016
 47     1.592 53854.66612027  7.41  69.828473  66.775538  2.103
 47     1.338 53854.66612091  7.23  69.825083  66.778608  2.103
 47     1.255 53854.66612155  7.22  69.821703  66.781678  2.103
 47     1.235 53854.66612220  7.03  69.818313  66.784748  2.103
 49     2.512 53924.66619567 26.98  69.827639  66.775453 22.377
 49     0.056 53924.66619632 27.01  69.824249  66.778523 22.377
 49     0.734 53924.66619696 27.47  69.820869  66.781593 22.377
 49     2.030 53924.66619761 26.66  69.817479  66.784673 22.377
 50     2.223 53959.66618476 27.80  69.841669  66.774561 29.941
 50     1.823 53959.66618541 22.27  69.838289  66.777641 29.941
 50    -2.040 53959.66618605 24.50  69.834909  66.780711 29.941
 50    -0.577 53959.66618669 24.92  69.831519  66.783781 29.941
 50     0.195 53959.66618734 25.85  69.828139  66.786861 29.941
 50     0.862 53959.66618798 22.96  69.824749  66.789931 29.941
 51     2.042 53994.66611875 30.69  69.822345  66.774254 10.184
 51     1.502 53994.66611940 31.63  69.818955  66.777324 10.184
 51     1.152 53994.66612004 33.08  69.815565  66.780394 10.184
 52     1.243 54029.66617590 32.10  69.834385  66.773431 15.225
 52     1.660 54029.66617655 39.26  69.831005  66.776511 15.225
 52     1.529 54029.66617719 43.87  69.827615  66.779581 15.225
 52     1.506 54029.66617784 45.55  69.824235  66.782651 15.225
 52     1.536 54029.66617848 46.21  69.820845  66.785721 15.225
 53     1.533 54064.66616882  9.97  69.851802  66.772114  2.196
 53     1.474 54064.66616947  9.92  69.848422  66.775184  2.196
 53     1.247 54064.66617011 10.36  69.845042  66.778264  2.196
 53     1.145 54064.66617075 10.03  69.841652  66.781334  2.196
 53     0.974 54064.66617140 10.17  69.838272  66.784404  2.196
 53     0.977 54064.66617204 10.53  69.834892  66.787474  2.196
 53     1.061 54064.66617269 10.47  69.831502  66.790554  2.196
 53     1.122 54064.66617333 10.36  69.828112  66.793624  2.196
 54     2.173 54099.66613363  9.40  69.859538  66.769003  2.095
 54     1.841 54099.66613428  9.27  69.856158  66.772073  2.095
 54     1.679 54099.66613492  9.43  69.852778  66.775143  2.095
 54     1.520 54099.66613557  9.56  69.849398  66.778223  2.095
 54     1.332 54099.66613621 10.11  69.846018  66.781293  2.095
 54     1.219 54099.66613686  9.59  69.842638  66.784363  2.095
 54     1.179 54099.66613750  9.67  69.839248  66.787443  2.095
 54     1.224 54099.66613815  9.78  69.835868  66.790513  2.095
 54     1.355 54099.66613879  9.10  69.832478  66.793583  2.095
 54     1.547 54099.66613943  9.04  69.829098  66.796653  2.095
 55     2.158 54134.66609514 11.43  69.829644  66.775647  1.899
 55     1.961 54134.66609578 11.57  69.826254  66.778717  1.899
 55     1.538 54134.66609643 11.78  69.822874  66.781787  1.899
 55     1.420 54134.66609707 11.84  69.819484  66.784857  1.899
 57     2.274 54204.66609915  7.70  69.829975  66.774259  1.864
 57     1.956 54204.66609979  7.50  69.826585  66.777329  1.864
 57     1.601 54204.66610044  7.78  69.823205  66.780399  1.864
 57     1.567 54204.66610108  7.84  69.819815  66.783469  1.864
 58     3.075 54239.66613323 27.90  69.841448  66.774483 22.889
 58     2.806 54239.66613388 25.86  69.838068  66.777563 22.889
 58     2.679 54239.66613452 26.69  69.834678  66.780633 22.889
 58     2.829 54239.66613517 28.02  69.831298  66.783703 22.889
 58     2.996 54239.66613581 29.46  69.827908  66.786783 22.889
 58     3.166 54239.66613646 32.19  69.824528  66.789853 22.889
 59     3.008 54274.66614929 29.42  69.845900  66.771852 32.547
 59     2.711 54274.66614994 24.30  69.842520  66.774922 32.547
 59     2.221 54274.66615058 21.53  69.839140  66.778002 32.547
 59     2.300 54274.66615123 15.33  69.835750  66.781072 32.547
 59     2.547 54274.66615187 14.97  69.832370  66.784142 32.547
 59     0.943 54274.66615252 20.98  69.828980  66.787212 32.547
 59     2.279 54274.66615316 16.85  69.825600  66.790292 32.547
 61     2.932 54344.66612648 32.18  69.860358  66.770041 30.126
 61     2.612 54344.66612712 27.43  69.856978  66.773111 30.126
 61     2.572 54344.66612777 25.76  69.853598  66.776181 30.126
 61     2.993 54344.66612841 35.42  69.850218  66.779261 30.126
 61     2.993 54344.66612906 44.55  69.846838  66.782331 30.126
 61     3.053 54344.66612970 40.61  69.843448  66.785401 30.126
 61     2.483 54344.66613035 24.25  69.840068  66.788481 30.126
 61     2.044 54344.66613099 23.23  69.836678  66.791551 30.126
 61     2.001 54344.66613164 25.12  69.833298  66.794621 30.126
 61     2.376 54344.66613228 23.40  69.829908  66.797691 30.126
 62     1.614 54379.66608785 36.48  69.832965  66.775784 26.846
 62     1.453 54379.66608849 34.27  69.829575  66.778854 26.846
 62     1.121 54379.66608914 27.80  69.826195  66.781924 26.846
 62     0.617 54379.66608978 27.18  69.822805  66.784994 26.846
 62     0.844 54379.66609042 27.16  69.819425  66.788074 26.846
 63     1.589 54414.66607515 33.00  69.850156  66.771261 11.851
 63     1.747 54414.66607580 36.28  69.846776  66.774331 11.851
 63     1.790 54414.66607644 37.68  69.843396  66.777411 11.851
 63     1.832 54414.66607709 38.76  69.840016  66.780481 11.851
 63     1.738 54414.66607773 38.05  69.836626  66.783551 11.851
 63     1.699 54414.66607838 37.76  69.833246  66.786621 11.851
 63     1.669 54414.66607902 38.23  69.829856  66.789701 11.851
 63     1.679 54414.66607967 39.84  69.826476  66.792771 11.851
 64     1.415 54449.66605496 19.43  69.830536  66.774362  3.271
 64     1.274 54449.66605561 20.02  69.827156  66.777442  3.271
 64     1.155 54449.66605625 20.25  69.823766  66.780512  3.271
 64     1.138 54449.66605690 21.21  69.820386  66.783582  3.271
 64     1.099 54449.66605754 20.73  69.816996  66.786652  3.271
 65     1.553 54484.66607051 16.08  69.843677  66.774030  2.489
 65     1.482 54484.66607115 15.89  69.840297  66.777110  2.489
 65     1.246 54484.66607180 16.35  69.836907  66.780180  2.489
 65     1.206 54484.66607244 16.19  69.833527  66.783250  2.489
 65     1.120 54484.66607309 16.41  69.830137  66.786320  2.489
 65     1.265 54484.66607373 15.48  69.826757  66.789400  2.489
 65     1.464 54484.66607438 15.26  69.823367  66.792470  2.489
 66     1.272 54519.66606854 14.51  69.834295  66.775216  2.449
 66     1.148 54519.66606919 14.65  69.830915  66.778286  2.449
 66     1.207 54519.66606983 14.81  69.827525  66.781366  2.449
 66     1.199 54519.66607048 14.34  69.824145  66.784436  2.449
 66     1.218 54519.66607112 14.51  69.820755  66.787506  2.449
 67     1.776 54554.66608141  9.42  69.853816  66.772072  2.095
 67     1.578 54554.66608206  9.09  69.850436  66.775142  2.095
 67     1.342 54554.66608270  9.01  69.847056  66.778212  2.095
 67     1.242 54554.66608335  9.45  69.843666  66.781282  2.095
 67     1.156 54554.66608399  9.57  69.840286  66.784362  2.095
 67     1.357 54554.66608464  9.14  69.836906  66.787432  2.095
 67     1.467 54554.66608528  8.92  69.833516  66.790502  2.095
 67     1.565 54554.66608592  8.81  69.830136  66.793582  2.095
 68     1.227 54589.66606418  7.28  69.838428  66.773565  2.158
 68     1.486 54589.66606482  7.23  69.835038  66.776635  2.158
 68     1.523 54589.66606547  6.62  69.831658  66.779715  2.158
 68     1.463 54589.66606611  6.97  69.828268  66.782785  2.158
 68     1.500 54589.66606676  6.72  69.824888  66.785855  2.158
 68     1.557 54589.66606740  6.53  69.821498  66.788925  2.158
 69     3.065 54624.66608042 29.41  69.847872  66.771412 27.834
 69     2.786 54624.66608107 20.95  69.844492  66.774482 27.834
 69     2.578 54624.66608171 17.75  69.841112  66.777552 27.834
 69     2.518 54624.66608236 16.57  69.837722  66.780632 27.834
 69     2.253 54624.66608300 15.98  69.834342  66.783702 27.834
 69     1.498 54624.66608365 16.81  69.830952  66.786772 27.834
 69     1.861 54624.66608429 18.53  69.827572  66.789842 27.834
 69     2.514 54624.66608493 20.72  69.824182  66.792922 27.834
 70     2.760 54659.66608941 35.48  69.840746  66.772972 37.746
 70    -4.662 54659.66609006 24.62  69.837356  66.776042 37.746
 70    -4.053 54659.66609070 24.50  69.833976  66.779122 37.746
 70    -2.483 54659.66609135 20.90  69.830596  66.782192 37.746
 70     0.038 54659.66609199 18.73  69.827206  66.785262 37.746
 70     0.572 54659.66609264 19.84  69.823826  66.788332 37.746
 71     1.920 54694.66606846 36.59  69.851874  66.771808 30.586
 71     1.805 54694.66606911 40.02  69.848494  66.774878 30.586
 71     1.624 54694.66606975 35.67  69.845114  66.777948 30.586
 71     1.132 54694.66607040 32.07  69.841724  66.781028 30.586
 71     0.710 54694.66607104 28.09  69.838344  66.784098 30.586
 71     0.106 54694.66607169 25.04  69.834954  66.787168 30.586
 71     0.378 54694.66607233 24.72  69.831574  66.790238 30.586
 71     0.878 54694.66607298 26.65  69.828184  66.793318 30.586
 72     1.595 54729.66604447 35.05  69.834822  66.774120 25.602
 72     1.419 54729.66604511 32.30  69.831432  66.777190 25.602
 72     1.194 54729.66604576 28.65  69.828052  66.780260 25.602
 72     0.486 54729.66604640 29.82  69.824662  66.783340 25.602
 72     0.592 54729.66604705 30.50  69.821282  66.786410 25.602
 73     1.968 54764.66604687 29.63  69.843614  66.772930 12.327
 73     1.731 54764.66604751 28.24  69.840234  66.776000 12.327
 73     1.338 54764.66604816 27.83  69.836844  66.779070 12.327
 73     0.917 54764.66604880 29.93  69.833464  66.782150 12.327
 73     0.987 54764.66604945 33.33  69.830074  66.785220 12.327
 73     1.074 54764.66605009 34.75  69.826694  66.788290 12.327
 73     1.131 54764.66605074 35.85  69.823304  66.791360 12.327
 74     1.149 54799.66603806 21.34  69.829802  66.773974  3.036
 74     1.124 54799.66603870 22.22  69.826422  66.777044  3.036
 74     1.034 54799.66603935 22.24  69.823032  66.780124  3.036
 74     1.016 54799.66603999 23.54  69.819652  66.783194  3.036
 75     1.616 54834.66603823 16.77  69.843911  66.774221  2.385
 75     1.342 54834.66603887 17.27  69.840521  66.777291  2.385
 75     1.253 54834.66603952 17.02  69.837141  66.780371  2.385
 75     1.292 54834.66604016 17.35  69.833761  66.783441  2.385
 75     1.356 54834.66604081 17.44  69.830371  66.786511  2.385
 75     1.336 54834.66604145 17.09  69.826991  66.789581  2.385
 75     1.407 54834.66604210 16.48  69.823601  66.792661  2.385
 76     1.497 54869.66603526 12.43  69.830675  66.774904  2.212
 76     1.181 54869.66603591 12.80  69.827295  66.777974  2.212
 76     1.122 54869.66603655 13.33  69.823905  66.781054  2.212
 76     1.113 54869.66603720 12.71  69.820525  66.784124  2.212
 77     1.886 54904.66604619 11.71  69.855151  66.770652  2.136
 77     1.724 54904.66604683 11.14  69.851771  66.773722  2.136
 77     1.600 54904.66604748 11.45  69.848391  66.776792  2.136
 77     1.370 54904.66604812 11.05  69.845011  66.779872  2.136
 77     1.285 54904.66604876 11.41  69.841621  66.782942  2.136
 77     1.328 54904.66604941 11.62  69.838241  66.786012  2.136
 77     1.395 54904.66605005 11.20  69.834861  66.789082  2.136
 77     1.386 54904.66605070 11.15  69.831471  66.792162  2.136
 77     1.421 54904.66605134 10.84  69.828091  66.795232  2.136
 78     1.607 54939.66602646  9.79  69.835549  66.773852  1.982
 78     1.434 54939.66602710  9.80  69.832169  66.776922  1.982
 78     1.321 54939.66602775  9.59  69.828779  66.779992  1.982
 78     1.320 54939.66602839  9.38  69.825399  66.783072  1.982
 78     1.407 54939.66602904  9.43  69.822009  66.786142  1.982
 79     3.022 54974.66605667 18.03  69.839481  66.773739  4.637
 79     2.844 54974.66605731 18.72  69.836091  66.776809  4.637
 79     2.790 54974.66605796 19.31  69.832711  66.779889  4.637
 79     2.926 54974.66605860 19.74  69.829321  66.782959  4.637
 79     3.077 54974.66605925 20.97  69.825941  66.786029  4.637
 79     2.870 54974.66605989 21.32  69.822551  66.789099  4.637
 80     2.747 55009.66606863 30.14  69.848097  66.771237 33.340
 80     2.653 55009.66606927 22.71  69.844717  66.774307 33.340
 80     2.202 55009.66606992 20.62  69.841337  66.777377 33.340
 80     2.219 55009.66607056 16.34  69.837947  66.780457 33.340
 80     1.515 55009.66607121 18.88  69.834567  66.783527 33.340
 80     2.279 55009.66607185 15.67  69.831177  66.786597 33.340
 80     2.286 55009.66607249 16.39  69.827797  66.789667 33.340
 80     2.340 55009.66607314 15.92  69.824407  66.792747 33.340
 81     2.433 55044.66605963 34.60  69.841802  66.773564 29.251
 81     2.006 55044.66606027 24.78  69.838412  66.776634 29.251
 81     2.002 55044.66606092 23.13  69.835032  66.779714 29.251
 81     1.758 55044.66606156 23.47  69.831652  66.782784 29.251
 81     1.683 55044.66606221 23.91  69.828262  66.785854 29.251
 81     1.077 55044.66606285 26.15  69.824872  66.788924 29.251
 82     1.740 55079.66603438 35.15  69.857757  66.769545 27.555
 82     1.722 55079.66603502 35.81  69.854377  66.772625 27.555
 82     1.618 55079.66603566 38.81  69.850997  66.775695 27.555
 82     1.323 55079.66603631 32.19  69.847617  66.778765 27.555
 82     1.072 55079.66603695 30.90  69.844227  66.781845 27.555
 82     0.933 55079.66603760 30.23  69.840847  66.784915 27.555
 82     1.367 55079.66603824 32.94  69.837467  66.787985 27.555
 82     1.291 55079.66603889 35.85  69.834077  66.791055 27.555
 82     1.431 55079.66603953 40.27  69.830697  66.794135 27.555
 83     1.910 55114.66599178 39.21  69.837779  66.773026 28.308
 83     1.449 55114.66599242 38.31  69.834389  66.776096 28.308
 83     1.386 55114.66599307 36.58  69.831009  66.779166 28.308
 83     1.033 55114.66599371 51.23  69.827619  66.782246 28.308
 83     1.085 55114.66599436 53.77  69.824239  66.785316 28.308
 83     1.168 55114.66599500 41.75  69.820849  66.788386 28.308
 84     0.978 55149.66599141 20.24  69.843642  66.772956  3.598
 84     1.086 55149.66599205 20.23  69.840262  66.776026  3.598
 84     0.998 55149.66599270 20.90  69.836872  66.779106  3.598
 84     1.082 55149.66599334 20.80  69.833492  66.782176  3.598
 84     0.967 55149.66599399 20.89  69.830102  66.785246  3.598
 84     1.007 55149.66599463 21.52  69.826722  66.788316  3.598
 84     1.076 55149.66599528 20.05  69.823332  66.791386  3.598
 85     1.381 55184.66597599 12.85  69.830064  66.775076  2.494
 85     1.244 55184.66597664 12.83  69.826684  66.778156  2.494
 85     1.141 55184.66597728 12.78  69.823294  66.781226  2.494
 85     1.067 55184.66597792 12.72  69.819914  66.784296  2.494
 86     1.236 55219.66598896 11.30  69.848471  66.771563  2.341
 86     1.451 55219.66598960 11.26  69.845091  66.774633  2.341
 86     1.452 55219.66599025 10.92  69.841711  66.777703  2.341
 86     1.301 55219.66599089 11.15  69.838321  66.780783  2.341
 86     1.283 55219.66599154 11.07  69.834941  66.783853  2.341
 86     1.241 55219.66599218 10.48  69.831551  66.786923  2.341
 86     1.160 55219.66599283 10.59  69.828171  66.789993  2.341
 86     1.231 55219.66599347 10.34  69.824781  66.793073  2.341
 87     1.317 55254.66597181 10.07  69.834541  66.775240  2.319
 87     1.308 55254.66597246  9.58  69.831161  66.778310  2.319
 87     1.201 55254.66597310  9.63  69.827771  66.781390  2.319
 87     1.157 55254.66597375  9.72  69.824391  66.784460  2.319
 87     1.258 55254.66597439  9.59  69.821001  66.787530  2.319
 88     1.740 55289.66597800  9.67  69.857699  66.769781  2.084
 88     1.559 55289.66597865  9.80  69.854319  66.772861  2.084
 88     1.551 55289.66597929  9.41  69.850939  66.775931  2.084
 88     1.402 55289.66597994  9.59  69.847559  66.779001  2.084
 88     1.269 55289.66598058  9.65  69.844169  66.782081  2.084
 88     1.169 55289.66598122  9.39  69.840789  66.785151  2.084
 88     1.310 55289.66598187  9.20  69.837409  66.788221  2.084
 88     1.310 55289.66598251  8.89  69.834019  66.791291  2.084
 88     1.329 55289.66598316  8.87  69.830639  66.794371  2.084
 89     2.235 55324.66595824 27.02  69.840183  66.774205  7.929
 89     2.125 55324.66595889 22.97  69.836793  66.777275  7.929
 89     1.848 55324.66595953 21.55  69.833413  66.780355  7.929
 89     1.825 55324.66596018 20.94  69.830033  66.783425  7.929
 89     2.133 55324.66596082 22.65  69.826643  66.786495  7.929
 89     2.138 55324.66596147 23.61  69.823253  66.789565  7.929
 90     2.717 55359.66595514 30.85  69.848285  66.771006 31.765
 90     2.616 55359.66595579 25.54  69.844905  66.774076 31.765
 90     2.154 55359.66595643 23.60  69.841525  66.777146 31.765
 90     1.894 55359.66595708 18.76  69.838135  66.780226 31.765
 90     1.896 55359.66595772 15.83  69.834755  66.783296 31.765
 90     2.088 55359.66595837 14.61  69.831365  66.786366 31.765
 90     2.339 55359.66595901 14.95  69.827985  66.789436 31.765
 90     2.230 55359.66595965 14.90  69.824595  66.792516 31.765
 91     2.270 55394.66596106 19.96  69.833457  66.775937 28.133
 91     1.890 55394.66596171 15.44  69.830077  66.779017 28.133
 91     1.693 55394.66596235 14.29  69.826687  66.782087 28.133
 91     1.070 55394.66596300 15.63  69.823307  66.785157 28.133
 91     0.932 55394.66596364 16.30  69.819917  66.788227 28.133
 92     2.179 55429.66597157 27.37  69.842276  66.774127 27.345
 92     1.747 55429.66597221 22.55  69.838886  66.777197 27.345
 92     1.641 55429.66597286 19.74  69.835506  66.780277 27.345
 92     1.130 55429.66597350 18.74  69.832116  66.783347 27.345
 92     1.465 55429.66597415 17.56  69.828736  66.786417 27.345
 92     1.605 55429.66597479 18.15  69.825346  66.789487 27.345
 93     1.985 55464.66593268 29.11  69.861026  66.770813 29.703
 93     1.664 55464.66593333 30.57  69.857646  66.773893 29.703
 93     1.506 55464.66593397 27.12  69.854266  66.776963 29.703
 93     1.173 55464.66593462 25.82  69.850886  66.780033 29.703
 93     0.906 55464.66593526 27.36  69.847496  66.783113 29.703
 93     1.209 55464.66593591 30.16  69.844116  66.786183 29.703
 93     1.427 55464.66593655 42.41  69.840736  66.789253 29.703
 93     1.444 55464.66593720 42.11  69.837346  66.792323 29.703
 93     1.277 55464.66593784 39.15  69.833966  66.795403 29.703
 93     1.420 55464.66593848 43.12  69.830576  66.798473 29.703
