-255592.638    77.858     0.00    0.72
-255216.855    77.575    -0.75    0.83
-254841.013    76.924    -1.73    1.15
-254465.113    76.024    -2.39    1.36
-254089.155    74.946    -2.87    1.50
-253713.138    73.859    -2.89    1.44
-253337.062    73.800    -0.16    1.52
-252960.927    74.108     0.82    1.94
-252584.734    74.386     0.74    2.12
-252208.483    74.882     1.32    2.19
-251832.172    74.637    -0.65    2.48
-251455.803    74.377    -0.69    2.61
-251079.375    74.868     1.31    2.35
-250702.888    74.320    -1.46    2.55
-250326.343    73.358    -2.55    2.54
-249949.738    72.666    -1.83    2.61
-249573.075    72.183    -1.28    2.45
-249196.352    71.042    -3.03    2.72
-248819.571    70.177    -2.30    2.35
-248442.731    69.692    -1.29    1.76
-248065.831    69.899     0.55    1.52
-247688.873    70.320     1.12    1.35
-247311.856    70.544     0.59    1.17
-246934.779    70.678     0.36    1.07
-246557.644    70.909     0.61    1.15
-246180.449    71.219     0.82    1.85
-245803.195    72.120     2.39    2.51
-245425.882    73.066     2.51    2.58
-245048.509    73.571     1.34    2.33
-244671.078    73.316    -0.68    2.25
-244293.587    73.061    -0.68    1.89
-243916.037    72.986    -0.20    1.98
-243538.427    71.706    -3.39    3.33
-243160.758    71.080    -1.66    3.44
-242783.030    70.615    -1.23    3.27
-242405.242    70.382    -0.62    3.04
-242027.395    70.314    -0.18    2.71
-241649.488    70.654     0.90    2.42
-241271.521    70.746     0.24    2.28
-240893.496    71.084     0.89    1.92
-240515.410    71.394     0.82    1.48
-240137.265    71.831     1.15    1.65
-239759.060    71.885     0.14    1.59
-239380.796    71.976     0.24    1.46
-239002.472    72.455     1.26    1.42
-238624.088    72.960     1.33    1.29
-238245.645    73.976     2.69    1.28
-237867.141    74.719     1.96    1.07
-237488.578    75.138     1.11    0.89
-237109.955    75.267     0.34    0.77
-236731.272    74.760    -1.34    0.97
-236352.530    74.084    -1.78    1.13
-235973.727    73.449    -1.68    1.08
-235594.864    72.803    -1.71    1.08
-235215.942    72.171    -1.67    1.09
-234836.959    71.952    -0.58    1.25
-234457.916    72.071     0.31    1.43
-234078.814    71.760    -0.82    1.81
-233699.651    71.472    -0.76    2.16
-233320.428    71.080    -1.04    1.98
-232941.145    70.913    -0.44    2.05
-232563.269    70.573    -0.90    2.42
-232195.527    70.052    -1.42    2.50
-231827.728    69.573    -1.30    2.43
-231459.874    69.358    -0.59    2.13
-231091.963    69.800     1.20    1.66
-230723.996    69.577    -0.60    1.23
-230355.973    69.426    -0.41    1.02
-229987.893    69.155    -0.74    1.05
-229619.757    68.480    -1.83    1.32
-229251.565    67.732    -2.03    1.27
-228883.316    67.057    -1.83    1.35
-228515.011    66.549    -1.38    1.53
-228146.649    66.111    -1.19    1.58
-227778.231    65.746    -0.99    1.55
-227409.757    65.557    -0.51    1.49
-227041.226    65.437    -0.33    1.51
-226672.638    64.625    -2.20    1.62
-226303.994    64.296    -0.89    1.56
-225935.293    63.746    -1.49    1.66
-225566.536    63.518    -0.62    1.64
-225197.721    63.800     0.77    1.99
-224828.851    64.175     1.02    2.45
-224459.923    64.287     0.30    3.12
-224090.939    63.846    -1.19    3.77
-223721.898    62.233    -4.37    4.06
-223352.800    60.304    -5.23    3.80
-222983.645    58.517    -4.84    3.41
-222614.434    58.189    -0.89    3.30
-222245.165    58.044    -0.39    3.06
-221875.840    56.975    -2.89    3.35
-221506.458    54.853    -5.74    4.52
-221137.019    52.587    -6.13    3.51
-220767.522    52.880     0.79    3.43
-220397.969    54.689     4.90    4.23
-220028.359    57.706     8.16    4.39
-219658.692    60.032     6.29    3.43
-219288.967    60.933     2.44    2.88
-218919.186    60.889    -0.12    3.22
-218549.347    61.533     1.74    3.93
-218179.451    62.848     3.55    4.89
-217809.498    64.813     5.31    5.19
-217439.488    67.011     5.94    4.48
-217069.421    66.893    -0.32    4.49
-216699.296    66.717    -0.48    4.03
-216329.114    66.893     0.48    3.56
-215958.874    67.291     1.07    3.23
-215588.578    66.800    -1.32    2.99
-215218.224    66.158    -1.73    2.70
-214847.812    65.841    -0.86    2.32
-214477.343    65.018    -2.22    1.25
-214106.816    65.626     1.64    1.16
-213736.232    66.225     1.62    0.98
-213365.591    66.586     0.97    0.97
-212994.892    67.219     1.71    0.99
-212624.135    67.906     1.85    1.34
-212253.321    68.816     2.45    1.56
-211882.449    69.931     3.01    1.43
-211511.519    70.829     2.42    1.05
-211140.532    71.400     1.54    0.94
-210769.487    71.990     1.59    0.99
-210398.384    72.320     0.89    1.02
-210027.224    72.571     0.68    0.91
-209656.005    72.240    -0.89    1.33
-209284.729    71.990    -0.67    1.73
-208913.395    71.990     0.00    2.33
-208542.003    71.409    -1.56    3.11
-208170.554    70.354    -2.84    4.09
-207799.046    68.449    -5.13    4.47
-207427.480    66.692    -4.73    3.50
-207055.856    66.533    -0.43    3.50
-206684.175    67.949     3.81    3.90
-206312.435    68.625     1.82    3.96
-205940.637    68.596    -0.08    3.98
-205568.781    68.141    -1.22    3.80
-205196.867    66.678    -3.93    4.57
-204824.895    65.996    -1.83    4.36
-204452.864    65.788    -0.56    4.27
-204080.775    66.600     2.18    3.73
-203708.628    67.546     2.54    2.48
-203336.423    66.233    -3.53    3.70
-202964.160    65.158    -2.89    3.69
-202591.838    64.733    -1.14    3.12
-202219.458    64.746     0.04    2.77
-201847.019    65.853     2.97    2.30
-201474.522    65.804    -0.13    2.40
-201101.967    64.026    -4.77    4.36
-200729.353    62.732    -3.47    4.23
-200356.680    62.287    -1.19    3.97
-199983.949    62.955     1.79    3.14
-199611.160    64.061     2.97    1.93
-199238.312    63.887    -0.47    2.43
-198865.405    63.061    -2.21    3.14
-198492.440    61.580    -3.97    3.56
-198119.416    60.071    -4.04    4.27
-197746.333    57.409    -7.13    5.93
-197373.191    54.814    -6.95    7.37
-196999.991    49.341   -14.66    8.83
-196626.732    44.637   -12.60    7.15
-196253.415    41.346    -8.81    4.22
-195880.038    39.936    -3.78    2.40
-195506.602    40.220     0.76    2.71
-195133.108    40.541     0.86    2.65
-194759.555    40.825     0.76    2.75
-194385.942    41.130     0.82    2.67
-194012.271    40.786    -0.92    2.81
-193638.541    41.239     1.21    3.56
-193264.752    42.463     3.27    3.84
-192890.903    44.205     4.66    4.05
-192516.996    47.453     8.69    5.13
-192143.029    50.858     9.10    5.21
-191769.003    53.417     6.84    3.57
-191394.919    53.568     0.40    4.85
-191020.774    51.615    -5.22    6.68
-190646.571    49.787    -4.88    7.01
-190272.308    49.431    -0.95    7.30
-189897.987    49.327    -0.28    6.73
-189523.605    50.493     3.11    5.98
-189149.165    51.692     3.20    5.25
-188774.665    53.949     6.03    4.26
-188400.105    55.906     5.22    3.78
-188025.486    56.815     2.42    3.24
-187650.808    58.034     3.25    2.54
-187276.070    58.911     2.34    1.81
-186901.273    58.827    -0.22    2.24
-186526.416    58.232    -1.59    2.52
-186151.500    57.720    -1.37    2.93
-185776.524    57.246    -1.26    2.90
-185401.488    57.773     1.40    2.68
-185026.392    57.832     0.16    2.66
-184651.237    58.306     1.26    3.21
-184276.022    59.066     2.02    3.39
-183900.748    59.952     2.36    3.30
-183525.413    61.623     4.45    2.14
-183150.019    62.354     1.95    2.16
-182774.565    62.103    -0.67    2.62
-182399.051    61.611    -1.31    2.69
-182023.477    60.986    -1.66    2.47
-181647.844    60.664    -0.86    2.03
-181272.150    60.510    -0.41    1.20
-180896.396    61.130     1.65    1.37
-180520.582    61.707     1.54    1.22
-180144.709    62.000     0.78    1.07
-179768.775    61.760    -0.64    1.10
-179392.781    60.983    -2.07    1.44
-179016.727    60.396    -1.56    1.44
-178640.612    60.829     1.15    2.25
-178264.438    61.240     1.09    2.47
-177888.203    62.116     2.33    3.08
-177511.908    62.200     0.22    4.20
-177135.553    61.030    -3.11    5.14
-176759.137    60.530    -1.33    5.71
-176382.661    59.626    -2.40    5.80
-176006.125    60.040     1.10    5.31
-175629.528    60.066     0.07    5.00
-175252.871    61.116     2.79    3.81
-174876.154    61.800     1.82    2.66
-174499.376    61.246    -1.47    2.51
-174122.537    60.613    -1.68    2.40
-173745.638    59.732    -2.34    1.98
-173368.678    59.986     0.67    2.23
-172991.658    60.760     2.05    2.92
-172614.577    61.760     2.65    2.93
-172237.435    62.431     1.78    2.41
-171860.233    61.573    -2.28    3.17
-171482.970    60.640    -2.47    3.12
-171105.646    60.084    -1.47    2.89
-170728.261    60.917     2.21    3.40
-170350.815    62.030     2.95    3.02
-169973.309    62.246     0.57    2.91
-169595.742    61.803    -1.17    3.08
-169218.114    60.395    -3.73    3.40
-168840.425    59.163    -3.26    3.11
-168462.675    58.941    -0.59    3.15
-168084.864    58.733    -0.55    3.23
-167706.991    58.746     0.04    4.41
-167329.058    58.327    -1.11    4.42
-166951.064    58.510     0.48    4.32
-166573.009    59.773     3.34    4.22
-166194.892    61.354     4.18    3.25
-165816.715    62.396     2.75    1.83
-165438.476    62.514     0.31    2.15
-165060.175    61.266    -3.30    3.50
-164681.814    60.275    -2.62    4.22
-164303.391    60.933     1.74    4.28
-163924.907    61.239     0.81    4.00
-163546.362    62.281     2.75    3.71
-163167.755    62.787     1.34    3.77
-162789.087    62.909     0.32    3.84
-162410.357    63.496     1.55    3.95
-162031.566    62.882    -1.62    3.91
-161652.713    61.626    -3.31    3.13
-161273.799    60.963    -1.75    1.93
-160894.823    60.920    -0.11    1.32
-160515.786    61.296     0.99    1.23
-160136.687    60.893    -1.06    1.30
-159757.526    60.330    -1.49    1.46
-159378.303    59.435    -2.36    1.55
-158999.019    58.463    -2.56    1.56
-158619.673    57.960    -1.33    2.25
-158240.265    57.814    -0.38    2.67
-157860.796    57.706    -0.28    3.08
-157491.872    58.220     1.39    3.74
-157124.251    58.093    -0.35    3.72
-156756.573    57.533    -1.52    3.72
-156388.837    57.571     0.10    3.54
-156021.043    58.957     3.77    3.79
-155653.192    59.838     2.40    3.96
-155285.283    61.719     5.11    3.00
-154917.316    62.080     0.98    2.32
-154549.292    61.240    -2.28    3.36
-154181.209    60.506    -1.99    3.46
-153813.069    60.000    -1.38    3.28
-153444.871    60.026     0.07    2.82
-153076.615    60.409     1.04    2.12
-152708.301    60.260    -0.40    2.14
-152339.929    59.733    -1.43    2.47
-151971.499    58.626    -3.00    2.90
-151603.011    56.320    -6.26    4.32
-151234.466    52.891    -9.30    6.79
-150865.862    50.084    -7.61    6.80
-150497.200    48.665    -3.85    6.44
-150128.480    48.273    -1.06    5.70
-149759.701    49.426     3.13    5.07
-149390.865    50.773     3.65    3.59
-149021.970    51.088     0.85    3.01
-148653.017    50.066    -2.77    3.86
-148284.006    49.602    -1.26    4.35
-147914.937    50.253     1.76    5.12
-147545.809    50.760     1.37    5.40
-147176.623    53.706     7.98    3.97
-146807.378    54.814     3.00    3.00
-146438.076    54.160    -1.77    2.86
-146068.714    53.986    -0.47    3.22
-145699.295    53.266    -1.95    3.59
-145329.816    52.240    -2.78    3.24
-144960.280    51.720    -1.41    3.04
-144590.684    52.049     0.89    3.39
-144221.030    51.746    -0.82    3.61
-143851.318    50.773    -2.63    4.26
-143481.547    49.680    -2.96    4.64
-143111.717    47.853    -4.94    4.76
-142741.829    45.503    -6.35    4.47
-142371.882    45.017    -1.31    3.95
-142001.876    46.327     3.54    4.87
-141631.811    47.200     2.36    5.02
-141261.688    47.520     0.86    4.92
-140891.506    46.571    -2.56    5.34
-140521.265    43.457    -8.41    4.20
-140150.965    41.668    -4.83    1.93
-139780.606    41.080    -1.59    1.74
-139410.188    40.904    -0.47    1.76
-139039.711    41.333     1.16    3.03
-138669.175    42.588     3.39    5.05
-138298.580    44.341     4.73    6.75
-137927.927    45.206     2.33    7.30
-137557.214    45.194    -0.03    6.94
-137186.442    44.866    -0.88    6.22
-136815.610    46.681     4.89    8.55
-136444.720    48.286     4.33    8.83
-136073.770    50.850     6.91    9.63
-135702.762    53.395     6.86   11.97
-135331.694    54.071     1.82   13.33
-134960.566    52.253    -4.90   13.39
-134589.380    49.336    -7.86   11.21
-134218.134    47.459    -5.06    8.98
-133846.828    48.539     2.91    8.20
-133475.464    50.882     6.31    7.57
-133104.039    55.586    12.67    8.34
-132732.556    58.915     8.96    7.95
-132361.013    62.080     8.52    6.31
-131989.410    61.225    -2.30    7.72
-131617.748    54.386   -18.40   11.57
-131246.026    47.675   -18.05   10.89
-130874.245    42.391   -14.21    7.90
-130502.404    38.580   -10.25    4.65
-130130.503    36.641    -5.21    4.62
-129758.543    34.302    -6.29    4.52
-129386.522    31.470    -7.61    5.82
-129014.443    30.496    -2.62    6.05
-128642.303    31.684     3.19    7.28
-128270.104    35.116     9.22    8.22
-127897.844    39.426    11.58    6.35
-127525.525    41.445     5.42    5.37
-127153.146    41.487     0.11    4.46
-126780.707    40.466    -2.74    4.36
-126408.208    37.786    -7.20    4.31
-126035.649    34.665    -8.38    5.14
-125663.031    31.733    -7.87    4.37
-125290.352    30.466    -3.40    2.83
-124917.613    31.219     2.02    3.21
-124544.813    31.693     1.27    3.15
-124171.954    31.233    -1.23    3.27
-123799.035    29.575    -4.45    3.86
-123426.055    27.573    -5.37    3.91
-123053.015    25.417    -5.78    3.50
-122679.915    24.813    -1.62    3.06
-122306.755    24.876     0.17    3.24
-121933.534    25.827     2.55    3.33
-121560.253    27.409     4.24    2.83
-121186.912    28.530     3.00    4.01
-120813.510    31.409     7.71    7.24
-120440.048    33.341     5.17    7.86
-120066.525    34.253     2.44    7.63
-119692.942    34.705     1.21    6.29
-119319.298    33.453    -3.35    5.38
-118945.594    33.589     0.36    5.10
-118571.829    33.546    -0.11    5.21
-118198.004    33.132    -1.11    4.96
-117824.118    34.431     3.47    5.25
-117450.171    38.157     9.96    8.86
-117076.163    44.891    18.00   11.53
-116702.095    53.418    22.79    9.91
-116327.966    58.913    14.69    7.30
-115953.777    60.909     5.33    6.71
-115579.526    62.617     4.56    8.06
-115205.215    67.080    11.92   10.49
-114830.842    70.417     8.91   13.00
-114456.409    71.773     3.62   12.36
-114081.915    71.058    -1.91   12.10
-113707.360    68.404    -7.08   10.08
-113332.744    64.300   -10.95    5.18
-112958.067    62.623    -4.48    6.25
-112583.329    62.260    -0.97    9.52
-112208.529    57.760   -12.01   13.52
-111833.669    53.719   -10.78   14.05
-111458.747    49.346   -11.66    8.94
-111083.765    49.324    -0.06    7.43
-110708.721    53.887    12.17    7.64
-110333.616    57.163     8.73    6.84
-109958.449    57.084    -0.21    6.04
-109583.221    56.719    -0.97    4.90
-109207.932    57.131     1.10    4.90
-108832.582    58.476     3.58    4.83
-108457.170    59.448     2.59    4.75
-108081.697    58.963    -1.29    5.35
-107706.162    56.760    -5.87    5.38
-107330.566    54.917    -4.90    5.71
-106954.908    54.654    -0.70    6.03
-106579.189    53.891    -2.03    6.35
-106203.408    53.560    -0.88    6.12
-105827.565    54.194     1.69    4.76
-105451.661    55.240     2.78    4.23
-105075.695    57.413     5.78    4.28
-104699.668    58.354     2.50    3.50
-104323.578    58.409     0.14    4.19
-103947.427    58.566     0.42    4.15
-103571.215    60.279     4.55    4.26
-103194.940    61.038     2.02    4.44
-102818.604    61.560     1.39    6.12
-102442.205    61.436    -0.33    8.20
-102065.745    59.354    -5.53    9.49
-101689.223    56.373    -7.92   11.21
-101312.638    56.093    -0.74   12.14
-100935.992    53.201    -7.68   10.60
-100559.284    54.575     3.65    9.51
-100182.513    55.578     2.66    8.20
 -99805.681    51.760   -10.13    8.40
 -99428.786    48.003    -9.97    7.18
 -99051.830    48.044     0.11    6.59
 -98674.811    50.521     6.57    7.65
 -98297.729    55.677    13.67    7.64
 -97920.586    59.523    10.20    5.17
 -97543.380    59.469    -0.14    5.43
 -97166.112    55.746    -9.87    7.00
 -96788.782    52.680    -8.13    5.56
 -96411.389    50.527    -5.70    4.87
 -96033.934    48.480    -5.42    7.28
 -95656.416    45.214    -8.65    9.27
 -95278.836    40.391   -12.77    7.70
 -94901.193    39.391    -2.65    7.72
 -94523.488    41.118     4.57    9.52
 -94145.720    43.827     7.17   10.00
 -93767.890    43.671    -0.41    9.32
 -93389.996    40.608    -8.11    7.42
 -93012.041    38.101    -6.63    6.26
 -92634.022    37.219    -2.33    6.09
 -92255.941    36.960    -0.68    6.49
 -91877.797    38.106     3.03    8.11
 -91499.590    40.341     5.91    9.63
 -91121.321    42.053     4.53   10.48
 -90742.988    42.772     1.90   10.48
 -90364.593    41.175    -4.22   10.73
 -89986.135    38.470    -7.15    9.54
 -89607.614    36.810    -4.38    8.13
 -89229.030    37.571     2.01    7.99
 -88850.382    40.359     7.36    8.08
 -88471.672    43.746     8.94    7.07
 -88092.899    45.084     3.53    6.58
 -87714.062    45.185     0.27    7.32
 -87335.163    45.496     0.82    6.94
 -86956.200    46.480     2.59    6.95
 -86577.174    49.260     7.33    5.80
 -86198.085    50.240     2.59    4.55
 -85818.932    48.941    -3.43    5.36
 -85439.716    45.299    -9.60    6.21
 -85060.437    40.813   -11.83    5.88
 -84681.095    37.875    -7.75    4.30
 -84301.689    39.390     3.99    5.43
 -83922.219    42.468     8.11    5.29
 -83542.687    44.635     5.71    3.93
 -83163.090    44.759     0.33    2.20
 -82791.272    43.084    -4.50    1.98
 -82423.833    41.299    -4.86    2.61
 -82056.336    39.449    -5.03    2.67
 -81688.779    38.115    -3.63    2.64
 -81321.163    37.104    -2.75    2.43
 -80953.488    36.746    -0.97    2.17
 -80585.753    36.650    -0.26    1.91
 -80217.960    36.707     0.15    1.41
 -79850.107    36.496    -0.57    1.32
 -79482.195    36.046    -1.22    2.00
 -79114.224    35.663    -1.04    2.62
 -78746.193    35.949     0.78    3.45
 -78378.103    36.844     2.43    3.88
 -78009.954    38.136     3.51    4.29
 -77641.745    39.637     4.08    3.57
 -77273.477    40.681     2.83    2.49
 -76905.149    41.189     1.38    2.00
 -76536.762    41.286     0.26    1.84
 -76168.316    42.179     2.42    2.52
 -75799.809    41.588    -1.60    3.06
 -75431.244    40.598    -2.69    5.17
 -75062.618    38.455    -5.81    5.78
 -74693.933    36.287    -5.88    5.19
 -74325.188    35.596    -1.87    4.79
 -73956.384    36.652     2.86    4.79
 -73587.520    37.593     2.55    4.96
 -73218.596    37.530    -0.17    5.41
 -72849.612    37.546     0.04    5.32
 -72480.569    34.440    -8.42    6.97
 -72111.466    28.466   -16.18    8.26
 -71742.302    23.628   -13.11    7.88
 -71373.079    20.331    -8.93    6.77
 -71003.796    17.680    -7.18    5.05
 -70634.453    16.253    -3.86    4.82
 -70265.050    14.868    -3.75    5.46
 -69895.587    14.189    -1.84    5.91
 -69526.064    17.746     9.63   11.89
 -69156.481    25.157    20.05   17.49
 -68786.838    35.440    27.82   18.75
 -68417.134    45.693    27.73   12.64
 -68047.371    49.920    11.43    5.79
 -67677.547    50.882     2.60    4.63
 -67307.663    50.746    -0.37    4.64
 -66937.719    49.682    -2.88    4.68
 -66567.714    48.613    -2.89    5.56
 -66197.649    46.670    -5.25    5.20
 -65827.524    44.598    -5.60    4.46
 -65457.338    44.278    -0.86    4.34
 -65087.092    43.080    -3.24    5.26
 -64716.786    40.682    -6.47    6.47
 -64346.419    38.812    -5.05    7.75
 -63975.992    37.373    -3.88    7.29
 -63605.504    36.075    -3.50    5.80
 -63234.955    36.906     2.24    5.95
 -62864.346    37.799     2.41    5.65
 -62493.676    38.618     2.21    5.36
 -62122.946    39.490     2.35    4.10
 -61752.155    37.396    -5.65    4.68
 -61381.303    33.882    -9.48    7.12
 -61010.390    30.987    -7.80    6.73
 -60639.417    27.922    -8.26    5.98
 -60268.383    25.066    -7.70    4.67
 -59897.288    23.490    -4.25    4.51
 -59526.132    21.487    -5.40    3.60
 -59154.915    21.733     0.66    5.33
 -58783.638    26.062    11.66   10.20
 -58412.299    31.842    15.56   11.69
 -58040.900    39.683    21.11   10.40
 -57669.439    46.080    17.22    4.33
 -57297.917    46.240     0.43    5.15
 -56926.335    44.650    -4.28    6.71
 -56554.691    43.904    -2.01    6.06
 -56182.986    44.514     1.64    5.09
 -55811.220    45.957     3.88    4.32
 -55439.393    48.904     7.92    4.23
 -55067.504    50.167     3.40    4.95
 -54695.554    51.061     2.40    4.91
 -54323.543    51.759     1.88    5.17
 -53951.471    51.719    -0.11    4.58
 -53579.337    51.421    -0.80    5.07
 -53207.142    51.787     0.98    6.13
 -52834.885    51.632    -0.41    7.13
 -52462.567    51.093    -1.45    7.66
 -52090.188    50.615    -1.28    7.20
 -51717.747    51.102     1.31    6.34
 -51345.244    50.200    -2.42    5.62
 -50972.680    48.786    -3.79    5.45
 -50600.054    47.631    -3.10    6.15
 -50227.367    45.694    -5.20    6.55
 -49854.618    43.696    -5.36    5.39
 -49481.807    43.453    -0.65    5.74
 -49108.935    44.396     2.53    6.17
 -48736.001    47.575     8.53    5.76
 -48363.005    49.876     6.17    4.14
 -47989.947    48.902    -2.61    4.34
 -47616.827    48.215    -1.84    4.33
 -47243.646    46.448    -4.73    3.66
 -46870.402    45.681    -2.05    2.50
 -46497.097    46.214     1.43    2.55
 -46123.730    47.536     3.54    2.85
 -45750.300    48.477     2.52    2.58
 -45376.809    48.338    -0.37    2.63
 -45003.255    47.900    -1.17    2.73
 -44629.640    46.931    -2.60    2.93
 -44255.962    46.904    -0.07    4.96
 -43882.222    47.598     1.86    7.88
 -43508.420    48.246     1.74    9.16
 -43134.556    48.322     0.20    9.34
 -42760.630    47.379    -2.52    8.52
 -42386.641    43.552   -10.23    7.94
 -42012.590    41.246    -6.16    6.58
 -41638.476    40.052    -3.19    5.83
 -41264.300    39.316    -1.97    4.72
 -40890.062    40.924     4.30    5.36
 -40515.761    43.615     7.19    7.62
 -40141.398    45.246     4.36    8.89
 -39766.973    46.840     4.26    9.19
 -39392.484    49.404     6.85    7.75
 -39017.934    50.708     3.48    5.61
 -38643.320    51.562     2.28    4.28
 -38268.644    51.323    -0.64    4.21
 -37893.906    50.493    -2.22    3.32
 -37519.104    50.123    -0.99    2.76
 -37144.240    50.939     2.18    3.52
 -36769.313    51.506     1.51    3.50
 -36394.324    52.784     3.41    3.05
 -36019.271    55.188     6.41    6.01
 -35644.156    61.503    16.83   11.99
 -35268.977    67.360    15.61   12.73
 -34893.736    73.146    15.42   10.78
 -34518.432    76.827     9.81    7.61
 -34143.065    75.209    -4.31    7.15
 -33767.635    68.854   -16.93   10.74
 -33392.142    57.141   -31.19   16.04
 -33016.586    45.677   -30.53   14.28
 -32640.966    38.746   -18.45   10.25
 -32265.284    34.692   -10.79    4.09
 -31889.538    34.349    -0.91    2.85
 -31513.729    35.133     2.09    2.55
 -31137.857    35.392     0.69    2.97
 -30761.922    34.338    -2.80    3.62
 -30385.923    34.526     0.50    5.41
 -30009.861    35.733     3.21    7.30
 -29633.735    35.041    -1.84    7.99
 -29257.546    32.379    -7.08    8.55
 -28881.294    30.900    -3.93    8.76
 -28504.978    28.370    -6.72    9.10
 -28128.599    25.866    -6.65    9.72
 -27752.156    25.109    -2.01    9.91
 -27375.650    24.719    -1.03    9.62
 -26999.080    24.271    -1.19    9.70
 -26622.447    24.179    -0.25    9.44
 -26245.749    23.365    -2.16    8.74
 -25868.988    22.774    -1.57    8.22
 -25492.164    23.006     0.62    6.57
 -25115.275    24.733     4.58    5.86
 -24738.323    27.323     6.87    5.42
 -24361.307    31.102    10.02    5.19
 -23984.227    33.977     7.63    4.21
 -23607.083    34.733     2.00    4.45
 -23229.876    33.383    -3.58    5.61
 -22852.604    28.604   -12.67    6.53
 -22475.268    23.292   -14.08    7.45
 -22097.868    18.915   -11.60    7.70
 -21720.405    16.878    -5.40    6.96
 -21342.877    15.618    -3.34    7.25
 -20965.285    18.322     7.16    9.72
 -20587.629    22.834    11.95    9.84
 -20209.908    27.121    11.35    6.54
 -19832.124    28.177     2.79    4.42
 -19454.275    26.186    -5.27    5.33
 -19076.362    26.448     0.69    6.92
 -18698.385    28.554     5.57    7.18
 -18320.343    30.928     6.28    5.98
 -17942.237    31.006     0.21    5.89
 -17564.066    28.213    -7.39    5.82
 -17185.831    25.746    -6.52    4.35
 -16807.531    23.852    -5.01    2.40
 -16429.167    23.544    -0.81    1.85
 -16050.739    23.466    -0.20    2.20
 -15672.246    23.902     1.15    2.46
 -15293.688    24.719     2.16    2.31
 -14915.065    24.931     0.56    2.41
 -14536.378    23.600    -3.51    4.30
 -14157.626    20.884    -7.17    5.17
 -13778.810    17.977    -7.67    5.14
 -13399.928    15.038    -7.76    4.31
 -13020.982    11.746    -8.68    4.03
 -12641.971    10.618    -2.98    3.36
 -12262.895    10.936     0.84    3.48
 -11883.754    11.913     2.58    3.50
 -11504.548    13.105     3.14    2.42
 -11125.277    12.865    -0.63    2.39
 -10745.942    12.796    -0.18    2.74
 -10366.541    12.621    -0.46    2.53
  -9987.075    12.934     0.82    2.22
  -9607.543    13.960     2.70    1.74
  -9227.947    14.050     0.24    1.59
  -8848.286    13.759    -0.77    1.79
  -8468.559    13.169    -1.55    2.15
  -8093.576    11.913    -3.35    2.37
  -7726.325    11.182    -1.99    2.20
  -7359.013    11.010    -0.47    1.81
  -6991.641    11.253     0.66    1.61
  -6624.208    12.194     2.56    1.55
  -6256.715    12.681     1.33    1.27
  -5889.161    12.477    -0.56    1.44
  -5521.546    11.941    -1.46    1.93
  -5153.870    11.641    -0.82    2.22
  -4786.134    11.557    -0.23    2.23
  -4418.337    12.333     2.11    2.50
  -4050.479    12.609     0.75    2.44
  -3682.561    12.457    -0.41    2.20
  -3314.581    12.503     0.12    1.75
  -2946.541    11.111    -3.78    2.29
  -2578.439     9.772    -3.64    2.67
  -2210.277     8.349    -3.87    2.70
  -1842.054     7.746    -1.64    2.80
  -1473.770     7.057    -1.87    2.88
  -1105.424     7.771     1.94    3.56
   -737.018     7.044    -1.98    4.86
   -368.550     4.946    -5.69    5.51
     -0.022     1.911    -8.24    4.22
    368.568     0.058    -5.03    1.02
    737.219     1.061     2.72    3.06
   1105.931     3.594     6.87    4.80
   1474.705     5.895     6.24    4.54
   1843.540     7.121     3.32    3.43
   2212.436     7.895     2.10    2.24
   2581.393     7.101    -2.15    2.04
   2950.412     6.226    -2.37    2.08
   3319.493     5.331    -2.43    2.48
   3688.634     4.181    -3.12    2.62
   4057.837     2.862    -3.57    1.87
   4427.102     2.586    -0.75    2.16
   4796.428     3.971     3.75    3.38
   5165.816     5.506     4.16    3.19
   5535.266     6.468     2.60    3.10
   5904.777     7.175     1.91    2.34
   6274.350     6.552    -1.69    2.41
   6643.984     6.169    -1.03    2.69
   7013.680     5.823    -0.94    2.77
   7383.438     6.026     0.55    3.06
   7753.258     6.846     2.22    2.72
   8123.139     6.746    -0.27    2.38
   8493.083     6.784     0.10    2.04
   8863.088     6.694    -0.24    1.56
   9233.155     6.620    -0.20    1.66
   9603.285     6.516    -0.28    1.49
   9973.476     7.182     1.80    1.38
  10343.729     7.536     0.95    1.28
  10714.044     7.471    -0.17    1.35
  11084.421     7.233    -0.64    1.29
  11454.861     6.926    -0.83    1.16
  11825.362     6.461    -1.26    1.05
  12195.926     6.341    -0.32    0.90
  12566.552     6.234    -0.29    0.91
  12937.240     5.746    -1.31    1.04
  13307.990     5.260    -1.31    1.35
  13678.803     4.284    -2.63    1.48
  14049.678     3.207    -2.90    1.69
  14420.615     2.516    -1.86    1.52
  14791.615     2.259    -0.69    1.36
  15162.677     2.139    -0.32    1.24
  15533.802     2.318     0.48    1.26
  15904.989     1.443    -2.36    2.14
  16276.238     1.118    -0.87    2.65
  16647.551     1.034    -0.23    5.19
  17018.925     1.453     1.13    5.69
  17390.363     1.387    -0.18    5.83
  17761.863     0.464    -2.48    5.76
  18133.425    -1.292    -4.73    3.95
  18505.051    -2.096    -2.16    3.02
  18876.739    -2.051     0.12    2.91
  19248.490    -2.227    -0.47    3.00
  19620.304    -1.229     2.69    3.64
  19992.180     0.760     5.35    4.60
  20364.120     3.253     6.70    5.39
  20736.122     6.063     7.55    4.70
  21108.187     7.430     3.67    3.93
  21480.315     7.207    -0.60    3.96
  21852.507     5.596    -4.33    4.51
  22224.761     2.327    -8.78    6.09
  22597.078    -0.804    -8.41    6.42
  22969.459    -2.443    -4.40    5.57
  23341.902    -2.422     0.05    4.50
  23714.409    -1.134     3.46    4.58
  24086.979     0.096     3.30    3.70
  24459.612     1.084     2.65    3.57
  24832.309     1.425     0.92    4.00
  25205.068     0.584    -2.26    3.98
  25577.891    -0.779    -3.66    4.18
  25950.778    -2.520    -4.67    3.46
  26323.727    -3.267    -2.00    2.62
  26696.741    -3.281    -0.04    2.21
  27069.817    -2.303     2.62    2.35
  27442.957    -1.943     0.97    2.48
  27816.161    -1.016     2.48    2.63
  28189.428     0.220     3.31    2.60
  28562.759     1.303     2.90    2.09
  28936.153     2.038     1.97    1.70
  29309.611     1.784    -0.68    2.52
  29683.133     1.154    -1.69    2.92
  30056.719     0.746    -1.09    2.86
  30430.368     1.054     0.82    2.76
  30804.081     0.936    -0.32    2.59
  31177.858     1.310     1.00    2.44
  31551.698     1.834     1.40    1.98
  31925.603     2.296     1.24    2.18
  32299.571     3.336     2.78    2.91
  32673.604     5.552     5.92    4.42
  33047.700     7.049     4.00    4.57
  33421.860     8.310     3.37    3.53
  33796.085     8.567     0.69    3.02
  34170.373     8.884     0.85    3.07
  34544.726     9.528     1.72    2.62
  34919.143    11.041     4.04    3.11
  35293.624    12.186     3.06    2.81
  35668.169    11.196    -2.64    3.82
  36042.778     9.878    -3.52    4.39
  36417.452     7.721    -5.76    4.29
  36792.190     5.318    -6.41    3.50
  37166.992     5.964     1.73    4.44
  37541.859     8.733     7.39    6.11
  37916.790    11.934     8.54    6.42
  38291.786    15.449     9.37    5.67
  38666.846    18.934     9.29    4.91
  39041.970    20.665     4.62    4.68
  39417.159    19.658    -2.69    5.20
  39792.413    17.746    -5.09    5.96
  40167.731    15.496    -6.00    5.96
  40543.114    14.032    -3.90    4.14
  40918.562    15.409     3.67    4.49
  41294.074    17.617     5.88    5.24
  41669.651    19.214     4.25    5.48
  42045.293    19.671     1.22    4.84
  42421.000    19.271    -1.06    4.41
  42796.772    18.405    -2.31    4.70
  43172.608    17.657    -1.99    4.27
  43548.509    17.209    -1.19    3.77
  43924.476    17.214     0.01    3.46
  44300.507    19.521     6.14    4.89
  44676.603    20.594     2.85    5.10
  45052.765    23.084     6.62    6.77
  45428.991    24.523     3.82    7.07
  45805.283    23.534    -2.63    6.94
  46181.639    23.973     1.17    5.65
  46558.061    24.496     1.39    4.73
  46934.548    25.422     2.46    5.50
  47311.101    27.889     6.55    6.14
  47687.718    31.115     8.56    4.71
  48064.401    32.721     4.27    3.63
  48441.150    34.457     4.61    3.39
  48817.964    35.234     2.06    3.33
  49194.843    35.669     1.16    3.06
  49571.787    35.721     0.14    3.43
  49948.798    35.524    -0.52    2.99
  50325.873    36.234     1.88    2.81
  50703.015    36.400     0.44    2.57
  51080.221    36.993     1.57    1.90
  51457.494    36.759    -0.62    1.57
  51834.832    36.474    -0.76    1.74
  52212.236    37.278     2.13    2.26
  52589.706    38.084     2.14    2.22
  52967.241    39.672     4.21    2.27
  53344.842    39.706     0.09    2.42
  53722.509    39.009    -1.85    2.77
  54100.242    38.152    -2.27    3.68
  54478.041    38.327     0.46    4.57
  54855.906    37.329    -2.64    5.23
  55233.836    36.924    -1.07    4.99
  55611.833    36.426    -1.32    4.70
  55989.896    36.594     0.45    4.60
  56368.025    39.266     7.07    4.92
  56746.220    40.887     4.29    4.01
  57124.481    42.771     4.98    3.17
  57502.808    44.088     3.48    2.75
  57881.202    43.296    -2.09    2.97
  58259.662    42.404    -2.36    2.48
  58638.188    41.696    -1.87    1.65
  59016.780    41.098    -1.58    1.51
  59395.439    40.339    -2.00    1.92
  59774.164    40.260    -0.21    2.11
  60152.956    40.459     0.53    1.87
  60531.814    40.917     1.21    2.02
  60910.739    41.696     2.06    1.93
  61289.730    41.435    -0.69    2.79
  61668.788    41.392    -0.11    3.03
  62047.912    41.309    -0.22    3.29
  62427.103    40.709    -1.58    2.85
  62806.361    42.059     3.56    2.78
  63185.685    42.759     1.85    2.64
  63565.076    43.596     2.21    1.77
  63944.534    43.909     0.82    2.04
  64324.059    43.117    -2.09    2.46
  64703.651    42.167    -2.50    2.59
  65083.309    41.396    -2.03    2.32
  65463.035    40.931    -1.23    1.74
  65842.827    40.234    -1.83    1.45
  66222.687    40.503     0.71    1.71
  66601.109    41.129     1.66    1.91
  66968.166    41.895     2.09    1.88
  67335.285    42.659     2.08    2.01
  67702.466    42.682     0.06    1.92
  68069.709    42.371    -0.85    2.03
  68437.014    43.006     1.73    2.50
  68804.381    44.021     2.76    3.01
  69171.810    44.974     2.59    2.54
  69539.302    44.873    -0.28    2.44
  69906.856    44.573    -0.82    2.47
  70274.472    43.996    -1.57    2.43
  70642.150    43.720    -0.75    2.14
  71009.891    42.984    -2.00    2.37
  71377.695    42.983    -0.00    2.24
  71745.560    42.875    -0.30    2.17
  72113.488    43.040     0.45    3.05
  72481.479    43.067     0.08    3.30
  72849.532    42.840    -0.62    3.69
  73217.648    42.346    -1.34    3.26
  73585.826    42.118    -0.62    2.59
  73954.067    43.117     2.71    2.56
  74322.370    44.157     2.82    2.46
  74690.736    45.134     2.65    2.14
  75059.165    45.272     0.37    2.09
  75427.657    44.371    -2.44    2.64
  75796.211    43.285    -2.95    2.65
  76164.828    41.833    -3.94    2.20
  76533.508    41.012    -2.23    1.94
  76902.251    40.531    -1.30    1.61
  77271.057    40.396    -0.37    1.54
  77639.925    40.823     1.16    1.82
  78008.857    40.584    -0.65    2.45
  78377.852    39.882    -1.90    2.90
  78746.909    39.796    -0.23    2.96
  79116.030    40.101     0.82    2.92
  79485.214    40.434     0.90    2.81
  79854.461    41.054     1.68    2.05
  80223.771    40.981    -0.20    1.91
  80593.144    40.388    -1.60    1.42
  80962.581    40.196    -0.52    0.98
  81332.081    40.354     0.43    1.23
  81701.644    40.296    -0.16    1.20
  82071.270    40.392     0.26    1.20
  82440.960    40.484     0.25    1.38
  82810.713    40.240    -0.66    1.45
  83180.530    40.228    -0.03    1.66
  83550.410    40.443     0.58    1.90
  83920.353    40.221    -0.60    1.99
  84290.360    40.067    -0.42    2.18
  84660.431    39.296    -2.08    2.51
  85030.565    38.455    -2.27    4.05
  85400.763    38.446    -0.02    4.27
  85771.024    39.149     1.90    4.44
  86141.349    42.009     7.72    5.28
  86511.738    44.318     6.23    4.81
  86882.191    47.240     7.89    4.72
  87252.707    50.240     8.10    3.64
  87623.287    50.820     1.56    3.04
  87993.931    51.175     0.96    2.54
  88364.639    49.721    -3.92    3.22
  88735.411    48.799    -2.49    2.64
  89106.247    48.071    -1.96    2.43
  89477.147    48.798     1.96    3.03
  89848.111    49.417     1.67    3.00
  90219.139    50.214     2.15    3.26
  90590.230    51.646     3.86    3.46
  90961.387    52.413     2.07    3.17
  91332.607    51.421    -2.67    5.73
  91703.891    48.668    -7.42    7.55
  92075.240    46.368    -6.19    7.89
  92446.653    45.338    -2.77    7.92
  92818.130    46.121     2.11    7.40
  93189.671    47.865     4.69    6.45
  93561.277    50.376     6.76    5.47
  93932.947    52.097     4.63    2.45
  94304.682    51.588    -1.37    2.68
  94676.481    51.500    -0.24    2.71
  95048.345    51.646     0.39    2.68
  95420.273    52.093     1.20    2.76
  95792.265    52.265     0.46    2.59
  96164.323    52.379     0.31    2.49
  96536.445    52.646     0.72    3.61
  96908.631    53.318     1.80    4.07
  97280.882    52.685    -1.70    4.15
  97653.198    50.105    -6.93    4.30
  98025.579    46.011   -10.99    6.50
  98398.024    41.349   -12.52    6.87
  98770.535    37.521   -10.28    5.01
  99143.110    35.123    -6.44    2.70
  99515.750    34.462    -1.77    1.94
  99888.455    33.594    -2.33    2.56
 100261.225    32.611    -2.64    2.89
 100634.060    32.215    -1.06    2.66
 101006.960    32.084    -0.35    2.29
 101379.925    31.946    -0.37    1.91
 101752.955    31.808    -0.37    2.11
 102126.051    31.987     0.48    2.12
 102499.211    31.709    -0.74    2.13
 102872.437    31.202    -1.36    1.99
 103245.728    30.959    -0.65    2.16
 103619.084    30.196    -2.04    3.42
 103992.505    30.277     0.22    3.60
 104365.992    30.327     0.13    3.42
 104739.544    30.129    -0.53    2.88
 105113.162    30.003    -0.34    2.51
 105486.845    30.101     0.26    2.53
 105860.593    29.882    -0.59    2.92
 106234.408    29.870    -0.03    3.61
 106608.287    30.228     0.96    3.59
 106982.232    31.278     2.81    2.94
 107356.243    31.471     0.52    2.84
 107730.320    30.871    -1.60    2.95
 108104.462    30.277    -1.59    2.76
 108478.669    29.898    -1.01    2.48
 108852.943    29.376    -1.40    2.45
 109227.282    28.987    -1.04    2.73
 109601.688    29.696     1.90    3.34
 109976.159    31.683     5.31    3.45
 110350.696    33.845     5.77    2.58
 110725.299    33.911     0.18    2.32
 111099.968    33.334    -1.54    2.20
 111474.702    33.520     0.50    1.87
 111849.503    33.893     1.00    1.93
 112224.370    33.759    -0.36    2.19
 112599.303    33.487    -0.73    3.09
 112974.303    33.233    -0.68    3.47
 113349.368    33.381     0.39    3.05
 113724.500    34.057     1.80    2.43
 114099.697    33.907    -0.40    2.53
 114474.962    33.136    -2.05    2.76
 114850.292    33.222     0.23    2.67
 115225.689    31.928    -3.45    3.02
 115601.152    29.346    -6.88    4.31
 115976.682    25.797    -9.45    5.15
 116352.278    24.092    -4.54    3.75
 116727.940    24.096     0.01    3.17
 117103.669    24.921     2.20    3.17
 117479.465    26.554     4.35    2.11
 117855.327    27.635     2.88    1.15
 118231.256    27.870     0.62    1.11
 118607.252    27.709    -0.43    1.37
 118983.314    26.971    -1.96    1.87
 119359.443    26.054    -2.44    1.87
 119735.639    25.104    -2.52    1.17
 120111.902    24.392    -1.89    1.07
 120488.231    23.554    -2.23    1.24
 120864.627    23.109    -1.18    1.25
 121241.091    22.609    -1.33    1.45
 121617.621    22.694     0.23    1.50
 121994.218    23.277     1.55    1.42
 122370.882    23.375     0.26    1.07
 122747.614    23.450     0.20    0.75
 123124.412    23.812     0.96    0.79
 123501.278    24.351     1.43    0.94
 123878.210    24.939     1.56    0.79
 124255.210    25.433     1.31    0.66
 124632.277    25.987     1.47    0.85
 125009.412    26.228     0.64    0.94
 125386.614    25.971    -0.68    1.12
 125763.883    25.709    -0.69    1.17
 126141.219    25.191    -1.37    1.02
 126518.623    24.856    -0.89    0.85
 126896.094    25.271     1.10    1.53
 127273.633    25.607     0.89    1.59
 127651.240    25.314    -0.78    1.94
 128028.914    25.291    -0.06    2.06
 128406.655    25.795     1.33    3.47
 128784.465    27.759     5.20    5.48
 129162.342    31.684    10.39    5.90
 129540.286    34.852     8.38    4.00
 129918.299    34.870     0.05    2.80
 130296.379    34.435    -1.15    2.27
 130674.527    32.978    -3.85    3.41
 131052.743    30.631    -6.21    4.13
 131431.026    29.512    -2.96    3.91
 131809.378    29.405    -0.28    4.08
 132187.798    30.527     2.97    3.80
 132566.285    32.359     4.84    3.18
 132944.841    34.063     4.50    3.32
 133323.465    34.833     2.03    3.35
 133702.157    35.234     1.06    3.30
 134080.917    35.893     1.74    2.82
 134459.745    36.364     1.24    2.69
 134838.642    36.121    -0.64    2.57
 135217.606    35.759    -0.96    2.58
 135596.640    34.907    -2.25    2.37
 135975.741    34.028    -2.32    2.47
 136354.911    32.100    -5.09    4.49
 136734.149    30.865    -3.26    4.59
 137113.456    28.882    -5.23    5.25
 137492.831    29.354     1.24    5.95
 137872.274    30.673     3.48    5.80
 138251.787    32.621     5.13    5.93
 138631.367    34.946     6.13    5.27
 139011.017    35.895     2.50    5.19
 139390.735    36.546     1.72    4.28
 139770.522    36.421    -0.33    3.27
 140150.378    35.537    -2.33    3.02
 140530.302    34.159    -3.63    2.50
 140910.295    33.058    -2.90    2.71
 141290.357    32.191    -2.28    2.38
 141659.307    31.318    -2.37    1.68
 142026.229    31.600     0.77    1.78
 142393.214    32.041     1.20    1.72
 142760.263    33.191     3.13    2.53
 143127.375    35.050     5.07    3.82
 143494.551    35.903     2.32    3.81
 143861.791    36.351     1.22    3.39
 144229.095    35.459    -2.43    2.80
 144596.462    34.334    -3.06    2.26
 144963.893    34.320    -0.04    2.48
 145331.389    34.588     0.73    2.34
 145698.948    35.067     1.30    2.19
 146066.571    35.396     0.90    2.97
 146434.258    36.240     2.30    3.29
 146802.009    36.929     1.87    3.78
 147169.824    36.634    -0.80    4.30
 147537.703    36.006    -1.71    4.49
 147905.646    35.426    -1.58    3.94
 148273.653    35.722     0.80    3.40
 148641.725    36.578     2.33    2.86
 149009.860    38.173     4.33    2.22
 149378.060    39.483     3.56    1.45
 149746.325    40.612     3.07    1.30
 150114.653    41.273     1.79    1.06
 150483.046    41.464     0.52    1.18
 150851.503    41.391    -0.20    1.34
 151220.025    41.076    -0.86    1.28
 151588.611    40.720    -0.96    1.10
 151957.262    40.139    -1.58    1.16
 152325.977    39.552    -1.59    1.31
 152694.756    39.030    -1.41    1.34
 153063.601    38.554    -1.29    0.87
 153432.510    38.462    -0.25    0.60
 153801.483    38.519     0.15    0.48
 154170.521    38.469    -0.13    0.53
 154539.624    38.425    -0.12    0.54
 154908.792    38.709     0.77    0.91
 155278.024    39.117     1.10    1.11
 155647.321    39.783     1.80    1.04
 156016.684    40.173     1.06    0.99
 156386.111    40.234     0.17    0.88
 156755.602    40.191    -0.12    0.88
 157125.159    40.173    -0.05    0.93
 157494.781    40.203     0.08    1.05
 157864.468    39.917    -0.77    1.23
 158234.220    39.659    -0.70    1.55
 158604.037    38.971    -1.86    1.81
 158973.919    38.710    -0.71    1.63
 159343.867    38.496    -0.58    1.35
 159713.879    38.795     0.81    1.38
 160083.957    39.271     1.29    1.40
 160454.100    40.332     2.87    1.58
 160824.308    41.683     3.65    2.16
 161194.582    42.855     3.16    1.92
 161564.921    43.421     1.53    1.67
 161935.326    43.574     0.41    1.60
 162305.796    43.598     0.07    1.79
 162676.331    43.393    -0.55    1.97
 163046.932    43.271    -0.33    2.01
 163417.598    42.462    -2.18    2.15
 163788.330    41.632    -2.24    1.54
 164159.128    41.449    -0.50    1.30
 164529.991    41.567     0.32    1.16
 164900.920    41.832     0.71    1.14
 165271.915    42.273     1.19    0.99
 165642.975    42.649     1.01    1.12
 166014.102    43.396     2.01    1.73
 166385.294    44.417     2.75    1.75
 166756.552    45.483     2.87    1.25
 167127.875    46.027     1.46    1.27
 167499.265    46.240     0.57    1.92
 167870.721    46.627     1.04    2.11
 168242.243    47.136     1.37    2.19
 168613.830    47.466     0.89    1.91
 168985.484    47.967     1.35    1.75
 169357.204    49.182     3.27    2.50
 169728.990    50.383     3.23    2.15
 170100.843    51.234     2.29    2.07
 170472.761    52.426     3.20    1.33
 170844.746    52.588     0.44    1.30
 171216.797    52.541    -0.13    1.31
 171588.914    52.673     0.35    1.37
 171961.098    52.904     0.62    1.29
 172333.348    52.405    -1.34    1.79
 172705.665    51.554    -2.29    2.26
 173078.048    49.942    -4.33    2.60
 173450.497    48.477    -3.93    1.67
 173823.013    49.023     1.47    2.67
 174195.596    49.772     2.01    3.03
 174568.245    50.699     2.49    2.50
 174940.961    51.448     2.01    1.41
 175313.743    51.576     0.34    1.19
 175686.593    51.448    -0.34    1.15
 176059.509    51.676     0.61    1.20
 176432.491    51.889     0.57    1.19
 176805.541    51.429    -1.23    2.14
 177178.657    50.323    -2.96    3.23
 177551.841    50.228    -0.25    3.62
 177925.091    49.642    -1.57    3.45
 178298.408    50.539     2.40    3.66
 178671.792    52.062     4.08    2.06
 179045.244    51.502    -1.50    2.34
 179418.762    50.567    -2.51    2.86
 179792.348    48.782    -4.78    2.79
 180166.000    47.936    -2.26    2.57
 180539.720    47.635    -0.81    2.44
 180913.507    47.443    -0.52    2.20
 181287.361    48.401     2.56    2.47
 181661.283    48.209    -0.51    2.41
 182035.272    48.154    -0.15    2.50
 182409.328    48.092    -0.17    2.67
 182783.452    48.217     0.33    2.56
 183157.643    49.129     2.44    2.68
 183531.901    49.623     1.32    2.51
 183906.227    49.978     0.95    2.46
 184280.621    49.984     0.02    2.44
 184655.082    50.537     1.47    2.24
 185029.611    51.043     1.35    1.58
 185404.208    50.907    -0.36    1.71
 185778.872    51.051     0.39    1.58
 186153.604    50.759    -0.78    1.26
 186528.403    50.951     0.51    1.32
 186903.271    50.978     0.07    1.82
 187278.206    51.612     1.69    2.41
 187653.209    51.783     0.46    2.83
 188028.281    51.405    -1.01    3.34
 188403.420    50.623    -2.08    3.85
 188778.627    50.660     0.10    3.88
 189153.902    51.457     2.12    4.12
 189529.245    53.166     4.55    3.74
 189904.656    54.277     2.96    2.84
 190280.136    55.173     2.39    1.92
 190655.683    55.199     0.07    1.49
 191031.299    55.096    -0.27    1.47
 191406.983    54.882    -0.57    1.53
 191782.735    54.354    -1.41    1.55
 192158.556    54.080    -0.73    1.64
 192534.445    53.746    -0.89    1.65
 192910.402    53.722    -0.06    1.58
 193286.428    54.023     0.80    1.57
 193662.523    54.055     0.09    1.57
 194038.685    54.105     0.13    1.51
 194414.917    54.161     0.15    1.43
 194791.217    54.396     0.62    1.22
 195167.585    54.576     0.48    1.86
 195544.022    53.990    -1.56    2.57
 195920.528    53.758    -0.62    2.74
 196297.103    53.228    -1.41    2.63
 196673.746    53.327     0.26    2.41
 197050.459    53.934     1.61    2.05
 197427.240    54.072     0.37    1.79
 197804.090    54.722     1.73    1.62
 198181.009    54.999     0.74    1.32
 198557.997    55.161     0.43    1.14
 198935.053    55.515     0.94    0.84
 199312.179    55.963     1.19    1.22
 199689.374    56.554     1.57    1.38
 200066.638    56.782     0.61    1.35
 200443.972    57.012     0.61    1.47
 200821.374    56.903    -0.29    1.48
 201198.846    57.025     0.32    1.52
 201576.387    57.056     0.08    1.63
 201953.997    56.911    -0.38    1.82
 202331.676    56.493    -1.11    2.23
 202709.425    56.227    -0.71    2.32
 203087.244    56.018    -0.55    2.17
 203465.132    56.169     0.40    2.04
 203843.089    56.627     1.21    2.03
 204221.116    57.084     1.21    1.75
 204599.212    57.277     0.51    1.75
 204977.378    56.784    -1.30    2.39
 205355.614    56.044    -1.96    2.59
 205733.919    55.966    -0.21    2.67
 206112.294    56.592     1.65    3.11
 206490.739    57.478     2.34    2.77
 206869.254    58.112     1.68    2.11
 207247.838    58.590     1.26    1.64
 207626.493    58.759     0.45    1.74
 208005.217    59.032     0.72    1.40
 208384.011    59.409     0.99    1.19
 208762.875    60.067     1.74    1.46
 209141.810    60.771     1.86    1.89
 209520.814    61.476     1.86    1.93
 209899.889    62.131     1.73    2.04
 210279.033    62.493     0.96    2.13
 210658.248    63.067     1.51    1.90
 211037.533    63.170     0.27    1.64
 211416.888    63.327     0.41    1.75
 211796.314    63.381     0.14    1.88
 212175.810    63.855     1.25    2.34
 212555.376    65.185     3.51    3.54
 212935.013    66.942     4.63    4.16
 213314.720    68.915     5.20    3.99
 213694.498    71.060     5.65    2.85
 214074.346    72.018     2.52    1.91
 214454.265    71.863    -0.41    2.13
 214834.254    71.104    -2.00    2.57
 215214.314    70.698    -1.07    2.45
 215594.445    70.169    -1.39    2.25
 215974.647    71.629     3.84    2.85
 216347.290    72.118     1.31    2.88
 216714.008    69.580    -6.92    5.51
 217080.792    67.906    -4.56    6.16
 217447.640    65.276    -7.17    5.51
