# NaN NaN NaN ;Mean Elev.(m), Avg Gradient(m/km), RMS Gradient(m/km) - SRTM1     
#   16.265  -0.547   3.492 ;Mean Elev.(m), Avg Gradient(m/km), RMS Gradient(m/km) - ASTER GDEM
#   26.672  -0.462   3.077 ;Mean Elev.(m), Avg Gradient(m/km), RMS Gradient(m/km) - GMTED2010 
  7    29.093 52460.26450856 36.62  70.621286  61.260745 33.872
  7    28.943 52460.26450921 38.90  70.618936  61.257595 33.872
 12    23.754 52635.26448849 18.92  70.622546  61.260290  4.571
 12    23.738 52635.26448913 18.18  70.620186  61.257140  4.571
 13    25.173 52670.26449523 13.20  70.622850  61.272349  4.044
 13    23.812 52670.26449588 14.25  70.620500  61.269199  4.044
 13    22.954 52670.26449781 15.15  70.613440  61.259729  4.044
 13    22.664 52670.26449846 15.33  70.611080  61.256569  4.044
 14    24.805 52705.26448775 11.91  70.626705  61.259519  2.806
 14    24.941 52705.26448840 11.40  70.624355  61.256359  2.806
 15    23.008 52740.26452051 10.78  70.620590  61.273331  7.023
 15    22.015 52740.26452116  9.70  70.618230  61.270181  7.023
 15    22.009 52740.26452180  7.51  70.615880  61.267021  7.023
 15    21.850 52740.26452245  6.21  70.613530  61.263861  7.023
 15    21.610 52740.26452309  6.94  70.611170  61.260711  7.023
 15    27.588 52740.26452374  1.75  70.608820  61.257551  7.023
 16    27.298 52775.26446755 43.08  70.618986  61.273260 40.796
 16    27.293 52775.26446820 41.60  70.616626  61.270100 40.796
 16    27.287 52775.26446884 41.11  70.614276  61.266940 40.796
 16    27.271 52775.26446949 39.15  70.611926  61.263790 40.796
 16    27.268 52775.26447013 43.28  70.609576  61.260630 40.796
 16    27.278 52775.26447078 50.18  70.607216  61.257470 40.796
 17    28.140 52810.26454431 27.95  70.623591  61.260400 34.349
 17    28.314 52810.26454496 26.08  70.621231  61.257250 34.349
 18    27.656 52845.26460061 24.21  70.624156  61.258959 32.193
 18    27.884 52845.26460126 34.24  70.621796  61.255809 32.193
 19    22.277 52880.26463786 35.42  70.617286  61.261794 25.108
 19    22.278 52880.26463851 41.97  70.614936  61.258634 25.108
 19    22.245 52880.26463915 33.09  70.612576  61.255474 25.108
 20    26.253 52915.26459304 21.79  70.622778  61.274161 26.058
 20    24.420 52915.26459369 17.84  70.620418  61.271001 26.058
 20    24.607 52915.26459433 21.06  70.618068  61.267841 26.058
 20    21.409 52915.26459562 31.27  70.613358  61.261531 26.058
 20    21.336 52915.26459627 33.93  70.611008  61.258371 26.058
 22    21.728 52985.26457902 16.74  70.625075  61.259967  4.397
 22    21.708 52985.26457967 17.07  70.622725  61.256807  4.397
 23    26.136 53020.26456716 12.12  70.623619  61.274083  4.033
 23    25.177 53020.26456780 12.95  70.621269  61.270933  4.033
 23    24.346 53020.26456845 13.55  70.618919  61.267773  4.033
 23    21.578 53020.26456974 19.95  70.614209  61.261463  4.033
 23    21.587 53020.26457038 18.13  70.611859  61.258303  4.033
 25    26.033 53090.26459350 10.95  70.604872  61.267211  2.327
 25    25.176 53090.26459414 10.90  70.602512  61.264051  2.327
 25    26.161 53090.26459479 10.52  70.600162  61.260891  2.327
 25    25.860 53090.26459543  9.74  70.597812  61.257741  2.327
 26    22.084 53125.26456428 22.90  70.626388  61.260573  9.357
 26    22.005 53125.26456493 23.69  70.624028  61.257413  9.357
 27    27.491 53160.26462228 30.54  70.624365  61.275564 30.089
 27    27.347 53160.26462292 26.48  70.622015  61.272404 30.089
 27    27.510 53160.26462356 26.20  70.619655  61.269254 30.089
 27    27.661 53160.26462421 25.39  70.617305  61.266094 30.089
 27    27.032 53160.26462550 21.91  70.612595  61.259784 30.089
 27    26.993 53160.26462614 21.71  70.610235  61.256624 30.089
 28    27.575 53195.26462194 24.75  70.618807  61.259514 35.358
 28    27.238 53195.26462259 24.52  70.616447  61.256354 35.358
 29    23.285 53230.26460938 45.11  70.619595  61.260387 32.003
 29    23.238 53230.26461003 44.29  70.617235  61.257227 32.003
 30    22.233 53265.26457944 25.10  70.606166  61.266469 20.009
 30    22.316 53265.26458009 29.50  70.603816  61.263309 20.009
 30    22.341 53265.26458073 34.36  70.601466  61.260159 20.009
 30    22.426 53265.26458137 43.89  70.599116  61.256999 20.009
 31    22.779 53300.26462487 51.06  70.623082  61.272586 26.028
 31    22.863 53300.26462552 49.86  70.620732  61.269436 26.028
 31    22.737 53300.26462745 48.38  70.613662  61.259966 26.028
 31    22.839 53300.26462809 51.66  70.611312  61.256806 26.028
 32    23.836 53335.26459636 23.81  70.622803  61.270373  8.469
 32    23.779 53335.26459829 31.02  70.615743  61.260903  8.469
 32    23.609 53335.26459893 31.88  70.613393  61.257743  8.469
 33    24.692 53370.26453563 17.37  70.613959  61.270136  4.548
 33    24.497 53370.26453627 17.11  70.611609  61.266976  4.548
 33    24.101 53370.26453692 19.00  70.609259  61.263816  4.548
 33    23.530 53370.26453756 19.50  70.606909  61.260666  4.548
 33    23.218 53370.26453821 20.90  70.604549  61.257506  4.548
 35    24.399 53440.26455591 12.34  70.615627  61.271949  3.096
 35    24.391 53440.26455655 13.25  70.613277  61.268789  3.096
 35    23.922 53440.26455719 13.20  70.610917  61.265629  3.096
 35    22.465 53440.26455784 14.05  70.608567  61.262479  3.096
 35    23.342 53440.26455848 13.48  70.606217  61.259319  3.096
 35    23.737 53440.26455913 13.65  70.603864  61.256160  2.603
 36    24.654 53475.26462174 14.08  70.616704  61.259505  4.595
 36    24.166 53475.26462239 13.39  70.614350  61.256352 13.648
 37    27.192 53510.26463759 27.82  70.616597  61.259107 39.153
 37    26.786 53510.26463824 29.01  70.614244  61.255950 45.420
 38    27.543 53545.26465175 28.26  70.618557  61.272438 39.224
 38    27.222 53545.26465239 24.93  70.616207  61.269278 39.224
 38    27.078 53545.26465304 24.88  70.613847  61.266128 39.224
 38    27.068 53545.26465368 20.52  70.611497  61.262968 39.224
 38    26.809 53545.26465433 20.78  70.609147  61.259808 39.224
 38    27.122 53545.26465497 20.17  70.606793  61.256651 43.678
 40    21.927 53615.26458414 32.60  70.607047  61.266350 22.381
 40    21.991 53615.26458478 35.70  70.604697  61.263200 22.381
 40    22.092 53615.26458543 36.04  70.602347  61.260040 22.381
 40    22.127 53615.26458607 37.07  70.599993  61.256880 28.592
 41    22.120 53650.26459556 31.75  70.622984  61.259068 29.931
 41    22.529 53650.26459620 25.96  70.620624  61.255908 29.931
 42    21.305 53685.26460298 38.52  70.620954  61.274620 17.037
 42    21.169 53685.26460362 39.30  70.618594  61.271460 17.037
 42    21.238 53685.26460427 38.50  70.616244  61.268300 17.037
 42    21.071 53685.26460491 37.94  70.613894  61.265150 17.037
 42    21.159 53685.26460556 37.26  70.611534  61.261990 17.037
 42    21.132 53685.26460620 36.38  70.609184  61.258830 17.037
 42    21.152 53685.26460685 46.32  70.606830  61.255675 12.305
 43    25.399 53720.26452940 16.94  70.620030  61.274287  4.649
 43    23.078 53720.26453004 17.89  70.617680  61.271127  4.649
 43    23.697 53720.26453069 18.51  70.615330  61.267967  4.649
 43    22.832 53720.26453133 18.55  70.612970  61.264817  4.649
 43    22.934 53720.26453198 18.15  70.610620  61.261657  4.649
 43    23.044 53720.26453262 19.43  70.608270  61.258497  4.649
 45    24.449 53790.26448607  9.55  70.618916  61.260939  2.515
 45    23.503 53790.26448671  9.23  70.616566  61.257779  2.515
 47    21.873 53860.26453635 24.59  70.617571  61.259376  9.031
 47    21.842 53860.26453699 24.50  70.615221  61.256216  9.031
 49    27.469 53930.26460576 32.58  70.614068  61.270958 40.408
 49    27.223 53930.26460641 30.49  70.611718  61.267798 40.408
 49    27.167 53930.26460705 31.15  70.609358  61.264648 40.408
 49    27.087 53930.26460770 31.36  70.607008  61.261488 40.408
 49    26.935 53930.26460834 29.25  70.604658  61.258328 40.408
 50    26.335 53965.26458416 23.20  70.612823  61.270234 26.750
 50    23.426 53965.26458481 28.07  70.610463  61.267074 26.750
 50    23.741 53965.26458545 21.06  70.608113  61.263914 26.750
 50    23.629 53965.26458609 20.73  70.605763  61.260764 26.750
 50    23.618 53965.26458674 23.64  70.603403  61.257604 26.750
 52    25.052 54035.26458590 38.57  70.624119  61.260692 21.673
 52    21.744 54035.26458655 45.90  70.621769  61.257532 21.673
 53    24.769 54070.26458083 28.23  70.615983  61.258565 11.034
 53    24.716 54070.26458148 29.27  70.613633  61.255405 11.034
 54    24.762 54105.26453351 11.66  70.608779  61.266903  2.706
 54    24.556 54105.26453416 11.97  70.606429  61.263743  2.706
 54    24.384 54105.26453480 11.52  70.604069  61.260593  2.706
 54    24.460 54105.26453545 11.23  70.601719  61.257433  2.706
 55    26.541 54140.26451237 12.44  70.621148  61.258877  2.078
 55    26.257 54140.26451302 12.75  70.618788  61.255717  2.078
 56    27.029 54175.26451225 11.88  70.618675  61.272728  2.079
 56    26.724 54175.26451290 11.62  70.616325  61.269568  2.079
 56    26.956 54175.26451354 12.18  70.613975  61.266413  2.021
 56    26.543 54175.26451419 12.39  70.611615  61.263253  2.021
 56    26.560 54175.26451483 12.11  70.609265  61.260103  2.021
 56    26.735 54175.26451548 11.58  70.606915  61.256943  2.021
 57    24.884 54210.26451861 34.12  70.621034  61.261027 25.768
 57    22.837 54210.26451925 35.72  70.618684  61.257877 25.768
 58    27.933 54245.26454919 25.40  70.617770  61.259863 33.355
 58    28.369 54245.26454983 30.69  70.615420  61.256713 33.355
 59    29.152 54280.26456045 28.59  70.618018  61.260749  4.772
 59    28.844 54280.26456109 27.05  70.615668  61.257599  4.772
 60    28.493 54315.26455973 28.81  70.616768  61.261169 17.486
 60    28.412 54315.26456037 27.20  70.614408  61.258019 17.486
 61    26.048 54350.26452575 26.31  70.619432  61.274236 22.985
 61    24.454 54350.26452639 26.27  70.617082  61.271076 22.985
 61    24.794 54350.26452704 27.02  70.614722  61.267916 22.985
 61    25.432 54350.26452768 22.89  70.612370  61.264758 18.488
 61    25.225 54350.26452833 21.34  70.610020  61.261598 18.488
 61    26.895 54350.26452897 20.42  70.607670  61.258448 18.488
 62    25.082 54385.26449827 38.57  70.622187  61.260804 21.548
 62    27.224 54385.26449892 23.65  70.619837  61.257644 21.548
 63    22.902 54420.26447584 37.63  70.619171  61.272749 14.446
 63    23.065 54420.26447649 38.49  70.616812  61.269594 19.964
 63    23.036 54420.26447713 40.42  70.614462  61.266434 19.964
 63    22.977 54420.26447778 38.97  70.612102  61.263284 19.964
 63    22.849 54420.26447842 37.29  70.609752  61.260124 19.964
 63    22.851 54420.26447907 36.07  70.607402  61.256964 19.964
 65    26.261 54490.26447585 14.29  70.624277  61.273887  5.162
 65    25.529 54490.26447650 14.56  70.621917  61.270737  5.162
 65    25.054 54490.26447714 14.93  70.619567  61.267577  5.162
 65    24.514 54490.26447843 14.80  70.614854  61.261263  2.425
 65    23.545 54490.26447908 16.16  70.612504  61.258103  2.425
 66    24.748 54525.26448315 11.52  70.623292  61.260464  3.139
 66    25.136 54525.26448379 10.61  70.620942  61.257304  3.139
 67    21.613 54560.26448517 15.29  70.618428  61.271846  5.888
 67    21.508 54560.26448582 15.46  70.616078  61.268686  5.888
 67    21.527 54560.26448646 14.77  70.613728  61.265526  5.888
 67    21.440 54560.26448711 14.91  70.611368  61.262376  5.888
 67    21.495 54560.26448775 14.51  70.609018  61.259216  5.888
 67    21.550 54560.26448840 13.57  70.606668  61.256056  5.888
 68    25.393 54595.26447882 44.08  70.617656  61.261533 34.060
 68    25.237 54595.26447946 36.69  70.615306  61.258383 34.060
 68    25.396 54595.26448011 36.89  70.612956  61.255223 34.060
 69    28.020 54630.26449359 33.44  70.614704  61.259129 37.681
 69    28.305 54630.26449424 32.44  70.612354  61.255969 37.681
 70    26.886 54665.26449780 31.49  70.623104  61.270692 24.539
 70    26.977 54665.26449973 23.61  70.616034  61.261222 24.539
 70    26.655 54665.26450038 23.29  70.613684  61.258072 24.539
 71    22.829 54700.26446786 45.29  70.618360  61.271908 28.329
 71    22.775 54700.26446850 40.35  70.616010  61.268758 28.329
 71    22.706 54700.26446915 38.18  70.613650  61.265598 28.329
 71    22.697 54700.26446979 48.00  70.611300  61.262438 28.329
 71    22.731 54700.26447044 40.54  70.608950  61.259288 28.329
 71    22.756 54700.26447108 35.91  70.606600  61.256128 28.329
 72    22.033 54735.26445899 37.62  70.622936  61.258231 29.261
 72    26.979 54735.26445964 29.20  70.620586  61.255071 29.261
 73    25.788 54770.26444826 20.24  70.623513  61.272247 24.720
 73    24.256 54770.26444890 25.54  70.621163  61.269087 24.720
 73    23.015 54770.26445084 31.29  70.614103  61.259617 24.720
 73    22.888 54770.26445148 28.99  70.611753  61.256467 24.720
 74    24.377 54805.26445242 33.00  70.623096  61.260732 15.520
 74    24.418 54805.26445306 34.28  70.620734  61.257579  8.232
 75    23.697 54840.26444528 29.65  70.617123  61.260625  7.330
 75    23.748 54840.26444593 22.11  70.614773  61.257465  7.330
 76    23.794 54875.26445344 12.42  70.619193  61.259569  3.067
 76    23.026 54875.26445409 12.31  70.616843  61.256409  3.067
 77    24.879 54910.26444957 12.52  70.614032  61.270426  2.798
 77    23.240 54910.26445022 13.38  70.611682  61.267266  2.798
 77    23.309 54910.26445086 14.13  70.609322  61.264116  2.798
 77    24.103 54910.26445151 13.46  70.606972  61.260956  2.798
 77    23.739 54910.26445215 13.84  70.604622  61.257796  2.798
 78    23.106 54945.26444578 38.49  70.620527  61.259997 26.353
 78    23.239 54945.26444643 38.41  70.618177  61.256837 26.353
 79    27.411 54980.26447069 31.05  70.621408  61.268973 31.673
 79    27.028 54980.26447262 24.26  70.614348  61.259503 31.673
 79    26.836 54980.26447327 24.97  70.611998  61.256343 31.673
 80    26.938 55015.26447558 29.85  70.615046  61.259027 27.462
 80    26.716 55015.26447623 30.45  70.612686  61.255877 27.462
 81    24.987 55050.26446938 16.67  70.616516  61.259577 26.032
 81    25.912 55050.26447002 15.37  70.614166  61.256417 26.032
 82    26.006 55085.26443444 20.63  70.612429  61.269270 25.750
 82    23.373 55085.26443509 20.78  70.610079  61.266110 25.750
 82    22.997 55085.26443573 25.13  70.607719  61.262950 25.750
 82    23.146 55085.26443638 28.64  70.605369  61.259790 25.750
 82    23.001 55085.26443702 30.52  70.603019  61.256640 25.750
 83    24.658 55120.26440228 25.44  70.624212  61.259700 24.930
 83    22.370 55120.26440293 25.33  70.621862  61.256540 24.930
 84    23.194 55155.26439295 20.62  70.621981  61.275092  7.728
 84    23.250 55155.26439360 20.52  70.619621  61.271932  7.728
 84    23.138 55155.26439424 21.75  70.617271  61.268772  7.728
 84    23.025 55155.26439488 24.86  70.614911  61.265622  7.728
 84    23.028 55155.26439553 26.71  70.612561  61.262462  7.728
 84    23.167 55155.26439617 28.18  70.610211  61.259302  7.728
 84    23.233 55155.26439682 29.33  70.607861  61.256142  7.728
 85    23.349 55190.26439165 15.41  70.622569  61.259114  3.286
 85    24.168 55190.26439229 14.17  70.620219  61.255954  3.286
 86    23.677 55225.26439314 11.07  70.623015  61.274241  2.759
 86    24.779 55225.26439378 10.99  70.620655  61.271081  2.759
 86    24.230 55225.26439443 11.28  70.618305  61.267921  2.759
 86    23.330 55225.26439572 12.38  70.613595  61.261611  2.759
 86    23.893 55225.26439636 11.89  70.611245  61.258451  2.759
 86    24.291 55225.26439701 11.76  70.608895  61.255301  2.759
 87    23.996 55260.26438783 11.31  70.617641  61.258544  2.471
 87    24.611 55260.26438848 11.16  70.615291  61.255384  2.471
 88    27.262 55295.26437924  7.78  70.618108  61.272674  2.017
 88    27.439 55295.26437989  7.53  70.615748  61.269524  2.017
 88    27.015 55295.26438053  7.84  70.613398  61.266364  2.017
 88    26.559 55295.26438118  8.52  70.611048  61.263204  2.017
 88    26.922 55295.26438182  7.48  70.608698  61.260054  2.017
 88    26.483 55295.26438247  7.62  70.606338  61.256894  2.017
 89    26.258 55330.26436641 52.76  70.623275  61.271818 40.828
 89    26.396 55330.26436706 50.81  70.620925  61.268658 40.828
 89    26.225 55330.26436899 49.69  70.613865  61.259188 40.828
 89    26.235 55330.26436963 52.58  70.611505  61.256028 40.828
 90    27.986 55365.26435966 40.83  70.623986  61.275576 39.438
 90    27.891 55365.26436031 41.54  70.621626  61.272426 39.438
 90    27.949 55365.26436095 39.30  70.619276  61.269266 39.438
 90    27.952 55365.26436160 37.22  70.616916  61.266106 39.438
 90    27.561 55365.26436289 27.68  70.612216  61.259796 39.438
 90    27.981 55365.26436353 30.31  70.609866  61.256636 39.438
 91    28.024 55400.26437445 44.30  70.621941  61.258119 42.583
 91    27.990 55400.26437509 41.91  70.619591  61.254959 42.583
 92    24.551 55435.26437902 25.73  70.617330  61.261494 22.034
 92    24.182 55435.26437966 23.83  70.614980  61.258334 22.034
 92    23.957 55435.26438031 23.74  70.612630  61.255184 22.034
 93    26.199 55470.26433143 18.22  70.612415  61.269270 21.213
 93    25.869 55470.26433207 18.70  70.610065  61.266110 21.213
 93    23.438 55470.26433272 24.63  70.607715  61.262960 21.213
 93    23.233 55470.26433336 28.01  70.605355  61.259800 21.213
 93    23.241 55470.26433401 26.42  70.603005  61.256640 21.213
