# NaN NaN NaN ;Mean Elev.(m), Avg Gradient(m/km), RMS Gradient(m/km) - SRTM1     
#   35.035  -0.513   4.180 ;Mean Elev.(m), Avg Gradient(m/km), RMS Gradient(m/km) - ASTER GDEM
#   41.327   0.178   3.145 ;Mean Elev.(m), Avg Gradient(m/km), RMS Gradient(m/km) - GMTED2010 
  6  80.084440  59.405815    49.344    49.332  4 52420.23494075 29.170
  7  80.080827  59.407479    50.049    50.058  4 52455.23496454 36.754
  8  80.086828  59.405086    47.856    48.137  5 52490.23493996 28.260
  9  80.078661  59.411263    45.231    44.739  4 52525.23491774 29.447
 10  80.086205  59.404221    47.782    47.714  5 52560.23496773 22.095
 11  80.078076  59.408855    42.976    42.971  4 52595.23497437 47.179
 12  80.092259  59.401694    45.311    45.146  5 52630.23490856 18.743
 14  80.096543  59.399227    45.363    45.245  4 52700.23490988 14.687
 15  80.085535  59.405811    45.734    45.659  5 52735.23494135 14.878
 16  80.075881  59.409353    48.667    48.666  4 52770.23492756 52.340
 17  80.090625  59.401979    49.083    48.989  5 52805.23496602 29.910
 18  80.089655  59.402227    47.372    47.544  4 52840.23502711 19.094
 19  80.086875  59.404322    42.763    42.713  4 52875.23506598 40.521
 20  80.083599  59.405225    43.399    42.006  4 52910.23503643 32.135
 21  80.098100  59.399051    46.837    46.799  4 52945.23497976 21.180
 23  80.079031  59.408864    45.337    45.321  4 53015.23502347 14.973
 24  80.091519  59.402118    45.202    45.179  4 53050.23499881 15.121
 25  80.075923  59.412633    45.778    45.674  4 53085.23503353 15.196
 26  80.086558  59.403607    44.924    44.961  4 53120.23500492 16.290
 27  80.082272  59.406886    48.835    48.819  5 53155.23505744 28.127
 28  80.089010  59.403637    47.853    47.778  4 53190.23504834 19.784
 29  80.083608  59.406066    46.476    46.368  4 53225.23505746 23.312
 30  80.075081  59.411388    45.095    45.174  3 53260.23503126 27.149
 31  80.082770  59.407359    45.508    45.006  5 53295.23506056 27.234
 32  80.084054  59.404995    44.506    44.515  4 53330.23503390 35.505
 35  80.081711  59.408714    46.318    46.299  4 53435.23499777 14.593
 36  80.087501  59.404284    46.882    47.246  5 53470.23504428  9.836
 38  80.081654  59.406332    47.149    47.157  4 53540.23508406 19.490
 39  80.077904  59.408713    45.239    45.034  4 53575.23507788 27.981
 40  80.075723  59.411679    43.484    42.879  3 53610.23502815 30.900
 41  80.090592  59.402181    46.215    46.038  5 53645.23503272 22.014
 42  80.078989  59.409998    42.562    42.597  4 53680.23504881 48.723
 43  80.081480  59.408108    43.668    43.656  4 53715.23497705 26.009
 44  80.096081  59.398858    45.489    45.614  4 53750.23489481 16.276
 45  80.085604  59.405987    45.453    45.509  5 53785.23492420 14.803
 46  80.077222  59.410953    46.109    46.182  4 53820.23488236 14.092
 47  80.084937  59.405390    44.065    43.131  5 53855.23496717 29.084
 48  80.090110  59.402156    48.841    48.851  4 53890.23497776 38.117
 49  80.079427  59.410904    47.552    47.574  4 53925.23504108 40.290
 50  80.075654  59.411166    45.625    45.401  4 53960.23502974 26.835
 51  80.098209  59.398526    47.282    47.217  4 53995.23496724 12.925
 52  80.090763  59.401343    46.275    46.330  4 54030.23502332 23.646
 53  80.084441  59.405442    43.534    43.532  4 54065.23501671 40.489
 55  80.089778  59.402707    45.705    46.059  4 54135.23494245 14.152
 57  80.089515  59.403138    44.339    43.138  5 54205.23494703 30.098
 58  80.085386  59.405583    49.714    49.739  4 54240.23498033 26.686
 59  80.085161  59.406558    50.176    50.170  4 54275.23499633 27.351
 61  80.078425  59.408429    47.179    47.393  4 54345.23497315 25.450
 62  80.088483  59.403205    44.847    44.600  5 54380.23493460 34.915
 63  80.081599  59.407171    42.715    42.741  5 54415.23492191 46.891
 65  80.086381  59.405404    46.669    46.274  5 54485.23491733 16.210
 66  80.088721  59.402402    45.771    45.687  4 54520.23491606 14.378
 67  80.079967  59.408933    48.736    48.688  5 54555.23492797  9.689
 68  80.086360  59.404777    49.190    49.142  5 54590.23491138 31.936
 69  80.082855  59.406722    48.336    48.352  4 54625.23492794 22.720
 70  80.083373  59.406305    45.634    45.618  4 54660.23493629 44.107
 71  80.081321  59.407416    44.026    43.029  4 54695.23491470 31.047
 72  80.088628  59.403370    43.489    42.268  5 54730.23489167 39.045
 73  80.084595  59.406446    42.837    42.827  5 54765.23489342 36.109
 75  80.083869  59.407043    44.601    44.515  4 54835.23488446 20.221
 77  80.077214  59.409787    45.773    45.885  4 54905.23489307 14.515
 78  80.088024  59.404050    45.776    45.354  5 54940.23487431 25.429
 79  80.085137  59.405639    48.322    48.235  5 54975.23490387 23.631
 80  80.082075  59.407394    47.995    48.007  4 55010.23491551 21.591
 81  80.085057  59.404630    45.374    45.368  4 55045.23490651 35.541
 82  80.080105  59.410311    43.567    43.469  4 55080.23488061 40.036
 83  80.087821  59.403600    46.107    46.381  5 55115.23483898 26.111
 84  80.082871  59.406786    45.040    45.067  5 55150.23483797 37.350
 85  80.089340  59.403175    44.772    44.510  5 55185.23482319 17.538
 86  80.081990  59.407684    45.084    45.032  4 55220.23483584 13.572
 87  80.089286  59.403739    45.616    45.766  4 55255.23481934 11.065
 88  80.077357  59.408527    47.304    47.310  4 55290.23482488  8.575
 89  80.083949  59.407412    48.083    48.052  4 55325.23480448 26.110
 90  80.082759  59.408297    49.741    49.724  4 55360.23480202 27.654
 91  80.087162  59.403435    48.649    48.591  4 55395.23480795 22.869
 92  80.085981  59.405191    45.070    45.015  4 55430.23481780 35.197
 93  80.079340  59.410227    43.330    43.249  4 55465.23477892 35.196
