-217980.392   106.426     0.00    2.84
-217610.784   106.753     0.89    3.30
-217241.243   106.235    -1.40    4.20
-216871.767   103.373    -7.74    6.48
-216502.358   101.671    -4.61    6.43
-216133.015    99.988    -4.56    6.20
-215763.739    99.366    -1.68    6.77
-215394.528   100.329     2.61    6.61
-215025.384   100.072    -0.70    7.38
-214656.306    98.134    -5.25    8.36
-214287.294    95.244    -7.83    6.30
-213918.348    94.037    -3.27    5.78
-213549.467    93.012    -2.78    6.13
-213180.653    91.988    -2.78    6.29
-212811.905    90.179    -4.91    7.01
-212443.223    88.266    -5.19    8.26
-212074.607    87.506    -2.06    9.12
-211706.056    87.725     0.59    7.88
-211337.571    86.671    -2.86    6.20
-210969.152    86.128    -1.47    5.00
-210600.799    85.585    -1.47    4.82
-210232.511    86.705     3.04    6.43
-209864.290    87.024     0.87    6.96
-209496.133    87.564     1.47    7.59
-209128.042    86.402    -3.16    7.27
-208760.017    84.354    -5.57    7.17
-208392.058    84.869     1.40    7.59
-208024.163    85.089     0.60    8.32
-207656.335    84.060    -2.80    8.96
-207288.571    82.762    -3.53    8.75
-206920.873    80.036    -7.42    6.36
-206553.241    78.976    -2.88    5.95
-206185.673    77.866    -3.02    6.22
-205818.171    76.905    -2.62    7.64
-205450.735    77.704     2.17    9.39
-205083.363    77.518    -0.51    9.86
-204716.056    77.171    -0.95    9.23
-204348.815    78.707     4.18    6.91
-203981.639    78.617    -0.25    5.22
-203614.528    77.141    -4.02    5.13
-203247.482    75.544    -4.35    5.55
-202880.500    74.951    -1.62    5.53
-202513.584    74.231    -1.96    4.97
-202146.733    74.318     0.24    6.09
-201779.756    72.792    -4.16    6.83
-201399.484    71.687    -2.91    6.38
-201019.283    71.179    -1.33    5.81
-200639.153    70.729    -1.18    5.38
-200259.092    70.638    -0.24    5.21
-199879.102    70.444    -0.51    5.16
-199499.183    69.829    -1.62    4.21
-199119.333    70.220     1.03    3.52
-198739.554    70.720     1.32    3.47
-198359.845    70.951     0.61    3.78
-197980.206    69.802    -3.03    3.86
-197600.637    68.654    -3.03    4.44
-197221.138    69.553     2.37    5.05
-196841.709    71.284     4.56    4.44
-196462.350    72.878     4.20    3.36
-196083.061    73.494     1.62    2.53
-195703.841    74.118     1.65    2.65
-195324.692    74.260     0.37    2.98
-194945.613    74.488     0.60    2.85
-194566.603    75.123     1.68    3.38
-194187.663    75.953     2.19    3.68
-193808.792    76.388     1.15    3.30
-193429.992    75.716    -1.77    3.48
-193051.261    76.580     2.28    4.59
-192672.599    76.427    -0.41    4.95
-192294.007    76.707     0.74    5.52
-191915.485    76.617    -0.24    5.27
-191537.032    75.049    -4.14    5.72
-191158.648    74.494    -1.47    5.92
-190780.334    72.624    -4.94    5.95
-190402.089    70.802    -4.82    5.64
-190023.913    70.720    -0.22    5.17
-189645.807    71.684     2.55    4.56
-189267.770    72.612     2.46    4.17
-188889.802    72.935     0.86    5.08
-188511.904    74.000     2.82    4.87
-188134.074    75.590     4.21    4.41
-187756.313    74.976    -1.62    4.24
-187378.622    72.810    -5.74    3.67
-187001.000    70.901    -5.06    2.86
-186623.446    69.901    -2.65    2.81
-186245.962    68.964    -2.48    4.49
-185868.546    68.562    -1.06    5.50
-185491.199    69.321     2.01    6.40
-185113.921    68.543    -2.06    7.26
-184736.712    69.268     1.92    7.00
-184359.571    68.012    -3.33    7.37
-183982.500    66.768    -3.30    6.60
-183605.496    66.210    -1.48    5.72
-183228.562    67.646     3.81    6.04
-182851.696    69.373     4.58    6.24
-182474.899    71.051     4.45    7.10
-182098.170    74.025     7.90    7.91
-181721.510    75.772     4.64    8.46
-181344.918    73.373    -6.37   11.08
-180968.394    70.000    -8.96   10.89
-180591.939    67.378    -6.97    7.97
-180215.552    67.342    -0.10    7.19
-179839.234    69.415     5.51    5.31
-179462.983    69.321    -0.25    5.52
-179086.801    67.286    -5.41    6.09
-178710.687    63.949    -8.87    5.69
-178334.642    63.494    -1.21    4.87
-177958.664    63.550     0.15    5.15
-177582.755    63.471    -0.21    4.82
-177206.913    63.444    -0.07    4.98
-176831.140    62.638    -2.15    5.13
-176455.434    63.854     3.24    7.29
-176079.796    67.768    10.42   10.80
-175704.227    70.988     8.57   12.45
-175328.725    72.556     4.18   11.30
-174953.291    72.250    -0.81   10.64
-174577.924    70.390    -4.96   11.67
-174202.626    68.085    -6.14   10.95
-173827.395    66.293    -4.78   11.90
-173452.232    61.812   -11.94    9.73
-173077.136    60.901    -2.43    7.10
-172702.108    61.537     1.69    6.91
-172327.147    63.383     4.92    7.62
-171952.255    67.049     9.78    7.54
-171577.429    67.012    -0.10    7.80
-171202.671    64.217    -7.46   10.32
-170827.980    60.722    -9.33   11.03
-170453.357    54.756   -15.93    9.99
-170078.801    51.154    -9.62    9.26
-169704.313    50.235    -2.46    7.95
-169329.891    49.608    -1.67    8.51
-168955.537    50.643     2.77   10.61
-168581.250    51.000     0.95   12.40
-168207.031    50.222    -2.08   12.64
-167832.878    48.974    -3.34   11.97
-167458.792    48.655    -0.85   10.80
-167084.774    47.961    -1.86    9.39
-166710.822    46.420    -4.12    7.71
-166336.938    46.636     0.58    6.88
-165963.120    46.583    -0.14    8.70
-165589.370    45.416    -3.12    9.68
-165215.686    44.817    -1.60    8.62
-164842.069    46.355     4.12    6.83
-164468.519    46.519     0.44    5.88
-164095.035    45.885    -1.70    5.89
-163721.618    45.914     0.08    6.75
-163348.268    45.329    -1.57    6.30
-162974.985    45.549     0.59    6.22
-162601.768    46.714     3.12    6.90
-162228.618    46.405    -0.83    6.24
-161855.534    47.026     1.67    6.77
-161482.517    47.395     0.99    6.74
-161109.566    47.000    -1.06    6.40
-160736.682    46.798    -0.54    6.89
-160363.864    47.286     1.31    6.62
-159991.113    50.024     7.35    8.18
-159618.428    52.658     7.07    8.62
-159245.809    53.220     1.51    9.12
-158873.256    50.195    -8.12   10.19
-158500.770    47.402    -7.50   11.10
-158128.350    46.571    -2.23    9.76
-157755.996    46.780     0.56    8.56
-157383.708    47.756     2.62    6.82
-157011.486    47.500    -0.69    7.37
-156639.330    48.128     1.69    7.63
-156267.240    47.438    -1.86    7.39
-155895.217    44.872    -6.90    7.46
-155523.259    42.905    -5.29    7.31
-155151.367    40.731    -5.85    6.96
-154779.541    40.841     0.30    6.76
-154407.780    43.091     6.05    6.40
-154036.086    44.293     3.23    6.08
-153664.457    44.532     0.65    7.91
-153292.894    42.000    -6.82    9.20
-152921.397    39.816    -5.88    8.46
-152549.965    37.829    -5.35    7.88
-152178.600    38.805     2.63    9.71
-151807.299    40.500     4.57   10.08
-151436.064    42.671     5.85    8.41
-151064.895    43.049     1.02    6.52
-150693.791    41.154    -5.11    5.23
-150322.753    38.815    -6.30    3.04
-149951.780    38.416    -1.08    3.90
-149580.872    39.134     1.94    4.65
-149210.030    39.066    -0.18    4.84
-148839.253    39.704     1.72    4.65
-148468.541    41.218     4.09    3.86
-148097.895    40.904    -0.85    3.58
-147727.314    40.987     0.23    3.56
-147356.798    41.366     1.02    3.62
-146986.347    41.289    -0.21    3.49
-146615.961    39.762    -4.12    4.70
-146245.640    38.208    -4.20    5.07
-145875.385    39.280     2.90    5.34
-145505.194    40.250     2.62    4.40
-145135.068    42.061     4.89    3.53
-144765.008    42.818     2.05    2.87
-144395.012    41.378    -3.89    3.99
-144025.081    39.987    -3.76    4.10
-143655.215    39.487    -1.35    4.46
-143285.413    40.111     1.69    4.40
-142915.677    41.318     3.26    4.40
-142546.005    41.582     0.72    4.30
-142176.397    40.432    -3.11    3.98
-141806.855    41.612     3.19    4.32
-141437.377    43.037     3.86    4.29
-141067.964    43.595     1.51    3.96
-140698.615    43.229    -0.99    4.49
-140329.331    42.162    -2.89    5.79
-139960.111    40.938    -3.32    6.15
-139590.956    39.854    -2.94    6.16
-139221.865    39.333    -1.41    6.35
-138852.838    39.354     0.06    5.41
-138483.876    39.487     0.36    3.72
-138114.978    39.225    -0.71    2.70
-137746.145    38.519    -1.92    2.13
-137377.375    37.395    -3.05    2.65
-137008.670    37.543     0.40    2.97
-136640.030    37.812     0.73    3.33
-136271.453    37.625    -0.51    3.67
-135902.940    37.395    -0.62    4.04
-135534.492    37.709     0.85    4.60
-135166.107    38.358     1.76    6.30
-134797.787    39.727     3.72    6.84
-134429.530    41.222     4.06    7.21
-134061.338    43.234     5.46    7.16
-133693.209    44.976     4.73    7.43
-133325.144    47.013     5.54    7.05
-132957.143    48.277     3.44    7.34
-132589.206    49.000     1.96    6.83
-132221.333    50.716     4.67    4.55
-131853.524    52.224     4.10    3.16
-131485.778    53.073     2.31    3.15
-131118.096    52.831    -0.66    3.12
-130750.477    52.000    -2.26    3.14
-130382.922    51.383    -1.68    2.66
-130015.431    51.639     0.70    2.39
-129648.003    51.500    -0.38    2.75
-129280.639    51.321    -0.49    2.62
-128913.338    50.772    -1.49    2.35
-128546.101    50.741    -0.09    2.42
-128178.927    51.037     0.81    1.97
-127811.816    51.256     0.60    2.60
-127444.769    52.099     2.30    3.63
-127077.785    51.316    -2.13    4.93
-126700.469    49.025    -6.07    5.77
-126320.411    47.148    -4.94    4.64
-125940.422    47.111    -0.10    4.23
-125560.501    47.914     2.11    3.84
-125180.648    48.577     1.75    3.25
-124800.864    48.160    -1.10    2.80
-124421.148    47.154    -2.65    3.10
-124041.501    47.000    -0.41    3.80
-123661.922    47.526     1.39    4.36
-123282.411    48.713     3.13    4.60
-122902.968    50.558     4.87    4.62
-122523.594    52.976     6.37    3.98
-122144.287    54.165     3.13    3.22
-121765.049    54.805     1.69    3.69
-121385.879    55.077     0.72    3.70
-121006.777    54.228    -2.24    3.59
-120627.743    53.296    -2.46    3.72
-120248.777    53.228    -0.18    3.69
-119869.878    52.210    -2.69    3.79
-119491.048    49.628    -6.82    4.37
-119112.286    46.950    -7.07    4.93
-118733.591    44.079    -7.58    4.33
-118354.964    41.634    -6.46    3.67
-117976.405    39.158    -6.54    5.44
-117597.913    37.402    -4.64    5.70
-117219.490    35.397    -5.30    5.69
-116841.134    34.259    -3.01    5.93
-116462.845    32.810    -3.83    5.64
-116084.624    32.171    -1.69    5.40
-115706.471    33.587     3.75    7.13
-115328.385    35.175     4.20    8.36
-114950.366    38.266     8.18    8.47
-114572.415    40.171     5.04    7.48
-114194.532    41.198     2.72    5.38
-113816.715    42.203     2.66    4.32
-113438.966    42.800     1.58    4.28
-113061.285    43.182     1.01    3.94
-112683.670    43.817     1.68    3.08
-112306.123    44.260     1.17    2.66
-111928.643    44.272     0.03    2.58
-111551.230    43.459    -2.15    3.37
-111173.884    43.160    -0.79    4.24
-110796.605    42.627    -1.42    4.15
-110419.393    42.000    -1.66    3.88
-110042.248    41.418    -1.54    4.78
-109665.170    40.099    -3.50    6.39
-109288.159    38.582    -4.02    7.95
-108911.215    39.100     1.37    8.73
-108534.338    41.175     5.51    8.33
-108157.528    40.815    -0.96    7.23
-107780.784    38.728    -5.54    5.86
-107404.107    38.287    -1.17    6.80
-107027.497    39.100     2.16    7.98
-106650.953    41.338     5.94    9.18
-106274.476    43.476     5.68    9.15
-105898.066    45.557     5.53    7.40
-105521.722    46.407     2.26    4.95
-105145.445    44.636    -4.71    3.92
-104769.234    41.737    -7.71    4.30
-104393.090    39.368    -6.30    3.48
-104017.012    38.713    -1.74    2.61
-103641.001    38.776     0.17    1.65
-103265.056    38.975     0.53    1.41
-102889.177    39.329     0.94    1.65
-102513.364    40.195     2.30    2.02
-102137.618    41.115     2.45    1.92
-101761.938    40.580    -1.42    2.51
-101386.324    38.975    -4.27    3.20
-101010.776    38.287    -1.83    3.67
-100635.294    38.633     0.92    4.89
-100259.879    39.838     3.21    5.36
 -99884.529    41.987     5.73    4.92
 -99509.246    43.938     5.20    4.01
 -99134.028    46.375     6.49    3.40
 -98758.876    48.658     6.09    3.23
 -98383.790    50.152     3.98    3.07
 -98008.770    50.407     0.68    3.13
 -97633.816    48.938    -3.92    3.77
 -97258.928    46.950    -5.30    4.62
 -96884.105    44.562    -6.37    4.63
 -96509.348    42.795    -4.72    4.11
 -96134.657    41.444    -3.60    5.22
 -95760.032    39.975    -3.92    5.41
 -95385.472    39.134    -2.24    6.00
 -95010.977    39.192     0.16    5.72
 -94636.549    38.412    -2.08    5.06
 -94262.185    37.779    -1.69    3.86
 -93887.887    37.256    -1.40    3.67
 -93513.655    37.169    -0.23    5.47
 -93139.488    39.375     5.90    8.34
 -92765.386    40.878     4.02    9.09
 -92391.350    41.494     1.65    8.86
 -92017.379    40.527    -2.59    8.64
 -91643.473    40.123    -1.08    7.44
 -91269.633    40.714     1.58    7.11
 -90895.858    40.358    -0.95    6.98
 -90522.148    39.608    -2.01    6.96
 -90148.503    35.850   -10.06    8.01
 -89774.923    33.041    -7.52    7.48
 -89401.408    32.207    -2.23    6.56
 -89027.958    30.597    -4.31    5.85
 -88654.573    29.852    -2.00    4.79
 -88281.254    30.377     1.41    4.25
 -87907.999    29.163    -3.25    5.15
 -87534.809    29.169     0.02    5.60
 -87161.684    29.850     1.83    6.85
 -86788.623    27.797    -5.50    8.48
 -86415.628    27.163    -1.70    7.58
 -86042.697    26.910    -0.68    6.48
 -85669.831    27.638     1.95    6.15
 -85297.030    31.785    11.13    7.13
 -84924.293    34.817     8.14    9.07
 -84551.621    37.266     6.57    9.02
 -84179.013    38.763     4.02    6.35
 -83806.470    38.329    -1.16    5.59
 -83433.992    36.162    -5.82    5.62
 -83061.578    33.316    -7.64    5.47
 -82689.228    31.925    -3.74    6.50
 -82316.943    30.864    -2.85    5.67
 -81944.723    28.160    -7.26    4.72
 -81572.566    26.308    -4.98    3.85
 -81200.474    26.275    -0.09    5.44
 -80828.447    26.633     0.96    8.03
 -80456.483    28.237     4.31    8.57
 -80084.584    28.679     1.19    7.71
 -79712.749    29.210     1.43    7.39
 -79340.978    30.372     3.13    6.50
 -78969.271    32.139     4.76    5.18
 -78597.628    32.063    -0.20    5.02
 -78226.050    31.013    -2.83    6.06
 -77854.535    30.432    -1.56    6.00
 -77483.084    31.358     2.49    5.44
 -77111.698    31.538     0.49    5.76
 -76740.375    30.595    -2.54    7.73
 -76369.116    29.342    -3.38    8.47
 -75997.921    27.788    -4.19    9.19
 -75626.789    28.111     0.87    9.44
 -75255.722    29.013     2.43    8.01
 -74884.718    29.513     1.35    7.20
 -74513.778    28.013    -4.04    6.97
 -74142.902    26.949    -2.87    5.43
 -73772.089    26.250    -1.88    5.05
 -73401.340    24.580    -4.50    5.95
 -73030.655    23.362    -3.29    6.38
 -72660.033    21.231    -5.75    6.30
 -72289.474    20.125    -2.98    4.60
 -71918.980    21.038     2.47    5.67
 -71548.548    22.125     2.93    6.34
 -71178.180    22.914     2.13    6.12
 -70807.875    22.450    -1.25    6.13
 -70437.634    21.646    -2.17    4.88
 -70067.456    20.938    -1.91    2.90
 -69697.342    20.218    -1.94    2.77
 -69327.290    20.063    -0.42    2.56
 -68957.302    20.291     0.62    2.78
 -68587.377    20.400     0.29    2.78
 -68217.515    21.462     2.87    2.57
 -67847.716    21.938     1.29    2.45
 -67477.981    21.667    -0.73    2.37
 -67108.308    21.550    -0.32    2.16
 -66738.699    21.038    -1.39    1.95
 -66369.152    20.825    -0.58    1.89
 -65999.669    20.410    -1.12    1.88
 -65630.248    20.062    -0.94    1.76
 -65260.890    20.868     2.18    2.02
 -64891.595    21.138     0.73    2.17
 -64522.363    21.141     0.01    2.06
 -64153.194    19.550    -4.31    3.40
 -63784.088    17.000    -6.91    3.91
 -63415.044    16.112    -2.40    3.43
 -63046.063    15.667    -1.21    3.25
 -62677.145    15.877     0.57    2.78
 -62308.289    16.932     2.86    2.05
 -61939.496    17.291     0.97    2.61
 -61570.765    18.118     2.24    2.94
 -61202.097    19.765     4.47    3.48
 -60833.492    19.541    -0.61    5.16
 -60464.949    18.543    -2.71    5.63
 -60096.469    17.730    -2.21    5.29
 -59728.050    16.550    -3.20    3.75
 -59359.695    16.750     0.54    2.75
 -58991.401    16.962     0.58    2.65
 -58623.170    16.908    -0.15    2.37
 -58255.002    16.663    -0.67    1.30
 -57886.895    15.987    -1.84    1.71
 -57518.851    15.900    -0.24    2.08
 -57150.869    16.392     1.34    2.66
 -56782.949    17.625     3.35    3.05
 -56415.091    19.051     3.88    2.22
 -56047.295    19.288     0.64    1.72
 -55679.562    18.455    -2.27    2.19
 -55311.890    16.897    -4.24    2.48
 -54944.281    15.263    -4.45    3.11
 -54576.733    14.012    -3.40    2.72
 -54209.247    13.750    -0.71    2.66
 -53841.824    13.346    -1.10    2.64
 -53474.462    13.475     0.35    2.37
 -53107.162    13.603     0.35    2.28
 -52739.923    13.625     0.06    2.96
 -52372.747    13.658     0.09    2.88
 -51998.314    13.837     0.48    2.30
 -51618.397    14.077     0.63    2.38
 -51238.546    14.740     1.75    2.44
 -50858.762    15.650     2.40    2.24
 -50479.044    15.532    -0.31    2.48
 -50099.394    15.388    -0.38    2.37
 -49719.809    14.935    -1.19    2.42
 -49340.291    14.038    -2.37    2.66
 -48960.840    15.203     3.07    3.26
 -48581.455    16.111     2.39    3.42
 -48202.137    16.286     0.46    3.45
 -47822.885    17.696     3.72    3.76
 -47443.699    18.128     1.14    4.07
 -47064.580    19.580     3.83    3.65
 -46685.527    20.475     2.36    3.14
 -46306.540    20.456    -0.05    2.97
 -45927.620    22.325     4.93    2.89
 -45548.765    22.468     0.38    2.95
 -45169.977    22.684     0.57    3.78
 -44791.255    22.633    -0.13    3.70
 -44412.599    20.436    -5.80    4.39
 -44034.008    18.784    -4.36    3.98
 -43655.484    17.025    -4.65    3.17
 -43277.026    15.432    -4.21    2.34
 -42898.634    14.712    -1.90    2.28
 -42520.308    13.776    -2.47    1.83
 -42142.047    13.646    -0.35    1.89
 -41763.853    14.228     1.54    2.26
 -41385.724    15.538     3.47    2.53
 -41007.661    16.064     1.39    2.15
 -40629.664    15.276    -2.08    2.76
 -40251.732    14.532    -1.97    2.49
 -39873.866    13.714    -2.16    1.68
 -39496.066    14.430     1.90    2.41
 -39118.331    15.456     2.71    2.41
 -38740.662    15.500     0.12    2.48
 -38363.058    15.311    -0.50    2.22
 -37985.520    14.500    -2.15    1.93
 -37608.047    13.824    -1.79    1.95
 -37230.639    11.663    -5.73    4.06
 -36853.297     8.052    -9.57    5.19
 -36476.021     6.696    -3.59    4.86
 -36098.809     7.571     2.32    5.99
 -35721.663    10.392     7.48    5.96
 -35344.583    14.750    11.56    3.33
 -34967.567    16.256     4.00    2.31
 -34590.616    15.756    -1.33    2.58
 -34213.731    15.612    -0.38    2.31
 -33836.911    14.450    -3.09    1.94
 -33460.156    13.545    -2.40    1.21
 -33083.466    13.823     0.74    1.38
 -32706.841    13.789    -0.09    1.35
 -32330.281    14.150     0.96    1.25
 -31953.785    14.622     1.25    1.07
 -31577.355    14.215    -1.08    1.96
 -31200.990    12.865    -3.59    3.37
 -30824.689    10.975    -5.02    3.86
 -30448.453    10.405    -1.51    4.30
 -30072.282    12.400     5.30    4.47
 -29696.176    13.867     3.90    3.78
 -29320.135    13.772    -0.25    3.74
 -28944.158    11.436    -6.21    3.47
 -28568.246     9.861    -4.19    2.53
 -28192.398     9.582    -0.74    2.33
 -27816.615    10.026     1.18    2.66
 -27440.896    10.143     0.31    3.04
 -27065.242     9.408    -1.96    4.01
 -26689.653     8.269    -3.03    3.45
 -26314.127     8.000    -0.72    3.44
 -25938.667     8.237     0.63    3.52
 -25563.270     8.474     0.63    2.55
 -25187.938     8.228    -0.66    2.04
 -24812.671     7.747    -1.28    1.76
 -24437.467     7.325    -1.12    2.00
 -24062.328     7.132    -0.52    2.04
 -23687.253     7.288     0.42    1.92
 -23312.242     8.541     3.34    1.75
 -22937.295     9.208     1.78    1.59
 -22562.412     9.216     0.02    1.86
 -22187.594     9.050    -0.44    1.84
 -21812.839     8.534    -1.38    1.59
 -21438.149     8.950     1.11    2.12
 -21063.522     9.355     1.08    2.13
 -20688.959     8.734    -1.66    2.18
 -20314.461     7.873    -2.30    2.03
 -19940.026     8.253     1.01    2.30
 -19565.655     9.584     3.56    3.41
 -19191.347    11.000     3.78    3.50
 -18817.104    11.066     0.18    3.41
 -18442.924    10.291    -2.07    3.32
 -18068.808     9.247    -2.79    2.33
 -17694.756     8.788    -1.23    1.71
 -17320.767    10.200     3.78    2.92
 -16946.842    11.076     2.34    3.47
 -16572.980    12.247     3.13    3.42
 -16199.182    12.740     1.32    2.79
 -15825.448    11.810    -2.49    2.51
 -15451.777    10.671    -3.05    2.86
 -15078.169     8.590    -5.57    3.76
 -14704.625     7.077    -4.05    3.13
 -14331.144     4.975    -5.63    2.99
 -13957.727     3.753    -3.27    3.22
 -13584.373     3.177    -1.54    3.57
 -13211.082     3.360     0.49    3.61
 -12837.854     4.725     3.66    3.69
 -12464.690     6.618     5.07    3.01
 -12091.589     7.795     3.15    2.06
 -11718.551     8.408     1.64    1.63
 -11345.576     7.143    -3.39    2.30
 -10972.664     5.973    -3.14    2.28
 -10599.815     6.062     0.24    3.02
 -10227.029     7.472     3.78    4.55
  -9854.306     6.250    -3.28    5.77
  -9481.646     6.851     1.61    6.19
  -9109.050     9.064     5.94    6.89
  -8736.515     9.878     2.19    6.44
  -8364.044     9.948     0.19    5.09
  -7991.636     9.351    -1.60    3.91
  -7619.290     8.025    -3.56    2.30
  -7247.008     7.466    -1.50    1.51
  -6874.788     7.987     1.40    1.32
  -6502.630     8.427     1.18    1.34
  -6130.536     8.646     0.59    2.22
  -5758.503     7.740    -2.43    2.84
  -5386.534     6.722    -2.74    2.98
  -5014.627     5.013    -4.59    2.16
  -4642.783     4.300    -1.92    1.81
  -4271.001     4.737     1.18    2.13
  -3899.282     5.688     2.56    2.41
  -3527.625     6.263     1.55    2.15
  -3156.030     6.962     1.88    2.16
  -2784.498     7.354     1.06    2.45
  -2413.028     7.506     0.41    2.53
  -2041.621     8.079     1.54    2.40
  -1670.276     6.861    -3.28    3.51
  -1298.993     4.359    -6.74    3.93
   -927.772     2.456    -5.13    3.57
   -556.613     0.613    -4.96    1.76
   -185.517     0.231    -1.03    0.79
    185.517     1.564     3.59    2.66
    556.489     2.974     3.80    2.99
    927.399     4.039     2.87    2.56
   1298.247     4.595     1.50    2.04
   1669.033     4.325    -0.73    1.52
   2039.757     3.987    -0.91    1.48
   2410.420     3.750    -0.64    1.57
   2781.020     3.442    -0.83    1.59
   3151.558     3.821     1.02    1.82
   3522.035     4.641     2.21    1.76
   3892.449     5.000     0.97    1.46
   4262.802     5.167     0.45    1.28
   4633.093     5.526     0.97    1.80
   5003.323     6.275     2.02    2.26
   5373.490     7.289     2.74    2.06
   5743.597     8.218     2.51    1.82
   6113.641     7.961    -0.69    1.77
   6483.624     7.696    -0.72    1.64
   6853.545     7.390    -0.83    2.12
   7223.405     6.949    -1.19    2.43
   7593.203     6.803    -0.40    2.84
   7962.940     6.775    -0.07    2.89
   8332.615     7.711     2.53    3.35
   8702.229     7.886     0.47    3.08
   9071.782     8.571     1.85    2.94
   9441.273     9.883     3.55    3.51
   9810.703    12.000     5.73    4.07
  10180.072    14.397     6.49    3.42
  10549.379    16.093     4.59    1.69
  10918.625    15.925    -0.46    1.86
  11287.810    16.027     0.28    1.95
  11656.934    14.975    -2.85    3.00
  12025.997    13.253    -4.66    3.67
  12394.998    11.234    -5.47    3.67
  12763.939     8.662    -6.97    2.62
  13132.818     8.103    -1.52    2.90
  13501.637     7.851    -0.68    3.20
  13870.394     7.337    -1.39    3.30
  14239.091     6.603    -1.99    3.92
  14607.726     4.825    -4.82    4.86
  14976.301     3.946    -2.38    4.74
  15344.815     3.848    -0.27    4.76
  15713.268     5.671     4.95    4.27
  16081.660     6.675     2.73    3.85
  16449.992     6.726     0.14    3.53
  16818.262     6.362    -0.99    3.38
  17186.472     8.324     5.33    6.15
  17554.622     8.812     1.33    6.63
  17922.710    10.944     5.79    7.61
  18290.739    13.288     6.37    7.44
  18658.706    13.164    -0.33    7.95
  19026.613    15.974     7.64    8.62
  19394.460    17.434     3.97    7.66
  19762.246    20.468     8.25    6.69
  20129.971    21.347     2.39    7.13
  20497.636    21.519     0.47    6.86
  20865.241    22.213     1.89    6.32
  21232.785    22.712     1.36    5.74
  21600.269    22.307    -1.10    5.29
  21967.693    22.000    -0.83    5.15
  22335.056    22.909     2.47    5.10
  22706.855    24.026     3.00    4.85
  23086.634    24.013    -0.03    4.41
  23466.348    22.779    -3.25    4.31
  23845.998    22.189    -1.55    4.18
  24225.582    22.200     0.03    3.95
  24605.102    22.667     1.23    4.14
  24984.556    23.506     2.21    4.35
  25363.946    24.487     2.58    4.04
  25743.271    26.481     5.26    4.35
  26122.532    30.063     9.45    4.61
  26501.728    32.810     7.24    3.90
  26880.859    34.753     5.13    1.81
  27259.926    35.329     1.52    1.86
  27638.928    35.562     0.62    1.97
  28017.865    35.459    -0.27    2.07
  28396.738    36.215     1.99    2.00
  28775.547    37.432     3.21    3.20
  29154.291    39.724     6.05    3.82
  29532.971    42.230     6.62    3.09
  29911.586    43.803     4.15    2.05
  30290.137    44.104     0.80    2.11
  30668.624    43.727    -1.00    1.86
  31047.047    43.093    -1.68    1.85
  31425.405    42.039    -2.79    1.85
  31803.699    41.266    -2.05    2.02
  32181.929    39.882    -3.66    3.83
  32560.095    37.897    -5.25    4.23
  32938.197    36.387    -4.00    4.23
  33316.234    36.000    -1.02    4.32
  33694.208    38.042     5.40    5.36
  34072.117    39.921     4.97    6.02
  34449.963    40.743     2.18    6.46
  34827.745    35.812   -13.05   10.20
  35205.462    28.600   -19.09   11.24
  35583.116    22.139   -17.11    8.23
  35960.706    17.263   -12.91    3.25
  36338.233    15.359    -5.04    2.26
  36715.695    14.282    -2.85    2.23
  37093.094    13.152    -2.99    1.35
  37470.429    12.526    -1.66    0.93
  37847.700    12.947     1.11    1.47
  38224.908    11.405    -4.09    3.38
  38602.052    10.270    -3.01    3.96
  38979.133    10.612     0.91    4.40
  39356.150    11.808     3.17    4.40
  39733.103    14.038     5.92    3.66
  40109.993    15.973     5.13    2.49
  40486.820    17.145     3.11    2.30
  40863.583    16.803    -0.91    2.58
  41240.283    15.779    -2.72    3.09
  41616.919    13.816    -5.21    3.01
  41993.492    12.195    -4.30    1.99
  42370.002    11.920    -0.73    1.94
  42746.449    12.013     0.25    2.11
  43122.832    12.688     1.79    2.39
  43499.152    12.961     0.72    2.47
  43875.409    13.167     0.55    2.46
  44251.603    12.039    -3.00    3.66
  44627.734    11.351    -1.83    3.85
  45003.802    10.757    -1.58    3.82
  45379.807     9.218    -4.09    3.93
  45755.748     8.973    -0.65    3.70
  46131.627     7.675    -3.45    3.08
  46507.443     6.889    -2.09    2.25
  46883.196     6.413    -1.27    2.45
  47258.886     5.541    -2.32    2.41
  47634.513     4.487    -2.80    2.71
  48010.077     3.247    -3.30    2.06
  48385.579     2.753    -1.31    2.04
  48761.018     3.667     2.43    3.83
  49136.394     5.312     4.38    4.81
  49511.708     7.289     5.27    5.28
  49886.959     9.400     5.62    4.92
  50262.147    11.218     4.85    4.82
  50637.273    12.440     3.26    5.26
  51012.336    12.897     1.22    5.62
  51387.336    11.680    -3.25    6.14
  51762.275    12.039     0.96    6.03
  52137.150    13.227     3.17    6.13
  52511.963    19.382    16.42   10.15
  52886.714    26.205    18.21    9.89
  53261.403    30.000    10.13    8.44
  53636.029    31.260     3.36    7.55
  54010.593    24.987   -16.75   12.74
  54385.094    16.014   -23.96   13.21
  54759.534     8.450   -20.20   10.04
  55133.911     3.384   -13.53    2.07
  55508.226     3.000    -1.02    1.64
  55882.479     3.487     1.30    1.55
  56256.670     4.533     2.80    2.22
  56630.798     6.053     4.06    2.41
  57004.865     7.039     2.64    1.96
  57378.870     7.368     0.88    1.85
  57752.812     7.091    -0.74    1.99
  58126.693     6.640    -1.21    1.88
  58500.512     6.487    -0.41    1.80
  58874.269     8.720     5.97    3.95
  59247.964    11.382     7.12    5.26
  59621.597    13.545     5.79    5.10
  59995.168    15.065     4.07    4.27
  60368.678    16.813     4.68    4.60
  60742.126    17.987     3.14    5.34
  61115.512    20.065     5.57    5.06
  61488.836    21.427     3.65    4.50
  61862.099    22.654     3.29    4.16
  62235.301    23.919     3.39    3.45
  62608.440    24.775     2.29    2.47
  62981.518    24.945     0.46    1.93
  63354.535    23.545    -3.75    2.84
  63727.490    21.507    -5.47    2.82
  64100.384    19.250    -6.05    3.04
  64473.216    16.629    -7.03    3.35
  64845.987    16.276    -0.94    3.05
  65218.696    16.750     1.27    3.16
  65591.344    17.237     1.31    2.97
  65963.931    18.685     3.89    2.01
  66336.457    16.462    -5.97    4.29
  66708.921    13.644    -7.57    5.37
  67081.324    12.237    -3.78    5.10
  67453.666    12.757     1.39    6.05
  67825.947    16.244     9.37    6.90
  68198.167    20.934    12.60    5.33
  68570.325    23.720     7.49    3.29
  68942.423    25.773     5.52    2.83
  69314.459    27.851     5.59    3.54
  69686.435    29.240     3.73    3.64
  70058.349    28.564    -1.82    4.31
  70430.203    27.303    -3.39    5.10
  70801.996    26.354    -2.55    4.53
  71173.728    26.257    -0.26    4.73
  71545.399    28.260     5.39    5.71
  71917.009    30.026     4.75    4.57
  72288.558    31.156     3.04    3.53
  72660.047    30.831    -0.87    3.82
  73031.475    29.390    -3.88    3.50
  73402.842    28.403    -2.66    3.90
  73774.148    27.831    -1.54    4.47
  74145.394    27.346    -1.31    5.44
  74516.580    26.468    -2.37    6.33
  74887.704    25.961    -1.37    6.66
  75258.769    26.493     1.44    5.96
  75629.772    29.000     6.76    6.77
  76000.715    32.840    10.35    7.39
  76371.598    37.312    12.06    4.70
  76742.420    39.079     4.77    3.06
  77113.182    39.342     0.71    3.19
  77483.884    37.421    -5.18    5.26
  77854.525    34.227    -8.62    7.40
  78225.106    30.961    -8.81    7.83
  78595.627    27.632    -8.99    6.10
  78966.087    25.737    -5.11    3.81
  79336.487    26.468     1.97    3.94
  79706.827    30.200    10.08    5.64
  80077.107    33.885     9.95    5.69
  80447.327    35.360     3.98    4.99
  80817.486    38.987     9.80    6.77
  81187.586    42.224     8.74    8.83
  81557.626    43.237     2.74    8.70
  81927.605    43.987     2.03    7.95
  82297.525    41.320    -7.21    7.51
  82667.384    38.693    -7.10    5.93
  83037.184    36.421    -6.14    6.60
  83406.924    33.933    -6.73    6.82
  83776.604    31.013    -7.90    7.56
  84146.224    28.987    -5.48    6.80
  84515.784    27.506    -4.01    5.69
  84885.285    27.311    -0.53    5.41
  85254.725    27.859     1.48    5.32
  85624.107    29.645     4.83    5.61
  85993.428    32.779     8.49    6.94
  86362.690    36.382     9.75    7.22
  86731.892    39.816     9.30    5.77
  87101.034    41.880     5.59    5.27
  87470.117    42.347     1.26    4.51
  87839.141    42.303    -0.12    3.95
  88208.105    42.513     0.57    3.73
  88577.009    42.829     0.86    3.47
  88945.854    43.805     2.65    3.33
  89314.640    44.147     0.93    3.24
  89683.366    42.551    -4.33    5.58
  90052.033    39.920    -7.14    7.42
  90420.640    37.013    -7.89    7.42
  90789.189    33.658    -9.10    9.68
  91157.678    30.776    -7.82   11.89
  91526.107    29.896    -2.39   11.69
  91894.478    29.636    -0.71    9.18
  92262.789    27.329    -6.26    6.51
  92631.041    24.584    -7.45    6.81
  92999.234    22.922    -4.51    6.14
  93367.368    21.740    -3.21    4.11
  93735.443    21.711    -0.08    3.45
  94103.459    23.013     3.54    2.23
  94471.416    25.829     7.65    6.15
  94839.313    30.541    12.81    9.77
  95207.152    33.105     6.97    8.77
  95574.932    33.421     0.86    8.47
  95942.653    29.935    -9.48    9.66
  96310.315    23.882   -16.46    8.19
  96677.919    19.592   -11.67    5.77
  97045.463    18.173    -3.86    5.01
  97414.857    18.849     1.83    5.71
  97794.500    20.645     4.73    5.80
  98174.081    20.675     0.08    4.98
  98553.598    19.805    -2.29    3.74
  98933.052    18.187    -4.27    2.94
  99312.443    15.846    -6.17    3.45
  99691.771    14.932    -2.41    3.39
 100071.035    15.696     2.01    3.79
 100450.237    16.417     1.90    3.57
 100829.376    17.831     3.73    2.89
 101208.452    17.689    -0.37    4.04
 101587.465    16.434    -3.31    4.72
 101966.415    15.184    -3.30    4.41
 102345.302    15.066    -0.31    3.47
 102724.126    15.760     1.83    2.57
 103102.887    16.827     2.82    2.51
 103481.586    18.224     3.69    2.97
 103860.222    19.068     2.23    3.02
 104238.796    19.461     1.04    3.06
 104617.306    19.097    -0.96    2.69
 104995.754    19.772     1.78    2.83
 105374.140    21.649     4.96    3.27
 105752.462    22.025     1.00    4.10
 106130.723    20.867    -3.06    4.70
 106508.920    18.779    -5.52    3.99
 106887.056    17.480    -3.44    2.52
 107265.128    17.740     0.69    2.65
 107643.139    18.658     2.43    3.01
 108021.087    19.053     1.05    2.87
 108398.973    18.411    -1.70    3.21
 108776.796    17.556    -2.26    3.26
 109154.557    16.829    -1.92    2.48
 109532.256    18.222     3.69    3.16
 109909.892    20.173     5.17    3.70
 110287.467    20.819     1.71    3.73
 110664.979    21.679     2.28    4.77
 111042.429    22.041     0.96    5.32
 111419.817    21.740    -0.80    5.82
 111797.143    20.613    -2.99    5.52
 112174.406    19.373    -3.29    4.61
 112551.608    18.571    -2.13    3.38
 112928.748    19.387     2.16    3.34
 113305.826    20.947     4.14    3.68
 113682.842    22.068     2.97    4.25
 114059.796    22.720     1.73    4.40
 114436.688    22.314    -1.08    4.84
 114813.519    21.803    -1.36    4.28
 115190.287    21.123    -1.80    3.30
 115566.994    21.427     0.81    2.48
 115943.639    21.649     0.59    1.69
 116320.222    22.000     0.93    1.79
 116696.744    21.297    -1.87    2.38
 117073.204    20.935    -0.96    2.36
 117449.603    21.459     1.39    2.76
 117825.940    22.120     1.76    2.89
 118202.215    22.553     1.15    2.44
 118578.429    21.237    -3.50    2.99
 118954.581    19.658    -4.20    3.20
 119330.672    17.973    -4.48    2.50
 119706.701    16.400    -4.18    1.85
 120082.669    16.211    -0.50    1.62
 120458.576    16.560     0.93    1.58
 120834.421    16.686     0.33    1.67
 121210.205    17.750     2.83    1.83
 121585.928    18.260     1.36    1.83
 121961.590    18.487     0.60    1.84
 122337.190    18.507     0.05    1.68
 122712.729    18.282    -0.60    1.67
 123088.207    17.432    -2.26    1.66
 123463.624    17.421    -0.03    1.59
 123838.980    17.568     0.39    1.59
 124214.274    17.467    -0.27    1.67
 124589.508    17.803     0.90    1.60
 124964.681    17.842     0.11    1.38
 125339.792    17.921     0.21    1.25
 125714.843    18.122     0.53    1.36
 126089.833    18.149     0.07    1.43
 126464.762    17.592    -1.49    1.86
 126839.630    16.920    -1.79    2.15
 127214.437    16.629    -0.78    2.21
 127589.183    16.474    -0.41    2.16
 127963.869    17.736     3.37    3.07
 128338.494    19.224     3.97    3.55
 128713.058    20.611     3.70    2.95
 129087.562    21.295     1.83    2.51
 129462.005    21.123    -0.46    2.27
 129836.387    20.818    -0.81    2.16
 130210.709    20.149    -1.79    2.30
 130584.970    19.260    -2.37    2.67
 130959.171    18.320    -2.51    2.72
 131333.311    17.408    -2.44    2.60
 131707.391    16.446    -2.57    2.64
 132081.410    16.260    -0.50    2.45
 132455.369    17.211     2.54    3.61
 132829.268    19.013     4.82    4.34
 133203.106    20.219     3.23    4.12
 133576.884    20.440     0.59    3.50
 133950.601    20.795     0.95    3.01
 134324.259    21.781     2.64    3.10
 134697.856    23.160     3.69    3.21
 135071.393    24.863     4.56    4.33
 135444.870    26.107     3.33    4.84
 135818.286    27.319     3.25    5.13
 136191.643    26.829    -1.31    5.11
 136564.939    25.458    -3.67    4.36
 136938.176    24.808    -1.74    4.06
 137311.352    24.500    -0.82    2.86
 137684.468    24.701     0.54    2.60
 138057.525    24.863     0.43    2.51
 138430.521    25.434     1.53    2.21
 138803.458    25.081    -0.95    1.96
 139176.335    25.000    -0.22    1.91
 139549.152    24.562    -1.18    1.86
 139921.909    24.068    -1.32    2.16
 140294.606    23.351    -1.92    2.28
 140667.244    23.041    -0.83    2.09
 141039.821    22.973    -0.18    1.59
 141412.340    23.093     0.32    1.30
 141784.798    23.545     1.21    1.25
 142157.197    24.160     1.65    1.17
 142529.536    24.787     1.68    1.18
 142901.816    25.040     0.68    1.16
 143274.036    25.276     0.63    1.11
 143646.196    25.554     0.75    1.43
 144018.297    26.688     3.05    2.72
 144390.339    27.932     3.34    3.24
 144762.321    29.000     2.87    2.91
 145134.244    30.014     2.72    2.42
 145506.108    30.468     1.22    2.17
 145877.912    30.548     0.22    1.26
 146249.656    30.987     1.18    1.12
 146621.342    31.384     1.07    1.09
 146992.968    31.947     1.52    1.23
 147364.535    32.437     1.32    1.07
 147736.043    32.680     0.66    0.97
 148107.491    32.771     0.25    1.12
 148478.881    32.480    -0.78    1.34
 148850.211    31.929    -1.48    1.25
 149221.482    31.480    -1.21    1.06
 149592.695    31.343    -0.37    1.34
 149963.848    31.868     1.42    1.39
 150334.942    32.296     1.15    1.34
 150705.977    32.800     1.36    1.05
 151076.954    33.167     0.99    0.96
 151447.871    33.158    -0.02    1.01
 151818.729    33.264     0.29    1.11
 152189.529    32.848    -1.12    1.31
 152560.270    32.569    -0.75    1.51
 152930.952    32.372    -0.53    1.81
 153301.575    32.630     0.70    2.35
 153672.139    33.276     1.74    2.53
 154042.645    33.671     1.07    2.55
 154413.092    34.760     2.94    3.10
 154783.481    35.808     2.83    3.70
 155153.810    36.240     1.17    3.90
 155524.082    36.945     1.90    3.69
 155894.294    36.096    -2.29    3.98
 156264.448    36.041    -0.15    4.00
 156634.544    36.658     1.67    4.23
 157004.581    36.849     0.52    4.37
 157374.559    37.055     0.56    4.35
 157744.480    36.274    -2.11    4.58
 158114.341    35.387    -2.40    4.18
 158484.145    34.824    -1.52    3.39
 158853.890    35.065     0.65    3.22
 159223.577    36.187     3.03    3.40
 159593.205    38.250     5.58    4.52
 159962.775    41.257     8.13    5.83
 160332.287    43.195     5.24    6.04
 160701.741    45.554     6.38    5.16
 161071.136    46.408     2.31    4.47
 161440.474    46.500     0.25    4.02
 161809.753    47.558     2.87    3.47
 162178.974    47.000    -1.51    3.51
 162548.138    45.733    -3.43    4.34
 162917.243    44.197    -4.16    4.64
 163286.290    43.276    -2.50    4.72
 163655.279    44.554     3.46    5.47
 164024.210    47.000     6.63    5.16
 164393.083    48.945     5.27    4.37
 164761.899    50.554     4.36    4.13
 165130.656    51.356     2.17    4.40
 165499.356    49.329    -5.50    6.11
 165867.997    47.904    -3.86    6.76
 166236.581    48.233     0.89    6.93
 166605.108    50.137     5.17    6.80
 166973.576    52.730     7.04    5.77
 167341.987    54.644     5.19    3.83
 167710.340    54.760     0.32    3.81
 168078.636    52.432    -6.32    5.53
 168446.874    49.481    -8.02    6.28
 168815.054    47.473    -5.45    5.64
 169183.177    46.842    -1.71    5.25
 169551.242    48.014     3.18    4.99
 169919.249    50.935     7.94    5.04
 170287.200    53.111     5.91    3.56
 170655.092    53.145     0.09    4.00
 171022.928    53.653     1.38    3.96
 171390.706    53.753     0.27    3.77
 171758.426    53.945     0.52    3.58
 172126.089    54.727     2.13    3.39
 172505.142    54.581    -0.39    3.82
 172884.591    53.747    -2.20    4.99
 173263.979    54.392     1.70    5.34
 173643.306    54.467     0.20    5.48
 174022.571    54.095    -0.98    6.20
 174401.775    53.863    -0.61    5.97
 174780.917    54.284     1.11    5.26
 175159.999    54.857     1.51    5.64
 175539.018    57.667     7.41    4.97
 175917.977    60.479     7.42    2.61
 176296.874    61.000     1.38    2.15
 176675.710    60.356    -1.70    2.64
 177054.485    58.824    -4.04    3.39
 177433.198    57.486    -3.53    2.89
 177811.851    57.338    -0.39    2.58
 178190.442    57.905     1.50    2.80
 178568.972    57.753    -0.40    3.37
 178947.441    57.640    -0.30    4.00
 179325.849    57.634    -0.02    4.60
 179704.197    56.120    -4.00    5.66
 180082.483    52.806    -8.76    9.18
 180460.708    49.390    -9.03   10.00
 180838.872    48.000    -3.67    9.48
 181216.976    50.158     5.71    9.97
 181595.019    54.108    10.45    9.46
 181973.000    58.162    10.72    6.40
 182350.921    57.974    -0.50    6.22
 182728.782    58.562     1.56    5.20
 183106.581    59.289     1.93    5.10
 183484.320    60.861     4.16    4.32
 183861.998    62.813     5.17    2.14
 184239.616    62.493    -0.85    3.39
 184617.173    60.840    -4.38    4.86
 184994.669    59.986    -2.26    4.47
 185372.105    60.000     0.04    3.41
 185749.481    59.712    -0.76    2.73
 186126.795    59.595    -0.31    2.81
 186504.050    60.730     3.01    2.88
 186881.244    60.973     0.64    3.06
 187258.377    60.918    -0.15    3.55
 187635.451    61.097     0.48    4.08
 188012.463    61.797     1.86    3.88
 188389.416    62.549     1.99    3.29
 188766.308    62.827     0.74    2.56
 189143.140    62.714    -0.30    2.15
 189519.912    63.360     1.71    2.39
 189896.624    63.944     1.55    2.59
 190273.275    64.919     2.59    1.94
 190649.867    64.438    -1.28    2.76
 191026.398    63.351    -2.89    3.07
 191402.869    62.507    -2.24    2.84
 191779.280    61.784    -1.92    2.70
 192155.631    60.920    -2.29    3.86
 192531.922    60.716    -0.54    4.55
 192908.153    60.974     0.69    4.87
 193284.325    61.808     2.22    5.04
 193660.436    62.613     2.14    4.66
 194036.487    62.569    -0.12    4.22
 194412.479    61.122    -3.85    4.36
 194788.411    59.917    -3.20    4.43
 195164.283    59.368    -1.46    3.97
 195540.095    59.694     0.87    3.78
 195915.848    59.855     0.43    2.78
 196291.541    59.608    -0.66    0.92
 196667.174    59.813     0.55    0.90
 197042.747    59.797    -0.04    1.15
 197418.261    60.027     0.61    2.12
 197793.716    60.216     0.50    2.61
 198169.111    60.904     1.83    3.01
 198544.446    61.974     2.85    2.88
 198919.722    62.247     0.73    2.86
 199294.938    62.200    -0.12    2.78
 199670.095    61.429    -2.06    2.62
 200045.193    60.213    -3.24    2.47
 200420.231    59.956    -0.69    2.46
 200795.210    59.587    -0.98    2.55
 201170.129    58.485    -2.94    3.62
 201544.989    58.514     0.08    4.30
 201919.790    59.153     1.71    4.75
 202294.532    59.986     2.22    4.39
 202669.214    61.125     3.04    2.57
 203043.838    60.301    -2.20    2.37
 203418.402    59.560    -1.98    1.73
 203792.907    59.400    -0.43    1.79
 204167.353    58.400    -2.67    3.28
 204541.740    56.890    -4.03    3.85
 204916.068    56.575    -0.84    4.22
 205290.337    57.096     1.39    4.62
 205664.546    58.466     3.66    4.09
 206038.697    59.972     4.02    2.92
 206412.789    61.297     3.54    2.62
 206786.823    62.515     3.25    2.75
 207160.797    63.560     2.79    2.56
 207534.712    63.912     0.94    2.59
 207908.569    63.053    -2.30    2.73
 208282.367    62.074    -2.62    2.07
 208656.106    61.773    -0.80    1.52
 209029.786    61.803     0.08    1.09
 209403.408    62.253     1.21    0.92
 209776.971    62.644     1.05    0.73
 210150.476    62.645     0.00    0.71
 210523.921    62.301    -0.92    0.91
 210897.309    61.757    -1.46    1.14
 211270.637    61.014    -1.99    1.38
 211643.907    60.411    -1.61    1.46
 212017.119    60.014    -1.06    1.58
 212390.272    60.014    -0.00    1.78
 212763.367    60.413     1.07    1.67
 213136.403    60.757     0.92    1.38
 213509.381    60.842     0.23    1.11
 213882.301    60.583    -0.69    1.29
 214255.162    60.658     0.20    2.35
 214627.965    60.903     0.66    3.22
 215000.710    60.947     0.12    4.11
 215373.397    61.901     2.56    4.68
 215746.025    62.827     2.48    5.07
 216118.595    64.083     3.37    5.31
 216491.107    64.676     1.59    4.35
 216863.561    63.620    -2.83    4.51
 217235.956    61.653    -5.28    3.48
 217608.294    61.183    -1.26    2.24
 217980.574    61.013    -0.46    2.65
 218352.795    60.625    -1.04    3.51
 218724.959    61.080     1.22    4.42
 219097.064    61.397     0.85    5.09
 219469.112    61.526     0.35    4.85
 219841.102    62.319     2.13    3.82
 220213.034    61.808    -1.37    3.80
 220584.908    59.806    -5.38    5.47
 220956.724    55.137   -12.55    8.75
 221328.482    50.822   -11.60    8.70
 221700.183    49.000    -4.90    8.38
 222071.826    50.230     3.31    8.41
 222443.411    52.945     7.31    8.41
 222814.938    57.589    12.50    7.24
 223186.408    60.056     6.64    5.48
 223557.820    60.973     2.47    4.82
 223929.175    61.342     0.99    4.36
 224300.472    61.137    -0.55    4.07
 224671.711    61.685     1.48    3.83
 225042.893    61.918     0.63    4.47
 225414.018    61.167    -2.02    5.10
 225785.085    61.233     0.18    5.06
 226156.094    61.556     0.87    4.88
 226527.046    62.192     1.71    4.59
 226897.941    63.211     2.75    3.55
 227268.778    63.392     0.49    3.04
 227639.559    63.086    -0.83    2.98
 228010.281    62.293    -2.14    3.26
 228380.947    61.286    -2.72    3.36
 228751.555    60.267    -2.75    2.60
 229122.106    59.786    -1.30    1.98
 229492.600    59.680    -0.29    1.07
 229863.036    59.943     0.71    1.18
 230233.416    59.987     0.12    1.35
 230603.738    60.652     1.80    2.03
 230974.003    60.893     0.65    2.45
 231344.212    61.087     0.52    2.46
 231714.363    61.307     0.59    2.60
 232084.457    62.275     2.62    2.91
 232454.494    63.333     2.86    2.91
 232824.474    64.176     2.28    2.27
 233194.398    63.581    -1.61    2.30
 233564.264    62.565    -2.75    1.89
 233934.074    62.608     0.12    1.72
 234303.826    64.217     4.35    3.81
 234673.522    68.324    11.11    6.61
 235043.161    72.329    10.83    6.54
 235412.744    74.014     4.56    5.43
 235782.269    73.571    -1.20    5.55
 236151.738    70.432    -8.49    5.40
 236521.150    67.097    -9.03    2.82
 236890.506    65.730    -3.70    1.04
 237259.805    65.236    -1.34    1.01
 237629.047    64.878    -0.97    0.96
 237998.233    64.514    -0.99    0.92
 238367.362    64.247    -0.72    0.91
 238736.435    64.042    -0.56    0.86
 239105.451    63.945    -0.26    0.80
 239474.410    63.681    -0.72    0.95
 239843.314    63.452    -0.62    0.97
 240212.160    63.306    -0.40    0.97
 240580.951    63.397     0.25    0.92
 240949.685    63.583     0.50    0.85
 241318.363    63.757     0.47    0.68
 241686.984    63.625    -0.36    0.68
 242055.549    63.493    -0.36    0.63
 242424.058    63.292    -0.55    0.64
 242792.511    63.041    -0.68    0.72
 243160.907    62.903    -0.38    0.81
 243529.247    62.603    -0.81    0.78
 243897.531    62.278    -0.88    0.77
 244265.759    62.274    -0.01    0.84
 244633.931    62.083    -0.52    0.95
 245002.047    62.055    -0.08    1.17
 245370.107    62.236     0.49    1.31
 245738.110    62.630     1.07    1.51
 246106.058    62.611    -0.05    1.47
 246473.950    62.446    -0.45    1.54
 246841.786    61.972    -1.29    1.84
 247218.552    61.301    -1.78    1.75
 247597.874    61.056    -0.65    1.82
 247977.136    61.208     0.40    2.25
 248356.339    61.068    -0.37    2.50
 248735.481    61.099     0.08    2.81
 249114.564    60.770    -0.87    2.78
 249493.587    61.118     0.92    2.91
 249872.550    61.730     1.61    2.77
 250251.454    61.986     0.68    2.50
 250630.298    62.685     1.84    2.06
 251009.082    62.736     0.14    2.21
 251387.807    62.630    -0.28    2.18
 251766.472    62.548    -0.22    2.16
 252145.077    62.556     0.02    2.07
 252523.623    63.027     1.25    2.03
 252902.110    63.141     0.30    2.06
 253280.537    62.959    -0.48    2.40
 253658.904    62.897    -0.16    2.60
 254037.212    62.014    -2.33    2.42
 254415.461    61.282    -1.93    1.53
 254793.650    60.864    -1.11    0.93
 255171.780    60.957     0.25    0.89
