# NaN NaN NaN ;Mean Elev.(m), Avg Gradient(m/km), RMS Gradient(m/km) - SRTM1     
#   15.442  -1.319   7.491 ;Mean Elev.(m), Avg Gradient(m/km), RMS Gradient(m/km) - ASTER GDEM
#   17.467  -0.521   5.275 ;Mean Elev.(m), Avg Gradient(m/km), RMS Gradient(m/km) - GMTED2010 
  7  75.475035  61.032390    37.617    37.644  4 52467.25059849 31.823
  8  75.473440  61.036764    35.080    34.850  4 52502.25058910 31.290
  9  75.481608  61.020487    34.827    35.272  3 52537.25057743 26.565
 10  75.476017  61.032013    33.038    31.915  3 52572.25061314 25.341
 11  75.475549  61.033506    34.662    34.189  3 52607.25057009 19.284
 12  75.477790  61.025908    36.179    36.180  3 52642.25057018 14.491
 13  75.474652  61.034435    35.537    35.395  4 52677.25055475 13.764
 14  75.478467  61.027254    35.915    35.925  3 52712.25058779 12.325
 15  75.469491  61.043777    30.528    30.432  3 52747.25061187 21.139
 16  75.480080  61.022408    36.393    36.393  2 52782.25055465 25.335
 17  75.479059  61.023351    36.666    36.666  2 52817.25063371 39.383
 18  75.478838  61.025472    35.058    36.662  3 52852.25068382 19.700
 20  75.472321  61.038101    29.740    29.717  4 52922.25067093 41.194
 21  75.482235  61.019822    30.434    30.434  2 52957.25063942 18.211
 22  75.478693  61.024872    33.514    33.063  3 52992.25066024 11.556
 23  75.475117  61.032793    35.228    35.289  4 53027.25062440 12.030
 24  75.479962  61.023572    36.111    36.146  3 53062.25063488 13.072
 25  75.469822  61.042649    36.680    36.669  4 53097.25065440 10.432
 26  75.481357  61.019921    32.652    32.652  2 53132.25063226 32.593
 28  75.476611  61.031790    34.436    34.436  3 53202.25070807 38.541
 29  75.476202  61.031093    31.121    31.104  3 53237.25067729 49.036
 31  75.474806  61.030854    30.848    30.864  3 53307.25069842 37.090
 36  75.475016  61.031542    32.185    30.554  4 53482.25071115 33.368
 37  75.475843  61.032380    36.104    35.931  3 53517.25071252 26.538
 38  75.472614  61.037600    34.385    34.024  4 53552.25073266 31.584
 39  75.475150  61.032283    33.162    32.230  4 53587.25068696 20.919
 40  75.478416  61.025166    35.133    36.885  3 53622.25065477 21.989
 41  75.478147  61.027866    33.284    31.598  3 53657.25068223 22.106
 42  75.473415  61.035871    30.111    30.103  4 53692.25066599 22.886
 43  75.471685  61.039253    33.946    35.216  3 53727.25058889 14.777
 44  75.482844  61.017852    36.075    36.075  2 53762.25054666 12.365
 45  75.474524  61.034950    35.320    35.175  3 53797.25055584  9.696
 47  75.477979  61.029122    34.661    34.768  3 53867.25061533 27.520
 48  75.475615  61.030977    36.024    36.031  3 53902.25064520 36.274
 49  75.472636  61.039227    34.778    34.700  4 53937.25068169 29.343
 50  75.470903  61.038203    31.997    31.045  4 53972.25064656 27.536
 52  75.479522  61.021449    31.543    31.543  2 54042.25065971 27.074
 54  75.469700  61.042202    34.810    34.916  4 54112.25058999 15.584
 56  75.471353  61.041435    35.156    35.203  3 54182.25057807 12.973
 57  75.477726  61.027471    34.503    33.511  3 54217.25060373 38.582
 58  75.475677  61.029561    37.149    37.164  3 54252.25062911 29.866
 59  75.474662  61.029976    38.218    38.220  3 54287.25063420 40.483
 60  75.476275  61.030267    36.129    36.821  3 54322.25063129 27.240
 61  75.471587  61.038782    36.457    36.597  4 54357.25058866 25.659
 62  75.476494  61.029123    31.007    31.007  2 54392.25057204 30.459
 63  75.474300  61.033584    30.162    30.140  3 54427.25053979 38.722
 64  75.478797  61.025784    35.860    36.297  3 54462.25055023 18.391
 65  75.474205  61.033210    35.589    35.581  4 54497.25054789 16.028
 66  75.478008  61.026948    36.192    36.156  3 54532.25056330 13.083
 67  75.472120  61.039664    33.315    33.769  4 54567.25055162 11.504
 68  75.476043  61.028550    36.236    36.216  3 54602.25055819 50.569
 69  75.474559  61.032164    36.563    36.552  3 54637.25056911 45.324
 70  75.474823  61.034045    33.220    33.251  3 54672.25057206 50.364
 71  75.474399  61.035798    30.410    30.504  3 54707.25053133 31.082
 72  75.477878  61.028778    31.172    31.086  3 54742.25053796 35.241
 73  75.475429  61.033662    31.059    31.057  3 54777.25051332 33.114
 74  75.479310  61.024781    31.993    31.993  2 54812.25053210 21.421
 75  75.473559  61.035102    35.100    35.194  3 54847.25051322 15.758
 76  75.476044  61.027771    35.488    35.318  3 54882.25053508 12.060
 77  75.471425  61.042089    35.971    35.963  4 54917.25051498  8.866
 78  75.476607  61.029679    35.999    35.716  3 54952.25052822 27.990
 79  75.474568  61.029901    36.553    36.677  3 54987.25055274 26.106
 80  75.475796  61.032341    35.093    35.094  3 55022.25054483 40.517
 81  75.474903  61.032419    32.499    32.291  3 55057.25054086 34.471
 82  75.471522  61.038657    32.902    31.360  3 55092.25049623 26.808
 83  75.475674  61.027849    30.996    30.983  3 55127.25048176 39.781
 84  75.473847  61.034229    31.697    31.640  3 55162.25045848 34.006
 85  75.478313  61.026407    30.785    30.751  3 55197.25047278 16.981
 86  75.472621  61.038797    35.212    35.271  4 55232.25046156 12.555
 87  75.475876  61.028056    35.508    35.622  3 55267.25046750 11.228
 88  75.472680  61.038460    36.190    36.183  4 55302.25044185  5.020
 89  75.475041  61.032137    35.717    35.722  3 55337.25044099 32.100
 90  75.474381  61.030244    36.544    36.512  3 55372.25043138 26.665
 91  75.478457  61.027298    36.432    36.357  3 55407.25045172 24.466
 92  75.474126  61.031713    32.234    32.209  3 55442.25045007 27.326
 93  75.471537  61.038943    34.624    35.976  3 55477.25038992 25.739
