-235312.568    63.515     0.00    8.38
-234945.294    62.901    -1.67    7.92
-234577.951    61.201    -4.63    7.46
-234210.539    60.535    -1.81    7.45
-233843.057    61.923     3.78    8.69
-233475.506    62.722     2.17    9.48
-233107.886    65.138     6.57   10.20
-232740.197    66.738     4.35    9.76
-232372.439    67.213     1.29    8.55
-232004.611    65.973    -3.37    6.76
-231636.713    63.536    -6.62    6.08
-231268.746    60.711    -7.68    4.62
-230900.710    60.092    -1.68    3.15
-230532.604    60.158     0.18    2.58
-230164.428    59.738    -1.14    3.58
-229796.183    57.890    -5.02    5.04
-229427.868    54.755    -8.51    5.21
-229059.484    52.259    -6.77    3.39
-228691.029    51.772    -1.32    2.48
-228322.505    52.527     2.05    2.65
-227953.911    53.755     3.33    2.74
-227585.248    54.173     1.13    2.42
-227216.514    53.845    -0.89    2.53
-226847.711    53.524    -0.87    2.75
-226478.837    53.272    -0.68    2.87
-226109.893    54.306     2.80    4.06
-225740.880    55.738     3.88    4.33
-225371.796    57.086     3.65    5.05
-225002.642    59.039     5.29    4.66
-224633.418    59.984     2.56    3.83
-224264.124    61.511     4.13    5.03
-223894.759    61.574     0.17    6.67
-223525.324    62.249     1.83    7.60
-223155.819    63.408     3.14    6.74
-222786.244    63.331    -0.21    5.94
-222416.598    62.410    -2.49    5.56
-222046.881    59.730    -7.25    6.06
-221677.094    56.283    -9.32    6.89
-221307.237    54.319    -5.31    6.67
-220937.309    51.099    -8.70    5.80
-220567.310    48.892    -5.96    5.71
-220197.241    48.160    -1.98    5.54
-219827.101    48.807     1.75    6.29
-219456.890    52.587    10.21    7.24
-219086.609    55.307     7.34    6.98
-218716.256    56.874     4.23    5.49
-218345.833    58.795     5.18    3.88
-217975.339    58.022    -2.09    4.52
-217604.774    56.743    -3.45    5.72
-217234.138    55.522    -3.29    6.13
-216863.431    54.524    -2.69    6.74
-216492.653    55.677     3.11    7.80
-216121.803    57.488     4.88    8.04
-215750.883    59.365     5.06    7.60
-215379.891    59.397     0.09    7.60
-215008.829    57.847    -4.18    6.63
-214637.695    56.886    -2.59    4.91
-214266.489    55.456    -3.85    5.06
-213895.212    52.886    -6.92    5.73
-213523.864    50.376    -6.76    5.68
-213152.445    48.874    -4.04    5.53
-212780.954    47.946    -2.50    5.48
-212409.391    47.624    -0.87    4.77
-212037.757    45.702    -5.17    4.83
-211666.051    42.590    -8.37    6.58
-211294.274    40.524    -5.56    6.05
-210922.425    40.704     0.48    5.32
-210550.504    41.978     3.42    5.58
-210178.512    44.533     6.87    6.23
-209806.448    45.307     2.08    6.87
-209434.312    43.284    -5.44    7.43
-209062.104    40.270    -8.09    7.39
-208689.824    37.812    -6.60    6.39
-208317.472    36.356    -3.91    6.14
-207945.048    36.999     1.73    6.96
-207572.552    39.100     5.64    7.39
-207199.984    42.613     9.43    8.03
-206827.344    46.377    10.10    6.42
-206454.631    48.795     6.49    3.25
-206081.847    48.530    -0.71    2.90
-205708.990    46.863    -4.47    3.67
-205336.061    44.772    -5.61    3.45
-204963.059    42.920    -4.96    3.14
-204589.985    41.853    -2.86    3.43
-204216.839    40.704    -3.08    3.08
-203843.620    39.341    -3.65    3.08
-203470.329    37.658    -4.51    3.26
-203096.965    36.353    -3.50    3.03
-202723.529    34.417    -5.18    3.10
-202350.020    32.720    -4.54    3.20
-201976.438    32.227    -1.32    3.21
-201602.784    32.030    -0.52    3.14
-201229.056    31.097    -2.50    3.98
-200855.256    30.479    -1.65    4.80
-200481.384    29.147    -3.56    5.36
-200107.438    26.465    -7.17    5.00
-199733.419    22.868    -9.62    4.65
-199359.328    21.365    -4.02    3.93
-198985.163    21.407     0.11    3.40
-198610.925    21.556     0.40    3.32
-198236.614    22.097     1.45    3.05
-197862.230    22.250     0.41    2.80
-197487.773    21.818    -1.15    2.87
-197113.243    21.749    -0.18    2.70
-196738.639    21.681    -0.18    2.26
-196363.962    21.597    -0.22    1.90
-195989.212    21.238    -0.96    1.48
-195614.388    20.853    -1.03    1.65
-195239.491    21.170     0.85    2.08
-194864.520    22.587     3.78    2.94
-194489.476    22.713     0.34    4.40
-194114.358    22.677    -0.10    5.50
-193739.167    22.408    -0.72    6.20
-193363.902    23.329     2.45    6.35
-192988.563    24.609     3.41    5.32
-192613.151    26.225     4.30    3.13
-192237.664    26.486     0.69    1.68
-191862.104    25.465    -2.72    1.55
-191486.470    24.874    -1.57    1.52
-191110.762    24.852    -0.06    1.42
-190734.981    24.893     0.11    1.51
-190359.125    25.511     1.64    1.55
-189983.195    25.973     1.23    1.88
-189607.191    26.624     1.73    2.49
-189231.113    28.093     3.90    2.86
-188854.960    29.283     3.17    2.85
-188478.734    30.508     3.26    2.06
-188102.433    31.147     1.70    1.75
-187726.058    30.666    -1.28    2.13
-187349.609    30.065    -1.60    2.97
-186973.085    29.193    -2.32    3.04
-186596.487    28.961    -0.61    2.85
-186219.814    28.991     0.08    2.44
-185843.066    29.329     0.90    2.19
-185466.245    29.295    -0.09    2.38
-185089.348    29.399     0.28    2.34
-184712.377    29.408     0.02    2.25
-184335.331    28.702    -1.87    2.07
-183958.211    27.874    -2.19    1.87
-183581.015    27.060    -2.16    1.87
-183203.745    26.351    -1.88    2.14
-182826.400    25.081    -3.37    2.31
-182448.980    24.003    -2.86    2.41
-182071.485    22.801    -3.18    1.97
-181693.915    22.328    -1.25    1.61
-181316.270    22.271    -0.15    1.60
-180938.550    22.174    -0.26    1.88
-180560.755    21.557    -1.63    2.00
-180182.884    21.193    -0.96    1.77
-179804.938    21.246     0.14    2.16
-179426.917    23.272     5.36    4.65
-179048.821    24.813     4.08    5.21
-178670.649    26.374     4.13    7.15
-178292.402    29.033     7.03   10.33
-177914.080    32.976    10.42   13.87
-177535.682    36.918    10.42   15.13
-177157.208    43.561    17.55   14.84
-176778.659    50.490    18.30   11.58
-176400.034    55.206    12.45    7.77
-176021.334    58.086     7.60    4.69
-175642.557    59.475     3.67    4.23
-175263.705    59.737     0.69    3.99
-174884.778    59.499    -0.63    3.99
-174505.774    58.778    -1.90    4.02
-174126.694    58.014    -2.01    4.26
-173747.539    57.215    -2.11    4.30
-173368.307    57.017    -0.52    4.19
-172989.000    56.670    -0.92    4.23
-172609.616    55.681    -2.61    4.90
-172230.156    52.681    -7.90    5.84
-171850.620    49.203    -9.16    5.26
-171471.008    46.351    -7.51    3.71
-171091.320    44.801    -4.08    2.81
-170711.555    44.250    -1.45    3.04
-170331.714    43.516    -1.93    3.45
-169951.796    42.587    -2.44    3.78
-169571.802    40.873    -4.51    3.39
-169191.732    39.711    -3.06    2.69
-168811.585    38.926    -2.06    1.69
-168431.361    39.045     0.31    1.71
-168051.061    38.957    -0.23    1.70
-167670.684    38.839    -0.31    1.63
-167290.230    38.695    -0.38    1.63
-166909.700    37.924    -2.03    1.68
-166536.432    37.908    -0.04    1.56
-166170.476    38.130     0.61    1.69
-165804.449    38.188     0.16    1.73
-165438.352    37.755    -1.18    1.99
-165072.185    37.507    -0.68    2.13
-164705.947    36.441    -2.91    1.90
-164339.639    36.030    -1.12    1.64
-163973.261    35.755    -0.75    1.79
-163606.812    36.102     0.94    1.92
-163240.293    36.249     0.40    1.91
-162873.704    36.397     0.40    1.88
-162507.044    36.048    -0.95    1.93
-162140.313    35.385    -1.81    2.33
-161773.512    33.620    -4.81    3.33
-161406.640    33.022    -1.63    3.41
-161039.697    32.271    -2.05    3.70
-160672.684    32.428     0.43    3.55
-160305.600    32.624     0.53    2.99
-159938.445    32.106    -1.41    3.33
-159571.219    30.443    -4.53    4.11
-159203.922    28.677    -4.81    4.06
-158836.555    27.812    -2.35    3.54
-158469.116    27.068    -2.02    2.96
-158101.607    26.126    -2.56    2.89
-157734.026    25.969    -0.43    2.97
-157366.374    25.229    -2.01    2.54
-156998.651    24.581    -1.76    2.45
-156630.857    24.006    -1.56    2.66
-156262.992    23.897    -0.30    3.03
-155895.056    23.317    -1.58    3.05
-155527.048    22.711    -1.65    2.76
-155158.969    23.093     1.04    2.71
-154790.818    23.743     1.77    2.77
-154422.596    23.879     0.37    2.88
-154054.303    24.624     2.02    2.99
-153685.938    25.795     3.18    3.37
-153317.501    28.084     6.21    4.37
-152948.993    30.950     7.78    4.37
-152580.413    32.654     4.62    4.08
-152211.762    33.189     1.45    3.85
-151843.039    31.654    -4.16    4.87
-151474.244    29.652    -5.43    4.80
-151105.377    27.184    -6.69    3.75
-150736.439    26.671    -1.39    3.46
-150367.428    26.719     0.13    2.86
-149998.346    27.590     2.36    2.88
-149629.192    28.119     1.43    2.37
-149259.965    26.582    -4.16    3.38
-148890.667    25.351    -3.33    3.11
-148521.297    25.215    -0.37    2.91
-148151.854    25.497     0.76    3.77
-147782.339    25.528     0.08    4.08
-147412.752    25.690     0.44    3.90
-147043.093    25.506    -0.50    3.97
-146673.362    25.582     0.21    4.17
-146303.558    28.028     6.61    4.82
-145933.681    30.423     6.47    5.03
-145563.733    32.407     5.36    5.13
-145193.712    32.711     0.82    5.45
-144823.618    29.902    -7.59    7.00
-144453.452    26.921    -8.05    6.15
-144083.213    25.340    -4.27    4.40
-143712.901    26.456     3.01    4.58
-143342.517    29.877     9.24    4.88
-142972.060    32.624     7.41    4.33
-142601.531    34.928     6.22    2.85
-142230.928    35.295     0.99    2.30
-141860.253    34.317    -2.64    2.91
-141489.505    32.306    -5.42    3.35
-141118.684    29.924    -6.42    3.53
-140747.789    28.070    -5.00    3.65
-140376.822    26.283    -4.82    3.42
-140005.782    23.839    -6.59    3.74
-139634.669    22.484    -3.65    3.61
-139263.482    22.350    -0.36    3.61
-138892.222    23.033     1.84    3.58
-138520.890    24.548     4.08    4.08
-138149.483    25.893     3.62    3.91
-137778.004    25.306    -1.58    4.37
-137406.451    24.081    -3.30    4.84
-137034.825    23.138    -2.54    3.88
-136663.125    22.414    -1.95    2.68
-136291.352    22.587     0.47    3.35
-135919.505    20.837    -4.71    5.06
-135547.584    17.857    -8.01    6.06
-135175.590    15.865    -5.35    5.25
-134803.523    16.603     1.98    5.27
-134431.381    19.443     7.63    4.41
-134059.166    20.273     2.23    3.58
-133686.877    20.441     0.45    3.62
-133314.514    19.861    -1.56    3.58
-132942.078    20.628     2.06    4.50
-132569.567    23.339     7.28    7.58
-132196.982    25.486     5.76    8.24
-131824.324    25.205    -0.75    8.83
-131451.591    22.693    -6.74    9.81
-131078.784    18.329   -11.70    6.66
-130705.903    16.606    -4.62    4.13
-130332.948    16.350    -0.69    4.10
-129959.919    16.228    -0.33    3.84
-129586.815    14.854    -3.68    3.13
-129213.637    13.850    -2.69    2.35
-128840.385    14.128     0.74    2.80
-128467.058    14.728     1.61    3.52
-128093.657    16.818     5.60    4.51
-127720.181    19.251     6.51    5.63
-127346.631    20.562     3.51    5.45
-126973.006    20.817     0.68    4.71
-126599.306    19.871    -2.53    3.69
-126225.532    19.497    -1.00    3.24
-125851.683    20.097     1.60    2.50
-125477.759    20.284     0.50    2.16
-125103.761    19.783    -1.34    1.99
-124729.688    19.050    -1.96    2.51
-124355.539    17.640    -3.77    2.87
-123981.316    17.152    -1.30    2.86
-123607.018    16.224    -2.48    2.59
-123232.645    16.534     0.83    2.58
-122858.196    18.609     5.54    4.82
-122483.673    20.034     3.80    5.12
-122109.074    20.865     2.22    4.60
-121734.400    20.295    -1.52    4.09
-121359.651    18.533    -4.70    1.58
-120984.827    18.943     1.09    1.78
-120609.927    18.965     0.06    1.95
-120234.952    17.545    -3.79    3.24
-119859.901    16.036    -4.02    3.61
-119484.775    15.128    -2.42    2.82
-119109.574    14.378    -2.00    2.04
-118734.296    14.508     0.35    1.73
-118358.944    14.331    -0.47    1.81
-117983.515    14.206    -0.33    1.76
-117608.011    14.027    -0.48    1.58
-117232.431    13.684    -0.91    1.30
-116856.775    13.191    -1.31    1.28
-116481.043    13.361     0.45    1.90
-116105.236    14.306     2.52    3.59
-115729.353    15.643     3.55    3.92
-115353.393    17.181     4.09    3.38
-114977.358    18.328     3.05    2.33
-114601.246    18.965     1.69    1.35
-114225.058    18.904    -0.16    1.39
-113848.795    18.374    -1.41    2.12
-113472.454    17.877    -1.32    2.13
-113096.038    16.988    -2.36    2.07
-112719.546    16.230    -2.01    1.95
-112342.977    16.410     0.48    2.00
-111966.331    16.219    -0.51    2.57
-111589.609    16.283     0.17    3.28
-111212.811    15.893    -1.04    3.51
-110835.936    15.027    -2.30    3.33
-110458.985    14.417    -1.62    3.03
-110081.957    15.533     2.96    5.69
-109704.852    19.542    10.63    8.49
-109327.671    25.565    15.97    8.65
-108950.412    30.295    12.54    6.16
-108573.077    32.223     5.11    4.16
-108195.665    32.969     1.97    3.48
-107818.177    33.777     2.14    3.02
-107440.611    34.372     1.57    2.16
-107062.968    34.104    -0.71    2.44
-106685.248    32.361    -4.62    3.45
-106307.451    30.390    -5.22    3.27
-105929.577    27.806    -6.84    3.45
-105551.626    25.202    -6.89    4.14
-105173.598    23.219    -5.25    4.48
-104795.492    22.399    -2.17    4.31
-104417.309    23.273     2.31    3.99
-104039.049    24.027     1.99    3.05
-103660.711    23.871    -0.41    3.17
-103282.295    23.504    -0.97    2.85
-102903.803    25.141     4.32    3.40
-102525.232    27.204     5.45    3.31
-102146.584    29.119     5.06    2.52
-101767.858    29.969     2.24    1.75
-101389.055    29.686    -0.75    2.13
-101010.174    28.840    -2.23    2.24
-100631.215    28.664    -0.46    2.22
-100252.178    27.812    -2.25    2.94
 -99873.064    25.943    -4.93    4.31
 -99493.871    25.033    -2.40    3.93
 -99114.600    25.624     1.56    3.70
 -98735.252    26.897     3.35    3.30
 -98355.825    28.512     4.26    2.55
 -97976.320    29.284     2.03    2.25
 -97596.737    28.668    -1.62    3.35
 -97217.076    25.206    -9.12    5.66
 -96837.337    23.610    -4.20    5.23
 -96457.519    23.817     0.54    5.83
 -96077.622    26.130     6.09    6.94
 -95697.648    30.185    10.67    5.54
 -95317.595    32.861     7.04    3.38
 -94937.463    34.143     3.37    1.62
 -94557.253    33.295    -2.23    2.11
 -94176.964    29.588    -9.75    5.46
 -93796.597    25.145   -11.68    6.23
 -93416.151    22.958    -5.75    5.40
 -93035.626    23.446     1.28    5.85
 -92655.022    26.469     7.94    5.69
 -92274.339    29.981     9.23    2.70
 -91896.163    30.849     2.30    2.09
 -91530.431    30.772    -0.21    2.28
 -91164.626    30.784     0.03    1.98
 -90798.750    30.545    -0.65    2.05
 -90432.801    29.196    -3.69    3.03
 -90066.781    28.784    -1.13    3.15
 -89700.688    28.875     0.25    3.75
 -89334.524    28.712    -0.45    4.29
 -88968.287    28.917     0.56    4.77
 -88601.979    27.545    -3.75    5.86
 -88235.598    25.202    -6.39    5.87
 -87869.144    24.001    -3.28    5.07
 -87502.619    23.450    -1.50    3.60
 -87136.021    23.603     0.41    2.90
 -86769.351    24.406     2.19    2.84
 -86402.609    24.501     0.26    2.84
 -86035.794    24.154    -0.95    3.28
 -85668.906    22.261    -5.16    4.60
 -85301.946    19.404    -7.79    5.15
 -84934.914    16.113    -8.96    4.69
 -84567.808    12.897    -8.76    4.58
 -84200.630    10.202    -7.34    4.31
 -83833.380     7.175    -8.24    5.01
 -83466.057     5.795    -3.76    6.28
 -83098.660     7.196     3.81    8.92
 -82731.192    10.951    10.22   10.86
 -82363.650    15.761    13.09   10.97
 -81996.035    20.751    13.57    9.07
 -81628.347    26.227    14.89    6.10
 -81260.587    29.773     9.64    4.06
 -80892.753    31.835     5.61    3.47
 -80524.846    31.017    -2.22    4.97
 -80156.866    29.051    -5.34    6.80
 -79788.813    25.075   -10.80    6.99
 -79420.687    22.202    -7.80    5.84
 -79052.487    22.185    -0.05    5.12
 -78684.214    22.943     2.06    5.60
 -78315.868    25.811     7.79    6.09
 -77947.448    28.778     8.05    5.29
 -77578.955    31.240     6.68    3.74
 -77210.388    32.028     2.14    2.56
 -76841.748    31.220    -2.19    2.89
 -76473.034    30.490    -1.98    2.72
 -76104.247    29.950    -1.46    2.20
 -75735.386    30.251     0.82    1.98
 -75366.451    30.830     1.57    2.12
 -74997.443    29.784    -2.83    2.81
 -74628.361    28.388    -3.78    2.50
 -74259.205    27.048    -3.63    2.24
 -73889.975    26.128    -2.49    1.89
 -73520.671    25.482    -1.75    2.13
 -73151.293    25.531     0.13    2.29
 -72781.841    25.075    -1.24    2.16
 -72412.316    25.042    -0.09    2.91
 -72042.716    25.025    -0.05    3.31
 -71673.041    23.675    -3.65    4.77
 -71303.293    20.428    -8.78    6.54
 -70933.471    18.990    -3.89    6.40
 -70563.574    19.157     0.45    6.31
 -70193.603    21.101     5.26    5.35
 -69823.557    22.667     4.23    3.33
 -69453.437    20.610    -5.56    4.95
 -69083.243    16.483   -11.15    6.77
 -68712.974    14.164    -6.26    6.27
 -68342.631    14.284     0.32    6.85
 -67972.213    16.425     5.78    7.51
 -67601.720    19.684     8.79    6.24
 -67231.153    21.110     3.85    4.68
 -66860.511    20.405    -1.90    4.81
 -66489.794    20.031    -1.01    4.52
 -66119.003    20.230     0.54    4.21
 -65748.136    20.175    -0.15    4.72
 -65377.195    18.693    -4.00    6.62
 -65006.179    16.017    -7.21    8.10
 -64635.087    11.806   -11.35    7.40
 -64263.921     8.545    -8.79    6.33
 -63892.680     7.123    -3.83    6.32
 -63521.363     5.330    -4.83    6.04
 -63149.972     2.951    -6.41    5.69
 -62778.505     0.582    -6.38    4.25
 -62406.963    -1.131    -4.61    1.64
 -62035.345    -1.525    -1.06    0.51
 -61663.652    -1.107     1.12    1.54
 -61291.884    -0.172     2.52    2.71
 -60920.041     2.209     6.40    4.18
 -60548.121     3.725     4.08    4.11
 -60176.127     4.730     2.70    4.20
 -59804.056     4.708    -0.06    4.71
 -59431.911     3.778    -2.50    5.24
 -59059.689     3.026    -2.02    5.61
 -58687.392     1.924    -2.96    5.09
 -58315.019     1.241    -1.83    4.65
 -57942.570     0.363    -2.36    3.51
 -57570.045    -0.275    -1.71    2.80
 -57197.445    -0.233     0.11    2.90
 -56824.768     1.445     4.50    4.84
 -56452.016     4.738     8.83    6.41
 -56079.187     7.545     7.53    6.32
 -55706.282    10.318     7.44    5.40
 -55333.302    11.990     4.48    4.79
 -54960.245    13.181     3.19    5.31
 -54587.112    13.671     1.31    5.15
 -54213.902    14.938     3.40    5.30
 -53840.616    17.523     6.92    3.71
 -53467.254    19.056     4.11    3.14
 -53093.816    19.306     0.67    3.01
 -52720.301    19.456     0.40    3.58
 -52346.709    19.220    -0.63    3.67
 -51973.041    18.874    -0.92    3.75
 -51599.297    18.370    -1.35    4.27
 -51225.475    19.897     4.08    4.29
 -50851.577    21.026     3.02    4.07
 -50477.603    20.374    -1.74    4.41
 -50103.551    19.478    -2.40    4.59
 -49729.423    19.240    -0.64    4.68
 -49355.218    18.349    -2.38    5.21
 -48980.936    18.577     0.61    5.37
 -48606.577    18.980     1.07    5.19
 -48232.141    20.012     2.76    4.48
 -47857.628    20.015     0.01    4.00
 -47483.037    17.501    -6.71    6.21
 -47108.370    14.306    -8.53    6.40
 -46733.625    13.112    -3.19    6.43
 -46358.803    14.382     3.39    7.37
 -45983.904    17.273     7.71    5.86
 -45608.928    18.152     2.34    4.97
 -45233.874    16.056    -5.59    7.71
 -44858.743    13.850    -5.88    7.85
 -44483.534    12.317    -4.09    7.66
 -44108.247    12.272    -0.12    7.36
 -43732.883    13.693     3.78    6.60
 -43357.442    15.609     5.11    6.24
 -42981.923    19.134     9.38    5.47
 -42606.326    22.467     8.88    5.08
 -42230.651    24.639     5.78    4.66
 -41854.898    26.636     5.31    3.81
 -41479.068    27.650     2.70    2.78
 -41103.160    26.761    -2.36    3.74
 -40727.173    26.101    -1.75    4.61
 -40351.109    24.927    -3.12    4.76
 -39974.967    21.306    -9.63    7.79
 -39598.746    17.760    -9.42    8.76
 -39222.447    11.553   -16.49    7.70
 -38846.071     7.124   -11.77    6.03
 -38469.615     6.230    -2.37    5.52
 -38093.082     6.829     1.59    6.77
 -37716.470    11.370    12.06    8.94
 -37339.780    16.801    14.42    8.61
 -36963.012    20.714    10.39    8.59
 -36586.164    22.456     4.62    7.82
 -36209.239    21.456    -2.65    7.61
 -35832.235    22.365     2.41    7.32
 -35455.152    23.456     2.89    7.67
 -35077.990    25.039     4.20    7.25
 -34700.750    27.012     5.23    5.23
 -34323.431    28.818     4.79    4.91
 -33946.033    29.806     2.62    4.25
 -33568.556    29.899     0.25    3.56
 -33191.000    29.230    -1.77    3.43
 -32813.365    27.755    -3.91    3.61
 -32435.652    25.693    -5.46    3.77
 -32057.859    24.835    -2.27    4.03
 -31679.987    24.069    -2.03    4.29
 -31302.036    23.056    -2.68    3.46
 -30924.005    24.305     3.30    4.47
 -30545.896    26.408     5.56    4.35
 -30167.707    29.380     7.86    5.11
 -29789.438    32.048     7.05    5.25
 -29411.091    34.074     5.36    4.64
 -29032.663    36.215     5.66    2.72
 -28654.157    36.053    -0.43    2.83
 -28275.570    33.727    -6.14    4.83
 -27896.904    30.621    -8.20    5.80
 -27518.159    28.124    -6.59    4.65
 -27139.333    27.795    -0.87    5.22
 -26760.428    30.452     7.01    6.67
 -26381.443    34.944    11.85    6.43
 -26002.378    36.984     5.38    4.45
 -25623.234    35.912    -2.83    5.12
 -25244.009    33.079    -7.47    6.11
 -24864.704    30.412    -7.03    5.76
 -24485.319    25.147   -13.88   11.91
 -24105.854    17.848   -19.23   16.09
 -23726.309     9.383   -22.30   15.55
 -23346.684     3.232   -16.20   10.61
 -22966.978    -0.200    -9.04    2.04
 -22587.192     1.147     3.55    2.93
 -22207.326     2.712     4.12    3.04
 -21827.379     3.210     1.31    2.75
 -21447.352     3.664     1.20    2.39
 -21067.245     3.897     0.61    2.31
 -20687.056     4.048     0.40    2.60
 -20306.787     4.008    -0.10    2.72
 -19926.438     4.086     0.21    2.55
 -19546.007     3.859    -0.60    2.29
 -19165.496     3.174    -1.80    1.82
 -18784.904     2.198    -2.56    1.61
 -18404.232     1.150    -2.75    1.94
 -18023.478     0.456    -1.82    2.12
 -17642.643    -0.107    -1.48    2.03
 -17261.728    -0.524    -1.09    1.70
 -16893.661     0.220     2.02    2.04
 -16528.082     1.061     2.30    2.16
 -16162.429     2.425     3.73    2.28
 -15796.703     3.401     2.67    1.73
 -15430.903     4.260     2.35    1.21
 -15065.030     3.607    -1.79    1.65
 -14699.082     2.928    -1.85    1.81
 -14333.061     2.018    -2.49    1.36
 -13966.966     1.402    -1.68    0.89
 -13600.797     1.023    -1.04    0.87
 -13234.554     1.050     0.07    0.88
 -12868.237     0.730    -0.88    1.09
 -12501.846     0.241    -1.33    1.21
 -12135.381    -0.084    -0.89    1.31
 -11768.842    -0.071     0.04    1.27
 -11402.228    -0.455    -1.05    0.96
 -11035.540    -0.305     0.41    0.94
 -10668.778    -0.135     0.46    0.89
 -10301.942     0.186     0.88    0.82
  -9935.031     0.093    -0.25    0.85
  -9568.046     0.077    -0.04    0.91
  -9200.987     0.112     0.09    0.95
  -8833.852    -0.016    -0.35    1.01
  -8466.644    -0.103    -0.24    0.93
  -8099.361    -0.062     0.11    0.85
  -7732.003     0.125     0.51    0.76
  -7364.570     0.152     0.07    0.78
  -6997.063     0.435     0.77    0.85
  -6629.481     0.693     0.70    1.03
  -6261.824     0.969     0.75    1.09
  -5894.092     1.274     0.83    1.24
  -5526.285     1.512     0.65    1.22
  -5158.404     1.731     0.59    1.22
  -4790.447     2.065     0.91    1.14
  -4422.416     2.058    -0.02    1.00
  -4054.309     2.088     0.08    0.99
  -3686.127     1.982    -0.29    0.98
  -3317.870     2.075     0.25    1.44
  -2949.537     3.632     4.23    4.19
  -2581.130     5.210     4.28    5.32
  -2212.647     4.703    -1.37    5.03
  -1844.089     3.480    -3.32    4.35
  -1475.455     1.534    -5.28    2.54
  -1106.746     0.453    -2.93    0.93
   -737.961     0.160    -0.79    0.50
   -369.101     0.058    -0.28    0.65
     -0.165    -0.073    -0.36    0.78
    368.847    -0.237    -0.44    0.89
    737.934    -0.024     0.58    1.34
   1107.097     0.579     1.63    1.54
   1476.335     1.229     1.76    1.54
   1845.650     1.537     0.83    1.23
   2215.040     1.220    -0.86    1.12
   2584.507     0.843    -1.02    1.09
   2954.049     0.540    -0.82    0.99
   3323.667     0.679     0.38    1.01
   3693.362     1.210     1.43    1.04
   4063.132     1.755     1.48    0.93
   4432.979     1.748    -0.02    1.35
   4802.902     1.995     0.67    1.69
   5172.901     2.147     0.41    1.86
   5542.976     3.009     2.33    2.35
   5913.128     3.869     2.32    3.43
   6283.356     4.582     1.93    4.69
   6653.660     4.593     0.03    5.13
   7024.041     4.327    -0.72    5.10
   7394.499     3.482    -2.28    4.58
   7765.033     2.811    -1.81    3.95
   8135.644     1.811    -2.70    2.27
   8506.331     1.653    -0.43    1.69
   8877.095     1.845     0.52    1.67
   9247.936     2.720     2.36    3.02
   9618.854     6.272     9.58    8.52
   9989.849     9.274     8.09    9.43
  10360.920     9.913     1.72    9.59
  10732.069     7.409    -6.75    9.62
  11103.294     3.943    -9.34    6.73
  11474.597     1.262    -7.22    2.11
  11845.976     0.816    -1.20    0.63
  12217.433     0.869     0.14    0.70
  12588.967     0.893     0.06    0.79
  12960.578     0.848    -0.12    0.82
  13332.266     1.242     1.06    1.60
  13704.032     5.152    10.52    8.91
  14075.875    11.284    16.49   14.84
  14447.796    15.350    10.93   16.66
  14819.794    16.253     2.43   15.79
  15191.869    17.061     2.17   16.47
  15564.023    17.305     0.65   17.81
  15936.253    17.473     0.45   18.25
  16308.562    15.378    -5.63   17.01
  16680.948     9.739   -15.14   10.90
  17053.412     7.571    -5.82    5.47
  17425.954     7.531    -0.11    4.57
  17798.573     8.816     3.45    6.56
  18171.271    11.381     6.88    8.60
  18544.046    15.940    12.23    9.83
  18916.900    17.965     5.43    8.94
  19289.831    19.392     3.83    6.25
  19662.841    20.731     3.59    5.94
  20035.929    21.699     2.59    6.94
  20409.095    25.582    10.41    6.45
  20782.339    30.317    12.69    3.72
  21155.662    33.126     7.53    3.50
  21529.063    36.706     9.59    5.01
  21902.542    41.484    12.79    7.47
  22276.100    46.861    14.39    6.38
  22649.736    49.213     6.29    4.46
  23023.451    47.017    -5.88    7.53
  23397.244    44.618    -6.42    7.66
  23771.116    43.160    -3.90    6.57
  24145.067    44.869     4.57    5.94
  24519.096    48.328     9.25    3.43
  24893.204    51.461     8.38    3.59
  25267.392    53.789     6.22    3.41
  25641.657    55.529     4.65    2.27
  26016.002    56.263     1.96    1.66
  26390.426    56.179    -0.22    1.41
  26764.929    56.058    -0.32    1.58
  27139.511    56.676     1.65    2.24
  27514.172    57.635     2.56    2.78
  27888.913    57.986     0.94    2.97
  28263.732    56.752    -3.29    4.26
  28638.631    55.757    -2.65    4.19
  29013.609    55.420    -0.90    4.17
  29388.667    55.806     1.03    4.31
  29763.804    56.758     2.54    3.80
  30139.020    57.186     1.14    3.98
  30514.316    56.284    -2.40    5.03
  30889.692    56.382     0.26    6.12
  31265.147    59.128     7.31    6.04
  31640.682    61.570     6.50    4.26
  32016.296    61.474    -0.25    3.01
  32391.991    60.495    -2.61    3.07
  32767.765    59.545    -2.53    2.97
  33143.619    58.817    -1.94    3.25
  33519.553    57.171    -4.38    4.94
  33895.567    55.806    -3.63    5.50
  34271.661    54.274    -4.07    5.58
  34647.836    52.194    -5.53    4.85
  35024.090    50.571    -4.31    4.50
  35400.424    49.306    -3.36    4.23
  35776.839    47.422    -5.00    4.67
  36153.334    45.318    -5.59    4.56
  36529.909    42.221    -8.22    4.14
  36906.565    39.121    -8.23    2.91
  37283.301    37.590    -4.06    2.17
  37660.118    36.832    -2.01    2.01
  38037.015    36.805    -0.07    1.87
  38413.993    36.559    -0.65    2.03
  38791.051    36.232    -0.87    2.10
  39168.190    35.855    -1.00    2.65
  39545.410    34.347    -4.00    3.72
  39922.711    34.110    -0.63    4.50
  40300.092    34.503     1.04    5.19
  40677.555    35.262     2.01    5.84
  41055.098    37.853     6.86    7.69
  41432.723    40.678     7.48    7.86
  41810.428    39.295    -3.66    9.16
  42188.215    35.327   -10.50   10.98
  42566.082    28.878   -17.07   10.11
  42944.031    23.667   -13.79    5.83
  43322.061    21.678    -5.26    2.81
  43700.173    23.359     4.45    4.31
  44078.366    26.790     9.07    5.46
  44456.640    30.553     9.95    4.55
  44834.995    33.274     7.19    3.21
  45213.433    34.859     4.19    3.38
  45591.951    38.442     9.47    6.96
  45970.552    42.231    10.01    8.17
  46349.234    45.758     9.31    7.10
  46727.998    48.011     5.95    5.35
  47106.843    49.274     3.33    4.15
  47485.771    49.305     0.08    3.66
  47864.780    49.969     1.75    3.60
  48243.871    50.263     0.78    3.30
  48623.045    49.853    -1.08    4.07
  49002.300    49.029    -2.17    4.03
  49381.637    48.084    -2.49    3.54
  49761.057    46.593    -3.93    2.47
  50140.558    45.891    -1.85    1.75
  50520.142    45.837    -0.14    1.70
  50899.809    46.223     1.01    2.36
  51279.557    47.499     3.36    4.10
  51659.388    51.169     9.66    6.94
  52039.302    55.607    11.68    7.98
  52419.298    58.295     7.07    7.55
  52799.376    56.263    -5.35    9.17
  53179.537    53.149    -8.19    8.76
  53559.781    51.121    -5.33    6.40
  53940.108    56.857    15.08   12.58
  54320.517    68.414    30.38   17.88
  54701.009    86.545    47.65   21.08
  55081.585   102.607    42.21   16.75
  55462.243   114.569    31.43   12.88
  55842.984   124.800    26.87   14.85
  56223.808   134.014    24.19   19.35
  56604.715   143.817    25.74   21.83
  56985.705   153.284    24.85   18.94
  57366.779   161.090    20.49   12.99
  57740.151   168.769    20.57    9.14
  58105.498   174.488    15.66    7.18
  58470.920   180.055    15.23    6.54
  58836.418   183.836    10.35    6.60
  59201.991   188.348    12.34    6.99
  59567.640   192.628    11.71    7.59
  59933.365   198.545    16.18    9.04
  60299.165   202.376    10.47   12.10
  60665.040   206.490    11.25   15.24
  61030.991   207.975     4.06   18.06
  61397.018   209.986     5.49   20.46
  61763.121   213.118     8.55   21.30
  62129.300   217.243    11.27   21.11
  62495.554   221.382    11.30   21.46
  62861.884   221.284    -0.27   21.54
  63228.291   220.488    -2.17   22.22
  63594.773   219.670    -2.23   21.49
  63961.331   220.610     2.57   19.05
  64327.966   224.607    10.90   15.61
  64694.676   228.295    10.06   12.21
  65061.463   231.976    10.04    8.52
  65428.326   235.868    10.61    7.51
  65795.265   240.454    12.50    8.75
  66162.281   243.871     9.31    7.97
  66529.373   248.838    13.53    8.00
  66896.541   255.201    17.33    9.45
  67263.786   262.262    19.23   13.66
  67631.108   272.933    29.05   20.92
  67998.506   285.710    34.78   31.80
  68365.981   299.508    37.55   46.07
  68733.532   303.027     9.58   54.86
  69101.160   298.904   -11.22   55.19
  69468.865   291.284   -20.72   52.37
  69836.646   282.328   -24.35   52.21
  70204.505   273.852   -23.04   36.37
  70572.440   264.200   -26.23   14.82
  70940.452   260.326   -10.53    7.58
  71308.542   260.061    -0.72    5.57
  71676.708   274.399    38.95   31.05
  72044.952   297.295    62.18   54.87
  72413.272   332.232    94.86   70.27
  72781.670   363.139    83.90   71.93
  73150.145   409.670   126.29   79.23
  73518.697   473.891   174.26  103.83
  73887.327   551.174   209.66  102.92
  74256.034   621.628   191.09   81.31
  74624.819   666.222   120.93   59.83
  74993.680   699.439    90.06   52.85
  75362.620   724.635    68.30   52.50
  75731.637   753.853    79.18   70.49
  76100.732   792.137   103.73   85.47
  76469.904   841.101   132.64   91.79
  76839.154   883.841   115.75   89.83
  77208.482   898.795    40.49   95.91
  77577.888   870.295   -77.16  132.33
  77947.371   824.958  -122.71  155.56
  78316.933   799.274   -69.50  144.09
  78686.572   808.649    25.36  124.33
  79056.290   823.003    38.83   96.96
  79426.085   822.516    -1.32   95.26
  79795.959   795.493   -73.06  106.13
  80165.911   762.011   -90.51   80.00
  80535.941   766.327    11.67   74.85
  80906.049   817.377   137.94  115.30
  81276.236   891.508   200.26  145.99
  81646.501   934.784   116.89  151.88
  82016.844   946.177    30.76  140.12
  82387.266   945.930    -0.66  116.35
  82757.766   978.691    88.43  114.72
  83128.345  1005.555    72.50  107.07
  83499.003  1009.179     9.78  108.64
  83869.739   965.540  -117.72  122.64
  84240.554   897.159  -184.42  118.17
  84611.447   846.811  -135.76  105.71
  84982.420   838.109   -23.46  112.56
  85353.471   841.913    10.25  113.56
  85724.601   833.718   -22.08  104.81
  86095.810   815.817   -48.23  101.65
  86467.098   768.427  -127.64  116.42
  86838.466   691.976  -205.88  125.43
  87209.912   594.091  -263.54  123.40
  87581.437   502.937  -245.36   95.58
  87953.042   421.975  -217.88   67.62
  88324.726   371.941  -134.62   50.09
  88696.489   328.832  -115.97   37.27
  89068.332   299.264   -79.52   31.20
  89440.254   272.101   -73.04   25.84
  89812.255   249.800   -59.95   25.31
  90184.336   226.784   -61.86   23.74
  90556.497   207.850   -50.88   23.94
  90928.737   189.550   -49.16   19.39
  91301.056   176.150   -35.99   15.89
  91673.456   167.739   -22.59   13.00
  92045.935   155.921   -31.73   18.93
  92418.494   142.367   -36.38   23.75
  92791.133   129.421   -34.74   21.30
  93163.852   122.368   -18.93   12.02
  93536.651   129.597    19.39   17.77
  93909.529   145.411    42.41   21.41
  94282.488   167.070    58.08   23.07
  94655.527   186.387    51.78   23.57
  95028.646   206.869    54.90   21.15
  95401.846   222.120    40.87   20.00
  95775.125   244.116    58.93   27.79
  96148.485   280.254    96.80   60.38
  96521.926   326.556   124.00   73.48
  96895.446   367.744   110.28   65.14
  97269.047   393.817    69.79   47.32
  97642.729   391.470    -6.28   37.43
  98016.491   369.983   -57.49   35.75
  98390.334   345.441   -65.65   36.89
  98764.258   333.618   -31.62   41.46
  99138.262   339.759    16.42   49.93
  99512.347   362.795    61.58   63.07
  99886.513   412.672   133.31   76.84
 100260.760   457.600   120.06   71.47
 100635.088   489.346    84.81   52.38
 101009.497   500.734    30.42   52.94
 101383.986   480.263   -54.67   69.85
 101758.557   448.652   -84.40   66.59
 102133.209   438.027   -28.36   65.20
 102507.942   438.420     1.05   61.06
 102882.757   461.032    60.33   58.82
 103257.653   488.635    73.63   59.83
 103632.630   536.439   127.49   80.08
 104007.688   634.070   260.33  124.21
 104382.828   737.480   275.67  127.65
 104758.050   810.497   194.61  114.01
 105133.353   835.141    65.67   86.73
 105508.738   774.560  -161.40  117.66
 105884.204   683.800  -241.74  117.16
 106259.752   642.123  -110.99   86.06
 106635.382   676.326    91.06  116.96
 107011.093   742.841   177.05  125.66
 107386.887   791.684   129.98   82.26
 107762.762   766.683   -66.52   94.04
 108138.720   699.474  -178.78  107.44
 108514.759   611.604  -233.69   87.39
 108890.881   548.989  -166.49   67.20
 109267.085   504.514  -118.23   44.75
 109643.371   501.810    -7.18   47.41
 110019.739   506.162    11.56   51.70
 110396.189   504.326    -4.88   54.51
 110772.722   499.611   -12.52   53.05
 111149.337   487.439   -32.32   44.84
 111526.035   499.400    31.75   47.05
 111902.815   506.887    19.87   52.21
 112279.678   470.107   -97.60   85.46
 112656.623   405.553  -171.27   92.02
 113033.651   339.593  -174.96   55.93
 113410.762   310.611   -76.86   35.61
 113787.956   291.402   -50.93   42.38
 114165.232   273.560   -47.30   48.60
 114542.592   253.904   -52.09   41.67
 114920.034   243.121   -28.57   21.23
 115297.559   254.185    29.31   30.57
 115675.167   287.034    87.00   49.22
 116052.859   306.067    50.39   42.96
 116430.633   301.881   -11.08   44.81
 116808.491   285.360   -43.73   48.46
 117186.432   258.019   -72.35   33.71
 117564.457   241.965   -42.47   26.36
 117942.565   237.996   -10.50   33.63
 118320.756   232.545   -14.41   42.38
 118699.030   225.860   -17.67   41.27
 119077.389   218.359   -19.83   37.64
 119455.831   204.224   -37.35   25.55
 119834.356   194.730   -25.08   13.62
 120212.965   188.638   -16.09    5.89
 120591.658   185.625    -7.96    3.08
 120970.435   183.576    -5.41    2.75
 121349.296   183.451    -0.33    3.94
 121728.240   186.005     6.74    6.08
 122107.269   190.037    10.64    6.79
 122486.381   194.315    11.29    5.10
 122865.578   191.795    -6.65    9.77
 123244.859   184.519   -19.18   12.91
 123624.224   178.179   -16.71    9.84
 124003.673   174.517    -9.65    5.81
 124383.207   179.695    13.64   15.25
 124762.825   208.111    74.86   51.71
 125142.527   262.986   144.53   89.87
 125522.314   336.101   192.53  103.82
 125902.185   383.125   123.80   80.46
 126282.141   412.448    77.18   65.86
 126662.182   423.326    28.63   61.11
 127042.307   461.764   101.13   85.99
 127422.517   535.639   194.32  118.94
 127802.812   616.045   211.45  121.85
 128183.192   684.199   179.19  101.47
 128563.656   763.754   209.12   92.75
 128944.206   795.285    82.86   90.59
 129324.841   785.458   -25.82  108.88
 129705.560   732.095  -140.18  138.63
 130086.365   634.527  -256.24  123.11
 130467.256   560.711  -193.82   73.74
 130848.231   527.441   -87.34   36.59
 131229.292   520.480   -18.27   34.48
 131610.438   514.588   -15.46   40.82
 131991.669   502.306   -32.22   46.02
 132370.777   485.881   -43.33   41.13
 132735.888   474.489   -31.20   26.97
 133101.076   476.347     5.09   21.79
 133466.341   475.540    -2.21   22.78
 133831.684   462.252   -36.37   33.26
 134197.103   444.745   -47.91   36.89
 134562.600   425.844   -51.72   30.80
 134928.175   405.355   -56.05   29.27
 135293.827   387.212   -49.62   33.84
 135659.556   365.116   -60.42   36.07
 136025.362   342.204   -62.64   28.63
 136391.247   321.659   -56.16   21.19
 136757.209   306.285   -42.02   18.87
 137123.248   292.940   -36.46   18.92
 137489.365   279.881   -35.67   18.52
 137855.560   270.743   -24.96   17.14
 138221.833   263.501   -19.77   18.21
 138588.184   262.336    -3.18   19.32
 138954.612   266.212    10.58   20.14
 139321.119   265.214    -2.72   24.75
 139687.703   249.262   -43.52   40.19
 140054.365   215.085   -93.22   55.10
 140421.106   176.821  -104.34   46.68
 140787.925   147.295   -80.50   23.52
 141154.821   135.734   -31.51    8.22
 141521.797   133.501    -6.08    5.58
 141888.850   133.254    -0.67    6.19
 142255.982   131.617    -4.46    8.05
 142623.192   126.540   -13.83    8.81
 142990.480   121.004   -15.07    8.66
 143357.847   116.325   -12.74    6.83
 143725.293   114.938    -3.78    6.39
 144092.817   117.315     6.47    8.69
 144460.420   121.153    10.44   10.31
 144828.101   125.223    11.07    7.72
 145195.862   125.744     1.42    5.88
 145563.701   123.550    -5.96    7.76
 145931.618   120.458    -8.41    7.78
 146299.615   118.441    -5.48    6.26
 146667.691   117.478    -2.61    5.99
 147035.845   116.982    -1.35    5.37
 147404.079   120.759    10.26    6.50
 147772.392   126.223    14.84    9.84
 148140.784   133.865    20.74   11.86
 148509.255   140.427    17.81    9.92
 148877.805   145.306    13.24    7.81
 149246.435   147.366     5.59    7.95
 149615.144   149.377     5.46    9.38
 149983.932   152.836     9.38   10.52
 150352.800   154.345     4.09   10.64
 150721.747   152.711    -4.43   10.46
 151090.774   150.133    -6.99    9.01
 151459.880   148.107    -5.49    5.59
 151829.066   150.045     5.25    6.43
 152198.332   153.187     8.51    7.24
 152567.678   156.505     8.98    7.00
 152937.103   160.034     9.56    6.12
 153306.608   163.568     9.56    6.24
 153676.193   168.625    13.69    6.94
 154045.858   174.911    17.01    6.65
 154415.603   179.426    12.21    5.93
 154785.428   184.149    12.77    4.62
 155155.334   188.057    10.57    4.41
 155525.319   191.534     9.40    4.25
 155895.384   195.493    10.70    4.79
 156265.530   199.063     9.65    4.22
 156635.756   202.835    10.19    4.24
 157006.063   206.460     9.79    4.57
 157376.450   210.143     9.95    4.36
 157746.917   212.507     6.38    3.84
 158117.465   214.019     4.08    3.15
 158488.094   214.547     1.42    3.72
 158858.803   213.432    -3.01    4.37
 159229.592   211.565    -5.04    4.64
 159600.463   207.208   -11.75    6.52
 159971.414   200.545   -17.96   10.08
 160342.446   193.053   -20.19   10.89
 160713.559   185.075   -21.50    8.36
 161084.753   180.649   -11.92    5.10
 161456.028   178.815    -4.94    4.23
 161827.384   178.345    -1.27    4.03
 162198.821   176.764    -4.26    4.94
 162570.339   172.825   -10.60    7.80
 162941.939   166.569   -16.84    7.98
 163313.619   162.555   -10.80    5.14
 163685.381   161.198    -3.65    4.55
 164057.225   163.335     5.75    5.91
 164429.149   167.274    10.59    7.02
 164801.156   173.345    16.32    8.50
 165173.243   180.356    18.85    8.67
 165545.413   187.578    19.41    8.87
 165917.664   191.845    11.46    7.62
 166289.996   193.845     5.37    4.91
 166662.410   193.507    -0.91    3.52
 167034.907   191.764    -4.68    3.19
 167407.484   189.569    -5.89    2.75
 167780.144   187.628    -5.21    2.31
 168152.886   186.354    -3.42    2.09
 168525.710   186.012    -0.92    1.97
 168898.616   186.443     1.16    2.18
 169271.604   187.501     2.84    3.25
 169644.674   190.214     7.27    4.61
 170017.826   192.744     6.78    5.40
 170391.060   194.810     5.54    6.26
 170764.377   195.140     0.88    7.00
 171137.776   193.951    -3.18    7.34
 171511.258   191.755    -5.88    6.77
 171884.822   189.542    -5.92    5.84
 172258.469   186.497    -8.15    5.16
 172632.198   184.118    -6.37    4.51
 173006.010   181.839    -6.10    3.43
 173379.905   179.751    -5.59    2.95
 173753.882   177.948    -4.82    3.67
 174127.942   176.274    -4.48    3.73
 174502.085   174.079    -5.87    5.36
 174876.311   170.398    -9.84    7.00
 175250.620   164.730   -15.14    8.37
 175625.012   160.478   -11.36    6.15
 175999.487   160.387    -0.25    7.00
 176374.045   164.365    10.62    9.26
 176748.686   169.078    12.58    6.74
 177123.410   170.955     5.01    4.69
 177498.218   171.570     1.64    4.81
 177873.109   172.608     2.77    4.67
 178248.084   176.347     9.97    5.81
 178623.142   181.325    13.27    7.32
 178998.284   187.523    16.52    8.15
 179373.509   194.535    18.69    9.09
 179748.817   202.170    20.35    8.52
 180124.210   210.065    21.03    8.76
 180499.686   217.904    20.88    8.47
 180875.246   224.215    16.81    7.17
 181250.890   229.639    14.44    5.70
 181626.617   234.955    14.15    5.40
 182002.429   238.703     9.97    5.21
 182378.325   242.835    10.99    4.95
 182754.304   246.748    10.41    4.73
 183130.368   251.315    12.14    5.52
 183506.516   256.062    12.62    6.52
 183882.748   261.295    13.91    5.89
 184259.065   264.645     8.90    4.23
 184635.466   266.042     3.71    2.65
 185011.951   264.001    -5.42    5.06
 185388.521   259.439   -12.11    6.83
 185765.175   256.194    -8.62    6.67
 186141.914   256.055    -0.37    6.47
 186518.737   259.156     8.23    6.55
 186895.645   262.954    10.08    4.72
 187272.638   262.988     0.09    4.57
 187649.716   262.284    -1.87    4.12
 188026.878   263.905     4.30    5.02
 188404.126   266.316     6.39    5.09
 188781.458   268.047     4.59    3.99
 189158.876   267.222    -2.19    4.78
 189536.378   264.481    -7.26    4.80
 189913.966   262.522    -5.19    3.36
 190291.638   261.805    -1.90    2.53
 190669.396   261.713    -0.24    2.62
 191047.240   260.167    -4.09    4.18
 191425.169   257.555    -6.91    5.38
 191803.183   253.955    -9.52    5.34
 192181.282   251.448    -6.63    4.11
 192559.467   252.445     2.64    5.29
 192937.738   256.885    11.74    8.97
 193316.095   266.588    25.65   11.92
 193694.537   273.745    18.91   10.47
 194073.064   278.445    12.42    6.65
 194451.678   276.628    -4.80    9.31
 194830.378   267.499   -24.11   14.71
 195209.163   255.919   -30.58   15.92
 195588.035   242.285   -35.99   13.49
 195966.992   233.560   -23.03   10.27
 196346.036   230.193    -8.88   10.40
 196725.166   231.018     2.18   14.02
 197104.382   233.656     6.96   16.89
 197483.684   236.491     7.48   17.39
 197863.072   238.986     6.58   16.27
 198242.547   240.995     5.30   13.29
 198622.109   242.649     4.36    8.28
 199001.757   239.424    -8.50    7.04
 199381.492   236.327    -8.16    5.53
 199761.313   235.775    -1.45    6.99
 200141.221   235.764    -0.03   10.56
 200521.215   237.899     5.62   12.80
 200901.297   239.784     4.96   12.08
 201281.465   239.414    -0.97    9.67
 201661.720   236.030    -8.90   10.10
 202042.062   229.865   -16.21   10.91
 202422.492   223.545   -16.62   12.15
 202803.008   217.040   -17.10   12.60
 203183.612   210.295   -17.72   12.82
 203564.302   203.473   -17.92   10.85
 203945.080   197.480   -15.74    8.49
 204325.946   191.925   -14.59    5.98
 204706.898   189.670    -5.92    3.30
 205087.938   190.354     1.80    3.20
 205469.066   192.178     4.79    3.56
 205850.281   193.829     4.33    3.68
 206231.584   194.435     1.59    4.09
 206612.975   194.483     0.13    5.25
 206994.453   194.305    -0.47    5.55
 207363.112   194.592     0.78    4.77
 207728.059   195.871     3.50    4.24
 208093.086   199.325     9.46    5.26
 208458.192   203.275    10.82    5.65
 208823.377   206.120     7.79    3.96
 209188.641   206.443     0.89    3.46
 209553.984   205.653    -2.16    3.91
 209919.406   204.079    -4.31    3.78
 210284.907   203.123    -2.62    3.46
 210650.488   204.073     2.60    4.23
