-274427.691    67.644     0.00    1.39
-274051.330    67.375    -0.72    1.29
-273674.910    67.258    -0.31    1.07
-273298.432    67.265     0.02    0.99
-272921.895    67.525     0.69    0.80
-272545.299    67.717     0.51    0.68
-272168.644    67.923     0.55    0.72
-271791.930    67.980     0.15    0.80
-271415.158    68.032     0.14    0.80
-271038.326    67.814    -0.58    0.80
-270661.436    67.434    -1.01    0.78
-270284.486    66.772    -1.76    1.22
-269907.478    65.665    -2.93    1.51
-269530.411    64.875    -2.10    1.32
-269153.284    64.015    -2.28    1.12
-268776.099    63.383    -1.68    0.91
-268398.854    62.936    -1.18    1.01
-268021.551    62.649    -0.76    1.07
-267644.188    62.429    -0.58    1.40
-267266.766    62.150    -0.74    1.52
-266889.285    61.980    -0.45    1.34
-266511.744    61.840    -0.37    1.21
-266134.144    61.830    -0.03    1.43
-265756.485    61.759    -0.19    1.90
-265378.767    61.845     0.23    2.31
-265000.989    61.434    -1.09    2.41
-264623.152    60.673    -2.01    2.49
-264245.256    59.265    -3.73    2.69
-263867.300    57.369    -5.02    2.03
-263489.284    56.650    -1.90    1.67
-263111.209    56.475    -0.46    1.42
-262733.075    56.536     0.16    1.39
-262354.881    56.923     1.02    1.35
-261976.627    56.941     0.05    1.49
-261598.314    57.252     0.82    1.62
-261219.941    57.713     1.22    1.56
-260841.509    58.492     2.06    1.69
-260463.016    59.758     3.34    1.61
-260084.465    60.991     3.26    1.56
-259705.853    62.105     2.94    1.07
-259327.181    62.502     1.05    0.83
-258948.450    62.312    -0.50    1.06
-258569.659    61.689    -1.65    1.38
-258190.808    61.224    -1.23    1.58
-257811.897    61.372     0.39    1.78
-257432.926    62.599     3.24    2.41
-257053.895    63.772     3.09    2.06
-256674.804    64.985     3.20    2.15
-256295.653    66.561     4.15    2.21
-255916.443    67.375     2.15    2.19
-255537.172    69.393     5.32    3.39
-255158.825    70.625     3.25    4.10
-254791.081    72.265     4.46    4.48
-254423.281    74.252     5.40    4.60
-254055.426    75.292     2.83    4.21
-253687.513    75.719     1.16    4.07
-253319.545    76.185     1.27    3.73
-252951.521    76.105    -0.22    3.61
-252583.440    76.812     1.92    3.31
-252215.303    76.785    -0.07    3.79
-251847.110    75.959    -2.25    4.39
-251478.860    74.488    -3.99    4.57
-251110.555    72.265    -6.03    3.95
-250742.192    70.785    -4.02    3.63
-250373.774    71.128     0.93    4.30
-250005.299    71.677     1.49    4.95
-249636.767    72.416     2.00    5.20
-249268.179    72.677     0.71    5.49
-248899.534    73.580     2.45    4.90
-248530.833    74.635     2.86    3.99
-248162.076    75.265     1.71    3.09
-247793.261    72.703    -6.94    7.84
-247424.391    64.155   -23.17   13.63
-247055.463    58.142   -16.30   13.34
-246686.479    55.224    -7.91   10.99
-246317.438    57.662     6.61   11.37
-245948.341    64.306    18.00    9.66
-245579.186    68.470    11.28    6.05
-245209.975    70.388     5.19    5.00
-244840.707    71.128     2.00    4.79
-244471.383    72.002     2.36    3.61
-244102.001    72.484     1.31    2.92
-243732.563    72.529     0.12    3.02
-243363.067    73.105     1.56    2.67
-242993.515    72.892    -0.58    2.94
-242623.906    72.936     0.12    3.24
-242254.239    73.199     0.71    3.05
-241884.516    73.470     0.74    2.72
-241514.736    72.852    -1.67    2.94
-241144.898    71.799    -2.85    3.05
-240775.004    70.177    -4.38    3.81
-240405.052    68.813    -3.69    3.98
-240035.043    68.385    -1.16    3.74
-239664.978    67.744    -1.73    4.37
-239294.854    67.852     0.29    4.64
-238924.674    67.114    -1.99    5.37
-238554.436    65.759    -3.66    6.17
-238184.141    65.425    -0.90    6.39
-237813.789    64.319    -2.99    6.65
-237443.380    64.494     0.47    7.07
-237072.913    63.956    -1.45    7.58
-236702.388    63.411    -1.47    6.83
-236331.806    63.599     0.51    6.33
-235961.167    65.341     4.70    5.93
-235590.471    68.393     8.23    4.24
-235219.716    69.152     2.05    3.75
-234848.905    68.239    -2.46    3.91
-234478.035    67.279    -2.59    3.33
-234107.108    68.515     3.33    4.14
-233736.124    70.925     6.49    4.26
-233365.082    72.920     5.38    3.13
-232993.982    74.377     3.93    2.36
-232622.824    73.639    -1.99    2.90
-232251.609    73.215    -1.14    3.27
-231880.336    72.719    -1.34    3.20
-231509.005    73.072     0.95    2.96
-231137.617    73.399     0.88    2.63
-230766.170    73.730     0.89    2.23
-230394.666    72.610    -3.01    5.02
-230023.104    68.300   -11.60   10.15
-229651.484    61.703   -17.75   12.64
-229279.805    53.238   -22.77   11.66
-228908.069    47.347   -15.84    8.62
-228536.275    43.306   -10.87    2.69
-228164.423    41.961    -3.62    1.81
-227792.513    41.183    -2.09    1.30
-227420.545    40.893    -0.78    1.03
-227048.519    40.732    -0.43    1.20
-226676.434    40.679    -0.14    1.41
-226304.291    40.461    -0.58    1.55
-225932.091    40.399    -0.17    1.81
-225559.832    40.594     0.52    1.81
-225187.514    41.147     1.49    1.56
-224815.139    41.649     1.35    1.69
-224442.705    41.265    -1.03    1.68
-224070.212    40.649    -1.65    1.83
-223697.662    39.827    -2.20    1.85
-223325.053    38.664    -3.12    1.49
-222952.385    37.586    -2.89    1.78
-222579.659    37.123    -1.24    1.68
-222206.875    36.919    -0.55    1.60
-221834.032    37.545     1.68    1.54
-221461.131    38.492     2.54    1.20
-221088.171    39.119     1.68    1.12
-220715.152    39.511     1.05    0.96
-220342.075    39.439    -0.19    1.00
-219968.939    39.032    -1.09    1.13
-219595.745    38.616    -1.11    1.19
-219222.492    38.306    -0.83    1.72
-218849.180    38.022    -0.76    2.03
-218475.809    38.177     0.42    3.48
-218102.380    39.345     3.13    5.12
-217728.891    38.812    -1.43    5.61
-217355.344    37.164    -4.41    5.27
-216981.738    35.596    -4.19    4.93
-216608.073    33.799    -4.81    3.34
-216234.349    33.799    -0.00    4.12
-215860.567    34.299     1.34    4.87
-215486.725    34.585     0.77    5.17
-215112.824    34.279    -0.82    4.82
-214738.864    34.876     1.60    4.19
-214364.845    34.895     0.05    3.45
-213990.767    35.919     2.74    3.71
-213616.630    37.315     3.73    3.31
-213242.434    38.785     3.93    3.34
-212868.178    39.198     1.10    3.55
-212493.863    36.664    -6.77    6.14
-212119.489    32.115   -12.15    9.21
-211745.056    27.475   -12.39    8.83
-211370.564    23.155   -11.53    7.20
-210996.012    20.854    -6.14    4.60
-210621.401    21.429     1.54    3.14
-210246.730    20.583    -2.26    4.88
-209872.000    20.599     0.04    5.67
-209497.210    19.399    -3.20    6.40
-209122.361    19.434     0.09    6.66
-208747.453    20.619     3.16    6.33
-208372.485    21.525     2.42    6.32
-207997.457    21.690     0.44    5.70
-207622.370    21.907     0.58    5.48
-207247.223    22.772     2.30    5.51
-206872.017    23.177     1.08    4.89
-206496.751    23.537     0.96    4.76
-206121.425    23.732     0.52    4.46
-205746.040    23.858     0.33    4.90
-205370.594    24.865     2.68    4.60
-204995.089    25.909     2.78    3.72
-204619.524    28.456     6.78    6.70
-204243.899    31.393     7.82    7.37
-203868.215    33.852     6.54    6.76
-203492.470    35.002     3.06    6.21
-203116.666    31.556    -9.17    6.24
-202740.801    29.412    -5.70    4.87
-202364.877    28.961    -1.20    4.10
-201988.892    28.915    -0.12    2.94
-201612.848    31.196     6.07    4.48
-201236.743    36.364    13.74    7.37
-200860.578    41.983    14.94    8.16
-200484.353    46.838    12.90    6.94
-200108.068    49.429     6.89    6.00
-199731.723    49.705     0.73    5.24
-199355.317    49.077    -1.67    4.58
-198978.852    47.923    -3.07    5.41
-198602.326    46.361    -4.15    5.22
-198225.739    46.934     1.52    6.01
-197849.092    50.052     8.28    8.24
-197472.385    54.959    13.02    8.85
-197095.618    60.662    15.14    5.90
-196718.790    62.799     5.67    4.26
-196341.901    62.827     0.07    4.31
-195964.952    60.686    -5.68    8.56
-195587.943    52.439   -21.87   21.02
-195210.873    40.595   -31.40   26.92
-194833.742    30.482   -26.81   26.37
-194456.551    19.472   -29.19   21.11
-194079.299    14.332   -13.62   17.00
-193701.986     9.854   -11.87   12.07
-193324.613     7.172    -7.11    7.92
-192947.179     6.353    -2.17    4.76
-192569.684     7.637     3.40    5.04
-192192.129     8.692     2.79    5.09
-191814.512     9.731     2.75    4.49
-191436.835    10.706     2.58    3.58
-191059.097    11.461     2.00    2.50
-190681.298    11.219    -0.64    2.59
-190303.438    10.925    -0.78    2.54
-189925.517    10.919    -0.02    2.95
-189547.535    10.923     0.01    3.29
-189169.492    10.681    -0.64    3.82
-188791.388    10.972     0.77    4.60
-188413.222    11.167     0.51    4.93
-188034.996    10.545    -1.64    5.07
-187656.708    10.164    -1.01    5.12
-187278.360    11.128     2.55    5.49
-186899.950    11.060    -0.18    5.90
-186521.479    12.145     2.87    6.40
-186142.946    13.615     3.88    6.89
-185764.353    15.319     4.50    6.09
-185385.697    17.138     4.80    3.28
-185006.981    15.596    -4.07    3.67
-184628.203    13.580    -5.32    2.66
-184249.364    12.653    -2.45    1.95
-183870.463    12.569    -0.22    2.19
-183491.501    14.029     3.85    3.41
-183112.477    14.930     2.38    3.08
-182733.392    15.786     2.26    2.50
-182354.245    15.343    -1.17    1.68
-181975.036    14.883    -1.21    0.88
-181595.766    15.015     0.35    1.19
-181216.434    14.827    -0.50    1.19
-180837.041    14.733    -0.25    1.14
-180457.585    14.664    -0.18    1.14
-180088.038    14.408    -0.69    0.96
-179720.415    14.312    -0.26    0.98
-179352.736    14.330     0.05    1.14
-178984.998    14.258    -0.20    1.18
-178617.203    14.351     0.25    1.15
-178249.351    14.621     0.73    1.04
-177881.440    14.840     0.60    1.03
-177513.472    15.005     0.45    1.01
-177145.447    15.142     0.37    0.84
-176777.363    15.018    -0.33    0.86
-176409.222    14.799    -0.60    0.82
-176041.023    14.347    -1.23    0.85
-175672.766    13.907    -1.20    1.05
-175304.452    13.439    -1.27    1.06
-174936.079    13.172    -0.72    1.01
-174567.649    12.812    -0.98    1.27
-174199.161    12.574    -0.65    1.30
-173830.614    12.251    -0.88    1.33
-173462.010    11.824    -1.16    1.43
-173093.348    11.416    -1.11    1.01
-172724.628    11.369    -0.13    0.95
-172355.849    11.312    -0.15    0.95
-171987.013    11.310    -0.01    0.89
-171618.118    11.388     0.21    0.95
-171249.165    11.864     1.29    1.01
-170880.154    12.498     1.72    1.03
-170511.085    13.492     2.69    2.27
-170141.958    14.306     2.21    2.83
-169772.772    14.119    -0.51    2.67
-169403.528    13.631    -1.32    1.85
-169034.226    13.448    -0.50    1.09
-168664.865    13.673     0.61    1.06
-168295.446    13.972     0.81    0.87
-167925.969    14.110     0.37    1.12
-167556.433    14.191     0.22    1.16
-167186.839    14.008    -0.49    1.03
-166817.186    13.945    -0.17    1.10
-166447.475    13.650    -0.80    0.99
-166077.705    13.564    -0.23    1.12
-165707.876    13.142    -1.14    1.32
-165337.989    12.733    -1.10    1.21
-164968.044    12.621    -0.30    1.28
-164598.039    13.174     1.50    1.93
-164227.976    14.202     2.78    2.17
-163857.854    15.110     2.45    2.48
-163487.674    16.083     2.63    3.02
-163117.435    17.330     3.37    3.79
-162747.137    17.079    -0.68    3.21
-162376.780    17.161     0.22    3.09
-162006.364    16.812    -0.94    2.87
-161635.889    15.945    -2.34    1.01
-161265.356    15.895    -0.14    1.04
-160894.763    15.868    -0.07    1.13
-160524.112    15.664    -0.55    1.20
-160153.401    15.380    -0.77    0.99
-159782.631    15.096    -0.77    1.38
-159411.803    16.903     4.87    4.21
-159040.915    18.865     5.29    5.01
-158669.968    19.482     1.66    4.89
-158298.962    19.345    -0.37    4.64
-157927.897    18.009    -3.60    3.67
-157556.773    15.677    -6.28    3.29
-157185.589    13.448    -6.01    3.68
-156814.346    12.339    -2.98    3.22
-156443.044    13.110     2.07    3.74
-156071.683    15.522     6.49    4.09
-155700.262    17.865     6.31    2.84
-155328.782    19.403     4.14    1.16
-154957.242    19.732     0.88    0.94
-154585.643    19.522    -0.57    0.93
-154213.985    19.553     0.08    0.87
-153842.267    20.101     1.47    1.26
-153470.489    21.225     3.02    2.04
-153098.652    22.128     2.43    2.19
-152726.755    24.265     5.75    4.03
-152354.799    27.372     8.35    5.55
-151982.783    27.839     1.26    5.42
-151610.708    27.465    -1.01    5.65
-151238.572    25.230    -6.01    5.69
-150866.377    22.603    -7.06    2.75
-150494.122    21.633    -2.61    1.79
-150121.808    21.797     0.44    1.78
-149749.433    22.244     1.20    1.80
-149376.999    22.605     0.97    1.77
-149004.505    22.633     0.07    1.47
-148631.951    21.332    -3.49    2.90
-148259.337    20.272    -2.84    3.69
-147886.663    19.572    -1.88    3.47
-147513.929    18.952    -1.66    3.33
-147141.135    18.975     0.06    3.10
-146768.281    19.649     1.81    2.59
-146395.367    18.813    -2.24    2.96
-146022.393    17.635    -3.16    3.20
-145649.359    16.519    -2.99    2.70
-145276.264    15.732    -2.11    1.65
-144903.110    16.140     1.09    1.23
-144529.895    16.772     1.69    0.00
-144156.620    16.772     0.00    0.00
-143783.284    16.772     0.00    0.00
-143409.888    16.772     0.00    0.00
-143036.432    16.693    -0.21    0.32
-142662.916    16.785     0.25    0.53
-142289.339    16.954     0.45    0.90
-141915.701    16.919    -0.09    1.31
-141542.004    16.824    -0.25    1.66
-141168.245    16.718    -0.28    1.92
-140794.426    17.119     1.07    2.53
-140420.547    18.546     3.82    3.08
-140046.607    21.172     7.02    3.20
-139672.606    23.315     5.73    2.34
-139298.545    24.101     2.10    1.54
-138924.423    23.897    -0.55    1.91
-138550.240    21.759    -5.71    3.55
-138175.997    18.659    -8.28    4.07
-137801.693    16.169    -6.65    3.48
-137427.328    14.142    -5.42    1.78
-137052.902    13.541    -1.60    0.90
-136678.416    13.677     0.36    1.04
-136303.868    13.644    -0.09    1.51
-135929.260    13.390    -0.68    1.56
-135554.590    13.167    -0.60    1.41
-135179.860    13.720     1.48    2.10
-134805.068    14.876     3.08    2.34
-134430.216    16.231     3.62    1.83
-134055.302    16.692     1.23    1.68
-133680.328    16.388    -0.81    2.20
-133305.292    15.758    -1.68    2.85
-132930.195    14.465    -3.45    3.21
-132555.037    13.704    -2.03    2.68
-132179.818    12.785    -2.45    1.98
-131804.537    12.897     0.30    1.59
-131429.196    13.169     0.73    1.06
-131053.792    13.147    -0.06    0.78
-130678.328    12.696    -1.20    1.31
-130302.802    11.977    -1.91    1.56
-129927.215    11.447    -1.41    1.56
-129551.566    11.359    -0.24    2.16
-129175.856    11.496     0.36    2.50
-128800.084    12.324     2.21    2.57
-128424.251    12.825     1.33    2.07
-128048.356    11.877    -2.52    2.59
-127672.400    10.614    -3.36    2.75
-127296.382     8.969    -4.37    2.47
-126920.302     8.385    -1.55    1.90
-126544.161     8.451     0.18    1.68
-126167.958     8.786     0.89    1.84
-125791.693    10.266     3.93    2.11
-125415.367    11.827     4.15    1.94
-125038.979    13.041     3.22    1.71
-124662.528    13.980     2.49    0.99
-124286.016    14.101     0.32    0.81
-123909.443    13.772    -0.87    0.91
-123532.807    13.512    -0.69    0.88
-123156.109    13.345    -0.44    0.76
-122779.349    13.488     0.38    0.94
-122402.527    14.246     2.01    1.42
-122025.643    15.097     2.26    1.76
-121648.698    15.693     1.58    1.61
-121271.689    15.877     0.49    1.52
-120894.619    15.592    -0.76    1.61
-120517.487    14.895    -1.85    1.25
-120140.292    14.784    -0.29    1.13
-119763.035    15.189     1.07    1.29
-119385.716    15.835     1.71    1.35
-119008.335    16.689     2.26    1.58
-118630.891    18.272     4.19    2.26
-118253.385    18.999     1.92    2.23
-117875.817    17.838    -3.07    4.25
-117498.186    14.799    -8.05    6.03
-117120.492    12.332    -6.53    5.53
-116742.737    10.434    -5.02    4.45
-116364.918    10.009    -1.13    3.87
-115987.037    10.127     0.31    3.62
-115609.094    10.465     0.89    3.92
-115231.088    10.503     0.10    3.81
-114853.019     9.300    -3.18    3.53
-114474.887     8.105    -3.16    2.75
-114096.693     7.355    -1.98    2.19
-113718.436     6.682    -1.78    1.94
-113340.117     6.191    -1.30    1.79
-112961.734     5.720    -1.24    1.78
-112583.289     5.272    -1.18    2.05
-112204.781     4.954    -0.84    2.26
-111826.209     4.812    -0.37    2.48
-111447.575     4.639    -0.46    2.38
-111068.878     4.577    -0.16    1.87
-110690.118     4.299    -0.73    1.11
-110311.295     4.006    -0.77    0.67
-109932.409     3.550    -1.20    0.65
-109553.460     3.303    -0.65    0.68
-109174.448     3.245    -0.15    0.74
-108795.372     3.272     0.07    0.94
-108416.234     3.585     0.83    0.90
-108037.032     3.629     0.12    1.04
-107657.767     3.421    -0.55    1.06
-107278.438     3.382    -0.10    1.10
-106899.047     3.361    -0.06    1.09
-106519.592     3.545     0.49    1.01
-106140.073     3.452    -0.25    0.95
-105760.491     3.238    -0.56    0.85
-105387.893     3.213    -0.06    0.73
-105020.453     3.286     0.20    0.82
-104652.954     3.672     1.05    0.94
-104285.395     4.119     1.22    1.01
-103917.778     4.671     1.50    0.94
-103550.102     5.251     1.58    0.73
-103182.366     5.759     1.38    0.72
-102814.572     6.172     1.12    0.70
-102446.718     6.479     0.83    0.69
-102078.805     6.545     0.18    0.71
-101710.833     6.332    -0.58    0.81
-101342.801     6.167    -0.45    0.82
-100974.711     5.863    -0.83    0.65
-100606.561     5.745    -0.32    0.49
-100238.352     5.810     0.18    0.41
 -99870.083     5.852     0.11    0.43
 -99501.755     6.101     0.68    0.52
 -99133.368     6.377     0.75    0.65
 -98764.921     6.913     1.45    0.80
 -98396.414     7.412     1.35    0.71
 -98027.849     7.930     1.41    0.65
 -97659.223     8.101     0.46    0.55
 -97290.538     8.185     0.23    0.50
 -96921.794     8.390     0.56    0.63
 -96552.990     8.561     0.46    0.77
 -96184.126     8.811     0.68    0.72
 -95815.202     8.954     0.39    0.58
 -95446.219     8.985     0.09    0.53
 -95077.176     8.887    -0.27    0.51
 -94708.074     8.759    -0.35    0.63
 -94338.911     8.681    -0.21    0.61
 -93969.689     8.733     0.14    0.57
 -93600.407     8.640    -0.25    0.55
 -93231.064     8.413    -0.62    0.70
 -92861.663     7.967    -1.21    0.78
 -92492.201     7.512    -1.23    0.80
 -92122.679     6.915    -1.62    0.81
 -91753.097     6.719    -0.53    0.69
 -91383.455     6.759     0.11    0.79
 -91013.753     6.932     0.47    0.79
 -90643.991     6.772    -0.43    0.89
 -90274.169     6.132    -1.73    1.51
 -89904.286     4.642    -4.03    2.12
 -89534.344     3.551    -2.95    1.72
 -89164.341     2.811    -2.00    1.27
 -88794.278     2.656    -0.42    0.91
 -88424.155     3.187     1.43    0.86
 -88053.971     3.408     0.60    0.87
 -87683.727     3.889     1.30    0.84
 -87313.423     4.496     1.64    0.93
 -86943.058     4.993     1.34    1.06
 -86572.633     5.652     1.78    1.01
 -86202.148     6.439     2.12    0.70
 -85831.602     6.732     0.79    0.60
 -85460.995     7.006     0.74    0.63
 -85090.328     7.071     0.18    0.73
 -84719.601     6.719    -0.95    1.01
 -84348.812     6.338    -1.03    1.09
 -83977.963     6.009    -0.89    0.98
 -83607.054     5.967    -0.11    0.90
 -83236.084     6.200     0.63    0.97
 -82865.053     6.693     1.33    0.99
 -82493.961     7.114     1.13    0.78
 -82122.809     7.380     0.72    0.64
 -81751.595     7.367    -0.04    0.59
 -81380.321     7.225    -0.38    0.58
 -81008.986     6.990    -0.63    0.47
 -80637.590     6.930    -0.16    0.40
 -80266.133     7.319     1.05    0.72
 -79894.615     7.732     1.11    0.79
 -79523.037     8.074     0.92    0.59
 -79151.397     8.199     0.33    0.52
 -78779.696     8.195    -0.01    0.52
 -78407.934     8.105    -0.24    0.50
 -78036.111     8.072    -0.09    0.56
 -77664.227     8.087     0.04    0.60
 -77292.281     8.413     0.88    0.77
 -76920.275     8.635     0.60    0.80
 -76548.207     8.877     0.65    0.72
 -76176.077     8.994     0.31    0.65
 -75803.887     9.246     0.68    0.62
 -75431.635     9.605     0.97    0.71
 -75059.322     9.824     0.59    0.80
 -74686.948     9.934     0.29    0.88
 -74314.512     9.797    -0.37    0.93
 -73942.014     9.480    -0.85    0.88
 -73569.455     9.159    -0.86    0.80
 -73196.835     8.583    -1.55    0.75
 -72824.153     7.772    -2.18    1.26
 -72451.409     7.172    -1.61    1.34
 -72078.604     6.954    -0.59    1.21
 -71705.737     7.167     0.57    1.32
 -71332.809     8.019     2.28    1.28
 -70959.819     9.012     2.66    0.84
 -70586.767     9.618     1.62    0.82
 -70213.653    10.061     1.19    0.67
 -69840.478    10.285     0.60    0.53
 -69467.240    10.412     0.34    0.51
 -69093.941    10.434     0.06    0.53
 -68720.580    10.503     0.18    0.57
 -68347.157    10.564     0.16    0.59
 -67973.672    10.658     0.25    0.70
 -67600.125    10.721     0.17    0.82
 -67226.516    11.006     0.76    1.17
 -66852.845    11.561     1.49    1.75
 -66479.112    12.936     3.68    2.88
 -66105.317    14.239     3.48    2.83
 -65731.460    14.481     0.65    2.55
 -65357.540    14.065    -1.11    2.30
 -64983.559    13.067    -2.67    1.68
 -64609.515    12.461    -1.62    0.95
 -64235.409    12.460    -0.00    0.75
 -63861.240    12.635     0.47    0.65
 -63487.009    12.917     0.75    1.21
 -63112.716    13.961     2.79    2.75
 -62738.361    15.059     2.93    3.46
 -62363.943    15.897     2.24    3.46
 -61989.462    15.547    -0.93    2.89
 -61614.919    14.905    -1.71    2.08
 -61240.314    14.477    -1.14    1.27
 -60865.646    14.035    -1.18    0.70
 -60490.915    13.879    -0.42    0.56
 -60116.122    13.903     0.07    0.50
 -59741.266    14.006     0.27    0.54
 -59366.348    14.110     0.28    0.55
 -58991.367    14.291     0.48    0.53
 -58616.323    14.074    -0.58    0.82
 -58241.216    13.601    -1.26    1.16
 -57866.047    13.110    -1.31    1.11
 -57490.814    12.653    -1.22    0.95
 -57115.519    12.285    -0.98    0.77
 -56740.161    12.114    -0.46    0.74
 -56364.740    11.559    -1.48    0.93
 -55989.256    11.239    -0.85    0.91
 -55613.709    10.708    -1.41    0.83
 -55238.099    10.210    -1.32    0.67
 -54862.426    10.126    -0.22    0.68
 -54486.690     9.855    -0.72    0.69
 -54110.890     9.721    -0.36    0.75
 -53735.028     9.583    -0.37    0.75
 -53359.102     9.535    -0.13    0.78
 -52983.113     9.681     0.39    0.85
 -52607.061     9.719     0.10    0.91
 -52230.946     9.629    -0.24    0.97
 -51854.767     9.551    -0.21    0.87
 -51478.525     9.452    -0.26    0.84
 -51102.219     9.522     0.19    0.77
 -50725.851     9.528     0.02    0.71
 -50349.418     9.548     0.05    0.76
 -49972.922     9.503    -0.12    0.71
 -49596.363     9.369    -0.35    0.71
 -49219.740     9.564     0.52    1.06
 -48843.054     9.596     0.09    1.11
 -48466.304     9.747     0.40    1.07
 -48089.490     9.772     0.07    1.19
 -47712.613     9.397    -0.99    1.07
 -47335.672     9.005    -1.04    0.86
 -46958.667     8.747    -0.68    0.75
 -46581.598     8.482    -0.70    0.86
 -46204.466     8.127    -0.94    1.02
 -45827.270     6.759    -3.63    2.68
 -45450.010     4.362    -6.35    4.00
 -45072.686     1.913    -6.49    3.66
 -44695.298     0.153    -4.66    2.17
 -44317.846    -0.557    -1.88    1.32
 -43940.330    -0.649    -0.24    1.42
 -43562.750    -0.646     0.01    1.10
 -43185.106    -0.828    -0.48    0.87
 -42807.398    -0.926    -0.26    0.73
 -42429.626    -0.927    -0.00    0.83
 -42051.789    -1.228    -0.80    1.25
 -41673.889    -1.283    -0.14    1.27
 -41295.924    -0.937     0.92    1.65
 -40917.895    -0.628     0.82    1.45
 -40539.801    -0.416     0.56    1.36
 -40161.643    -0.426    -0.03    1.39
 -39783.421    -0.800    -0.99    0.95
 -39405.135     0.054     2.26    2.24
 -39026.784     1.413     3.59    2.85
 -38648.369     3.135     4.55    2.74
 -38269.889     4.509     3.63    1.25
 -37891.344     4.721     0.56    0.64
 -37512.735     4.512    -0.55    0.58
 -37134.062     4.405    -0.28    0.49
 -36755.323     4.443     0.10    0.47
 -36376.520     4.349    -0.25    0.50
 -35997.653     4.180    -0.45    0.49
 -35618.721     3.980    -0.53    0.41
 -35239.724     3.772    -0.55    0.00
 -34860.662     3.746    -0.07    0.16
 -34481.535     3.486    -0.69    0.45
 -34102.343     3.200    -0.75    0.55
 -33723.087     2.834    -0.97    0.58
 -33343.765     2.502    -0.88    0.50
 -32964.379     2.310    -0.50    0.50
 -32584.928     2.169    -0.37    0.49
 -32205.411     1.967    -0.53    0.40
 -31825.830     1.826    -0.37    0.23
 -31446.183     1.644    -0.48    0.44
 -31066.472     1.279    -0.96    0.83
 -30690.554     0.949    -0.88    0.96
 -30323.303     0.561    -1.06    0.96
 -29955.991     0.266    -0.81    0.85
 -29588.618    -0.018    -0.77    0.60
 -29221.185    -0.215    -0.54    0.11
 -28853.691    -0.228    -0.04    0.00
 -28486.137    -0.228     0.00    0.00
 -28118.522    -0.228     0.00    0.00
 -27750.847    -0.228     0.00    0.00
 -27383.111    -0.103     0.34    0.63
 -27015.314     0.159     0.71    1.16
 -26647.457     0.353     0.53    1.46
 -26279.538     0.456     0.28    1.56
 -25911.559     0.785     0.89    1.97
 -25543.520     1.032     0.67    2.25
 -25175.419     1.285     0.69    2.48
 -24807.257     1.697     1.12    2.65
 -24439.035     2.101     1.10    2.76
 -24070.751     2.634     1.45    2.90
 -23702.407     3.583     2.57    3.47
 -23334.002     8.964    14.61   12.66
 -22965.535    20.305    30.78   25.58
 -22597.008    43.200    62.13   38.85
 -22228.419    63.705    55.63   37.31
 -21859.769    81.405    48.01   26.55
 -21491.059    92.985    31.41    9.54
 -21122.287    93.972     2.68    6.55
 -20753.453    92.545    -3.87    6.42
 -20384.559    89.490    -8.28    6.93
 -20015.603    84.395   -13.81    9.35
 -19646.586    77.473   -18.76    9.67
 -19277.508    71.512   -16.15    9.14
 -18908.368    66.669   -13.12    8.49
 -18539.167    63.206    -9.38    8.28
 -18169.904    61.059    -5.81    8.19
 -17800.580    58.693    -6.41    8.01
 -17431.195    56.503    -5.93    8.08
 -17061.748    53.169    -9.02    8.42
 -16692.239    48.050   -13.85    8.56
 -16322.669    44.835    -8.70    7.80
 -15953.037    44.564    -0.73    8.43
 -15583.344    46.693     5.76   10.05
 -15213.588    51.228    12.26    9.73
 -14843.772    52.668     3.89    8.66
 -14473.893    52.110    -1.51    8.44
 -14103.953    52.041    -0.18    8.25
 -13733.950    52.987     2.56    8.16
 -13363.886    55.472     6.71    6.91
 -12993.761    58.759     8.88    2.14
 -12623.573    59.058     0.81    2.38
 -12253.323    58.310    -2.02    3.97
 -11883.012    57.890    -1.13    3.94
 -11512.638    59.006     3.01    4.72
 -11142.202    61.177     5.86    6.45
 -10771.704    65.303    11.14    7.31
 -10401.145    69.297    10.78    6.20
 -10030.523    71.291     5.38    4.12
  -9659.839    70.105    -3.20    5.06
  -9289.092    66.105   -10.79    6.15
  -8918.284    62.122   -10.74    5.51
  -8547.413    59.019    -8.37    4.13
  -8176.480    57.722    -3.50    2.95
  -7805.485    57.696    -0.07    2.25
  -7434.427    58.215     1.40    1.61
  -7063.307    58.798     1.57    1.34
  -6692.125    58.889     0.24    1.28
  -6320.880    58.184    -1.90    1.53
  -5949.573    57.298    -2.39    1.75
  -5578.203    55.928    -3.69    1.97
  -5206.771    53.860    -5.57    3.22
  -4835.276    51.443    -6.51    4.30
  -4463.718    48.823    -7.05    4.61
  -4092.098    45.898    -7.87    4.38
  -3720.415    43.772    -5.72    4.15
  -3348.670    41.559    -5.95    4.98
  -2976.862    40.338    -3.29    5.72
  -2604.991    39.528    -2.18    5.10
  -2233.057    37.413    -5.69    6.94
  -1861.060    29.503   -21.26   14.80
  -1489.001    20.032   -25.46   17.56
  -1116.879     9.215   -29.07   14.21
   -744.693     1.969   -19.47    6.22
   -372.445    -0.203    -5.84    0.16
     -0.134    -0.081     0.33    0.36
    372.240     0.101     0.49    0.47
    744.677     0.228     0.34    0.50
   1117.177     0.544     0.85    0.60
   1489.741     0.999     1.22    1.02
   1862.367     1.572     1.54    1.75
   2235.057     2.407     2.24    2.38
   2607.810     3.072     1.78    2.72
   2980.626     3.853     2.10    2.92
   3353.505     4.837     2.64    2.54
   3726.448     5.412     1.54    2.35
   4099.454     6.290     2.36    1.69
   4472.524     6.826     1.44    1.11
   4845.656     7.241     1.11    0.57
   5218.853     7.407     0.44    0.48
   5592.112     7.522     0.31    0.44
   5965.436     7.607     0.23    0.37
   6338.822     7.694     0.23    0.27
   6712.273     7.705     0.03    0.25
   7085.787     7.734     0.08    0.19
   7459.364     7.732    -0.01    0.20
   7833.005     7.734     0.01    0.19
   8206.710     7.732    -0.01    0.20
   8580.479     7.708    -0.07    0.25
   8954.311     7.709     0.00    0.29
   9328.207     7.672    -0.10    0.30
   9702.167     7.605    -0.18    0.38
  10076.191     7.544    -0.16    0.42
  10450.279     7.443    -0.27    0.47
  10824.431     7.400    -0.11    0.49
  11198.646     7.336    -0.17    0.50
  11572.926     7.284    -0.14    0.50
  11947.270     7.172    -0.30    0.49
  12321.677     6.990    -0.49    0.50
  12696.149     6.696    -0.78    0.55
  13070.685     6.490    -0.55    0.56
  13445.285     6.297    -0.52    0.76
  13819.950     6.206    -0.24    0.87
  14194.678     6.139    -0.18    0.92
  14569.471     6.101    -0.10    1.09
  14944.328     5.622    -1.28    1.63
  15319.249     4.825    -2.12    2.12
  15694.235     3.709    -2.98    2.41
  16069.285     2.448    -3.36    2.08
  16444.400     1.422    -2.73    1.72
  16819.579     0.705    -1.91    1.22
  17194.822     0.395    -0.83    0.95
  17570.130     0.132    -0.70    0.65
  17945.503     0.097    -0.09    0.55
  18320.940     0.074    -0.06    0.46
  18696.442     0.059    -0.04    0.46
  19072.008    -0.004    -0.17    0.42
  19447.640     0.169     0.46    1.32
  19823.335     2.050     5.01    5.45
  20199.096     6.097    10.77    9.80
  20574.922    11.733    15.00   13.59
  20950.812    18.135    17.03   15.10
  21326.767    26.823    23.11   15.37
  21702.787    33.913    18.86   14.18
  22078.872    41.631    20.52   12.09
  22455.022    46.709    13.50   11.29
  22831.237    51.291    12.18   11.13
  23207.517    53.956     7.08   12.17
  23583.862    53.972     0.04   13.98
  23960.272    52.096    -4.98   15.55
  24336.747    50.559    -4.08   13.94
  24713.288    49.982    -1.53   11.31
  25089.893    51.200     3.23    9.08
  25466.564    54.785     9.52    7.36
  25843.300    56.534     4.64    6.12
  26220.102    54.811    -4.57    7.82
  26596.968    47.522   -19.34   12.06
  26973.901    39.772   -20.56   12.63
  27350.898    36.272    -9.28   12.14
  27727.961    35.476    -2.11   11.83
  28105.090    36.297     2.18   11.47
  28482.284    35.823    -1.26    8.95
  28859.543    38.213     6.34   12.56
  29236.868    45.012    18.02   17.03
  29614.259    50.954    15.74   17.54
  29991.715    55.911    13.13   16.04
  30369.237    56.967     2.80   14.75
  30746.825    60.609     9.65   13.40
  31124.479    65.556    13.10   11.05
  31502.198    68.340     7.37    9.09
  31879.983    65.610    -7.23   13.33
  32257.834    61.734   -10.26   13.19
  32635.751    64.291     6.76   13.28
  33013.734    66.810     6.66   12.64
  33391.782    68.259     3.83   10.19
  33769.897    67.152    -2.93   10.11
  34148.078    65.876    -3.37   10.03
  34526.325    66.041     0.44   10.16
  34904.638    68.434     6.33    9.08
  35283.017    69.114     1.80    8.10
  35661.462    68.859    -0.67    7.64
  36039.973    69.153     0.78    6.87
  36418.551    67.947    -3.19    6.70
  36797.195    66.123    -4.82    7.35
  37175.905    63.179    -7.77    7.88
  37554.682    62.667    -1.35    8.60
  37933.525    65.392     7.19    8.73
  38312.434    69.153     9.93    8.29
  38691.410    72.347     8.43    5.94
  39070.452    69.863    -6.55    9.22
  39449.561    64.848   -13.23   11.06
  39828.736    59.834   -13.22    9.63
  40207.978    56.747    -8.14    7.69
  40587.287    60.734    10.51    6.95
  40966.662    64.486     9.89    6.76
  41346.104    62.422    -5.44    8.41
  41725.613    56.407   -15.85   13.16
  42105.188    48.537   -20.73   12.86
  42484.830    44.167   -11.51    7.71
  42864.539    47.822     9.63    8.68
  43244.315    53.167    14.07    6.46
  43624.158    56.634     9.13    3.15
  44003.689    60.473    10.11    7.01
  44370.746    64.974    12.26    9.03
  44737.864    71.063    16.59    7.34
  45105.045    73.959     7.89    3.79
  45472.287    71.285    -7.28    7.26
  45839.592    63.484   -21.24   12.54
  46206.958    52.561   -29.73   14.54
  46574.387    41.597   -29.84   13.29
  46941.878    31.232   -28.20    8.71
  47309.431    23.759   -20.33    7.16
  47677.046    17.640   -16.64    6.00
  48044.724    13.622   -10.93    5.01
  48412.464    10.640    -8.11    2.93
  48780.266     9.525    -3.03    2.21
  49148.130     9.679     0.42    2.69
  49516.057    13.405    10.13    7.55
  49884.046    18.006    12.50    9.48
  50252.098    22.634    12.58    8.93
  50620.212    26.967    11.77    6.07
  50988.388    29.247     6.19    3.59
  51356.627    30.499     3.40    2.08
  51724.929    31.497     2.71    1.53
  52093.293    32.152     1.78    2.16
  52461.720    32.822     1.82    2.67
  52830.210    33.629     2.19    3.00
  53198.762    34.634     2.73    3.32
  53567.377    35.341     1.92    3.59
  53936.055    36.222     2.39    4.14
  54304.795    36.957     1.99    4.16
  54673.598    37.698     2.01    4.55
  55042.464    37.580    -0.32    5.02
  55411.393    36.525    -2.86    5.42
  55780.385    35.101    -3.86    5.18
  56149.440    33.234    -5.06    4.27
  56518.558    32.056    -3.19    3.93
  56887.739    33.443     3.76    7.59
  57256.983    35.114     4.53   10.09
  57626.290    36.092     2.65   11.83
  57995.660    33.860    -6.04   11.92
  58365.093    29.847   -10.86   10.69
  58734.590    26.895    -7.99    7.44
  59104.149    26.413    -1.31    6.04
  59473.772    26.534     0.33    5.64
  59843.458    28.054     4.11    5.47
  60213.208    29.722     4.51    6.43
  60583.020    30.898     3.18    7.43
  60952.897    32.284     3.75    7.85
  61322.836    34.848     6.93    8.43
  61692.839    38.459     9.76    9.38
  62062.906    44.535    16.42    8.87
  62433.036    49.359    13.03    7.44
  62803.229    51.810     6.62    7.98
  63173.486    54.118     6.23    7.66
  63543.807    54.645     1.43    7.59
  63914.191    53.047    -4.32    6.47
  64284.639    51.421    -4.39    5.67
  64655.151    50.472    -2.56    3.73
  65025.726    48.656    -4.90    5.34
  65396.365    46.587    -5.58    7.34
  65767.068    42.837   -10.12    8.06
  66137.835    41.809    -2.77    7.46
  66508.666    43.065     3.39    6.69
  66879.560    44.016     2.56    5.34
  67250.519    45.122     2.98    5.22
  67621.541    44.519    -1.63    5.41
  67992.628    42.272    -6.06    6.10
  68363.778    39.147    -8.42    6.33
  68734.993    36.119    -8.16    5.49
  69106.271    35.284    -2.25    6.11
  69477.614    36.915     4.39    8.70
  69849.021    38.022     2.98    9.94
  70220.492    38.425     1.09   10.12
  70592.028    36.809    -4.35    9.66
  70963.627    34.172    -7.10    8.08
  71335.291    32.906    -3.41    5.56
  71707.019    32.291    -1.65    3.83
  72078.812    34.372     5.60    5.10
  72450.669    36.812     6.56    5.68
  72822.591    38.147     3.59    5.84
  73194.577    38.811     1.79    5.35
  73566.627    39.418     1.63    4.95
  73938.742    40.291     2.35    4.41
  74310.922    41.797     4.04    4.55
  74683.166    43.443     4.42    4.08
  75055.475    44.409     2.60    3.89
  75427.848    45.746     3.59    4.29
  75800.286    47.661     5.14    5.75
  76172.789    51.291     9.75    8.11
  76545.357    55.334    10.85    9.98
  76917.989    59.045     9.96   11.32
  77290.687    61.372     6.24   13.13
  77663.449    65.405    10.82   13.72
  78036.276    70.722    14.26   15.02
  78409.168    79.025    22.27   15.58
  78782.125    85.859    18.33   14.88
  79155.147    91.835    16.02    9.68
  79528.234    89.359    -6.64   12.30
  79901.387    86.012    -8.97   14.82
  80274.604    82.587    -9.18   14.91
  80647.886    79.522    -8.21   15.78
  81021.234    75.409   -11.02   17.02
  81394.647    70.759   -12.45   15.21
  81768.125    64.898   -15.69   14.01
  82141.668    63.550    -3.61   14.02
  82515.277    62.871    -1.82   14.54
  82888.951    63.685     2.18   15.73
  83262.691    63.924     0.64   16.63
  83636.495    63.519    -1.08   17.07
  84010.366    60.969    -6.82   16.95
  84384.302    56.550   -11.82   14.86
  84758.303    54.401    -5.74   13.05
  85132.370    51.109    -8.80   10.51
  85506.502    46.567   -12.14    9.71
  85880.701    37.734   -23.61   12.65
  86254.964    33.645   -10.93   11.20
  86629.294    35.759     5.65   13.82
  87003.689    44.076    22.21   17.81
  87378.150    57.734    36.48   14.07
  87752.677    65.980    22.02   11.65
  88127.270    68.056     5.54   11.19
  88501.928    63.382   -12.48   14.23
  88876.653    60.047    -8.90   14.27
  89251.443    61.305     3.36   15.47
  89626.299    68.451    19.06   16.62
  90001.222    77.664    24.57   13.35
  90376.210    83.352    15.17    9.36
  90751.265    86.182     7.55    6.31
  91126.385    85.118    -2.84    8.10
  91501.572    82.279    -7.57    9.76
  91876.825    79.634    -7.05    9.14
  92252.144    76.746    -7.70    9.55
  92627.530    79.278     6.75   10.01
  93002.982    80.911     4.35   10.08
  93378.500    80.352    -1.49    8.57
  93754.084    81.746     3.71    7.56
  94129.735    83.685     5.16    7.35
  94505.452    87.397     9.88    5.48
  94881.236    87.303    -0.25    5.85
  95257.087    84.624    -7.13    7.61
  95633.003    81.709    -7.76    9.52
  96008.987    78.101    -9.60    9.81
  96385.037    72.847   -13.97   11.12
  96761.154    71.006    -4.89   11.32
  97137.337    75.172    11.07   13.25
  97513.587    80.179    13.31   14.28
  97889.904    85.233    13.43   10.78
  98266.287    86.155     2.45   11.50
  98642.738    81.528   -12.29   14.47
  99019.255    72.105   -25.03   18.09
  99395.839    65.092   -18.63   15.88
  99772.491    67.308     5.89   16.25
 100149.209    74.407    18.84   19.15
 100525.994    83.068    22.99   14.19
 100902.846    87.590    12.00    9.14
 101279.765    80.662   -18.38   14.90
 101656.752    72.045   -22.86   15.43
 102033.805    70.447    -4.24   14.72
 102410.926    69.253    -3.17   14.52
 102788.114    72.562     8.77   11.42
 103165.369    74.883     6.15   10.95
 103542.692    77.455     6.82   12.49
 103920.081    84.409    18.43    9.08
 104297.539    83.513    -2.38   11.38
 104675.063    77.525   -15.86   14.56
 105052.655    74.172    -8.88   12.53
 105430.315    75.266     2.90   11.50
 105808.042    79.668    11.66   10.36
 106185.836    79.650    -0.05    9.57
 106563.698    74.720   -13.05   12.37
 106941.628    68.611   -16.16   12.74
 107319.626    59.456   -24.22   10.90
 107697.691    50.967   -22.46   13.20
 108075.824    46.114   -12.84   10.74
 108454.024    44.880    -3.26    9.11
 108832.293    46.949     5.47    7.55
 109210.629    48.414     3.87    7.05
 109589.033    48.105    -0.82    7.27
 109967.505    48.797     1.83    7.60
 110346.045    46.967    -4.83    8.13
 110724.653    46.006    -2.54    8.08
 111103.329    46.223     0.57    8.18
 111482.073    49.860     9.60   10.76
 111860.885    60.710    28.64   16.92
 112239.766    67.797    18.71   16.46
 112618.714    78.796    29.03   14.25
 112997.731    88.574    25.80   14.00
 113376.816    98.101    25.13   15.04
 113755.969   103.452    14.11   13.99
 114135.190   108.601    13.58   12.84
 114514.480   114.607    15.84   12.38
 114893.838   115.155     1.44   11.87
 115273.265   115.272     0.31    9.92
 115652.760   114.080    -3.14   10.45
 116032.324   110.833    -8.56   11.90
 116411.956   110.784    -0.13   11.67
 116791.657   112.406     4.27   11.34
 117171.426   112.303    -0.27    9.46
 117551.264   111.253    -2.77    9.24
 117931.171   106.379   -12.83   13.65
 118311.147   100.374   -15.81   15.98
 118691.191   100.022    -0.93   16.35
 119061.446   103.528     9.47   13.51
 119428.366   106.061     6.91   11.76
 119795.350   103.028    -8.27   13.78
 120162.397    98.252   -13.01   13.80
 120529.508    92.562   -15.50   13.91
 120896.683    88.926    -9.90   14.16
 121263.921    82.463   -17.60   17.52
 121631.223    79.340    -8.50   17.06
 121998.589    80.601     3.43   16.16
 122366.018    82.525     5.24   14.51
 122733.512    91.222    23.67   13.42
 123101.069    98.204    19.00   13.98
 123468.690   105.504    19.86   14.75
 123836.374   110.574    13.79   10.42
 124204.123   110.389    -0.50   11.24
 124571.936   109.122    -3.45   13.46
 124939.812   106.093    -8.23   14.80
 125307.753   103.857    -6.08   17.03
 125675.758   102.506    -3.67   17.16
 126043.827   104.043     4.18   14.72
 126411.960   101.003    -8.26   15.76
 126780.157    95.540   -14.84   17.14
 127148.418    88.291   -19.69   16.63
 127516.743    78.832   -25.68   16.41
 127885.133    73.954   -13.24   14.53
 128253.587    71.443    -6.82   14.80
 128622.106    72.851     3.82   15.79
 128990.688    84.022    30.31   21.08
 129359.336    97.122    35.54   21.80
 129728.047   109.321    33.09   13.82
 130096.823   114.362    13.67   11.12
 130465.664   114.821     1.24   12.59
 130834.569   113.202    -4.39   13.16
 131203.538   105.772   -20.14   14.03
 131572.573   100.209   -15.07   12.55
 131941.672    96.056   -11.25   12.25
 132310.835    92.309   -10.15   13.25
 132680.063    89.565    -7.43   15.42
 133049.356    87.155    -6.53   14.90
 133418.714    83.352   -10.30   12.86
 133788.136    81.747    -4.35   13.38
 134157.624    80.186    -4.22   13.82
 134527.176    77.031    -8.54    9.94
 134896.793    77.394     0.98    8.61
 135266.475    79.384     5.39    9.73
 135636.222    85.229    15.81   11.04
 136006.034    89.016    10.24   12.37
 136375.912    97.052    21.73   12.70
 136745.854   103.808    18.26   12.64
 137115.861   110.266    17.45   10.58
 137485.933   114.386    11.14    8.56
 137856.071   116.159     4.79   11.02
 138226.274   116.760     1.62   10.70
 138596.542   115.994    -2.07   11.75
 138966.875   115.414    -1.57   11.67
 139337.274   117.009     4.31   13.28
 139707.738   123.619    17.84   14.88
 140078.268   132.488    23.94    7.37
 140448.862   134.303     4.90    5.52
 140819.523   133.984    -0.86    4.46
 141190.249   131.236    -7.41    5.43
 141561.040   129.012    -6.00    5.22
 141931.897   129.167     0.42    5.26
 142302.819   130.746     4.26    5.69
 142673.807   134.369     9.77    4.92
 143044.861   136.291     5.18    4.68
 143415.981   134.319    -5.31    6.98
 143787.166   129.721   -12.39    8.95
 144158.417   123.574   -16.56   10.40
 144529.734   119.092   -12.07    8.59
 144901.117   117.939    -3.11    8.61
 145272.565   117.860    -0.21    9.05
 145644.080   120.031     5.84    9.62
 146015.660   122.694     7.17    8.00
 146387.306   120.343    -6.33   10.26
 146759.019   118.993    -3.63   10.76
 147130.797   117.711    -3.45   11.98
 147502.642   115.719    -5.36   13.94
 147874.553   114.808    -2.45   15.08
 148246.529   111.862    -7.92   14.20
 148618.572   108.113   -10.08   13.04
 148990.682   106.351    -4.74   12.59
 149362.857   108.699     6.31   14.37
 149735.099   107.252    -3.89   15.33
 150107.407   108.117     2.32   15.66
 150479.782   111.213     8.32   18.89
 150852.223   118.290    19.00   23.16
 151224.730   128.291    26.85   17.81
 151597.304   132.760    12.00   13.65
 151969.945   133.447     1.84   10.62
 152342.652   131.967    -3.97    7.63
 152715.425   131.733    -0.63    5.15
 153088.265   130.712    -2.74    4.46
 153461.172   130.080    -1.70    4.28
 153834.146   128.077    -5.37    5.72
 154207.186   126.759    -3.53    9.15
 154580.293   125.369    -3.72   10.66
 154953.467   119.874   -14.73   13.71
 155326.707   118.486    -3.72   14.39
 155700.015   121.747     8.73   14.49
 156073.389   128.043    16.87   15.76
 156446.831   140.455    33.24   13.23
 156820.339   147.289    18.30    8.01
 157193.915   150.334     8.15    5.07
 157567.557   148.155    -5.83    7.32
 157941.267   142.401   -15.40    9.39
 158315.043   139.689    -7.26    9.87
 158688.887   137.685    -5.36   10.65
 159062.798   137.685     0.00   11.71
 159436.776   138.101     1.11   10.79
 159810.822   135.097    -8.03   13.39
 160184.935   127.984   -19.01   19.58
 160559.115   118.967   -24.10   22.79
 160933.363   111.327   -20.42   23.82
 161307.678   111.319    -0.02   25.44
 161682.060   114.722     9.09   28.50
 162056.510   126.979    32.74   26.78
 162431.028   133.821    18.27   23.27
 162805.613   136.555     7.30   20.06
 163180.265   140.016     9.24   13.48
 163554.985   140.796     2.08   11.25
 163929.773   140.638    -0.42   10.70
 164304.629   143.525     7.70    9.21
 164679.553   140.967    -6.82   10.77
 165054.544   138.491    -6.60   13.74
 165429.603   137.641    -2.27   14.27
 165804.730   134.857    -7.42   13.80
 166179.924   130.534   -11.52   16.58
 166555.187   125.569   -13.23   17.81
 166930.518   120.519   -13.46   17.31
 167305.916   122.722     5.87   16.61
 167681.383   121.315    -3.75   17.01
 168056.918   120.472    -2.25   16.10
 168432.521   114.666   -15.46   17.58
 168808.192   107.886   -18.05   17.31
 169183.931    97.357   -28.02   21.67
 169559.739    86.538   -28.79   19.95
 169935.615    78.501   -21.38   19.60
 170311.559    68.862   -25.64   16.27
 170687.571    60.181   -23.09   15.58
 171063.652    52.499   -20.43    9.13
 171439.801    50.478    -5.37    5.35
 171816.019    50.974     1.32    4.72
 172192.305    52.192     3.24    4.09
 172568.659    52.497     0.81    3.26
 172945.083    52.202    -0.78    3.80
 173321.575    54.303     5.58    8.21
 173698.135    57.982     9.77   12.51
 174074.764    65.955    21.17   16.07
 174451.462    74.138    21.73   17.28
 174828.229    79.247    13.56   16.61
 175205.064    84.796    14.73   18.12
 175581.968    98.430    36.18   20.66
 175958.941   107.869    25.04   22.32
 176335.983   115.290    19.68   19.26
 176713.094   120.229    13.10   16.89
 177090.274   123.504     8.68   14.98
 177467.523   125.142     4.34   11.81
 177844.841   129.737    12.18   10.23
 178222.228   129.322    -1.10   10.68
 178599.684   125.125   -11.12    9.49
 178977.210   122.784    -6.20    8.89
 179354.804   123.501     1.90    7.34
 179732.468   122.928    -1.52    8.26
 180110.201   120.880    -5.42   10.16
 180488.004   117.259    -9.59   12.81
 180865.876   112.619   -12.28   12.19
 181243.817   109.397    -8.53    9.96
 181621.827   108.611    -2.08    8.65
 181999.908   109.085     1.25    9.62
 182378.057   109.748     1.75   10.00
 182756.276   107.357    -6.32   12.78
 183134.565   101.784   -14.74   15.78
 183512.923    96.455   -14.09   16.28
 183891.351    90.138   -16.70   15.46
 184269.849    80.145   -26.40   17.37
 184648.417    71.247   -23.51   17.33
 185027.054    65.550   -15.05   12.83
 185405.761    67.698     5.67   15.71
 185784.538    77.607    26.17   20.07
 186163.385    87.247    25.45   18.46
 186542.302    89.927     7.07   20.70
 186921.288    92.156     5.88   22.42
 187300.345    90.007    -5.67   24.03
 187679.472    88.131    -4.95   23.84
 188058.669    88.418     0.76   23.22
 188437.936    87.093    -3.50   21.91
 188817.273    88.172     2.84   19.25
 189196.680    88.155    -0.05   20.61
 189576.158    88.686     1.40   21.76
 189955.706    88.943     0.67   22.75
 190335.324    90.065     2.96   21.56
 190715.013    89.605    -1.21   21.47
 191094.772    95.218    14.78   22.76
 191474.601    98.844     9.55   24.43
 191854.501   100.509     4.38   23.83
 192234.472    99.360    -3.03   22.59
 192614.513    98.618    -1.95   19.89
 192994.624   102.603    10.49   17.79
 193374.806   104.080     3.88   17.50
 193748.957   109.101    13.42   16.66
 194115.674   113.990    13.33   17.52
 194482.455   117.374     9.23   14.78
 194849.302   119.515     5.84   16.18
 195216.214   120.431     2.49   17.35
 195583.191   120.609     0.49   18.01
 195950.233   121.845     3.37   15.68
 196317.340   120.859    -2.69   17.33
 196684.513   120.141    -1.96   17.72
 197051.751   118.415    -4.70   18.59
 197419.055   120.081     4.54   20.55
 197786.424   119.089    -2.70   19.77
 198153.858   117.863    -3.34   17.55
 198521.358   116.001    -5.07   15.80
