# NaN NaN NaN ;Mean Elev.(m), Avg Gradient(m/km), RMS Gradient(m/km) - SRTM1     
#    6.121  -1.559  13.743 ;Mean Elev.(m), Avg Gradient(m/km), RMS Gradient(m/km) - ASTER GDEM
#    5.378  -1.895  14.531 ;Mean Elev.(m), Avg Gradient(m/km), RMS Gradient(m/km) - GMTED2010 
  7    18.214 52456.28216866 19.53  65.370036  62.822527  8.916
  7    18.607 52456.28216930 18.79  65.367456  62.819387  8.916
  7    18.985 52456.28216995 20.53  65.364876  62.816247  8.916
  7    19.258 52456.28217059 20.92  65.362296  62.813107  8.916
  7    19.703 52456.28217124 21.80  65.359716  62.809967  8.916
  7    19.232 52456.28217188 23.22  65.357136  62.806837  8.916
  7    19.846 52456.28217253 23.34  65.354556  62.803697  8.916
  7    19.636 52456.28217317 25.44  65.351976  62.800557  8.916
 10    15.164 52561.28216959 20.01  65.381322  62.825001  4.863
 10    14.789 52561.28217023 14.09  65.378742  62.821861  4.863
 10    14.880 52561.28217088 14.66  65.376162  62.818721  4.863
 10    15.579 52561.28217152 15.40  65.373572  62.815581  4.863
 12    14.306 52631.28212115 18.48  65.378615  62.817152  6.245
 12    14.336 52631.28212180 20.76  65.376035  62.814012  6.245
 12    14.797 52631.28212244 20.89  65.373445  62.810882  6.245
 12    14.929 52631.28212309 21.59  65.370865  62.807742  6.245
 12    15.328 52631.28212373 20.26  65.368285  62.804602  6.245
 12    16.077 52631.28212438 20.79  65.365705  62.801462  6.245
 12    16.331 52631.28212502 20.36  65.363125  62.798322  6.245
 12    16.397 52631.28212566 20.76  65.360545  62.795182  6.245
 15    16.162 52736.28215159  7.85  65.377687  62.829448  3.380
 15    15.834 52736.28215224  7.61  65.375107  62.826308  3.380
 15    15.314 52736.28215288  8.46  65.372527  62.823168  3.380
 15    15.289 52736.28215352  9.06  65.369937  62.820028  3.380
 15    16.914 52736.28215417  8.62  65.367357  62.816888  3.380
 15    17.314 52736.28215481  9.55  65.364777  62.813758  3.380
 15    17.113 52736.28215546 10.24  65.362197  62.810618  3.380
 15    17.408 52736.28215610 10.25  65.359617  62.807478  3.380
 15    17.577 52736.28215675 10.14  65.357045  62.804342  1.837
 15    17.688 52736.28215739 10.28  65.354465  62.801202  1.837
 15    17.754 52736.28215804 10.43  65.351885  62.798062  1.837
 17    45.798 52806.28217726 10.67  65.379066  62.818121 12.074
 17    45.706 52806.28217790  7.40  65.376486  62.814991 12.074
 17    17.860 52806.28217919 16.40  65.371316  62.808711 12.074
 17    17.821 52806.28217984 17.55  65.368736  62.805571 12.074
 17    18.568 52806.28218048 17.38  65.366156  62.802431 12.074
 17    19.458 52806.28218113 18.33  65.363576  62.799291 12.074
 17    19.982 52806.28218177 18.34  65.360996  62.796161 12.074
 17    21.044 52806.28218242 21.93  65.358416  62.793021 12.074
 18    17.732 52841.28223683 15.61  65.379443  62.819360 15.665
 18    17.370 52841.28223747 16.64  65.376863  62.816220 15.665
 18    17.889 52841.28223812 17.19  65.374273  62.813080 15.665
 18    17.436 52841.28223876 19.29  65.371693  62.809950 15.665
 18    17.937 52841.28223941 19.97  65.369113  62.806810 15.665
 19    13.462 52876.28227576 17.60  65.374603  62.819671 10.890
 19    14.132 52876.28227640 15.70  65.372013  62.816531 10.890
 19    15.987 52876.28227705 14.09  65.369433  62.813391 10.890
 19    15.207 52876.28227769 16.26  65.366853  62.810251 10.890
 19    15.710 52876.28227834 17.60  65.364273  62.807121 10.890
 19    17.965 52876.28227898 17.38  65.361693  62.803981 10.890
 19    19.101 52876.28227963 18.14  65.359113  62.800841 10.890
 19    19.599 52876.28228027 18.49  65.356533  62.797701 10.890
 20    18.226 52911.28223773 13.10  65.376913  62.828369  5.353
 20    16.679 52911.28223837 15.88  65.374333  62.825229  5.353
 20    17.276 52911.28223901 15.60  65.371753  62.822089  5.353
 20    15.525 52911.28223966 17.04  65.369164  62.818953 11.975
 20    15.046 52911.28224030 17.08  65.366584  62.815813 11.975
 20    15.762 52911.28224095 17.95  65.364004  62.812673 11.975
 20    15.769 52911.28224159 17.65  65.361424  62.809533 11.975
 20    16.611 52911.28224224 20.14  65.358844  62.806393 11.975
 20    18.840 52911.28224288 20.11  65.356274  62.803253 11.975
 20    18.295 52911.28224353 21.67  65.353694  62.800113 11.975
 23    12.790 53016.28222628 11.84  65.372326  62.831044  4.164
 23    11.695 53016.28222692 12.81  65.369744  62.827902  3.886
 23    12.971 53016.28222757 13.73  65.367164  62.824772  3.886
 23    14.633 53016.28222821 13.64  65.364584  62.821632  3.886
 23    14.982 53016.28222886 14.36  65.362004  62.818492  3.886
 23    16.282 53016.28222950 13.56  65.359414  62.815352  3.886
 23    16.420 53016.28223015 16.23  65.356834  62.812212  3.886
 23    17.089 53016.28223079 14.85  65.354254  62.809072  3.886
 24    12.470 53051.28220541 12.30  65.381894  62.818205  3.255
 24    13.127 53051.28220605 12.33  65.379304  62.815065  3.255
 24    14.324 53051.28220670 12.08  65.376724  62.811925  3.255
 24    15.188 53051.28220734 12.46  65.374144  62.808785  3.255
 24    15.952 53051.28220799 12.76  65.371564  62.805655  3.255
 24    16.053 53051.28220863 13.09  65.368984  62.802515  3.255
 24    16.498 53051.28220927 13.46  65.366404  62.799375  3.255
 24    16.605 53051.28220992 13.62  65.363824  62.796235  3.255
 24    16.727 53051.28221056 13.17  65.361244  62.793095  3.255
 25    14.221 53086.28223938  9.23  65.368291  62.834682  2.843
 25    14.540 53086.28224002  9.47  65.365711  62.831552  2.843
 25    14.880 53086.28224067  9.74  65.363121  62.828412  2.843
 25    15.483 53086.28224131  9.71  65.360541  62.825272  2.843
 25    15.486 53086.28224196  9.97  65.357961  62.822132  2.843
 25    17.122 53086.28224260  9.84  65.355381  62.818992  2.843
 25    17.886 53086.28224325 10.22  65.352801  62.815862  2.843
 25    17.878 53086.28224389 10.20  65.350221  62.812722  2.843
 26    16.475 53121.28221361  8.03  65.369496  62.811127  2.486
 26    15.902 53121.28221426 11.32  65.366916  62.807987  2.486
 26    16.574 53121.28221490 10.99  65.364336  62.804847  2.486
 26    16.834 53121.28221555 10.72  65.361756  62.801707  2.486
 26    17.465 53121.28221619 10.42  65.359176  62.798567  2.486
 26    17.479 53121.28221684 10.32  65.356596  62.795437  2.486
 28    16.105 53191.28225699 31.43  65.380537  62.825203 15.058
 28    17.615 53191.28225763 13.39  65.377947  62.822063 15.058
 28    17.759 53191.28225828 13.37  65.375367  62.818933 15.058
 28    17.680 53191.28225892 14.09  65.372787  62.815793 15.058
 28    17.540 53191.28225957 14.94  65.370207  62.812653 15.058
 28    18.267 53191.28226021 16.23  65.367627  62.809513 15.058
 28    18.797 53191.28226085 15.25  65.365047  62.806373 15.058
 28    19.281 53191.28226150 16.22  65.362467  62.803233 15.058
 28    19.375 53191.28226214 18.94  65.359887  62.800103 15.058
 28    18.967 53191.28226279 19.69  65.357307  62.796963 15.058
 29    14.354 53226.28226126 23.31  65.377936  62.828879 16.627
 29    13.821 53226.28226190 24.19  65.375356  62.825749 16.627
 29    13.780 53226.28226255 18.02  65.372776  62.822609 16.627
 29    13.546 53226.28226319 14.42  65.370196  62.819469 16.627
 29    14.337 53226.28226384 14.01  65.367616  62.816329 16.627
 29    14.523 53226.28226448 12.97  65.365036  62.813189 16.627
 29    15.599 53226.28226513 13.45  65.362456  62.810049 16.627
 30    34.134 53261.28223422 11.13  65.369538  62.835467  4.731
 30    12.552 53261.28223615 36.11  65.361782  62.826053 12.020
 30    12.144 53261.28223679 38.60  65.359202  62.822913 12.020
 30    13.451 53261.28223744 40.61  65.356622  62.819773 12.020
 30    13.564 53261.28223808 42.28  65.354042  62.816633 12.020
 30    13.735 53261.28223873 41.99  65.351462  62.813493 12.020
 31    12.814 53296.28226798 16.38  65.375827  62.828724 10.677
 31    13.214 53296.28226863 17.00  65.373237  62.825584 10.677
 31    13.727 53296.28226927 18.02  65.370657  62.822444 10.677
 31    13.389 53296.28226992 17.94  65.368077  62.819304 10.677
 31    14.385 53296.28227056 18.53  65.365487  62.816164 10.677
 31    17.349 53296.28227378 22.94  65.352587  62.800474 10.677
 32    15.586 53331.28224064 19.46  65.377482  62.827239 11.489
 32    16.473 53331.28224129 20.85  65.374902  62.824099 11.489
 32    15.558 53331.28224193 22.04  65.372312  62.820959 11.489
 32    16.128 53331.28224258 22.27  65.369732  62.817819 11.489
 32    15.902 53331.28224322 23.08  65.367152  62.814689 11.489
 32    15.593 53331.28224387 23.64  65.364572  62.811549 11.489
 32    15.746 53331.28224451 23.75  65.361992  62.808409 11.489
 32    15.375 53331.28224516 23.06  65.359412  62.805269 11.489
 32    15.707 53331.28224580 21.94  65.356832  62.802129 11.489
 32    15.391 53331.28224645 21.54  65.354252  62.798989 11.489
 35    12.803 53436.28220342 11.25  65.374424  62.831168  3.950
 35    12.637 53436.28220406 12.81  65.371834  62.828028  3.950
 35    11.553 53436.28220471 12.34  65.369254  62.824888  3.950
 35    12.993 53436.28220535 13.48  65.366674  62.821748  3.950
 35    14.331 53436.28220600 13.08  65.364094  62.818608  3.950
 35    15.173 53436.28220664 12.66  65.361514  62.815478  3.950
 35    16.165 53436.28220729 12.66  65.358934  62.812338  3.950
 35    16.590 53436.28220793 14.40  65.356354  62.809198  3.950
 35    17.018 53436.28220858 14.94  65.353774  62.806058  3.950
 36    16.169 53471.28225394  3.87  65.379385  62.825113  3.894
 36    16.812 53471.28225458  5.03  65.376805  62.821973  3.894
 36    19.521 53471.28225523  4.56  65.374225  62.818833  3.894
 36    15.395 53471.28225587  5.06  65.371635  62.815703  3.894
 36    16.055 53471.28225651  3.94  65.369055  62.812563  3.894
 36    16.957 53471.28225716  4.31  65.366475  62.809423  3.894
 36    16.836 53471.28225780  4.45  65.363895  62.806283  3.894
 36    16.853 53471.28225845  5.24  65.361315  62.803143  3.894
 36    17.587 53471.28225909  4.66  65.358735  62.800003  3.894
 36    17.931 53471.28225974  4.74  65.356155  62.796873  3.894
 37    45.673 53506.28228723 11.79  65.376204  62.830543 10.695
 37    71.993 53506.28228787  9.44  65.373624  62.827403 10.695
 37    71.144 53506.28228852  8.60  65.371044  62.824263 10.695
 37    70.347 53506.28228916  8.84  65.368454  62.821123 10.695
 37    17.223 53506.28229045 18.26  65.363294  62.814853 10.695
 37    17.323 53506.28229110 18.76  65.360714  62.811713 10.695
 37    18.024 53506.28229174 19.57  65.358134  62.808573 10.695
 37    18.409 53506.28229239 21.02  65.355554  62.805433 10.695
 37    19.105 53506.28229303 22.20  65.352974  62.802293 10.695
 37    18.091 53506.28229368 34.54  65.350394  62.799153 10.695
 38    39.839 53541.28229166  7.13  65.374943  62.828992  9.942
 38    18.011 53541.28229295 23.03  65.369783  62.822712  9.942
 38    17.448 53541.28229360 26.34  65.367193  62.819572  9.942
 38    18.264 53541.28229424 25.40  65.364613  62.816442  9.942
 38    18.287 53541.28229488 23.74  65.362033  62.813302  9.942
 38    18.428 53541.28229553 23.44  65.359453  62.810162  9.942
 38    18.034 53541.28229617 23.67  65.356873  62.807022  9.942
 38    18.480 53541.28229682 23.80  65.354293  62.803882  9.942
 39    15.158 53576.28228307 26.36  65.366258  62.825056 11.305
 39    15.168 53576.28228372 27.34  65.363678  62.821916 11.305
 39    15.184 53576.28228436 27.76  65.361098  62.818776 11.305
 39    15.127 53576.28228501 30.20  65.358518  62.815646 11.305
 39    15.251 53576.28228565 30.92  65.355938  62.812506 11.305
 39    15.203 53576.28228629 30.93  65.353358  62.809366 11.305
 41    11.784 53646.28224117 21.28  65.373384  62.810274 10.977
 41    13.126 53646.28224182 22.63  65.370804  62.807134 10.977
 41    12.379 53646.28224246 27.02  65.368224  62.803994 10.977
 41    13.166 53646.28224311 23.00  65.365644  62.800854 10.977
 41    13.423 53646.28224375 29.08  65.363064  62.797714 10.977
 41    13.394 53646.28224440 31.14  65.360484  62.794584 10.977
 42    15.102 53681.28225381 11.94  65.371755  62.831400 11.779
 42    14.292 53681.28225446 13.84  65.369175  62.828260 11.779
 42    16.194 53681.28225768 17.21  65.356265  62.812570 11.779
 42    17.134 53681.28225833 18.12  65.353685  62.809430 11.779
 43    13.846 53716.28218165 22.76  65.374103  62.830132 12.552
 43    13.288 53716.28218229 21.78  65.371523  62.826992 12.552
 43    13.517 53716.28218294 20.64  65.368943  62.823852 12.552
 43    14.053 53716.28218358 19.89  65.366363  62.820712 12.552
 43    13.206 53716.28218423 22.03  65.363783  62.817572 12.552
 43    13.735 53716.28218487 21.66  65.361203  62.814442 12.552
 43    13.265 53716.28218552 22.27  65.358623  62.811302 12.552
 43    13.431 53716.28218616 21.65  65.356043  62.808162 12.552
 43    14.153 53716.28218681 21.02  65.353463  62.805022 12.552
 44    12.510 53751.28210215 13.24  65.384864  62.814909  6.429
 44    13.713 53751.28210279 12.88  65.382274  62.811779  6.429
 44    13.573 53751.28210343 14.11  65.379694  62.808639  6.429
 44    13.739 53751.28210408 14.33  65.377114  62.805499  6.429
 44    14.390 53751.28210472 13.62  65.374534  62.802359  6.429
 44    13.693 53751.28210537 13.84  65.371954  62.799219  6.429
 44    13.868 53751.28210601 13.89  65.369374  62.796089  6.429
 44    14.787 53751.28210666 13.48  65.366794  62.792949  6.429
 45    12.994 53786.28213036  8.88  65.377852  62.827181  5.259
 45    13.297 53786.28213101  9.96  65.375262  62.824041  5.259
 45    13.088 53786.28213165 10.28  65.372682  62.820901  5.259
 45    14.345 53786.28213230 10.88  65.370102  62.817761  5.259
 45    15.458 53786.28213294 10.65  65.367522  62.814631  5.259
 45    13.776 53786.28213359 11.53  65.364942  62.811491  5.259
 45    15.462 53786.28213423 12.09  65.362362  62.808351  5.259
 45    15.997 53786.28213488 11.39  65.359782  62.805211  5.259
 45    14.293 53786.28213552 11.83  65.357202  62.802071  5.259
 45    17.285 53786.28213616 10.54  65.354622  62.798931  5.259
 47     9.992 53856.28217505 21.56  65.377329  62.825758 12.761
 47    14.057 53856.28217569 12.16  65.374749  62.822618 12.761
 47    17.077 53856.28217633 10.30  65.372169  62.819478 12.761
 47    16.665 53856.28217698 10.50  65.369579  62.816338 12.761
 47    18.185 53856.28217762  9.93  65.366999  62.813198 12.761
 47    12.676 53856.28217827 13.85  65.364419  62.810068 12.761
 47    16.792 53856.28217891 15.96  65.361839  62.806928 12.761
 47    12.419 53856.28217956 16.67  65.359259  62.803788 12.761
 48    44.728 53891.28218748 13.58  65.380656  62.821490  9.729
 48    72.896 53891.28218812  7.95  65.378066  62.818350  9.729
 48    71.466 53891.28218941  2.55  65.372906  62.812080  9.729
 48    70.284 53891.28219005  1.35  65.370326  62.808940  9.729
 48    70.060 53891.28219070  1.64  65.367746  62.805800  9.729
 48    67.386 53891.28219134  2.11  65.365166  62.802660  9.729
 49    18.498 53926.28224830 10.67  65.372054  62.831068 11.518
 49    18.579 53926.28224894 11.21  65.369464  62.827928 11.518
 49    18.780 53926.28224959 11.66  65.366884  62.824788 11.518
 49    17.980 53926.28225023 12.32  65.364304  62.821648 11.518
 49    17.941 53926.28225088 14.65  65.361714  62.818508 11.518
 49    18.174 53926.28225152 14.31  65.359134  62.815368 11.518
 49    18.650 53926.28225216 13.89  65.356554  62.812238 11.518
 49    18.876 53926.28225281 15.84  65.353974  62.809098 11.518
 50    14.146 53961.28223493 17.85  65.366411  62.830193 13.331
 50    14.056 53961.28223557 15.52  65.363821  62.827053 13.331
 50    14.898 53961.28223621 12.68  65.361241  62.823913 13.331
 50    16.843 53961.28223686 11.62  65.358661  62.820773 13.331
 50    16.796 53961.28223750 12.75  65.356081  62.817633 13.331
 50    17.918 53961.28223815 12.74  65.353501  62.814503 13.331
 50    18.298 53961.28223879 14.59  65.350921  62.811363 13.331
 51    12.406 53996.28217839 16.19  65.384427  62.809784  7.353
 51    13.014 53996.28217904 16.98  65.381837  62.806644  7.353
 51    13.197 53996.28217968 15.99  65.379257  62.803504  7.353
 51    13.871 53996.28218032 15.75  65.376677  62.800364  7.353
 51    13.787 53996.28218097 16.89  65.374097  62.797224  7.353
 51    13.615 53996.28218161 20.06  65.371517  62.794094  7.353
 51    14.061 53996.28218226 19.57  65.368937  62.790954  7.353
 51    13.437 53996.28218290 20.45  65.366357  62.787814  7.353
 51    16.100 53996.28218355 20.18  65.363777  62.784674  7.353
 53    15.300 54066.28222314 18.36  65.376850  62.827407  9.692
 53    15.600 54066.28222379 19.10  65.374260  62.824267  9.692
 53    15.498 54066.28222443 20.93  65.371680  62.821127  9.692
 53    15.620 54066.28222508 22.10  65.369100  62.817987  9.692
 53    15.743 54066.28222572 21.76  65.366520  62.814847  9.692
 53    16.157 54066.28222637 22.45  65.363940  62.811717  9.692
 53    16.258 54066.28222701 22.23  65.361360  62.808577  9.692
 53    16.295 54066.28222766 22.69  65.358780  62.805437  9.692
 53    18.138 54066.28222830 20.02  65.356200  62.802297  9.692
 55    15.585 54136.28215075  8.41  65.380513  62.821914  4.295
 55    15.678 54136.28215139  9.18  65.377933  62.818774  4.295
 55    14.556 54136.28215204  8.13  65.375353  62.815634  4.295
 55    15.069 54136.28215268  8.23  65.372763  62.812494  4.295
 55    15.431 54136.28215333  9.17  65.370183  62.809364  4.295
 55    16.498 54136.28215397  9.18  65.367603  62.806224  4.295
 55    16.863 54136.28215462  8.87  65.365023  62.803084  4.295
 55    15.830 54136.28215526  9.72  65.362443  62.799944  4.295
 55    17.051 54136.28215591  9.26  65.359863  62.796804  4.295
 57    12.435 54206.28215805 16.38  65.371571  62.811146 12.773
 57    12.863 54206.28215870 16.80  65.368991  62.808006 12.773
 57    12.805 54206.28215934 19.41  65.366411  62.804866 12.773
 57    15.998 54206.28215998 20.96  65.363831  62.801726 12.773
 57    12.234 54206.28216063 19.81  65.361251  62.798596 12.773
 57    12.919 54206.28216127 21.31  65.358671  62.795456 12.773
 58    73.483 54241.28218794  6.57  65.377923  62.826934  7.281
 58    72.781 54241.28218858  5.28  65.375333  62.823794  7.281
 58    72.081 54241.28218923  6.01  65.372755  62.820651 12.454
 58    71.560 54241.28218987  3.88  65.370175  62.817521 12.454
 58    70.735 54241.28219052  2.97  65.367595  62.814381 12.454
 58    69.324 54241.28219116  2.56  65.365005  62.811241 12.454
 58    67.914 54241.28219181  1.12  65.362425  62.808101 12.454
 58    66.083 54241.28219245  0.35  65.359845  62.804961 12.454
 58    63.983 54241.28219310  0.82  65.357265  62.801821 12.454
 59    65.551 54276.28220756  0.33  65.359492  62.804881  7.598
 59    63.464 54276.28220820  1.62  65.356912  62.801741  7.598
 59    39.288 54276.28220885  4.01  65.354332  62.798601  7.598
 61    15.852 54346.28217745 23.40  65.371254  62.831339 13.346
 61    16.416 54346.28217810 25.55  65.368674  62.828199 13.346
 61    17.215 54346.28217874 22.46  65.366094  62.825059 13.346
 61    17.363 54346.28217939 23.26  65.363514  62.821919 13.346
 61    17.625 54346.28218003 24.08  65.360934  62.818779 13.346
 61    17.691 54346.28218068 24.30  65.358354  62.815649 13.346
 61    17.477 54346.28218132 24.48  65.355774  62.812509 13.346
 61    17.889 54346.28218197 26.62  65.353194  62.809369 13.346
 62    13.276 54381.28214371 26.03  65.371904  62.812256  8.143
 62    13.848 54381.28214435 24.78  65.369324  62.809116  8.143
 62    13.594 54381.28214500 26.22  65.366744  62.805976  8.143
 62    14.225 54381.28214564 25.34  65.364164  62.802836  8.143
 62    14.038 54381.28214628 25.58  65.361584  62.799706  8.143
 62    14.194 54381.28214693 24.52  65.359004  62.796566  8.143
 63    13.666 54416.28212646 42.17  65.374941  62.830698 15.082
 63    14.005 54416.28212711 40.91  65.372361  62.827558 15.082
 63    13.581 54416.28212775 41.03  65.369771  62.824418 15.082
 63    14.069 54416.28212840 38.07  65.367191  62.821288 15.082
 63    13.949 54416.28212904 39.71  65.364611  62.818148 15.082
 63    13.690 54416.28212969 42.51  65.362031  62.815008 15.082
 64    12.939 54451.28211072 19.49  65.380840  62.819707  8.448
 64    12.996 54451.28211137 19.59  65.378250  62.816567  8.448
 64    13.554 54451.28211201 20.27  65.375670  62.813427  8.448
 64    13.562 54451.28211266 19.03  65.373090  62.810287  8.448
 64    13.740 54451.28211330 19.24  65.370510  62.807147  8.448
 64    14.787 54451.28211395 18.96  65.367930  62.804017  8.448
 65    12.261 54486.28212308 10.84  65.379571  62.828063  6.124
 65    13.024 54486.28212373 10.83  65.376991  62.824923  6.124
 65    14.172 54486.28212437 11.09  65.374401  62.821783  6.124
 65    14.219 54486.28212502 11.03  65.371821  62.818653  6.124
 65    15.711 54486.28212566 11.84  65.369241  62.815513  6.124
 65    16.195 54486.28212630 12.14  65.366661  62.812373  6.124
 65    17.819 54486.28212695 11.46  65.364081  62.809233  6.124
 65    17.618 54486.28212759 12.36  65.361501  62.806093  6.124
 65    18.322 54486.28212824 11.89  65.358921  62.802953  6.124
 65    17.534 54486.28212888 13.11  65.356341  62.799823  6.124
 66    12.618 54521.28212343 10.00  65.381040  62.823437  4.853
 66    13.645 54521.28212407 10.92  65.378450  62.820297  4.853
 66    14.097 54521.28212472 11.02  65.375870  62.817157  4.853
 66    15.517 54521.28212536 11.19  65.373290  62.814017  4.853
 66    16.020 54521.28212601 11.07  65.370710  62.810877  4.853
 66    16.650 54521.28212665 11.89  65.368130  62.807747  4.853
 66    17.178 54521.28212730 11.90  65.365550  62.804607  4.853
 66    17.546 54521.28212794 12.18  65.362970  62.801467  4.853
 66    17.896 54521.28212859 11.81  65.360390  62.798327  4.853
 67    16.498 54556.28213326 10.59  65.373312  62.831326 11.854
 67    15.486 54556.28213391 12.42  65.370732  62.828186 11.854
 67    13.998 54556.28213455 12.40  65.368142  62.825046 11.854
 67    16.536 54556.28213520 12.63  65.365562  62.821906 11.854
 67    18.073 54556.28213584 13.06  65.362982  62.818776 11.854
 67    18.535 54556.28213649 13.24  65.360402  62.815636 11.854
 67    15.564 54556.28213713 14.76  65.357822  62.812496 11.854
 67    15.136 54556.28213778 15.86  65.355242  62.809356 11.854
 67    15.625 54556.28213842 19.05  65.352662  62.806216 11.854
 68    16.252 54591.28211848 26.07  65.380018  62.827656 21.621
 68    14.864 54591.28211912 26.49  65.377438  62.824516 21.621
 68    15.330 54591.28211977 19.92  65.374858  62.821376 21.621
 68    15.627 54591.28212041 16.31  65.372268  62.818246 21.621
 68    15.428 54591.28212106 18.26  65.369688  62.815106 21.621
 68    15.029 54591.28212170 19.12  65.367108  62.811966 21.621
 68    15.216 54591.28212235 19.48  65.364528  62.808826 21.621
 68    15.512 54591.28212299 20.37  65.361948  62.805686 21.621
 68    15.453 54591.28212364 22.39  65.359368  62.802556 21.621
 68    16.004 54591.28212428 23.19  65.356788  62.799416 21.621
 69    73.497 54626.28213483  3.73  65.375045  62.827486 10.517
 69    72.406 54626.28213547  4.64  65.372465  62.824346 10.517
 69    16.976 54626.28213676 15.85  65.367295  62.818076 10.517
 69    16.439 54626.28213741 18.07  65.364715  62.814936 10.517
 69    17.591 54626.28213805 16.49  65.362135  62.811796 10.517
 69    18.096 54626.28213869 16.24  65.359555  62.808656 10.517
 69    18.867 54626.28213934 17.69  65.356975  62.805516 10.517
 69    19.424 54626.28213998 18.96  65.354395  62.802386 10.517
 69    18.983 54626.28214063 22.45  65.351815  62.799246 10.517
 70    18.343 54661.28214282 18.45  65.376111  62.827013  9.436
 70    18.044 54661.28214347 15.46  65.373531  62.823873  9.436
 70    18.177 54661.28214411 14.78  65.370951  62.820733  9.436
 70    17.955 54661.28214475 15.05  65.368361  62.817593  9.436
 70    17.781 54661.28214540 15.13  65.365781  62.814463  9.436
 70    17.962 54661.28214604 15.51  65.363201  62.811323  9.436
 70    18.002 54661.28214669 16.34  65.360621  62.808183  9.436
 71    13.657 54696.28212034 30.05  65.369515  62.824557  9.008
 71    13.655 54696.28212098 30.46  65.366935  62.821417  9.008
 71    13.738 54696.28212163 30.37  65.364355  62.818277  9.008
 71    13.498 54696.28212227 29.77  65.361775  62.815147  9.008
 71    13.492 54696.28212292 29.81  65.359195  62.812007  9.008
 71    14.134 54696.28212356 29.44  65.356615  62.808867  9.008
 71    14.739 54696.28212420 29.82  65.354035  62.805727  9.008
 72    12.201 54731.28210091 30.64  65.373719  62.814580  9.110
 72    12.162 54731.28210155 32.14  65.371139  62.811440  9.110
 72    12.815 54731.28210220 31.99  65.368559  62.808300  9.110
 72    13.539 54731.28210284 33.97  65.365979  62.805160  9.110
 72    13.792 54731.28210349 35.69  65.363399  62.802030  9.110
 72    13.159 54731.28210413 36.47  65.360819  62.798890  9.110
 72    13.518 54731.28210478 36.04  65.358239  62.795750  9.110
 73    14.055 54766.28209830 16.54  65.378530  62.828996  6.952
 73    14.332 54766.28209895 16.23  65.375950  62.825856  6.952
 73    13.359 54766.28209959 17.10  65.373360  62.822716  6.952
 73    13.620 54766.28210024 17.57  65.370780  62.819576  6.952
 73    13.485 54766.28210088 19.42  65.368200  62.816446  6.952
 73    14.734 54766.28210153 20.92  65.365620  62.813306  6.952
 73    16.667 54766.28210217 20.16  65.363040  62.810166  6.952
 73    17.999 54766.28210282 21.46  65.360460  62.807026  6.952
 75    32.330 54836.28209107 13.31  65.373963  62.824385  6.544
 75    14.923 54836.28209171 14.28  65.371373  62.821245  6.544
 75    15.462 54836.28209236 15.07  65.368793  62.818115  6.544
 75    15.488 54836.28209300 16.16  65.366213  62.814975  6.544
 75    16.336 54836.28209365 14.84  65.363633  62.811835  6.544
 75    16.398 54836.28209429 15.03  65.361053  62.808695  6.544
 75    17.125 54836.28209493 14.29  65.358473  62.805555  6.544
 75    17.439 54836.28209558 15.17  65.355893  62.802415  6.544
 75    17.990 54836.28209622 15.18  65.353313  62.799285  6.544
 76    13.858 54871.28209219 11.23  65.378060  62.818219  3.391
 76    14.606 54871.28209283 12.39  65.375480  62.815079  3.391
 76    14.754 54871.28209348 11.60  65.372900  62.811939  3.391
 76    15.562 54871.28209412 12.29  65.370310  62.808799  3.391
 76    16.052 54871.28209476 12.47  65.367730  62.805669  3.391
 76    16.898 54871.28209541 12.52  65.365150  62.802529  3.391
 76    16.910 54871.28209605 12.42  65.362570  62.799389  3.391
 76    17.134 54871.28209670 13.59  65.360000  62.796249  3.391
 78    15.753 54941.28208295  9.89  65.381258  62.825358  7.582
 78    19.712 54941.28208359  9.79  65.378668  62.822228  7.582
 78    17.366 54941.28208424 11.82  65.376088  62.819088  7.582
 78    17.372 54941.28208488  8.39  65.373508  62.815948  7.582
 78    18.619 54941.28208552  6.69  65.370928  62.812808  7.582
 78    18.969 54941.28208617  5.83  65.368338  62.809668  7.582
 78    18.926 54941.28208681  5.75  65.365758  62.806538  7.582
 78    19.294 54941.28208746  7.47  65.363178  62.803398  7.582
 78    19.498 54941.28208810  7.51  65.360598  62.800258  7.582
 78    20.471 54941.28208875  6.22  65.358018  62.797118  7.582
 79    74.117 54976.28211153  4.15  65.376873  62.826480  6.621
 79    73.340 54976.28211217  4.09  65.374293  62.823340  6.621
 79    72.115 54976.28211282  4.65  65.371703  62.820210  6.621
 79    71.511 54976.28211346  3.62  65.369123  62.817070  6.621
 79    70.361 54976.28211411  2.49  65.366543  62.813930  6.621
 79    69.030 54976.28211475  2.08  65.363963  62.810790  6.621
 79    67.252 54976.28211540  2.38  65.361383  62.807650  6.621
 79    65.667 54976.28211604  1.35  65.358803  62.804510  6.621
 79    18.724 54976.28211733 20.11  65.353643  62.798240  6.621
 80    72.159 55011.28212117  2.93  65.374741  62.828123  8.275
 80    17.649 55011.28212504 14.75  65.359251  62.809293  8.275
 80    18.241 55011.28212569 17.01  65.356671  62.806153  8.275
 80    19.532 55011.28212633 18.30  65.354091  62.803013  8.275
 80    18.601 55011.28212698 32.36  65.351511  62.799883  8.275
 81    16.353 55046.28211236 30.98  65.379756  62.828207 11.249
 81    14.543 55046.28211300 32.54  65.377176  62.825067 11.249
 81    16.083 55046.28211365 26.12  65.374596  62.821927 11.249
 81    15.762 55046.28211429 26.84  65.372006  62.818797 11.249
 81    15.973 55046.28211494 26.97  65.369426  62.815657 11.249
 81    15.920 55046.28211558 27.45  65.366846  62.812517 11.249
 81    15.895 55046.28211623 29.08  65.364266  62.809377 11.249
 82    45.105 55081.28208489  5.64  65.372947  62.833491  8.443
 82    13.623 55081.28208618 29.52  65.367777  62.827211  8.443
 82    13.388 55081.28208682 32.19  65.365197  62.824071  8.443
 82    13.532 55081.28208747 31.67  65.362617  62.820931  8.443
 82    13.716 55081.28208811 32.55  65.360037  62.817791  8.443
 82    13.853 55081.28208876 32.75  65.357457  62.814661  8.443
 82    14.007 55081.28208940 32.92  65.354877  62.811521  8.443
 82    14.683 55081.28209005 33.06  65.352297  62.808381  8.443
 83    29.802 55116.28204553  6.11  65.379943  62.822767  9.237
 83    11.958 55116.28204746 23.20  65.372193  62.813357  9.237
 83    12.783 55116.28204811 22.82  65.369613  62.810217  9.237
 83    12.865 55116.28204875 22.69  65.367033  62.807077  9.237
 83    13.368 55116.28204940 22.50  65.364453  62.803947  9.237
 83    13.420 55116.28205004 22.73  65.361873  62.800807  9.237
 83    17.526 55116.28205068 21.82  65.359293  62.797667  9.237
 83    13.572 55116.28205133 28.01  65.356713  62.794527  9.237
 85    12.968 55186.28203120 14.11  65.380450  62.822299  6.868
 85    14.032 55186.28203184 14.37  65.377860  62.819159  6.868
 85    13.461 55186.28203249 15.62  65.375280  62.816019  6.868
 85    14.501 55186.28203313 14.62  65.372700  62.812879  6.868
 85    14.598 55186.28203378 15.12  65.370120  62.809739  6.868
 85    14.756 55186.28203442 14.56  65.367540  62.806609  6.868
 85    16.840 55186.28203507 15.22  65.364960  62.803469  6.868
 85    17.399 55186.28203571 14.36  65.362380  62.800329  6.868
 85    16.890 55186.28203636 15.07  65.359800  62.797189  6.868
 86    31.399 55221.28204400  9.95  65.364884  62.816582  4.782
 86    16.152 55221.28204465 11.01  65.362304  62.813442  4.782
 86    16.006 55221.28204529 11.68  65.359724  62.810302  4.782
 86    16.556 55221.28204593 11.70  65.357144  62.807162  4.782
 86    17.235 55221.28204658 11.38  65.354564  62.804022  4.782
 86    17.891 55221.28204722 10.95  65.351984  62.800892  4.782
 87    13.349 55256.28202842  9.09  65.375136  62.817622  3.115
 87    14.180 55256.28202906  9.54  65.372556  62.814482  3.115
 87    14.913 55256.28202971 10.54  65.369976  62.811342  3.115
 87    15.513 55256.28203035 11.05  65.367396  62.808202  3.115
 87    16.624 55256.28203099 11.15  65.364816  62.805072  3.115
 87    16.839 55256.28203164 10.96  65.362236  62.801932  3.115
 87    17.043 55256.28203228 10.76  65.359656  62.798792  3.115
 87    17.238 55256.28203293 10.14  65.357076  62.795652  3.115
 88    16.022 55291.28202930  3.21  65.372139  62.833174  3.660
 88    17.635 55291.28202995  4.46  65.369549  62.830034  3.660
 88    17.975 55291.28203059  4.52  65.366969  62.826894  3.660
 88    17.308 55291.28203124  3.67  65.364389  62.823754  3.660
 88    17.654 55291.28203188  3.88  65.361809  62.820624  3.660
 88    19.020 55291.28203253  3.85  65.359229  62.817484  3.660
 88    19.432 55291.28203317  6.39  65.356649  62.814344  3.660
 88    18.311 55291.28203382  4.27  65.354069  62.811204  3.660
 89    71.707 55326.28201114 11.01  65.376859  62.828268 12.363
 89    48.147 55326.28201178 13.95  65.374279  62.825128 12.363
 89    47.749 55326.28201243 12.20  65.371689  62.821988 12.363
 89    47.934 55326.28201307 10.05  65.369109  62.818858 12.363
 89    36.569 55326.28201436 19.05  65.363949  62.812578 12.363
 89    37.125 55326.28201501 19.68  65.361369  62.809438 12.363
 89    37.317 55326.28201565 18.79  65.358789  62.806298 12.363
 89    16.895 55326.28201694 41.44  65.353629  62.800028 12.363
 90    17.391 55361.28200872 28.59  65.371561  62.825511  8.843
 90    17.160 55361.28200937 30.91  65.368971  62.822371  8.843
 90    17.179 55361.28201001 30.83  65.366391  62.819241  8.843
 90    17.171 55361.28201066 32.30  65.363811  62.816101  8.843
 90    17.699 55361.28201130 31.93  65.361231  62.812961  8.843
 90    17.680 55361.28201195 34.42  65.358651  62.809821  8.843
 90    18.203 55361.28201259 34.80  65.356071  62.806681  8.843
 90    18.141 55361.28201323 36.17  65.353491  62.803541  8.843
 91    16.117 55396.28201497 38.85  65.380783  62.824669 11.402
 91    16.515 55396.28201561 16.90  65.378203  62.821539 11.402
 91    17.273 55396.28201626 12.96  65.375613  62.818399 11.402
 91    16.788 55396.28201690 13.10  65.373033  62.815259 11.402
 91    17.277 55396.28201755 13.32  65.370453  62.812119 11.402
 91    17.512 55396.28201819 13.80  65.367873  62.808979 11.402
 91    17.529 55396.28201884 18.05  65.365293  62.805849 11.402
 91    17.871 55396.28201948 17.78  65.362713  62.802709 11.402
 92    13.968 55431.28202354 32.60  65.378227  62.825857 12.027
 92    14.864 55431.28202418 28.57  65.375647  62.822717 12.027
 92    15.262 55431.28202483 29.02  65.373057  62.819577 12.027
 92    15.244 55431.28202547 30.76  65.370477  62.816447 12.027
 92    15.453 55431.28202612 31.50  65.367897  62.813307 12.027
 92    15.685 55431.28202676 33.15  65.365317  62.810167 12.027
 92    15.566 55431.28202740 34.68  65.362737  62.807027 12.027
 93    14.791 55466.28198369 16.09  65.369038  62.830074 11.871
 93    13.541 55466.28198433 17.99  65.366458  62.826934 11.871
 93    13.674 55466.28198498 18.22  65.363878  62.823794 11.871
 93    13.452 55466.28198562 15.66  65.361298  62.820654 11.871
 93    15.757 55466.28198626 16.69  65.358718  62.817514 11.871
 93    14.622 55466.28198691 16.59  65.356138  62.814384 11.871
 93    14.838 55466.28198755 18.39  65.353558  62.811244 11.871
