# NaN NaN NaN ;Mean Elev.(m), Avg Gradient(m/km), RMS Gradient(m/km) - SRTM1     
#   20.101   0.226   3.267 ;Mean Elev.(m), Avg Gradient(m/km), RMS Gradient(m/km) - ASTER GDEM
#   27.968   0.267   3.030 ;Mean Elev.(m), Avg Gradient(m/km), RMS Gradient(m/km) - GMTED2010 
  6  72.692238  61.206692    32.603    32.659  3 52441.67096894 36.597
  7  72.695632  61.208393    32.593    32.593  2 52476.67096539 32.957
  8  72.712037  61.213134    29.851    29.329  4 52511.67091449 29.810
 10  72.699039  61.208842    27.802    27.795  3 52581.67095811 53.035
 11  72.706135  61.209554    28.112    28.112  2 52616.67092896 45.185
 12  72.703376  61.208705    27.164    27.164  2 52651.67090498 36.936
 13  72.709114  61.212606    26.283    26.270  3 52686.67089863 36.873
 14  72.699531  61.208583    30.315    30.233  3 52721.67094684 10.164
 15  72.696613  61.208598    26.773    26.773  2 52756.67096986 34.137
 17  72.695870  61.208551    31.794    31.794  2 52826.67098909 38.865
 18  72.698057  61.209790    26.871    26.871  2 52861.67103471 32.301
 19  72.702381  61.208366    25.439    25.439  2 52896.67106440 31.032
 20  72.707058  61.212438    28.392    27.840  3 52931.67101236 29.187
 21  72.695750  61.206555    25.520    25.520  2 52966.67101128 21.097
 22  72.697133  61.207204    27.614    27.614  2 53001.67103980 14.668
 23  72.708004  61.209274    25.528    25.322  3 53036.67098907 18.450
 24  72.700331  61.209082    27.509    27.509  2 53071.67101225 13.732
 25  72.709241  61.211991    30.669    30.571  3 53106.67099048  8.366
 26  72.695700  61.208846    29.746    29.746  2 53141.67102036 26.742
 27  72.699729  61.210296    31.504    31.504  2 53176.67104795 30.807
 28  72.700007  61.209338    29.000    28.989  3 53211.67106718 49.443
 29  72.706975  61.210568    26.336    26.336  2 53246.67103558 34.039
 30  72.690305  61.205794    27.382    26.739  3 53281.67102201 44.601
 31  72.699367  61.209182    27.738    27.738  2 53316.67103084 27.479
 32  72.708914  61.211914    29.036    29.008  4 53351.67099668 21.429
 33  72.692194  61.206321    28.225    28.473  3 53386.67098392 17.861
 34  72.708808  61.209965    28.516    29.225  3 53421.67098671 16.749
 35  72.694585  61.207091    30.849    30.533  3 53456.67099205 10.969
 36  72.693135  61.206505    28.574    28.601  3 53491.67107732 33.251
 37  72.705050  61.209491    31.691    31.671  3 53526.67105913 35.583
 38  72.697997  61.209828    30.267    30.267  2 53561.67108793 24.113
 39  72.710536  61.213456    26.891    26.892  3 53596.67102734 38.887
 40  72.686326  61.205049    29.361    28.942  3 53631.67102113 24.060
 41  72.695866  61.208631    28.638    28.638  2 53666.67104418 26.338
 42  72.708963  61.209690    26.072    26.066  3 53701.67099296 48.923
 43  72.715613  61.217315    26.810    26.841  4 53736.67090428 32.181
 44  72.702507  61.210320    27.712    27.712  2 53771.67090979 10.392
 45  72.710310  61.214724    29.018    28.770  4 53806.67090067  9.857
 47  72.699359  61.209574    30.507    30.507  2 53876.67096818 52.027
 49  72.695013  61.209033    29.629    29.629  2 53946.67103516 24.042
 50  72.707713  61.209537    28.983    27.683  3 53981.67097901 25.496
 51  72.693607  61.207527    29.772    28.964  3 54016.67100295 26.387
 52  72.707847  61.209511    27.678    27.698  3 54051.67100077 36.820
 53  72.706546  61.210088    28.301    28.301  2 54086.67099291 16.340
 54  72.715007  61.215532    30.233    30.180  4 54121.67091875 14.142
 55  72.700117  61.209996    29.938    29.938  2 54156.67095342 11.547
 56  72.710938  61.214094    31.188    31.200  4 54191.67091693  3.820
 57  72.698447  61.209059    31.457    31.457  2 54226.67096491 42.961
 58  72.700698  61.208816    32.867    32.895  3 54261.67098442 51.009
 59  72.702728  61.210174    32.920    32.920  2 54296.67098895 31.199
 60  72.708375  61.209431    31.450    31.566  3 54331.67097983 21.199
 61  72.710545  61.213381    28.961    27.712  3 54366.67092298 28.661
 62  72.703389  61.210132    31.178    31.178  2 54401.67092245 20.983
 63  72.707728  61.212260    27.565    27.639  3 54436.67087991 25.856
 64  72.698390  61.209537    29.317    29.317  2 54471.67090713 14.461
 65  72.710235  61.212399    29.523    29.428  3 54506.67089212 15.223
 66  72.703804  61.209414    30.788    30.788  2 54541.67092165 10.335
 68  72.702591  61.210186    31.185    31.185  2 54611.67091340 28.432
 69  72.700881  61.210206    31.801    31.801  2 54646.67092054 31.327
 70  72.704145  61.209584    30.011    30.011  2 54681.67092135 23.294
 71  72.711063  61.214000    29.279    29.212  4 54716.67087089 24.837
 72  72.697769  61.208687    29.150    29.150  2 54751.67089289 22.866
 73  72.708248  61.211083    27.755    26.989  3 54786.67085998 38.758
 74  72.697919  61.208884    28.248    28.248  2 54821.67088679 16.390
 75  72.707404  61.212536    29.059    29.249  3 54856.67085652 13.364
 76  72.703120  61.209091    29.071    29.071  2 54891.67088983 10.415
 77  72.710383  61.212639    26.196    26.195  4 54926.67085489 25.439
 78  72.697647  61.209760    31.157    31.157  2 54961.67088919 31.744
 79  72.700078  61.209559    31.637    31.637  2 54996.67091015 25.476
 80  72.702181  61.209813    31.410    31.410  2 55031.67089973 22.318
 81  72.707754  61.209361    30.439    31.364  3 55066.67088901 25.806
 82  72.710593  61.213619    28.913    27.664  3 55101.67083037 25.037
 83  72.699571  61.208905    29.445    29.445  2 55136.67083491 22.575
 84  72.709033  61.212073    27.320    27.348  3 55171.67079752 22.508
 85  72.698040  61.209330    27.891    27.891  2 55206.67082897 14.210
 86  72.709621  61.212400    29.142    28.861  3 55241.67080281 12.028
 87  72.705083  61.209489    29.692    29.692  2 55276.67082268  9.790
 88  72.710206  61.212161    28.727    27.793  4 55311.67078782 31.010
 89  72.704057  61.210394    31.278    31.278  2 55346.67079258 22.988
 90  72.706226  61.210100    31.695    31.695  2 55381.67078431 35.637
 91  72.697278  61.209577    30.556    30.556  2 55416.67081190 28.501
 92  72.709341  61.210045    30.323    31.226  3 55451.67079483 23.269
 93  72.712479  61.215529    28.354    27.351  4 55486.67071881 27.909
