# NaN NaN NaN ;Mean Elev.(m), Avg Gradient(m/km), RMS Gradient(m/km) - SRTM1     
#   12.000  -0.025   5.419 ;Mean Elev.(m), Avg Gradient(m/km), RMS Gradient(m/km) - ASTER GDEM
#   25.345   0.068   4.149 ;Mean Elev.(m), Avg Gradient(m/km), RMS Gradient(m/km) - GMTED2010 
  8  69.138618  61.210525    25.968    26.020  4 52498.26851310 30.168
 10  69.146403  61.205702   341.017   341.136  3 52568.26852747 19.640
 11  69.131273  61.208307    20.027    20.070  3 52603.26852163 45.008
 13  69.137908  61.210650    19.873    19.788  4 52673.26849501 14.778
 14  69.146962  61.207279    21.215    21.147  4 52708.26850381 13.874
 15  69.132234  61.208956    24.603    25.063  3 52743.26853426  4.830
 17  69.147609  61.207195    26.018    25.986  4 52813.26855411 41.605
 18  69.147161  61.205706    22.944    22.965  3 52848.26860811 36.359
 19  69.137478  61.208463    19.619    19.517  4 52883.26864397 30.280
 20  69.135909  61.209351    19.960    18.587  3 52918.26860055 19.388
 21  69.154872  61.204707    18.048    18.052  4 52953.26856324 42.844
 22  69.149885  61.206050    18.313    18.308  4 52988.26857326 17.898
 24  69.151026  61.205897    21.115    21.529  4 53058.26855522 12.452
 25  69.126204  61.210618    22.292    22.292  2 53093.26859298 10.080
 26  69.149723  61.203987    19.156    19.165  4 53128.26856464 42.100
 28  69.142602  61.208071    24.633    24.655  4 53198.26863029 25.110
 29  69.144938  61.208160    20.082    20.095  4 53233.26860426 30.075
 30  69.126776  61.210442    19.242    19.242  2 53268.26857223 33.014
 31  69.141034  61.209891    19.371    19.352  4 53303.26862960 34.015
 32  69.138475  61.210646    20.896    20.932  4 53338.26859903 24.935
 33  69.131506  61.209278    20.312    20.317  3 53373.26853303 17.276
 35  69.128595  61.208631    18.588    18.588  2 53443.26855744 14.270
 37  69.141382  61.208738    24.340    24.273  3 53513.26864117 23.032
 38  69.131884  61.207845    24.744    24.702  3 53548.26865985 30.778
 39  69.138587  61.210343    21.981    21.607  4 53583.26862594 21.159
 40  69.125995  61.210021    19.691    19.691  2 53618.26858240 24.951
 41  69.145015  61.207698    19.092    19.071  3 53653.26860380 34.513
 43  69.131058  61.208277    19.741    19.741  2 53723.26852874 28.242
 44  69.152963  61.202181    19.032    19.060  4 53758.26846640 13.589
 45  69.141055  61.208695    18.301    18.322  3 53793.26848766 12.258
 46  69.153433  61.203176    24.359    24.334  4 53828.26845824 10.133
 47  69.143057  61.207380    20.367    19.565  4 53863.26854150 32.111
 48  69.143043  61.207015    22.274    23.923  3 53898.26856490 22.149
 49  69.131074  61.209613    24.547    24.544  3 53933.26861107 53.811
 50  69.131508  61.209256    20.457    20.457  2 53968.26858377 30.827
 51  69.153318  61.202387    20.381    19.706  4 54003.26855330 26.594
 52  69.146993  61.206249    18.961    18.986  4 54038.26858842 32.761
 53  69.140152  61.207961    21.760    21.796  4 54073.26858289 36.749
 54  69.127626  61.210729    19.544    19.544  2 54108.26853025 16.011
 55  69.145466  61.206522    23.496    23.585  3 54143.26851890 12.235
 56  69.131466  61.208516    23.330    23.330  2 54178.26851405 12.275
 57  69.143679  61.207487    21.824    20.788  4 54213.26852626 32.169
 58  69.142108  61.207545    25.573    25.579  4 54248.26855461 34.786
 60  69.140790  61.208818    26.320    26.288  4 54318.26856115 30.765
 61  69.132821  61.207780    21.473    21.477  3 54353.26852629 38.138
 62  69.143701  61.208293    20.084    20.082  3 54388.26850110 28.594
 63  69.135923  61.209113    19.915    19.893  3 54423.26847591 35.818
 64  69.149200  61.206199    19.976    19.961  4 54458.26847581 23.193
 65  69.138707  61.210813    23.809    23.821  4 54493.26847907 15.028
 66  69.146672  61.206717    23.729    23.598  4 54528.26848859 11.478
 67  69.131883  61.208444    22.969    22.953  3 54563.26848708  6.333
 68  69.140812  61.207383    22.815    22.804  4 54598.26848406 37.012
 69  69.140465  61.209063    24.970    24.964  4 54633.26849694 27.101
 70  69.137999  61.208154    23.822    23.844  4 54668.26850240 43.309
 71  69.135943  61.210291    19.424    19.468  4 54703.26846730 36.124
 72  69.146655  61.206819    20.231    19.274  3 54738.26846392 25.110
 73  69.138143  61.209463    19.937    19.921  3 54773.26844871 25.293
 74  69.147160  61.206275    21.320    21.307  4 54808.26845759 28.563
 76  69.142399  61.207726    19.396    19.396  3 54878.26846024 13.944
 77  69.131287  61.209193    22.053    22.053  2 54913.26845068 12.177
 78  69.142364  61.207729    20.691    20.697  4 54948.26845237 31.448
 79  69.140128  61.208750    24.150    24.133  4 54983.26847771 22.780
 80  69.140996  61.208576    23.841    23.697  3 55018.26847565 22.220
 81  69.140008  61.209155    21.908    21.882  4 55053.26847107 49.747
 82  69.131742  61.209758    20.034    20.058  3 55088.26843330 29.783
 83  69.145970  61.207507    19.641    19.512  4 55123.26840753 29.232
 84  69.134734  61.208953    19.915    19.942  3 55158.26839426 30.063
 85  69.146958  61.205753    19.680    19.690  4 55193.26839749 16.489
 86  69.133530  61.208740    19.164    19.164  2 55228.26839601 13.035
 87  69.143364  61.208591    19.292    18.788  4 55263.26839263 11.734
 88  69.134215  61.209481    18.331    18.316  3 55298.26837929 10.816
 89  69.138533  61.209483    23.382    23.380  4 55333.26837096 22.695
 90  69.139203  61.209138    24.376    24.666  4 55368.26836290 25.397
 91  69.145990  61.206339    24.517    24.519  3 55403.26837873 22.430
 92  69.138938  61.208810    21.798    21.224  4 55438.26838079 23.151
 93  69.132276  61.209602    19.720    19.716  3 55473.26832914 30.577
