# NaN NaN NaN ;Mean Elev.(m), Avg Gradient(m/km), RMS Gradient(m/km) - SRTM1     
#   -9.966  -0.303   2.520 ;Mean Elev.(m), Avg Gradient(m/km), RMS Gradient(m/km) - ASTER GDEM
#    0.052   0.021   1.341 ;Mean Elev.(m), Avg Gradient(m/km), RMS Gradient(m/km) - GMTED2010 
  7     5.116 52459.28535675 41.03  67.550597  66.644738 13.759
  7     4.956 52459.28535740 29.50  67.547247  66.641658 13.759
  7     4.923 52459.28535804 28.26  67.543907  66.638588 13.759
  7     4.814 52459.28535869 29.46  67.540557  66.635508 13.759
  7     5.051 52459.28535933 31.44  67.537207  66.632438 13.759
  7     5.096 52459.28535998 41.24  67.533857  66.629358 13.759
  7     5.112 52459.28536062 39.81  67.530517  66.626278 13.759
  7     5.095 52459.28536127 34.86  67.527167  66.623208 13.759
  7     5.027 52459.28536191 31.92  67.523827  66.620128 13.759
  7     5.031 52459.28536255 30.04  67.520477  66.617058 13.759
  7     4.291 52459.28536320 27.72  67.517137  66.613978 13.759
  7     4.164 52459.28536384 26.43  67.513797  66.610898 13.759
  7     4.567 52459.28536449 25.10  67.510457  66.607828 13.759
  7     5.190 52459.28536513 25.16  67.507117  66.604748 13.759
  9     3.177 52529.28533206 17.22  67.533338  66.614801 17.588
  9    -3.023 52529.28533270 18.11  67.529988  66.611721 17.588
  9     4.104 52529.28533335 15.90  67.526648  66.608641 17.588
  9     4.150 52529.28533399 16.09  67.523308  66.605571 17.588
  9     4.328 52529.28533464 15.26  67.519958  66.602491 17.588
 10     2.400 52564.28535294 22.14  67.553448  66.634825 14.410
 10     1.766 52564.28535359 22.98  67.550098  66.631755 14.410
 10     1.902 52564.28535423 23.79  67.546758  66.628675 14.410
 10     2.201 52564.28535488 25.12  67.543408  66.625605 14.410
 10     2.445 52564.28535552 26.82  67.540058  66.622525 14.410
 10     2.567 52564.28535617 31.37  67.536718  66.619445 14.410
 10     2.386 52564.28535681 31.72  67.533368  66.616375 14.410
 10     2.305 52564.28535746 32.95  67.530028  66.613295 14.410
 10     2.433 52564.28535810 32.95  67.526688  66.610225 14.410
 10     2.474 52564.28535875 35.99  67.523338  66.607145 14.410
 10     2.490 52564.28535939 35.98  67.519998  66.604065 14.410
 11     2.519 52599.28537896 30.68  67.530530  66.638936  4.836
 11     2.588 52599.28537960 32.26  67.527178  66.635860  4.292
 11     2.671 52599.28538025 32.72  67.523838  66.632790  4.292
 11     2.464 52599.28538089 27.07  67.520488  66.629710  4.292
 11     2.416 52599.28538153 25.33  67.517148  66.626630  4.292
 11     2.478 52599.28538218 25.05  67.513798  66.623560  4.292
 11     2.621 52599.28538282 23.83  67.510458  66.620480  4.292
 11     2.652 52599.28538347 23.59  67.507118  66.617410  4.292
 11     2.727 52599.28538411 22.71  67.503768  66.614330  4.292
 11     2.586 52599.28538476 22.90  67.500428  66.611250  4.292
 11     2.530 52599.28538540 22.29  67.497088  66.608180  4.292
 12     3.439 52634.28533065 17.75  67.552971  66.641414  3.449
 12     2.642 52634.28533130 18.07  67.549621  66.638334  3.449
 12     2.195 52634.28533194 18.66  67.546271  66.635264  3.449
 12     2.025 52634.28533259 19.60  67.542921  66.632184  3.449
 12     1.820 52634.28533323 20.30  67.539571  66.629114  3.449
 12     2.080 52634.28533388 19.19  67.536221  66.626034  3.449
 12     2.524 52634.28533452 18.36  67.532881  66.622954  3.449
 12     2.774 52634.28533517 17.67  67.529531  66.619884  3.449
 12     2.865 52634.28533581 17.16  67.526191  66.616804  3.449
 12     2.948 52634.28533646 17.40  67.522841  66.613734  3.449
 12     2.712 52634.28533710 16.80  67.519501  66.610654  3.449
 12     2.642 52634.28533774 16.22  67.516161  66.607574  3.449
 12     2.655 52634.28533839 14.88  67.512821  66.604504  3.449
 13     3.577 52669.28534232 14.22  67.546313  66.645171  2.415
 13     3.139 52669.28534296 14.29  67.542963  66.642091  2.415
 13     2.494 52669.28534361 14.44  67.539613  66.639017  2.409
 13     1.939 52669.28534425 14.95  67.536263  66.635947  2.409
 13     1.970 52669.28534490 14.95  67.532913  66.632867  2.409
 13     1.964 52669.28534554 15.10  67.529563  66.629787  2.409
 13     2.049 52669.28534619 15.23  67.526223  66.626717  2.409
 13     2.348 52669.28534683 14.81  67.522873  66.623637  2.409
 13     2.636 52669.28534748 14.01  67.519533  66.620567  2.409
 13     2.792 52669.28534812 13.29  67.516193  66.617487  2.409
 13     2.853 52669.28534876 12.78  67.512843  66.614417  2.409
 13     2.775 52669.28534941 12.23  67.509503  66.611337  2.409
 13     2.554 52669.28535005 11.52  67.506163  66.608257  2.409
 14     2.356 52704.28532742 11.58  67.556714  66.638719  2.415
 14     1.886 52704.28532807 12.11  67.553364  66.635639  2.415
 14     1.905 52704.28532871 11.97  67.550014  66.632569  2.415
 14     1.700 52704.28532936 12.09  67.546664  66.629489  2.415
 14     1.828 52704.28533000 11.91  67.543324  66.626419  2.415
 14     2.388 52704.28533065 11.57  67.539974  66.623339  2.415
 14     2.610 52704.28533129 12.08  67.536624  66.620269  2.415
 14     2.790 52704.28533194 11.22  67.533284  66.617189  2.415
 14     2.862 52704.28533258 10.37  67.529944  66.614109  2.415
 14     2.835 52704.28533323 10.32  67.526594  66.611039  2.415
 14     2.770 52704.28533387 10.03  67.523254  66.607959  2.415
 14     2.692 52704.28533452  9.33  67.519914  66.604889  2.415
 14     2.637 52704.28533516  8.65  67.516564  66.601809  2.415
 15     2.925 52739.28536354 10.52  67.543975  66.646398  2.316
 15     2.881 52739.28536419 10.42  67.540625  66.643318  2.316
 15     2.826 52739.28536483 10.44  67.537275  66.640248  2.316
 15     2.524 52739.28536548 11.94  67.533925  66.637168  2.316
 15     2.006 52739.28536612 11.81  67.530575  66.634088  2.316
 15     1.886 52739.28536676 11.61  67.527235  66.631018  2.316
 15     2.445 52739.28536741 11.39  67.523885  66.627938  2.316
 15     2.563 52739.28536805 10.93  67.520545  66.624868  2.316
 15     2.489 52739.28536870 10.87  67.517195  66.621788  2.316
 15     2.732 52739.28536934 10.27  67.513855  66.618718  2.316
 15     2.737 52739.28536999  9.41  67.510515  66.615638  2.316
 15     2.706 52739.28537063  9.11  67.507172  66.612562  1.857
 15     2.675 52739.28537128  8.62  67.503832  66.609482  1.857
 15     2.623 52739.28537192  8.49  67.500492  66.606402  1.857
 16     3.593 52774.28531319 38.68  67.542151  66.647738 40.710
 16     3.438 52774.28531383 39.11  67.538801  66.644668 40.710
 16     3.473 52774.28531448 37.31  67.535451  66.641588 40.710
 16     3.440 52774.28531512 35.71  67.532111  66.638518 40.710
 16     3.530 52774.28531577 35.23  67.528761  66.635438 40.710
 16     3.489 52774.28531641 35.79  67.525412  66.632364 20.927
 16     3.436 52774.28531706 38.62  67.522072  66.629284 20.927
 16     3.478 52774.28531770 38.00  67.518722  66.626204 20.927
 16     3.242 52774.28531835 33.64  67.515382  66.623134 20.927
 16     3.453 52774.28531899 37.94  67.512042  66.620054 20.927
 16     3.387 52774.28531964 41.10  67.508702  66.616984 20.927
 16     3.403 52774.28532028 42.01  67.505362  66.613904 20.927
 16     3.408 52774.28532092 40.44  67.502022  66.610824 20.927
 16     3.430 52774.28532157 41.26  67.498682  66.607754 20.927
 17     4.819 52809.28538611 28.96  67.554907  66.641860  7.574
 17     4.453 52809.28538676 24.78  67.551557  66.638790  7.574
 17     4.439 52809.28538740 20.56  67.548207  66.635710  7.574
 17     4.546 52809.28538804 20.14  67.544857  66.632640  7.574
 17     4.534 52809.28538869 20.02  67.541507  66.629560  7.574
 17     4.516 52809.28538933 18.27  67.538157  66.626490  7.574
 17     4.471 52809.28538998 17.58  67.534807  66.623410  7.574
 17     4.148 52809.28539062 17.79  67.531467  66.620330  7.574
 17     4.305 52809.28539127 16.83  67.528117  66.617260  7.574
 17     4.388 52809.28539191 16.92  67.524777  66.614180  7.574
 17     4.380 52809.28539256 15.91  67.521427  66.611110  7.574
 17     4.385 52809.28539320 15.85  67.518087  66.608030  7.574
 17     4.364 52809.28539385 15.85  67.514747  66.604950  7.574
 18     4.224 52844.28544290 25.51  67.556153  66.641791  8.097
 18     3.589 52844.28544354 18.47  67.552793  66.638721  8.097
 18     3.235 52844.28544419 16.78  67.549453  66.635641  8.097
 18     3.459 52844.28544483 14.63  67.546103  66.632571  8.097
 18     3.761 52844.28544548 14.29  67.542753  66.629491  8.097
 18     3.936 52844.28544612 13.33  67.539403  66.626421  8.097
 18     3.937 52844.28544677 12.94  67.536053  66.623341  8.097
 18     3.994 52844.28544741 12.04  67.532713  66.620261  8.097
 18     4.124 52844.28544806 11.42  67.529363  66.617191  8.097
 18     4.068 52844.28544870 11.34  67.526023  66.614111  8.097
 18     4.098 52844.28544935 11.62  67.522673  66.611041  8.097
 18     4.244 52844.28544999 11.50  67.519333  66.607961  8.097
 18     4.280 52844.28545064 11.27  67.515993  66.604881  8.097
 19     3.745 52879.28548035 34.22  67.550573  66.645487 19.397
 19     3.335 52879.28548099 30.18  67.547223  66.642407 19.397
 19     1.908 52879.28548164 32.09  67.543873  66.639337 19.397
 19     1.837 52879.28548228 29.96  67.540523  66.636257 19.397
 19     1.517 52879.28548293 32.63  67.537173  66.633187 19.397
 19     1.697 52879.28548357 30.04  67.533823  66.630107 19.397
 19     1.977 52879.28548422 30.99  67.530483  66.627037 19.397
 19     2.200 52879.28548486 34.81  67.527133  66.623957 19.397
 19     2.318 52879.28548551 39.94  67.523793  66.620877 19.397
 19     2.384 52879.28548615 45.97  67.520443  66.617807 19.397
 19     2.458 52879.28548680 38.76  67.517103  66.614727 19.397
 19     2.416 52879.28548744 45.83  67.513763  66.611647 19.397
 19     2.308 52879.28548808 41.51  67.510413  66.608577 19.397
 19     2.305 52879.28548873 37.41  67.507073  66.605497 19.397
 20     4.166 52914.28543797 29.95  67.545637  66.647767 35.245
 20     3.709 52914.28543862 24.76  67.542287  66.644690 11.118
 20     3.122 52914.28543926 25.86  67.538937  66.641620 11.118
 20     2.872 52914.28543991 24.07  67.535587  66.638540 11.118
 20     2.005 52914.28544055 24.58  67.532237  66.635470 11.118
 20     1.903 52914.28544120 26.55  67.528897  66.632390 11.118
 20     1.910 52914.28544184 29.24  67.525547  66.629310 11.118
 20     2.124 52914.28544249 32.69  67.522207  66.626240 11.118
 20     1.967 52914.28544313 36.70  67.518867  66.623160 11.118
 20     1.917 52914.28544377 41.00  67.515517  66.620090 11.118
 20     2.066 52914.28544442 37.72  67.512177  66.617010 11.118
 20     2.074 52914.28544506 32.93  67.508837  66.613930 11.118
 20     2.146 52914.28544571 31.33  67.505497  66.610850 11.118
 20     2.072 52914.28544635 31.61  67.502157  66.607780 11.118
 22     3.851 52984.28542572 17.77  67.555557  66.642712  2.840
 22     3.281 52984.28542636 17.84  67.552207  66.639632  2.840
 22     1.925 52984.28542701 17.60  67.548857  66.636552  2.840
 22     1.122 52984.28542765 18.31  67.545507  66.633482  2.840
 22     1.021 52984.28542830 18.82  67.542167  66.630402  2.840
 22     0.936 52984.28542894 18.22  67.538817  66.627332  2.840
 22     0.999 52984.28542959 16.81  67.535467  66.624252  2.840
 22     0.582 52984.28543023 17.07  67.532127  66.621182  2.840
 22     0.638 52984.28543087 16.69  67.528777  66.618102  2.840
 22     0.253 52984.28543152 15.94  67.525437  66.615022  2.840
 22     0.246 52984.28543216 15.19  67.522097  66.611952  2.840
 22     2.205 52984.28543281 14.87  67.518747  66.608872  2.840
 22     1.843 52984.28543345 14.62  67.515407  66.605792  2.840
 22     1.354 52984.28543410 13.90  67.512067  66.602722  2.840
 23     0.908 53019.28541723 14.99  67.542960  66.645893  2.619
 23     2.158 53019.28541788 15.04  67.539610  66.642823  2.619
 23     1.239 53019.28541852 15.47  67.536260  66.639743  2.619
 23     1.066 53019.28541917 15.50  67.532910  66.636673  2.619
 23     1.001 53019.28541981 16.21  67.529570  66.633593  2.619
 23     0.956 53019.28542046 15.65  67.526223  66.630521  2.624
 23     0.719 53019.28542110 15.20  67.522873  66.627441  2.624
 23     0.538 53019.28542175 15.38  67.519533  66.624361  2.624
 23     1.702 53019.28542239 14.33  67.516183  66.621291  2.624
 23     1.507 53019.28542304 14.12  67.512843  66.618211  2.624
 23     0.975 53019.28542368 13.97  67.509503  66.615131  2.624
 23     1.957 53019.28542432 12.86  67.506163  66.612061  2.624
 23     1.947 53019.28542497 12.41  67.502823  66.608981  2.624
 24     1.100 53054.28540234 14.89  67.558295  66.640185  2.233
 24     0.989 53054.28540298 15.40  67.554945  66.637115  2.233
 24     1.122 53054.28540363 15.23  67.551599  66.634035  2.605
 24     1.297 53054.28540427 15.06  67.548249  66.630955  2.605
 24     1.231 53054.28540492 15.00  67.544899  66.627885  2.605
 24     1.045 53054.28540556 14.84  67.541559  66.624805  2.605
 24     1.188 53054.28540621 14.46  67.538209  66.621735  2.605
 24     1.148 53054.28540685 14.25  67.534869  66.618655  2.605
 24     1.361 53054.28540749 13.63  67.531519  66.615585  2.605
 24     2.407 53054.28540814 13.34  67.528179  66.612505  2.605
 24     2.443 53054.28540878 12.60  67.524829  66.609425  2.605
 24     2.410 53054.28540943 12.49  67.521489  66.606355  2.605
 24     1.994 53054.28541007 12.43  67.518149  66.603275  2.605
 25     0.566 53089.28544063 12.87  67.524301  66.640419  2.628
 25     0.715 53089.28544128 12.51  67.520951  66.637349  2.628
 25     0.836 53089.28544192 12.75  67.517601  66.634269  2.628
 25     0.800 53089.28544257 11.93  67.514261  66.631199  2.628
 25     0.639 53089.28544321 12.00  67.510911  66.628119  2.628
 25     0.477 53089.28544385 11.61  67.507571  66.625039  2.628
 25     1.161 53089.28544450 10.93  67.504231  66.621969  2.628
 25     1.654 53089.28544514 10.30  67.500881  66.618889  2.628
 25     1.312 53089.28544579 10.25  67.497541  66.615819  2.628
 25    -0.336 53089.28544643 10.09  67.494201  66.612739  2.628
 25    -0.276 53089.28544708  9.61  67.490861  66.609659  2.628
 26     0.989 53124.28540944 11.15  67.556464  66.642484  1.896
 26     1.068 53124.28541009 11.57  67.553114  66.639414  1.896
 26     1.087 53124.28541073 12.46  67.549766  66.636332  2.615
 26     1.071 53124.28541137 12.07  67.546416  66.633252  2.615
 26     1.204 53124.28541202 12.21  67.543066  66.630182  2.615
 26     1.169 53124.28541266 12.68  67.539716  66.627102  2.615
 26     1.149 53124.28541331 12.10  67.536366  66.624032  2.615
 26     1.208 53124.28541395 12.27  67.533026  66.620952  2.615
 26     1.412 53124.28541460 11.44  67.529676  66.617882  2.615
 26     2.400 53124.28541524 11.13  67.526336  66.614802  2.615
 26     2.472 53124.28541589 10.62  67.522986  66.611722  2.615
 26     2.621 53124.28541653 10.16  67.519646  66.608652  2.615
 26     2.497 53124.28541718 10.65  67.516306  66.605572  2.615
 26     2.548 53124.28541782  9.57  67.512966  66.602492  2.615
 27     5.182 53159.28546845 29.44  67.546516  66.645132 48.386
 27     5.023 53159.28546909 23.80  67.543165  66.642061  6.593
 27     4.559 53159.28546973 22.53  67.539815  66.638981  6.593
 27     4.280 53159.28547038 20.87  67.536465  66.635911  6.593
 27     4.792 53159.28547102 20.63  67.533115  66.632831  6.593
 27     4.894 53159.28547167 19.01  67.529775  66.629761  6.593
 27     4.965 53159.28547231 17.68  67.526425  66.626681  6.593
 27     4.935 53159.28547296 17.17  67.523075  66.623611  6.593
 27     4.969 53159.28547360 15.99  67.519735  66.620531  6.593
 27     5.019 53159.28547425 15.48  67.516395  66.617451  6.593
 27     5.158 53159.28547489 15.10  67.513045  66.614381  6.593
 27     5.182 53159.28547554 15.74  67.509705  66.611301  6.593
 27     5.432 53159.28547618 20.16  67.506365  66.608221  6.593
 28     4.355 53194.28546419 19.94  67.548295  66.642100  4.619
 28     3.737 53194.28546484 18.53  67.544945  66.639020  4.619
 28     3.484 53194.28546548 17.23  67.541605  66.635940  4.619
 28     3.375 53194.28546613 15.74  67.538255  66.632870  4.619
 28     2.703 53194.28546677 16.25  67.534905  66.629790  4.619
 28     3.572 53194.28546742 14.66  67.531565  66.626720  4.619
 28     3.794 53194.28546806 13.55  67.528215  66.623640  4.619
 28     3.954 53194.28546871 11.95  67.524875  66.620560  4.619
 28     3.849 53194.28546935 12.98  67.521525  66.617490  4.619
 28     3.957 53194.28547000 11.64  67.518185  66.614410  4.619
 28     4.060 53194.28547064 11.31  67.514845  66.611340  4.619
 28     4.039 53194.28547129 11.06  67.511505  66.608260  4.619
 28     4.148 53194.28547193  9.78  67.508165  66.605180  4.619
 29     3.885 53229.28545560 25.28  67.549638  66.644715 37.109
 29     3.208 53229.28545624 22.53  67.546288  66.641635 37.109
 29     2.712 53229.28545689 22.76  67.542938  66.638565 37.109
 29     2.217 53229.28545753 25.89  67.539598  66.635485 37.109
 29     1.955 53229.28545818 27.24  67.536249  66.632407 17.897
 29     2.203 53229.28545882 29.13  67.532899  66.629337 17.897
 29     2.088 53229.28545947 31.25  67.529559  66.626257 17.897
 29     2.346 53229.28546011 36.35  67.526209  66.623187 17.897
 29     2.508 53229.28546076 43.29  67.522869  66.620107 17.897
 29     2.548 53229.28546140 40.60  67.519519  66.617027 17.897
 29     2.571 53229.28546205 45.15  67.516179  66.613957 17.897
 29     2.570 53229.28546269 50.62  67.512839  66.610877 17.897
 29     2.551 53229.28546333 48.19  67.509499  66.607807 17.897
 29     2.478 53229.28546398 38.54  67.506159  66.604727 17.897
 30     3.519 53264.28542847 32.83  67.526581  66.641689 31.454
 30     2.691 53264.28542912 28.20  67.523241  66.638619 31.454
 30     2.363 53264.28542976 28.77  67.519891  66.635539 31.454
 30     2.414 53264.28543041 29.09  67.516547  66.632465 12.010
 30     2.555 53264.28543105 31.08  67.513207  66.629385 12.010
 30     2.182 53264.28543169 35.45  67.509857  66.626305 12.010
 30     1.990 53264.28543234 39.95  67.506517  66.623235 12.010
 30     2.216 53264.28543298 39.36  67.503177  66.620155 12.010
 30     2.478 53264.28543363 37.91  67.499837  66.617085 12.010
 30     2.261 53264.28543427 38.94  67.496497  66.614005 12.010
 30     2.079 53264.28543492 42.76  67.493157  66.610925 12.010
 31     3.692 53299.28547176 21.00  67.545819  66.644083 11.599
 31     2.883 53299.28547241 22.35  67.542469  66.641013 11.599
 31     2.039 53299.28547305 23.15  67.539110  66.637933  8.527
 31     1.168 53299.28547370 23.74  67.535770  66.634853  8.527
 31     1.275 53299.28547434 25.03  67.532420  66.631783  8.527
 31     1.583 53299.28547498 25.49  67.529070  66.628703  8.527
 31     1.820 53299.28547563 26.87  67.525720  66.625633  8.527
 31     1.708 53299.28547627 28.14  67.522380  66.622553  8.527
 31     1.565 53299.28547692 28.57  67.519030  66.619483  8.527
 31     1.110 53299.28547756 30.53  67.515690  66.616403  8.527
 31     1.392 53299.28547821 30.43  67.512340  66.613323  8.527
 31     1.591 53299.28547885 29.41  67.509000  66.610253  8.527
 31     1.766 53299.28547950 29.69  67.505660  66.607173  8.527
 32     1.362 53334.28544209 23.54  67.548492  66.645670  3.780
 32     1.397 53334.28544274 25.97  67.545142  66.642600  3.780
 32     1.421 53334.28544338 28.41  67.541792  66.639520  3.780
 32     1.494 53334.28544403 29.68  67.538446  66.636445  4.957
 32     1.496 53334.28544467 29.46  67.535096  66.633375  4.957
 32     1.522 53334.28544531 29.38  67.531756  66.630295  4.957
 32     1.383 53334.28544596 25.99  67.528406  66.627215  4.957
 32     1.159 53334.28544660 24.81  67.525056  66.624145  4.957
 32     0.765 53334.28544725 23.50  67.521716  66.621065  4.957
 32     0.467 53334.28544789 22.36  67.518376  66.617995  4.957
 32     0.326 53334.28544854 20.90  67.515026  66.614915  4.957
 32     0.116 53334.28544918 20.20  67.511686  66.611835  4.957
 32     0.929 53334.28544983 19.55  67.508346  66.608765  4.957
 32     1.244 53334.28545047 18.35  67.505006  66.605685  4.957
 33     1.799 53369.28538437 19.36  67.531155  66.640953  2.998
 33     1.791 53369.28538501 19.73  67.527804  66.637882  2.874
 33     1.804 53369.28538566 19.87  67.524464  66.634802  2.874
 33     1.807 53369.28538630 18.80  67.521114  66.631722  2.874
 33     1.638 53369.28538695 18.71  67.517774  66.628652  2.874
 33     1.490 53369.28538759 18.83  67.514424  66.625572  2.874
 33     1.509 53369.28538823 18.04  67.511084  66.622502  2.874
 33     1.648 53369.28538888 17.45  67.507744  66.619422  2.874
 33     1.795 53369.28538952 17.03  67.504404  66.616342  2.874
 33     1.993 53369.28539017 15.94  67.501064  66.613272  2.874
 33     2.026 53369.28539081 15.01  67.497724  66.610192  2.874
 34     1.334 53404.28541534 15.52  67.551793  66.641252  2.611
 34     1.565 53404.28541599 16.21  67.548443  66.638182  2.611
 34     1.685 53404.28541663 15.14  67.545093  66.635100  2.713
 34     1.384 53404.28541727 15.81  67.541743  66.632030  2.713
 34     1.329 53404.28541792 15.97  67.538393  66.628950  2.713
 34     1.214 53404.28541856 15.46  67.535053  66.625870  2.713
 34     1.264 53404.28541921 15.51  67.531703  66.622800  2.713
 34     0.995 53404.28541985 15.08  67.528353  66.619720  2.713
 34     1.020 53404.28542050 15.06  67.525013  66.616650  2.713
 34     2.000 53404.28542114 13.87  67.521673  66.613570  2.713
 34     2.238 53404.28542179 12.98  67.518323  66.610490  2.713
 34     2.086 53404.28542243 12.83  67.514983  66.607420  2.713
 34     1.905 53404.28542308 12.63  67.511643  66.604340  2.713
 35     1.339 53439.28540433 14.02  67.530402  66.638663  2.488
 35     1.347 53439.28540498 13.87  67.527052  66.635593  2.488
 35     1.399 53439.28540562 13.80  67.523712  66.632513  2.488
 35     1.396 53439.28540627 13.76  67.520362  66.629443  2.488
 35     1.535 53439.28540691 13.72  67.517022  66.626363  2.488
 35     1.366 53439.28540756 13.62  67.513682  66.623283  2.488
 35     1.956 53439.28540820 12.61  67.510332  66.620213  2.488
 35     2.187 53439.28540885 11.57  67.506992  66.617133  2.488
 35     2.308 53439.28540949 11.56  67.503652  66.614063  2.488
 35     2.314 53439.28541014 10.56  67.500312  66.610983  2.488
 35     2.135 53439.28541078 10.27  67.496972  66.607903  2.488
 36     1.182 53474.28546294 10.05  67.550197  66.644075  1.962
 36     1.150 53474.28546359 10.23  67.546847  66.640995  1.962
 36     1.240 53474.28546423 10.84  67.543490  66.637923  2.573
 36     1.140 53474.28546488 10.40  67.540150  66.634853  2.573
 36     1.267 53474.28546552 10.69  67.536800  66.631773  2.573
 36     1.250 53474.28546617 11.30  67.533450  66.628693  2.573
 36     1.482 53474.28546681 10.78  67.530100  66.625623  2.573
 36     1.614 53474.28546746 10.86  67.526760  66.622543  2.573
 36     1.975 53474.28546810 10.01  67.523410  66.619473  2.573
 36     2.273 53474.28546875  9.32  67.520070  66.616393  2.573
 36     2.410 53474.28546939  8.48  67.516720  66.613313  2.573
 36     2.428 53474.28547004  8.32  67.513380  66.610243  2.573
 36     2.312 53474.28547068  7.89  67.510040  66.607163  2.573
 37     4.045 53509.28548292 40.67  67.547399  66.643803 44.026
 37     4.098 53509.28548357 32.13  67.544049  66.640723 44.026
 37     4.105 53509.28548421 29.67  67.540699  66.637647 15.442
 37     4.103 53509.28548485 28.76  67.537349  66.634577 15.442
 37     4.154 53509.28548550 32.01  67.533999  66.631497 15.442
 37     4.119 53509.28548614 36.28  67.530649  66.628427 15.442
 37     4.048 53509.28548679 31.38  67.527309  66.625347 15.442
 37     3.917 53509.28548743 24.20  67.523959  66.622267 15.442
 37     3.615 53509.28548808 23.50  67.520619  66.619197 15.442
 37     3.165 53509.28548872 21.36  67.517279  66.616117 15.442
 37     3.459 53509.28548937 20.05  67.513929  66.613037 15.442
 37     3.860 53509.28549001 20.88  67.510589  66.609967 15.442
 37     4.216 53509.28549066 27.38  67.507249  66.606887 15.442
 38     4.357 53544.28549680 23.64  67.541954  66.645266 44.621
 38     4.130 53544.28549745 18.40  67.538604  66.642186 44.621
 38     3.512 53544.28549809 18.00  67.535248  66.639110  3.373
 38     3.065 53544.28549874 18.68  67.531908  66.636040  3.373
 38     2.369 53544.28549938 18.96  67.528558  66.632960  3.373
 38     3.603 53544.28550003 16.01  67.525208  66.629890  3.373
 38     3.936 53544.28550067 13.76  67.521868  66.626810  3.373
 38     3.975 53544.28550132 14.15  67.518518  66.623730  3.373
 38     4.069 53544.28550196 13.01  67.515178  66.620660  3.373
 38     4.192 53544.28550261 11.22  67.511828  66.617580  3.373
 38     4.235 53544.28550325 10.85  67.508488  66.614510  3.373
 38     4.284 53544.28550389 10.14  67.505148  66.611430  3.373
 38     4.328 53544.28550454  9.29  67.501808  66.608350  3.373
 39     3.362 53579.28547639 36.97  67.541987  66.647054 38.077
 39     3.476 53579.28547704 45.13  67.538637  66.643984 38.077
 39     3.361 53579.28547768 49.43  67.535287  66.640904 38.077
 39     3.305 53579.28547833 47.52  67.531933  66.637826 10.590
 39     3.472 53579.28547897 46.31  67.528593  66.634756 10.590
 39     3.384 53579.28547961 44.97  67.525243  66.631676 10.590
 39     3.348 53579.28548026 41.67  67.521903  66.628606 10.590
 39     2.999 53579.28548090 37.16  67.518553  66.625526 10.590
 39     2.752 53579.28548155 36.91  67.515213  66.622446 10.590
 39     2.510 53579.28548219 36.40  67.511863  66.619376 10.590
 39     2.479 53579.28548284 35.71  67.508523  66.616296 10.590
 39     2.062 53579.28548348 36.05  67.505183  66.613226 10.590
 39     2.263 53579.28548413 36.11  67.501843  66.610146 10.590
 39     3.452 53579.28548477 42.01  67.498503  66.607066 10.590
 40     1.433 53614.28543185 23.17  67.526042  66.640007 14.936
 40     1.543 53614.28543249 24.75  67.522692  66.636927 14.936
 40     1.252 53614.28543314 25.20  67.519352  66.633847 14.936
 40     1.884 53614.28543378 26.70  67.516002  66.630777 14.936
 40     1.695 53614.28543443 31.11  67.512662  66.627697 14.936
 40     1.789 53614.28543507 44.67  67.509322  66.624627 14.936
 40     1.624 53614.28543571 51.27  67.505972  66.621547 14.936
 40     1.802 53614.28543636 40.73  67.502632  66.618467 14.936
 40     2.032 53614.28543700 29.40  67.499292  66.615397 14.936
 40     1.854 53614.28543765 36.56  67.495952  66.612317 14.936
 40     1.824 53614.28543829 29.62  67.492612  66.609237 14.936
 41     4.527 53649.28543747 21.21  67.556239  66.642472 39.746
 41     2.852 53649.28543812 20.93  67.552889  66.639402 39.746
 41     2.673 53649.28543876 20.38  67.549537  66.636321  9.886
 41     2.031 53649.28543941 21.95  67.546187  66.633241  9.886
 41     1.564 53649.28544005 23.68  67.542847  66.630171  9.886
 41     1.616 53649.28544069 26.17  67.539497  66.627091  9.886
 41     1.940 53649.28544134 27.59  67.536147  66.624021  9.886
 41     2.177 53649.28544198 29.32  67.532807  66.620941  9.886
 41     2.462 53649.28544263 29.24  67.529457  66.617871  9.886
 41     2.742 53649.28544327 27.87  67.526117  66.614791  9.886
 41     2.596 53649.28544392 27.12  67.522767  66.611711  9.886
 41     2.386 53649.28544456 27.99  67.519427  66.608641  9.886
 41     2.000 53649.28544521 30.02  67.516087  66.605561  9.886
 41     1.559 53649.28544585 43.05  67.512747  66.602491  9.886
 42     1.710 53684.28545072 42.67  67.542922  66.647014 10.022
 42     1.709 53684.28545136 45.42  67.539572  66.643944 10.022
 42     1.755 53684.28545201 42.06  67.536222  66.640864 10.022
 42     1.814 53684.28545265 43.39  67.532874  66.637789 12.746
 42     1.691 53684.28545330 42.27  67.529524  66.634719 12.746
 42     1.696 53684.28545394 47.35  67.526184  66.631639 12.746
 42     1.542 53684.28545459 36.41  67.522834  66.628559 12.746
 42     1.413 53684.28545523 31.33  67.519494  66.625489 12.746
 42     1.267 53684.28545588 26.88  67.516144  66.622409 12.746
 42     1.150 53684.28545652 22.90  67.512804  66.619339 12.746
 42     1.240 53684.28545717 21.50  67.509454  66.616259 12.746
 42     1.204 53684.28545781 20.93  67.506114  66.613189 12.746
 42     1.625 53684.28545846 19.58  67.502774  66.610109 12.746
 42     1.629 53684.28545910 18.25  67.499434  66.607029 12.746
 43     0.768 53719.28537744 22.62  67.541943  66.647200  2.669
 43     0.706 53719.28537809 23.97  67.538593  66.644130  2.669
 43     0.667 53719.28537873 24.81  67.535243  66.641050  2.669
 43     0.663 53719.28537937 25.53  67.531902  66.637971  3.465
 43     0.740 53719.28538002 25.53  67.528552  66.634901  3.465
 43     0.725 53719.28538066 24.34  67.525212  66.631821  3.465
 43     0.562 53719.28538131 24.47  67.521862  66.628751  3.465
 43     0.276 53719.28538195 23.42  67.518522  66.625671  3.465
 43     0.006 53719.28538260 22.52  67.515172  66.622591  3.465
 43    -0.331 53719.28538324 21.11  67.511832  66.619521  3.465
 43    -0.658 53719.28538389 20.64  67.508492  66.616441  3.465
 43    -0.012 53719.28538453 20.02  67.505152  66.613371  3.465
 43     0.142 53719.28538518 19.15  67.501812  66.610291  3.465
 43    -0.249 53719.28538582 18.73  67.498472  66.607211  3.465
 45     1.172 53789.28533066 13.16  67.547432  66.643142  2.145
 45     1.226 53789.28533131 13.20  67.544082  66.640062  2.145
 45     1.237 53789.28533195 13.29  67.540741  66.636986  2.820
 45     1.186 53789.28533260 14.11  67.537391  66.633916  2.820
 45     1.190 53789.28533324 13.78  67.534041  66.630836  2.820
 45     1.033 53789.28533388 13.59  67.530701  66.627766  2.820
 45     0.852 53789.28533453 14.10  67.527351  66.624686  2.820
 45     0.812 53789.28533517 13.51  67.524011  66.621606  2.820
 45     1.665 53789.28533582 12.43  67.520671  66.618536  2.820
 45     1.648 53789.28533646 12.28  67.517321  66.615456  2.820
 45     2.218 53789.28533711 11.47  67.513981  66.612386  2.820
 45     1.948 53789.28533775 11.58  67.510641  66.609306  2.820
 45     1.947 53789.28533840 10.69  67.507301  66.606226  2.820
 47     1.189 53859.28537900  9.10  67.550709  66.644499  1.932
 47     1.123 53859.28537964  9.87  67.547359  66.641419  1.932
 47     1.153 53859.28538028  9.76  67.544009  66.638349  1.932
 47     1.104 53859.28538093 10.11  67.540656  66.635266  2.489
 47     1.194 53859.28538157 10.22  67.537306  66.632196  2.489
 47     1.460 53859.28538222 10.40  67.533956  66.629116  2.489
 47     1.446 53859.28538286 10.29  67.530616  66.626046  2.489
 47     1.412 53859.28538351  9.79  67.527266  66.622966  2.489
 47     2.268 53859.28538415  9.41  67.523916  66.619886  2.489
 47     2.587 53859.28538480  9.17  67.520576  66.616816  2.489
 47     2.810 53859.28538544  7.99  67.517236  66.613736  2.489
 47     2.858 53859.28538609  7.79  67.513886  66.610656  2.489
 47     2.678 53859.28538673  7.59  67.510546  66.607586  2.489
 47     2.749 53859.28538738  6.70  67.507206  66.604506  2.489
 48     4.841 53894.28539616 26.12  67.552067  66.641065 47.599
 48     4.118 53894.28539680 24.57  67.548715  66.637992  5.459
 48     3.925 53894.28539745 20.87  67.545365  66.634922  5.459
 48     3.773 53894.28539809 20.41  67.542025  66.631842  5.459
 48     3.436 53894.28539874 18.67  67.538675  66.628762  5.459
 48     4.383 53894.28539938 17.35  67.535325  66.625692  5.459
 48     4.450 53894.28540003 17.19  67.531985  66.622612  5.459
 48     4.519 53894.28540067 15.64  67.528635  66.619542  5.459
 48     4.599 53894.28540132 14.74  67.525295  66.616462  5.459
 48     4.660 53894.28540196 14.33  67.521945  66.613382  5.459
 48     4.771 53894.28540261 13.58  67.518605  66.610312  5.459
 48     4.833 53894.28540325 12.97  67.515265  66.607232  5.459
 48     4.912 53894.28540390 12.85  67.511925  66.604162  5.459
 49     4.215 53929.28545093 26.70  67.540696  66.647025 40.950
 49     3.819 53929.28545158 19.54  67.537346  66.643955 40.950
 49     3.748 53929.28545222 20.23  67.533996  66.640875 40.950
 49     3.778 53929.28545287 18.13  67.530648  66.637799  4.416
 49     3.309 53929.28545351 19.21  67.527298  66.634729  4.416
 49     2.526 53929.28545416 20.57  67.523948  66.631649  4.416
 49     1.558 53929.28545480 22.33  67.520598  66.628579  4.416
 49     0.625 53929.28545545 21.55  67.517258  66.625499  4.416
 49     3.710 53929.28545609 15.78  67.513908  66.622419  4.416
 49     3.713 53929.28545674 16.04  67.510568  66.619349  4.416
 49     3.730 53929.28545738 15.93  67.507228  66.616269  4.416
 49     3.960 53929.28545802 12.99  67.503878  66.613199  4.416
 49     4.047 53929.28545867 12.70  67.500538  66.610119  4.416
 50     2.915 53964.28543260 34.00  67.529649  66.639890 35.521
 50     2.764 53964.28543324 33.94  67.526297  66.636811  8.030
 50     2.816 53964.28543389 34.18  67.522957  66.633741  8.030
 50     3.037 53964.28543453 34.92  67.519607  66.630661  8.030
 50     2.943 53964.28543518 36.00  67.516267  66.627591  8.030
 50     2.897 53964.28543582 37.01  67.512917  66.624511  8.030
 50     3.137 53964.28543647 34.67  67.509577  66.621431  8.030
 50     3.194 53964.28543711 39.74  67.506227  66.618361  8.030
 50     2.808 53964.28543776 34.23  67.502887  66.615281  8.030
 50     3.239 53964.28543840 41.24  67.499547  66.612211  8.030
 50     3.273 53964.28543905 43.03  67.496207  66.609131  8.030
 54     1.753 54104.28538180 12.12  67.527956  66.640014  2.510
 54     1.668 54104.28538244 12.52  67.524605  66.636942  2.573
 54     1.724 54104.28538309 12.48  67.521265  66.633862  2.573
 54     1.735 54104.28538373 12.92  67.517915  66.630782  2.573
 54     1.834 54104.28538438 12.27  67.514575  66.627712  2.573
 54     2.171 54104.28538502 12.19  67.511235  66.624632  2.573
 54     2.331 54104.28538567 11.43  67.507885  66.621552  2.573
 54     2.509 54104.28538631 10.98  67.504545  66.618482  2.573
 54     2.562 54104.28538696 11.23  67.501205  66.615402  2.573
 54     2.584 54104.28538760 10.58  67.497865  66.612332  2.573
 54     2.626 54104.28538825 10.03  67.494525  66.609252  2.573
 55     4.227 54139.28535535 12.36  67.551571  66.640982  2.261
 55     3.515 54139.28535600 12.31  67.548221  66.637912  2.261
 55     2.912 54139.28535664 12.34  67.544877  66.634830  2.116
 55     2.386 54139.28535729 12.58  67.541527  66.631750  2.116
 55     2.297 54139.28535793 12.72  67.538177  66.628680  2.116
 55     2.017 54139.28535858 12.60  67.534837  66.625600  2.116
 55     2.351 54139.28535922 12.32  67.531487  66.622530  2.116
 55     2.789 54139.28535987 11.31  67.528147  66.619450  2.116
 55     2.782 54139.28536051 10.95  67.524797  66.616380  2.116
 55     2.947 54139.28536115 10.50  67.521457  66.613300  2.116
 55     2.940 54139.28536180  9.98  67.518107  66.610220  2.116
 55     2.943 54139.28536244  9.65  67.514767  66.607150  2.116
 55     2.841 54139.28536309  9.10  67.511427  66.604070  2.116
 56     4.287 54174.28535900 11.49  67.542640  66.647909  2.184
 56     4.091 54174.28535964 11.21  67.539300  66.644829  2.184
 56     3.575 54174.28536029 11.40  67.535950  66.641749  2.184
 56     2.915 54174.28536093 11.47  67.532600  66.638679  2.184
 56     2.360 54174.28536158 11.80  67.529250  66.635599  2.184
 56     1.995 54174.28536222 11.47  67.525906  66.632530  2.076
 56     1.969 54174.28536287 11.40  67.522556  66.629450  2.076
 56     2.216 54174.28536351 11.88  67.519216  66.626370  2.076
 56     2.487 54174.28536416 11.86  67.515876  66.623300  2.076
 56     2.766 54174.28536480 10.56  67.512526  66.620220  2.076
 56     2.958 54174.28536545  9.85  67.509186  66.617140  2.076
 56     2.950 54174.28536609  9.60  67.505846  66.614070  2.076
 56     3.081 54174.28536674  9.24  67.502506  66.610990  2.076
 56     2.819 54174.28536738  8.64  67.499166  66.607920  2.076
 57     3.670 54209.28536165  7.67  67.550542  66.641122  8.563
 57     3.119 54209.28536230  5.00  67.547192  66.638052  8.563
 57     2.504 54209.28536294  0.71  67.543842  66.634972  8.563
 57     2.046 54209.28536359  0.90  67.540493  66.631898  2.094
 57     2.221 54209.28536423  1.36  67.537143  66.628828  2.094
 58     5.645 54244.28539190 36.38  67.550123  66.645098 31.155
 58     4.921 54244.28539254 36.72  67.546773  66.642018 31.155
 58     4.854 54244.28539319 33.74  67.543423  66.638938 31.155
 58     4.648 54244.28539383 33.45  67.540073  66.635868 31.155
 58     4.402 54244.28539448 31.31  67.536723  66.632788 31.155
 58     4.858 54244.28539512 28.70  67.533382  66.629709  3.495
 58     5.005 54244.28539576 27.98  67.530032  66.626639  3.495
 58     5.238 54244.28539641 26.23  67.526692  66.623559  3.495
 58     5.316 54244.28539705 25.96  67.523342  66.620489  3.495
 58     5.343 54244.28539770 26.14  67.520002  66.617409  3.495
 58     5.350 54244.28539834 26.41  67.516652  66.614329  3.495
 58     5.320 54244.28539899 27.04  67.513312  66.611259  3.495
 58     5.358 54244.28539963 26.71  67.509972  66.608179  3.495
 58     5.662 54244.28540028 25.48  67.506632  66.605109  3.495
 59     5.254 54279.28540408 35.91  67.550341  66.645355 44.204
 59     4.944 54279.28540473 26.42  67.546991  66.642275 44.204
 59     4.488 54279.28540537 24.21  67.543641  66.639195 44.204
 59     4.109 54279.28540602 19.83  67.540291  66.636125 44.204
 59     3.616 54279.28540666 18.66  67.536941  66.633045 44.204
 59     2.843 54279.28540731 19.48  67.533600  66.629968  2.578
 59     4.000 54279.28540795 16.97  67.530250  66.626898  2.578
 59     4.322 54279.28540860 16.15  67.526910  66.623818  2.578
 59     4.721 54279.28540924 14.93  67.523560  66.620738  2.578
 59     4.880 54279.28540989 14.14  67.520220  66.617668  2.578
 59     4.908 54279.28541053 13.41  67.516870  66.614588  2.578
 59     5.011 54279.28541118 12.73  67.513530  66.611518  2.578
 59     5.028 54279.28541182 11.89  67.510190  66.608438  2.578
 59     5.158 54279.28541247 11.77  67.506850  66.605358  2.578
 60     4.737 54314.28540436 26.34  67.546143  66.643475 42.589
 60     4.388 54314.28540501 27.10  67.542793  66.640395 42.589
 60     3.991 54314.28540565 25.57  67.539443  66.637325 42.589
 60     3.462 54314.28540630 24.57  67.536103  66.634245 42.589
 60     2.918 54314.28540694 22.66  67.532758  66.631167  4.592
 60     1.837 54314.28540759 23.19  67.529408  66.628097  4.592
 60     1.225 54314.28540823 20.89  67.526058  66.625017  4.592
 60     0.106 54314.28540888 20.63  67.522718  66.621947  4.592
 60    -1.166 54314.28540952 19.77  67.519378  66.618867  4.592
 60     4.083 54314.28541017 17.46  67.516028  66.615787  4.592
 60     4.076 54314.28541081 16.69  67.512688  66.612717  4.592
 60     4.290 54314.28541146 16.66  67.509348  66.609637  4.592
 60     4.277 54314.28541210 17.23  67.506008  66.606567  4.592
 61     4.338 54349.28537358 26.82  67.540548  66.647275 39.453
 61     4.352 54349.28537422 23.56  67.537198  66.644205 39.453
 61     4.169 54349.28537487 22.03  67.533848  66.641125 39.453
 61     3.795 54349.28537551 19.87  67.530498  66.638055 39.453
 61     3.836 54349.28537616 18.40  67.527158  66.634975 39.453
 61     3.638 54349.28537680 16.02  67.523813  66.631903  2.829
 61     2.382 54349.28537745 18.99  67.520463  66.628823  2.829
 61     3.615 54349.28537809 16.14  67.517123  66.625743  2.829
 61     3.954 54349.28537874 15.01  67.513773  66.622673  2.829
 61     4.229 54349.28537938 13.53  67.510433  66.619593  2.829
 61     4.309 54349.28538003 12.85  67.507093  66.616513  2.829
 61     4.408 54349.28538067 11.95  67.503753  66.613443  2.829
 61     4.602 54349.28538132 10.87  67.500413  66.610363  2.829
 62     3.822 54384.28534241 29.91  67.553394  66.642820 34.546
 62     3.544 54384.28534305 25.15  67.550044  66.639740 34.546
 62     3.230 54384.28534370 23.56  67.546694  66.636660 34.546
 62     2.317 54384.28534434 25.00  67.543342  66.633587 15.443
 62     1.554 54384.28534499 28.59  67.539992  66.630517 15.443
 62     1.988 54384.28534563 28.33  67.536652  66.627437 15.443
 62     2.226 54384.28534628 32.11  67.533302  66.624357 15.443
 62     2.243 54384.28534692 36.36  67.529962  66.621287 15.443
 62     2.157 54384.28534757 40.12  67.526612  66.618207 15.443
 62     2.213 54384.28534821 37.00  67.523272  66.615137 15.443
 62     2.416 54384.28534885 34.29  67.519922  66.612057 15.443
 62     2.388 54384.28534950 36.81  67.516582  66.608977 15.443
 62     2.372 54384.28535014 36.37  67.513242  66.605907 15.443
 63     1.774 54419.28532294 34.57  67.543948  66.648591 11.824
 63     1.780 54419.28532359 37.90  67.540598  66.645511 11.824
 63     1.544 54419.28532423 38.68  67.537248  66.642441 11.824
 63     1.601 54419.28532488 40.41  67.533898  66.639361 11.824
 63     1.636 54419.28532552 40.13  67.530553  66.636283  8.272
 63     1.718 54419.28532617 36.36  67.527203  66.633213  8.272
 63     1.758 54419.28532681 35.60  67.523863  66.630133  8.272
 63     1.749 54419.28532746 33.65  67.520513  66.627063  8.272
 63     1.755 54419.28532810 28.61  67.517173  66.623983  8.272
 63     1.642 54419.28532874 26.81  67.513833  66.620903  8.272
 63     1.611 54419.28532939 25.60  67.510483  66.617833  8.272
 63     1.614 54419.28533003 24.53  67.507143  66.614753  8.272
 63     1.962 54419.28533068 23.17  67.503803  66.611683  8.272
 63     1.983 54419.28533132 21.77  67.500463  66.608603  8.272
 64     3.496 54454.28531388 16.58  67.557241  66.639861  2.845
 64     2.707 54454.28531453 16.50  67.553891  66.636791  2.845
 64     1.634 54454.28531517 17.23  67.550537  66.633711  2.806
 64     1.356 54454.28531582 16.81  67.547197  66.630631  2.806
 64     1.224 54454.28531646 18.06  67.543847  66.627561  2.806
 64     1.295 54454.28531711 16.06  67.540497  66.624481  2.806
 64     1.417 54454.28531775 15.74  67.537147  66.621411  2.806
 64     1.148 54454.28531839 16.09  67.533807  66.618331  2.806
 64     2.071 54454.28531904 15.01  67.530457  66.615261  2.806
 64     2.070 54454.28531968 14.33  67.527117  66.612181  2.806
 64     2.026 54454.28532033 14.20  67.523767  66.609101  2.806
 64     2.083 54454.28532097 13.81  67.520427  66.606031  2.806
 64     1.894 54454.28532162 12.95  67.517087  66.602951  2.806
 65     3.576 54489.28532307 13.55  67.545019  66.643973  2.578
 65     2.995 54489.28532372 13.75  67.541669  66.640903  2.578
 65     1.916 54489.28532436 14.31  67.538319  66.637823  2.578
 65     1.368 54489.28532501 13.89  67.534969  66.634753  2.578
 65     1.352 54489.28532565 14.92  67.531629  66.631673  2.578
 65     1.577 54489.28532630 13.86  67.528279  66.628603  2.578
 65     1.849 54489.28532694 13.72  67.524939  66.625523  2.578
 65     1.866 54489.28532759 13.84  67.521589  66.622443  2.578
 65     2.087 54489.28532823 13.13  67.518249  66.619373  2.578
 65     2.021 54489.28532888 12.24  67.514909  66.616293  2.578
 65     2.297 54489.28532952 11.37  67.511559  66.613223  2.578
 65     2.298 54489.28533017 10.87  67.508219  66.610143  2.578
 65     2.177 54489.28533081 10.61  67.504879  66.607063  2.578
 66     3.653 54524.28532644 12.17  67.554143  66.643071  2.445
 66     3.136 54524.28532709 12.18  67.550793  66.639991  2.445
 66     1.393 54524.28532773 12.85  67.547443  66.636921  2.445
 66     1.497 54524.28532838 12.95  67.544093  66.633841  2.445
 66     1.357 54524.28532902 13.14  67.540743  66.630761  2.445
 66     1.568 54524.28532967 12.99  67.537393  66.627691  2.445
 66     1.969 54524.28533031 12.71  67.534053  66.624611  2.445
 66     2.216 54524.28533095 12.31  67.530703  66.621541  2.445
 66     2.479 54524.28533160 11.99  67.527363  66.618461  2.445
 66     2.557 54524.28533224 11.46  67.524013  66.615391  2.445
 66     2.663 54524.28533289 10.68  67.520673  66.612311  2.445
 66     2.644 54524.28533353 10.11  67.517333  66.609231  2.445
 66     2.538 54524.28533418  9.94  67.513993  66.606161  2.445
 66     2.379 54524.28533482  9.52  67.510653  66.603081  2.445
 67     4.150 54559.28533166  6.80  67.543198  66.647854  1.701
 67     4.088 54559.28533230  6.81  67.539850  66.644778  1.874
 67     3.402 54559.28533295  7.03  67.536500  66.641708  1.874
 67     2.748 54559.28533359  7.90  67.533150  66.638628  1.874
 67     2.189 54559.28533424  7.12  67.529810  66.635558  1.874
 67     2.021 54559.28533488  7.35  67.526460  66.632478  1.874
 67     1.891 54559.28533553  7.18  67.523110  66.629398  1.874
 67     2.262 54559.28533617  7.10  67.519770  66.626328  1.874
 67     2.400 54559.28533682  6.85  67.516430  66.623248  1.874
 67     2.459 54559.28533746  6.18  67.513080  66.620168  1.874
 67     2.785 54559.28533811  5.24  67.509740  66.617098  1.874
 67     3.172 54559.28533875  4.97  67.506400  66.614018  1.874
 67     3.044 54559.28533940  4.75  67.503060  66.610938  1.874
 67     8.535 54559.28534004  4.33  67.499720  66.607868  1.874
 68     1.932 54594.28532230 11.96  67.547802  66.643867  7.713
 68     1.957 54594.28532295 16.88  67.544452  66.640787  7.713
 68     1.845 54594.28532359 15.98  67.541102  66.637707  7.713
 68     1.678 54594.28532424 15.37  67.537752  66.634637  7.713
 68     1.903 54594.28532488 17.00  67.534402  66.631557  7.713
 68     1.902 54594.28532552 22.63  67.531062  66.628487  7.713
 68     1.924 54594.28532617 23.70  67.527712  66.625407  7.713
 68     1.773 54594.28532681 21.24  67.524372  66.622337  7.713
 68     1.367 54594.28532746 16.36  67.521022  66.619257  7.713
 68     1.199 54594.28532810 12.11  67.517682  66.616177  7.713
 68     0.703 54594.28532875 12.13  67.514342  66.613107  7.713
 68     2.579 54594.28532939  7.78  67.510992  66.610027  7.713
 68     2.457 54594.28533004  7.73  67.507652  66.606947  7.713
 69     4.637 54629.28533684 26.36  67.546435  66.644522  7.937
 69     4.266 54629.28533748 24.29  67.543085  66.641452  7.937
 69     3.792 54629.28533813 21.58  67.539735  66.638372  7.937
 69     3.759 54629.28533877 19.68  67.536385  66.635302  7.937
 69     3.876 54629.28533942 18.53  67.533035  66.632222  7.937
 69     4.285 54629.28534006 17.53  67.529695  66.629152  7.937
 69     4.398 54629.28534071 16.67  67.526345  66.626072  7.937
 69     4.413 54629.28534135 16.65  67.523005  66.623002  7.937
 69     4.551 54629.28534200 15.56  67.519655  66.619922  7.937
 69     4.651 54629.28534264 14.60  67.516315  66.616842  7.937
 69     4.623 54629.28534328 14.02  67.512975  66.613772  7.937
 69     4.750 54629.28534393 13.09  67.509625  66.610692  7.937
 69     4.941 54629.28534457 12.38  67.506285  66.607612  7.937
 70     3.990 54664.28534393 22.31  67.546387  66.643696  4.835
 70     3.919 54664.28534458 20.16  67.543037  66.640626  4.835
 70     3.755 54664.28534522 17.39  67.539687  66.637546  4.835
 70     3.587 54664.28534586 16.62  67.536337  66.634476  4.835
 70     3.803 54664.28534651 14.96  67.532987  66.631396  4.835
 70     3.948 54664.28534715 14.23  67.529647  66.628326  4.835
 70     3.998 54664.28534780 13.82  67.526297  66.625246  4.835
 70     4.079 54664.28534844 13.00  67.522957  66.622166  4.835
 70     4.147 54664.28534909 12.24  67.519607  66.619096  4.835
 70     4.188 54664.28534973 12.24  67.516267  66.616016  4.835
 70     4.189 54664.28535038 11.50  67.512917  66.612936  4.835
 70     4.268 54664.28535102 10.81  67.509577  66.609866  4.835
 70     4.211 54664.28535167 11.75  67.506237  66.606786  4.835
 71     3.819 54699.28531527 32.13  67.541749  66.647243 35.919
 71     3.515 54699.28531591 28.11  67.538399  66.644163 35.919
 71     3.291 54699.28531656 25.27  67.535057  66.641084 17.794
 71     2.880 54699.28531720 24.16  67.531707  66.638014 17.794
 71     2.282 54699.28531784 24.84  67.528367  66.634934 17.794
 71     2.036 54699.28531849 26.15  67.525017  66.631864 17.794
 71     2.465 54699.28531913 32.63  67.521667  66.628784 17.794
 71     2.291 54699.28531978 36.09  67.518327  66.625704 17.794
 71     2.416 54699.28532042 33.66  67.514987  66.622634 17.794
 71     2.434 54699.28532107 45.03  67.511637  66.619554 17.794
 71     2.432 54699.28532171 39.31  67.508297  66.616484 17.794
 71     2.432 54699.28532236 45.66  67.504957  66.613404 17.794
 71     2.440 54699.28532300 47.31  67.501617  66.610324 17.794
 71     2.478 54699.28532365 34.97  67.498277  66.607244 17.794
 72     3.740 54734.28530232 22.53  67.553839  66.640769 12.782
 72     3.138 54734.28530297 23.79  67.550489  66.637689 12.782
 72     2.594 54734.28530361 25.59  67.547139  66.634619 12.782
 72     1.559 54734.28530426 27.41  67.543789  66.631539 12.782
 72     1.541 54734.28530490 28.36  67.540439  66.628459 12.782
 72     2.069 54734.28530555 31.45  67.537089  66.625389 12.782
 72     2.357 54734.28530619 35.04  67.533749  66.622309 12.782
 72     2.477 54734.28530684 36.99  67.530399  66.619239 12.782
 72     2.723 54734.28530748 36.76  67.527059  66.616159 12.782
 72     2.750 54734.28530813 37.45  67.523709  66.613089 12.782
 72     2.523 54734.28530877 35.79  67.520369  66.610009 12.782
 72     2.235 54734.28530941 35.94  67.517029  66.606929 12.782
 72     2.072 54734.28531006 38.66  67.513689  66.603859 12.782
 73     3.859 54769.28529590 27.16  67.545633  66.644255 11.624
 73     3.464 54769.28529654 23.57  67.542293  66.641175 11.624
 73     2.954 54769.28529719 23.81  67.538943  66.638105 11.624
 73     1.992 54769.28529783 24.63  67.535593  66.635025 11.624
 73     1.333 54769.28529848 25.33  67.532243  66.631955 11.624
 73     1.691 54769.28529912 26.35  67.528903  66.628875 11.624
 73     1.942 54769.28529977 29.62  67.525553  66.625805 11.624
 73     2.095 54769.28530041 32.82  67.522213  66.622725 11.624
 73     2.362 54769.28530106 33.32  67.518863  66.619645 11.624
 73     2.532 54769.28530170 31.59  67.515523  66.616575 11.624
 73     2.504 54769.28530235 34.92  67.512183  66.613495 11.624
 73     2.329 54769.28530299 40.28  67.508843  66.610425 11.624
 73     2.047 54769.28530363 37.40  67.505503  66.607345 11.624
 74     3.769 54804.28529590 21.12  67.554338  66.642881  3.141
 74     3.156 54804.28529655 21.01  67.550988  66.639801  3.141
 74     2.477 54804.28529719 21.64  67.547638  66.636731  3.141
 74     1.465 54804.28529784 21.75  67.544288  66.633651  3.141
 74     1.401 54804.28529848 22.23  67.540938  66.630571  3.141
 74     1.332 54804.28529913 21.99  67.537588  66.627501  3.141
 74     1.351 54804.28529977 20.85  67.534248  66.624421  3.141
 74     1.153 54804.28530042 20.65  67.530898  66.621351  3.141
 74     1.245 54804.28530106 20.22  67.527558  66.618271  3.141
 74     1.924 54804.28530171 19.93  67.524208  66.615201  3.141
 74     2.297 54804.28530235 18.08  67.520868  66.612121  3.141
 74     2.279 54804.28530300 17.70  67.517528  66.609041  3.141
 74     2.164 54804.28530364 17.29  67.514178  66.605971  3.141
 75     3.866 54839.28528979 15.03  67.548069  66.644202  2.619
 75     3.235 54839.28529043 15.08  67.544719  66.641132  2.619
 75     2.364 54839.28529108 15.57  67.541369  66.638052  2.619
 75     1.662 54839.28529172 16.36  67.538019  66.634972  2.619
 75     1.464 54839.28529237 16.99  67.534679  66.631902  2.619
 75     1.604 54839.28529301 15.88  67.531329  66.628822  2.619
 75     1.811 54839.28529366 15.72  67.527979  66.625752  2.619
 75     1.826 54839.28529430 15.44  67.524639  66.622672  2.619
 75     2.119 54839.28529495 14.79  67.521299  66.619602  2.619
 75     2.318 54839.28529559 13.51  67.517949  66.616522  2.619
 75     2.413 54839.28529624 13.07  67.514609  66.613442  2.619
 75     2.402 54839.28529688 12.68  67.511269  66.610372  2.619
 75     2.394 54839.28529752 11.85  67.507929  66.607292  2.619
 76     3.602 54874.28529616 12.39  67.550823  66.642207  2.558
 76     1.629 54874.28529680 13.15  67.547473  66.639137  2.558
 76     1.804 54874.28529745 13.35  67.544123  66.636057  2.558
 76     1.543 54874.28529809 13.17  67.540773  66.632987  2.558
 76     1.435 54874.28529874 13.74  67.537423  66.629907  2.558
 76     1.656 54874.28529938 13.43  67.534083  66.626827  2.558
 76     1.976 54874.28530003 13.15  67.530733  66.623757  2.558
 76     2.313 54874.28530067 12.90  67.527393  66.620677  2.558
 76     2.473 54874.28530132 12.03  67.524043  66.617607  2.558
 76     2.513 54874.28530196 11.72  67.520703  66.614527  2.558
 76     2.488 54874.28530261 11.28  67.517363  66.611447  2.558
 76     2.461 54874.28530325 10.58  67.514013  66.608377  2.558
 76     2.355 54874.28530390 10.07  67.510673  66.605297  2.558
 77     1.468 54909.28529762 12.39  67.529969  66.639897  2.358
 77     1.297 54909.28529827 12.38  67.526629  66.636817  2.358
 77     1.322 54909.28529891 12.69  67.523279  66.633747  2.358
 77     1.416 54909.28529956 12.90  67.519939  66.630667  2.358
 77     1.644 54909.28530020 12.31  67.516589  66.627597  2.358
 77     2.053 54909.28530085 12.13  67.513249  66.624517  2.358
 77     2.237 54909.28530149 11.37  67.509899  66.621437  2.358
 77     2.294 54909.28530214 10.51  67.506559  66.618367  2.358
 77     2.513 54909.28530278 10.03  67.503219  66.615287  2.358
 77     2.404 54909.28530342  9.83  67.499879  66.612207  2.358
 77     2.360 54909.28530407  9.17  67.496539  66.609137  2.358
 78     4.098 54944.28528850  7.83  67.552964  66.643195  2.215
 78     3.748 54944.28528915  7.60  67.549614  66.640115  2.215
 78     3.102 54944.28528979  8.07  67.546264  66.637045  2.215
 78     1.993 54944.28529044  8.51  67.542914  66.633965  2.215
 78     1.891 54944.28529108  8.37  67.539564  66.630895  2.215
 78     1.773 54944.28529172  8.61  67.536224  66.627815  2.215
 78     2.037 54944.28529237  8.27  67.532874  66.624735  2.215
 78     2.171 54944.28529301  8.39  67.529524  66.621665  2.215
 78     2.476 54944.28529366  7.60  67.526184  66.618585  2.215
 78     2.719 54944.28529430  7.15  67.522834  66.615515  2.215
 78     2.860 54944.28529495  6.76  67.519494  66.612435  2.215
 78     2.783 54944.28529559  6.30  67.516154  66.609355  2.215
 78     2.951 54944.28529624  6.43  67.512804  66.606285  2.215
 79     4.545 54979.28531525 27.32  67.546997  66.645199 10.134
 79     4.767 54979.28531590 25.41  67.543647  66.642129 10.134
 79     4.777 54979.28531654 23.21  67.540297  66.639049 10.134
 79     4.611 54979.28531719 20.20  67.536947  66.635979 10.134
 79     4.438 54979.28531783 19.38  67.533597  66.632899 10.134
 79     4.676 54979.28531848 20.35  67.530257  66.629829 10.134
 79     4.763 54979.28531912 23.20  67.526907  66.626749 10.134
 79     4.836 54979.28531976 18.69  67.523567  66.623669 10.134
 79     4.497 54979.28532041 16.50  67.520217  66.620599 10.134
 79     4.344 54979.28532105 16.28  67.516877  66.617519 10.134
 79     4.176 54979.28532170 16.14  67.513537  66.614449 10.134
 79     4.498 54979.28532234 15.15  67.510187  66.611369 10.134
 79     4.745 54979.28532299 15.06  67.506847  66.608289 10.134
 80     4.393 55014.28531987 23.71  67.546786  66.644692  3.553
 80     4.205 55014.28532051 18.76  67.543436  66.641622  3.553
 80     3.949 55014.28532115 16.39  67.540086  66.638542  3.553
 80     3.953 55014.28532180 14.20  67.536736  66.635462  3.553
 80     3.903 55014.28532244 13.91  67.533396  66.632392  3.553
 80     4.164 55014.28532309 13.23  67.530046  66.629312  3.553
 80     4.222 55014.28532373 12.08  67.526696  66.626242  3.553
 80     4.308 55014.28532438 10.67  67.523356  66.623162  3.553
 80     4.309 55014.28532502  9.92  67.520006  66.620082  3.553
 80     4.387 55014.28532567  9.53  67.516666  66.617012  3.553
 80     4.423 55014.28532631  8.90  67.513326  66.613932  3.553
 80     4.452 55014.28532696  8.55  67.509986  66.610862  3.553
 80     4.587 55014.28532760  8.25  67.506646  66.607782  3.553
 81     3.543 55049.28531316 38.08  67.549263  66.644803  8.380
 81     3.351 55049.28531381 37.61  67.545913  66.641733  8.380
 81     3.360 55049.28531445 38.54  67.542563  66.638653  8.380
 81     3.428 55049.28531510 37.44  67.539213  66.635573  8.380
 81     3.297 55049.28531574 35.60  67.535873  66.632503  8.380
 81     3.374 55049.28531639 35.26  67.532523  66.629423  8.380
 81     3.039 55049.28531703 30.81  67.529183  66.626353  8.380
 81     2.780 55049.28531768 30.08  67.525833  66.623273  8.380
 81     2.286 55049.28531832 29.06  67.522493  66.620193  8.380
 81     1.905 55049.28531897 28.28  67.519143  66.617123  8.380
 81     0.944 55049.28531961 27.44  67.515803  66.614043  8.380
 81     0.014 55049.28532025 27.01  67.512463  66.610973  8.380
 81    -1.045 55049.28532090 26.10  67.509123  66.607893  8.380
 81     2.993 55049.28532154 25.37  67.505773  66.604813  8.380
 82     1.463 55084.28528321 22.79  67.527499  66.638500 13.421
 82     1.997 55084.28528386 22.69  67.524149  66.635420 13.421
 82     1.781 55084.28528450 24.24  67.520809  66.632350 13.421
 82     1.671 55084.28528515 25.92  67.517459  66.629270 13.421
 82     2.194 55084.28528579 27.05  67.514119  66.626190 13.421
 82     2.098 55084.28528644 30.83  67.510779  66.623120 13.421
 82     2.156 55084.28528708 32.37  67.507429  66.620040 13.421
 82     2.120 55084.28528773 33.32  67.504089  66.616970 13.421
 82     2.153 55084.28528837 32.45  67.500749  66.613890 13.421
 82     1.944 55084.28528902 37.22  67.497409  66.610810 13.421
 83     3.627 55119.28524583 23.54  67.553958  66.640677  8.304
 83     3.157 55119.28524647 21.15  67.550608  66.637597  8.304
 83     2.500 55119.28524712 20.13  67.547258  66.634527  8.304
 83     1.685 55119.28524776 20.95  67.543908  66.631447  8.304
 83     1.440 55119.28524840 21.55  67.540558  66.628377  8.304
 83     1.983 55119.28524905 21.76  67.537208  66.625297  8.304
 83     2.363 55119.28524969 22.06  67.533868  66.622217  8.304
 83     2.304 55119.28525034 27.37  67.530518  66.619147  8.304
 83     2.281 55119.28525098 26.67  67.527178  66.616067  8.304
 83     2.584 55119.28525163 23.04  67.523828  66.612997  8.304
 83     2.430 55119.28525227 22.04  67.520488  66.609917  8.304
 83     2.349 55119.28525292 21.78  67.517148  66.606837  8.304
 83     2.080 55119.28525356 23.19  67.513808  66.603767  8.304
 84     1.384 55154.28524037 22.87  67.545444  66.647864  4.268
 84     1.193 55154.28524101 24.75  67.542089  66.644781  4.564
 84     1.120 55154.28524166 25.86  67.538749  66.641711  4.564
 84     1.112 55154.28524230 27.26  67.535399  66.638631  4.564
 84     1.043 55154.28524294 26.80  67.532049  66.635551  4.564
 84     1.186 55154.28524359 25.70  67.528699  66.632481  4.564
 84     1.140 55154.28524423 25.04  67.525359  66.629401  4.564
 84     0.998 55154.28524488 23.23  67.522009  66.626331  4.564
 84     0.642 55154.28524552 22.21  67.518669  66.623251  4.564
 84     0.396 55154.28524617 21.62  67.515319  66.620171  4.564
 84     0.392 55154.28524681 19.61  67.511979  66.617101  4.564
 84     0.918 55154.28524746 18.70  67.508639  66.614021  4.564
 84     1.930 55154.28524810 17.28  67.505299  66.610941  4.564
 84     1.496 55154.28524875 16.45  67.501959  66.607871  4.564
 85     1.374 55189.28523471 16.00  67.554088  66.642159  2.962
 85     1.569 55189.28523536 15.37  67.550738  66.639079  2.962
 85     1.386 55189.28523600 16.30  67.547388  66.636009  2.962
 85     1.475 55189.28523665 16.62  67.544038  66.632929  2.962
 85     1.421 55189.28523729 16.07  67.540688  66.629849  2.962
 85     1.446 55189.28523794 15.80  67.537338  66.626779  2.962
 85     1.279 55189.28523858 15.75  67.533998  66.623699  2.962
 85     1.244 55189.28523922 15.18  67.530648  66.620629  2.962
 85     1.132 55189.28523987 14.38  67.527308  66.617549  2.962
 85     1.884 55189.28524051 13.73  67.523958  66.614479  2.962
 85     2.296 55189.28524116 13.07  67.520618  66.611399  2.962
 85     2.247 55189.28524180 12.60  67.517278  66.608319  2.962
 85     2.045 55189.28524245 12.65  67.513928  66.605249  2.962
 87     1.427 55259.28523035 12.10  67.551478  66.644712  2.564
 87     1.317 55259.28523099 12.04  67.548128  66.641632  2.564
 87     1.490 55259.28523163 12.45  67.544778  66.638562  2.564
 87     1.388 55259.28523228 12.78  67.541428  66.635482  2.564
 87     1.343 55259.28523292 12.88  67.538078  66.632412  2.564
 87     1.403 55259.28523357 12.89  67.534728  66.629332  2.564
 87     1.752 55259.28523421 12.41  67.531388  66.626252  2.564
 87     1.981 55259.28523486 12.69  67.528038  66.623182  2.564
 87     2.318 55259.28523550 11.96  67.524698  66.620102  2.564
 87     2.388 55259.28523615 11.43  67.521348  66.617032  2.564
 87     2.416 55259.28523679 10.42  67.518008  66.613952  2.564
 87     2.374 55259.28523744 10.60  67.514668  66.610872  2.564
 87     2.370 55259.28523808 10.26  67.511328  66.607802  2.564
 87     2.247 55259.28523873  9.57  67.507988  66.604722  2.564
 88     1.506 55294.28522646 11.45  67.541407  66.648179  1.961
 88     1.456 55294.28522710 11.58  67.538057  66.645099  1.961
 88     1.345 55294.28522775 12.19  67.534708  66.642019  2.333
 88     1.510 55294.28522839 12.31  67.531358  66.638949  2.333
 88     1.449 55294.28522904 12.65  67.528018  66.635869  2.333
 88     1.426 55294.28522968 12.59  67.524668  66.632799  2.333
 88     1.542 55294.28523033 12.58  67.521318  66.629719  2.333
 88     1.941 55294.28523097 12.81  67.517978  66.626639  2.333
 88     2.223 55294.28523162 11.82  67.514638  66.623569  2.333
 88     2.323 55294.28523226 11.32  67.511288  66.620489  2.333
 88     2.355 55294.28523291 10.96  67.507948  66.617419  2.333
 88     2.467 55294.28523355 10.55  67.504608  66.614339  2.333
 88     2.442 55294.28523419  9.69  67.501268  66.611259  2.333
 88     2.454 55294.28523484  9.70  67.497928  66.608189  2.333
 89     3.497 55329.28521246 46.74  67.547237  66.645154 36.970
 89     3.624 55329.28521310 45.72  67.543887  66.642084 36.970
 89     3.537 55329.28521375 41.87  67.540547  66.639004 36.970
 89     3.615 55329.28521439 50.07  67.537197  66.635924 36.970
 89     3.638 55329.28521504 47.97  67.533847  66.632854 36.970
 89     3.581 55329.28521568 40.23  67.530497  66.629774 36.970
 89     3.385 55329.28521633 37.78  67.527157  66.626704 36.970
 89     3.439 55329.28521697 42.55  67.523807  66.623624 36.970
 89     3.574 55329.28521762 52.51  67.520467  66.620544 36.970
 89     3.613 55329.28521826 51.82  67.517117  66.617474 36.970
 89     3.613 55329.28521890 52.31  67.513777  66.614394 36.970
 89     3.575 55329.28521955 52.69  67.510437  66.611314 36.970
 89     3.601 55329.28522019 52.14  67.507097  66.608244 36.970
 90     4.288 55364.28520721 25.67  67.543135  66.645401  4.505
 90     3.879 55364.28520785 19.41  67.539795  66.642331  4.505
 90     3.640 55364.28520850 17.90  67.536445  66.639251  4.505
 90     3.536 55364.28520914 16.09  67.533095  66.636171  4.505
 90     3.765 55364.28520978 14.12  67.529745  66.633101  4.505
 90     3.666 55364.28521043 14.30  67.526405  66.630021  4.505
 90     3.868 55364.28521107 12.53  67.523055  66.626951  4.505
 90     3.895 55364.28521172 11.74  67.519715  66.623871  4.505
 90     3.957 55364.28521236 11.31  67.516365  66.620791  4.505
 90     4.031 55364.28521301 10.57  67.513025  66.617721  4.505
 90     4.052 55364.28521365 10.65  67.509685  66.614641  4.505
 90     4.099 55364.28521430 11.08  67.506345  66.611561  4.505
 90     4.193 55364.28521494 11.34  67.503005  66.608491  4.505
 91     3.890 55399.28521793 22.10  67.552945  66.640993  7.006
 91     3.719 55399.28521857 17.89  67.549595  66.637913  7.006
 91     3.201 55399.28521922 15.87  67.546245  66.634843  7.006
 91     3.279 55399.28521986 13.81  67.542895  66.631763  7.006
 91     3.410 55399.28522051 13.53  67.539545  66.628693  7.006
 91     3.371 55399.28522115 13.13  67.536195  66.625613  7.006
 91     3.517 55399.28522180 12.17  67.532855  66.622533  7.006
 91     3.618 55399.28522244 10.60  67.529505  66.619463  7.006
 91     3.675 55399.28522308 10.78  67.526165  66.616383  7.006
 91     3.677 55399.28522373  9.83  67.522815  66.613313  7.006
 91     3.740 55399.28522437 11.14  67.519475  66.610233  7.006
 91     3.796 55399.28522502 10.45  67.516135  66.607153  7.006
 91     3.886 55399.28522566 11.10  67.512795  66.604083  7.006
 92     3.858 55434.28522347 22.36  67.547548  66.643997  6.918
 92     3.124 55434.28522412 24.97  67.544198  66.640927  6.918
 92     2.865 55434.28522476 22.62  67.540848  66.637847  6.918
 92     2.488 55434.28522541 22.51  67.537498  66.634767  6.918
 92     2.302 55434.28522605 23.15  67.534158  66.631697  6.918
 92     2.621 55434.28522670 20.90  67.530808  66.628617  6.918
 92     2.658 55434.28522734 22.54  67.527458  66.625547  6.918
 92     2.619 55434.28522799 18.60  67.524118  66.622467  6.918
 92     2.338 55434.28522863 17.72  67.520768  66.619387  6.918
 92     2.448 55434.28522928 16.89  67.517428  66.616317  6.918
 92     2.591 55434.28522992 16.08  67.514088  66.613237  6.918
 92     3.006 55434.28523056 15.73  67.510748  66.610167  6.918
 92     3.154 55434.28523121 15.09  67.507408  66.607087  6.918
 93     2.381 55469.28518044 23.18  67.527178  66.638864 17.968
 93     2.148 55469.28518108 24.82  67.523828  66.635784 17.968
 93     2.349 55469.28518173 25.68  67.520488  66.632714 17.968
 93     1.802 55469.28518237 28.78  67.517138  66.629634 17.968
 93     1.605 55469.28518302 41.01  67.513798  66.626554 17.968
 93     1.559 55469.28518366 41.93  67.510448  66.623484 17.968
 93     1.832 55469.28518431 39.56  67.507108  66.620404 17.968
 93     1.989 55469.28518495 31.53  67.503768  66.617334 17.968
 93     2.197 55469.28518560 31.10  67.500428  66.614254 17.968
 93     1.662 55469.28518624 45.53  67.497088  66.611174 17.968
