-213659.108    32.197     0.00    4.52
-213281.997    31.184    -2.69    4.15
-212904.959    29.844    -3.55    2.56
-212527.993    29.309    -1.42    2.66
-212151.099    28.610    -1.85    2.88
-211774.277    28.379    -0.61    2.15
-211397.528    27.764    -1.63    1.92
-211020.851    26.950    -2.16    2.35
-210644.247    25.886    -2.83    3.02
-210267.714    24.897    -2.63    3.51
-209891.254    23.909    -2.63    3.83
-209514.865    23.332    -1.53    3.88
-209138.549    22.868    -1.23    4.04
-208762.305    22.379    -1.30    4.05
-208386.132    21.484    -2.38    3.89
-208010.032    20.110    -3.65    3.80
-207634.003    18.001    -5.61    3.34
-207258.046    16.403    -4.25    2.06
-206882.161    15.484    -2.45    1.54
-206506.348    13.841    -4.37    2.28
-206130.606    12.112    -4.60    2.80
-205754.937    10.766    -3.59    2.55
-205379.338    10.996     0.61    4.54
-205003.811    11.653     1.75    5.34
-204628.356    11.495    -0.42    5.29
-204252.972    11.241    -0.68    5.23
-203877.660    10.798    -1.18    4.72
-203502.419     9.778    -2.72    3.60
-203127.250     9.229    -1.46    2.28
-202752.152     9.216    -0.03    1.51
-202377.125     9.857     1.71    1.46
-202002.169    10.477     1.66    1.20
-201627.285    11.001     1.40    1.12
-201252.472    11.453     1.21    0.88
-200877.730    11.736     0.76    0.76
-200503.059    11.770     0.09    0.60
-200128.459    11.484    -0.76    0.71
-199753.930    11.025    -1.23    0.81
-199379.472    10.496    -1.41    0.88
-199005.085     9.976    -1.39    0.98
-198630.769     9.636    -0.91    0.86
-198256.523     9.537    -0.26    0.77
-197882.349     9.621     0.23    0.72
-197508.245    10.018     1.06    0.82
-197134.212    10.554     1.44    0.82
-196760.250    11.094     1.44    0.66
-196386.358    11.601     1.35    0.63
-196012.537    12.030     1.15    0.51
-195638.786    12.449     1.12    0.55
-195265.107    12.712     0.70    0.46
-194891.497    12.868     0.42    0.52
-194517.958    13.025     0.42    0.60
-194144.489    13.139     0.30    0.72
-193771.091    13.168     0.08    0.78
-193397.763    13.194     0.07    0.84
-193024.506    13.228     0.09    0.82
-192651.318    13.203    -0.07    0.83
-192278.201    13.141    -0.17    0.87
-191905.154    13.066    -0.20    0.85
-191532.177    12.966    -0.27    0.76
-191159.271    12.909    -0.15    0.57
-190786.434    13.091     0.49    0.67
-190413.667    13.450     0.96    0.91
-190040.971    14.066     1.65    1.07
-189668.344    14.627     1.51    0.88
-189295.787    15.033     1.09    0.60
-188923.300    15.244     0.57    0.40
-188550.883    15.749     1.36    1.15
-188178.535    16.948     3.22    2.55
-187806.258    18.613     4.47    3.17
-187434.050    19.182     1.53    2.75
-187061.911    18.553    -1.69    2.87
-186689.843    16.874    -4.51    2.90
-186317.844    14.778    -5.63    1.56
-185945.914    13.624    -3.10    1.04
-185574.054    12.820    -2.16    0.92
-185202.264    11.926    -2.40    0.97
-184830.542    11.391    -1.44    0.73
-184458.891    11.236    -0.42    0.64
-184087.308    11.464     0.61    0.91
-183715.795    12.196     1.97    1.11
-183344.351    13.112     2.47    1.21
-182972.977    14.322     3.26    1.42
-182601.671    15.415     2.95    1.59
-182230.435    15.961     1.47    1.39
-181859.268    15.973     0.03    1.73
-181488.170    15.105    -2.34    1.76
-181117.141    13.909    -3.23    1.39
-180746.181    12.846    -2.87    1.43
-180375.290    11.764    -2.92    1.19
-180004.468    10.713    -2.84    1.15
-179633.715     9.869    -2.28    1.05
-179263.031     8.986    -2.38    1.11
-178892.415     8.391    -1.61    1.09
-178521.868     7.810    -1.57    0.97
-178151.390     7.984     0.47    2.03
-177780.981     9.946     5.30    5.62
-177410.640    12.932     8.06    7.71
-177040.368    15.321     6.45    8.00
-176670.165    16.012     1.87    7.39
-176300.030    15.391    -1.68    6.56
-175929.964    14.803    -1.59    5.29
-175559.966    14.304    -1.35    3.68
-175190.036    16.822     6.81    4.45
-174820.175    19.028     5.97    4.14
-174450.382    20.508     4.00    3.91
-174080.658    21.316     2.19    3.54
-173711.002    21.264    -0.14    3.27
-173341.414    21.011    -0.68    2.94
-172971.894    20.633    -1.02    2.46
-172602.443    20.415    -0.59    1.92
-172233.059    20.332    -0.23    1.39
-171863.744    20.549     0.59    1.23
-171494.497    21.180     1.71    1.44
-171125.318    22.031     2.31    1.76
-170756.206    23.474     3.91    1.91
-170387.163    25.005     4.15    2.24
-170018.188    27.196     5.94    2.80
-169649.280    28.993     4.87    2.69
-169280.441    30.499     4.08    2.10
-168911.669    31.297     2.16    1.38
-168542.964    31.344     0.13    1.59
-168174.328    30.815    -1.44    2.24
-167805.759    29.964    -2.31    2.70
-167437.258    29.094    -2.36    2.95
-167068.825    28.835    -0.70    3.10
-166700.459    29.682     2.30    4.07
-166332.160    32.428     7.46    6.54
-165963.929    37.139    12.79    7.91
-165595.766    42.078    13.42    6.26
-165227.670    45.633     9.66    4.27
-164859.641    47.638     5.45    2.13
-164491.680    47.633    -0.01    1.55
-164123.786    47.196    -1.19    1.41
-163755.959    46.355    -2.28    1.31
-163388.200    45.391    -2.62    1.67
-163020.508    44.038    -3.68    2.50
-162652.882    42.332    -4.64    3.25
-162285.324    40.403    -5.25    3.43
-161917.834    38.861    -4.20    3.10
-161550.410    37.415    -3.94    2.58
-161183.053    36.356    -2.88    1.84
-160815.763    35.598    -2.06    1.28
-160448.540    35.019    -1.58    1.09
-160081.384    34.534    -1.32    1.37
-159714.295    34.144    -1.06    1.62
-159347.273    33.641    -1.37    1.76
-158980.317    33.484    -0.43    1.50
-158613.428    33.669     0.50    1.47
-158246.606    34.725     2.88    2.05
-157879.851    36.366     4.48    2.42
-157513.162    38.677     6.30    2.88
-157146.540    41.208     6.90    3.08
-156779.985    43.615     6.57    2.43
-156399.904    44.961     3.54    1.74
-156019.565    46.097     2.99    1.69
-155639.298    46.656     1.47    1.79
-155259.104    47.403     1.96    1.96
-154878.982    48.403     2.63    2.04
-154498.932    48.827     1.11    2.08
-154118.955    48.741    -0.23    2.22
-153739.049    47.474    -3.33    2.84
-153359.216    45.638    -4.84    2.46
-152979.455    44.897    -1.95    1.62
-152599.766    45.010     0.30    1.39
-152220.149    46.144     2.99    1.93
-151840.604    47.560     3.73    1.93
-151461.131    48.608     2.76    1.72
-151081.731    49.494     2.34    1.32
-150702.401    50.013     1.37    0.86
-150323.144    50.427     1.09    0.64
-149943.959    50.744     0.84    0.59
-149564.845    51.105     0.95    0.58
-149185.803    51.464     0.95    0.65
-148806.833    51.650     0.49    0.63
-148427.934    51.502    -0.39    0.85
-148049.107    50.868    -1.67    1.37
-147670.352    49.866    -2.65    1.56
-147291.668    48.510    -3.58    1.48
-146913.055    47.302    -3.19    1.22
-146534.514    45.961    -3.54    1.86
-146156.044    43.144    -7.45    4.33
-145777.646    38.769   -11.56    6.43
-145399.319    34.280   -11.87    5.27
-145021.063    32.694    -4.19    3.73
-144642.879    34.191     3.96    5.36
-144264.766    37.580     8.96    6.07
-143886.724    41.331     9.92    5.82
-143508.753    43.210     4.97    5.71
-143130.853    43.886     1.79    6.60
-142753.024    42.452    -3.80    8.62
-142375.266    42.558     0.28    8.99
-141997.579    43.074     1.37    8.03
-141619.963    44.332     3.33    5.80
-141242.418    45.119     2.08    3.38
-140864.944    43.674    -3.83    3.81
-140487.540    40.415    -8.64    5.75
-140110.208    36.532   -10.29    5.22
-139732.946    34.453    -5.51    3.18
-139355.754    33.427    -2.72    2.43
-138978.634    32.070    -3.60    4.10
-138601.584    31.368    -1.86    4.88
-138224.604    31.491     0.33    6.26
-137847.695    30.367    -2.98    6.42
-137470.857    29.973    -1.05    6.89
-137094.088    26.333    -9.66    8.58
-136717.391    20.803   -14.68    6.76
-136340.764    16.110   -12.46    5.04
-135964.207    13.094    -8.01    2.21
-135587.720    12.450    -1.71    2.40
-135211.303    12.367    -0.22    3.18
-134834.957    11.331    -2.75    2.02
-134458.681    10.588    -1.97    1.17
-134082.475    10.605     0.05    1.23
-133706.339    11.168     1.50    2.05
-133330.274    11.580     1.10    1.92
-132954.278    12.475     2.38    1.99
-132578.352    13.380     2.41    2.34
-132202.496    14.474     2.91    5.38
-131826.710    15.186     1.89    6.50
-131450.994    16.343     3.08    7.69
-131075.348    20.203    10.28   12.34
-130699.771    27.246    18.76   15.61
-130324.265    32.668    14.44   16.03
-129948.827    41.105    22.48   16.20
-129573.460    52.532    30.45   14.83
-129198.162    61.215    23.14   10.44
-128822.934    63.057     4.91    9.14
-128447.775    58.951   -10.95   12.58
-128072.686    50.945   -21.34   12.50
-127697.667    42.031   -23.77   10.01
-127322.716    35.489   -17.45    9.86
-126947.835    30.842   -12.40   10.47
-126573.024    30.280    -1.50   12.21
-126198.282    28.897    -3.69   12.66
-125823.609    27.662    -3.30   10.62
-125449.005    25.086    -6.88    6.96
-125074.471    23.878    -3.23    5.39
-124700.005    22.827    -2.81    3.89
-124325.609    21.996    -2.22    2.70
-123951.282    21.981    -0.04    2.24
-123577.024    22.316     0.89    1.89
-123202.835    22.956     1.71    1.41
-122828.715    24.641     4.50    3.57
-122454.664    32.097    19.94   15.00
-122080.682    40.826    23.34   18.76
-121706.768    50.427    25.68   19.48
-121332.924    57.821    19.78   16.83
-120959.148    59.380     4.17   13.61
-120585.441    59.352    -0.07   10.61
-120211.802    53.964   -14.42   10.79
-119838.233    46.313   -20.48   11.34
-119464.732    41.650   -12.49    8.92
-119091.299    38.341    -8.86    5.86
-118717.935    39.034     1.86    8.04
-118344.640    39.993     2.57   12.27
-117971.413    42.180     5.86   15.43
-117598.255    44.213     5.45   16.65
-117225.165    46.153     5.20   16.48
-116852.143    49.580     9.19   15.39
-116479.190    49.697     0.31   14.41
-116106.305    49.262    -1.17   12.82
-115733.488    51.891     7.05   14.81
-115360.739    58.803    18.54   17.23
-114988.059    64.603    15.56   19.08
-114615.447    73.621    24.20   17.33
-114242.902    84.058    28.02   15.30
-113870.426    94.087    26.93   14.53
-113498.018   101.647    20.30   11.31
-113125.678   104.224     6.92   11.36
-112753.406   103.952    -0.73   10.83
-112381.202    99.506   -11.95   10.65
-112009.065    89.580   -26.68   16.09
-111636.997    78.340   -30.21   19.78
-111264.996    72.724   -15.10   17.50
-110893.063    69.762    -7.97   13.86
-110521.198    74.832    13.63   12.90
-110149.401    79.610    12.85    7.79
-109777.671    80.756     3.08    8.61
-109406.009    79.011    -4.70   10.85
-109034.414    74.355   -12.53   12.93
-108662.887    67.922   -17.32   12.88
-108291.427    59.815   -21.83   11.21
-107920.035    54.502   -14.31    7.29
-107548.711    51.186    -8.93    5.82
-107177.454    48.135    -8.22    5.63
-106806.264    46.764    -3.69    5.64
-106435.141    45.601    -3.13    7.36
-106064.086    44.232    -3.69    8.80
-105693.098    41.680    -6.88    9.44
-105322.177    39.391    -6.17    8.00
-104951.323    37.675    -4.63    5.79
-104580.537    36.271    -3.79    5.52
-104209.818    35.159    -3.00    5.35
-103839.165    33.825    -3.60    4.57
-103468.580    33.769    -0.15    4.95
-103098.062    41.558    21.02   14.14
-102727.611    50.945    25.34   18.88
-102357.226    62.957    32.43   18.25
-101986.909    70.659    20.80   14.68
-101616.658    73.355     7.28   12.18
-101246.474    76.246     7.81   12.61
-100876.357    77.295     2.83   14.55
-100506.307    80.379     8.34   16.58
-100136.323    82.748     6.40   17.73
 -99766.407    79.689    -8.27   16.19
 -99396.556    77.884    -4.88   13.73
 -99026.773    79.319     3.88   13.07
 -98657.056    84.522    14.08   13.54
 -98287.405    90.222    15.42   12.87
 -97917.821    96.985    18.30   14.15
 -97548.303   104.474    20.27   12.81
 -97178.852   112.156    20.79   11.89
 -96809.467   116.474    11.69    9.92
 -96440.149   119.070     7.03    8.02
 -96070.897   117.367    -4.61    8.71
 -95701.711   113.108   -11.54    9.72
 -95332.591   109.511    -9.74   10.67
 -94963.538   108.006    -4.08   10.59
 -94594.550   108.572     1.53   11.61
 -94225.629   110.698     5.76   13.76
 -93856.774   116.594    15.98   13.58
 -93487.985   117.753     3.14   13.81
 -93119.262   117.150    -1.64   13.54
 -92750.605   114.656    -6.77   14.62
 -92382.014   105.522   -24.78   19.66
 -92013.489    97.712   -21.20   22.43
 -91645.030    87.141   -28.69   22.43
 -91276.637    83.296   -10.44   19.75
 -90908.309    79.562   -10.14   19.01
 -90540.048    76.608    -8.02   17.19
 -90171.852    74.415    -5.96   16.45
 -89803.721    73.671    -2.02   15.76
 -89435.657    65.057   -23.41   18.13
 -89067.658    55.344   -26.40   18.46
 -88699.725    46.341   -24.47   13.81
 -88331.857    40.940   -14.68    7.20
 -87964.054    45.641    12.78   14.12
 -87596.318    51.356    15.54   18.76
 -87228.646    55.833    12.18   20.87
 -86861.041    59.213     9.19   20.17
 -86493.500    60.839     4.43   19.18
 -86126.025    65.203    11.88   21.50
 -85758.615    70.188    13.57   23.62
 -85391.271    76.318    16.69   23.46
 -85023.991    79.778     9.42   23.43
 -84656.777    80.827     2.86   21.82
 -84289.629    83.798     8.09   20.59
 -83922.545    97.330    36.87   23.09
 -83555.526   106.539    25.09   18.06
 -83188.573   116.499    27.15   15.57
 -82821.684   121.696    14.16   14.01
 -82454.861   123.586     5.15   12.46
 -82088.102   118.784   -13.09   16.32
 -81711.369   112.025   -17.94   17.69
 -81331.177   110.891    -2.98   17.77
 -80951.056   109.463    -3.76   18.51
 -80571.005   109.501     0.10   18.43
 -80191.024   114.074    12.04   16.32
 -79811.114   114.329     0.67   16.80
 -79431.274   116.576     5.92   15.41
 -79051.505   114.159    -6.36   17.46
 -78671.805   109.213   -13.03   18.50
 -78292.176   105.903    -8.72   19.41
 -77912.617   105.037    -2.28   19.52
 -77533.129   106.566     4.03   18.69
 -77153.710   110.034     9.14   15.41
 -76774.361   110.716     1.80   16.08
 -76395.083   110.974     0.68   16.31
 -76015.874   113.680     7.14   17.72
 -75636.736   115.757     5.48   18.23
 -75257.667   116.584     2.18   16.92
 -74878.668   117.082     1.31   13.59
 -74499.739   111.927   -13.60   14.11
 -74120.880   105.539   -16.86   14.99
 -73742.091    91.732   -36.45   20.78
 -73363.371    83.028   -22.99   19.93
 -72984.721    77.159   -15.50   15.83
 -72606.140    73.942    -8.50   11.90
 -72227.630    78.768    12.75   13.37
 -71849.188    83.117    11.49   10.51
 -71470.817    81.245    -4.95   10.37
 -71092.514    78.341    -7.68   10.06
 -70714.282    75.274    -8.11    7.70
 -70336.118    74.128    -3.03    6.06
 -69958.024    75.318     3.15    6.58
 -69580.000    79.810    11.89    9.03
 -69202.044    82.330     6.67    8.94
 -68824.158    81.025    -3.45    9.65
 -68446.341    79.366    -4.39    9.21
 -68068.594    76.255    -8.24    6.79
 -67690.915    75.971    -0.75    6.14
 -67313.306    80.885    13.01    8.91
 -66935.765    85.131    11.25    9.76
 -66558.294    89.428    11.38   11.73
 -66180.892    94.578    13.65   14.03
 -65803.558   100.721    16.28   17.32
 -65426.294   111.299    28.04   17.49
 -65049.098   119.391    21.45   13.05
 -64671.972   121.608     5.88   13.44
 -64294.914   125.114     9.30   13.58
 -63917.925   128.147     8.05   13.91
 -63541.004   131.562     9.06   12.80
 -63164.152   131.112    -1.19   13.28
 -62787.369   133.094     5.26   12.24
 -62410.655   136.289     8.48   12.07
 -62034.009   135.740    -1.46   14.15
 -61657.431   130.159   -14.82   19.21
 -61280.923   127.013    -8.36   20.22
 -60904.482   125.909    -2.93   21.85
 -60528.110   126.574     1.77   23.22
 -60151.807   131.835    13.98   22.77
 -59775.572   132.440     1.61   21.47
 -59399.405   131.647    -2.11   21.42
 -59023.306   134.757     8.27   20.93
 -58647.276   135.474     1.91   19.34
 -58271.314   138.656     8.46   16.20
 -57895.420   139.629     2.59   12.49
 -57519.594   139.125    -1.34    9.09
 -57143.836   139.487     0.97    8.60
 -56768.146   140.216     1.94    7.25
 -56392.525   140.119    -0.26    8.28
 -56016.971   139.703    -1.11    9.01
 -55641.485   141.027     3.53   10.08
 -55266.067   143.669     7.04   10.66
 -54890.717   146.415     7.32    8.53
 -54515.435   146.650     0.63    9.06
 -54140.221   146.203    -1.19    9.48
 -53765.074   146.546     0.91   11.14
 -53389.995   147.210     1.77    9.81
 -53014.984   147.608     1.06    5.98
 -52640.041   146.724    -2.36    6.07
 -52265.165   146.104    -1.65    5.69
 -51890.357   146.793     1.84    5.14
 -51515.616   147.546     2.01    4.26
 -51140.943   145.748    -4.80    3.66
 -50766.337   144.221    -4.08    3.90
 -50391.799   142.391    -4.89    5.35
 -50017.328   139.583    -7.50    7.69
 -49642.924   138.613    -2.59    7.83
 -49268.588   138.821     0.56    7.11
 -48894.319   141.560     7.32    6.82
 -48520.117   143.662     5.62    5.00
 -48145.983   143.860     0.53    4.58
 -47771.915   143.466    -1.05    4.65
 -47397.915   143.596     0.35    4.83
 -47023.982   142.378    -3.26    6.94
 -46650.116   137.428   -13.24   13.43
 -46276.317   128.218   -24.64   17.05
 -45902.585   115.342   -34.45   18.25
 -45528.920   106.501   -23.66   14.86
 -45155.322   106.054    -1.20   14.97
 -44781.791   109.391     8.93   16.34
 -44408.326   114.501    13.68   15.97
 -44034.929   122.366    21.07   10.93
 -43661.598   127.305    13.23    8.83
 -43288.334   131.302    10.71    8.70
 -42915.137   134.835     9.47    6.19
 -42542.006   135.976     3.06    4.85
 -42168.942   136.415     1.18    4.94
 -41795.945   137.699     3.44    5.43
 -41423.014   138.542     2.26    4.26
 -41050.150   138.891     0.93    4.81
 -40677.352   138.341    -1.47    4.34
 -40304.621   139.110     2.06    5.72
 -39931.956   139.959     2.28    6.46
 -39559.357   138.598    -3.65    7.79
 -39186.825   136.513    -5.60    8.78
 -38814.359   132.403   -11.03    9.15
 -38441.960   131.293    -2.98    8.02
 -38069.626   131.541     0.66    8.24
 -37697.359   133.551     5.40    9.43
 -37325.158   136.269     7.30    8.06
 -36953.024   137.513     3.34    7.39
 -36580.955   138.635     3.02    6.94
 -36208.952   140.647     5.41    6.92
 -35837.016   141.927     3.44    6.07
 -35465.145   142.662     1.98    4.46
 -35093.341   142.110    -1.48    4.63
 -34721.602   140.798    -3.53    6.23
 -34349.929   140.440    -0.96    7.79
 -33978.322   139.988    -1.21    8.33
 -33606.781   137.940    -5.51    8.93
 -33235.306   134.208   -10.05   10.75
 -32863.896   129.253   -13.34   12.74
 -32492.553   124.218   -13.56   12.40
 -32121.274   117.269   -18.72   15.64
 -31750.062   108.854   -22.67   19.04
 -31378.915   106.675    -5.87   19.94
 -31007.834   101.616   -13.63   18.56
 -30636.818    97.952    -9.88   17.23
 -30265.868    93.206   -12.80   17.50
 -29894.983    88.988   -11.37   17.71
 -29524.164    85.489    -9.44   18.86
 -29153.410    84.853    -1.72   19.39
 -28782.721    84.769    -0.23   20.78
 -28412.098    88.218     9.31   21.82
 -28041.540    87.818    -1.08   20.85
 -27671.047    86.803    -2.74   16.45
 -27300.620    86.317    -1.31   16.52
 -26930.258    85.712    -1.63   19.49
 -26559.961    84.427    -3.47   21.10
 -26189.729    73.329   -29.98   26.14
 -25819.562    62.928   -28.10   27.00
 -25449.460    48.778   -38.23   20.45
 -25079.423    40.764   -21.66   12.05
 -24709.451    39.036    -4.67    6.38
 -24339.545    41.428     6.47    5.41
 -23969.703    46.249    13.04    8.96
 -23599.926    51.576    14.41   11.00
 -23230.213    62.518    29.60   16.16
 -22860.566    75.224    34.37   17.81
 -22490.984    83.961    23.64   17.65
 -22121.466    92.678    23.59   15.39
 -21752.013    99.640    18.84   13.59
 -21382.624   106.546    18.70   13.75
 -21013.300   109.693     8.52   14.51
 -20644.041   111.988     6.22   18.69
 -20274.847   112.864     2.37   21.87
 -19905.717   113.551     1.86   21.40
 -19536.651   113.236    -0.85   20.46
 -19167.650   109.341   -10.56   15.87
 -18798.714   103.061   -17.02   15.29
 -18429.841    92.527   -28.56   19.17
 -18061.034    80.682   -32.12   16.41
 -17692.290    70.510   -27.58   13.80
 -17323.611    61.366   -24.80   11.64
 -16954.996    52.699   -23.51   13.63
 -16586.445    43.353   -25.36   15.28
 -16217.959    37.304   -16.42   12.65
 -15849.537    35.555    -4.75    9.94
 -15481.179    40.025    12.14   11.77
 -15112.885    49.213    24.95   13.41
 -14744.655    59.403    27.67   14.43
 -14376.489    64.574    14.04   12.32
 -14008.387    67.465     7.85   12.16
 -13640.349    70.269     7.62   12.13
 -13272.375    71.795     4.15   12.65
 -12904.465    71.329    -1.27   13.25
 -12536.618    72.909     4.30   15.66
 -12168.836    73.885     2.65   17.09
 -11801.117    69.553   -11.78   14.73
 -11433.463    67.866    -4.59    9.94
 -11065.872    67.585    -0.76   10.00
 -10698.344    67.866     0.77   12.32
 -10330.881    64.008   -10.50   15.15
  -9963.480    57.107   -18.79   17.06
  -9596.144    49.706   -20.15   17.33
  -9228.871    43.488   -16.93   13.70
  -8861.662    40.153    -9.08   10.50
  -8494.516    39.536    -1.68    8.62
  -8127.433    40.429     2.43    8.38
  -7760.415    39.934    -1.35    8.98
  -7393.459    38.936    -2.72    8.77
  -7019.797    39.144     0.56    8.85
  -6639.749    38.390    -1.98    8.21
  -6259.770    39.045     1.72    7.34
  -5879.860    43.087    10.64   10.09
  -5500.018    53.317    26.93   15.05
  -5120.245    64.606    29.73   14.18
  -4740.540    75.307    28.18   13.18
  -4360.903    82.745    19.59   11.25
  -3981.335    89.218    17.05   11.25
  -3601.836    95.644    16.93   10.23
  -3222.404    98.465     7.44    8.46
  -2843.041    99.280     2.15    7.28
  -2463.747    93.966   -14.01   12.03
  -2084.520    87.020   -18.31   13.26
  -1705.362    83.416    -9.51   13.79
  -1326.271    79.452   -10.46   17.22
   -947.249    66.637   -33.81   32.55
   -568.295    42.193   -64.50   41.91
   -189.409    16.456   -67.93   33.85
    189.409    -1.609   -47.69   12.55
    568.159    -4.246    -6.96    1.98
    946.841    -3.041     3.18    2.29
   1325.456    -2.673     0.97    2.38
   1704.002    -2.987    -0.83    2.31
   2082.481    -3.943    -2.53    2.61
   2460.892    -4.850    -2.40    2.48
   2839.235    -5.325    -1.26    2.57
   3217.510    -6.022    -1.84    2.19
   3595.718    -6.091    -0.18    1.70
   3973.858    -5.815     0.73    1.62
   4351.931    -5.572     0.64    1.47
   4729.936    -5.259     0.83    1.68
   5107.873    -4.816     1.17    1.85
   5485.743    -4.400     1.10    1.75
   5863.545    -3.853     1.45    1.66
   6241.281    -3.202     1.72    2.80
   6618.948     3.037    16.52    9.74
   6996.549     5.302     6.00    9.71
   7374.082     4.668    -1.68    9.70
   7751.548     1.741    -7.76    9.14
   8128.946    -3.284   -13.31    4.50
   8506.278    -5.572    -6.06    2.28
   8883.542    -6.121    -1.46    1.64
   9260.739    -6.449    -0.87    1.59
   9637.869    -6.377     0.19    1.78
  10014.932    -6.622    -0.65    1.71
  10391.928    -6.686    -0.17    1.83
  10768.857    -6.066     1.64    2.31
  11145.719    -5.698     0.98    2.50
  11522.514    -5.390     0.82    2.64
  11899.243    -4.900     1.30    2.83
  12275.904    -2.584     6.15    4.89
  12652.499     0.214     7.43    4.99
  13029.027     2.564     6.24    3.36
  13405.488     3.858     3.44    1.63
  13781.882     2.891    -2.57    1.54
  14158.210     2.443    -1.19    1.39
  14534.471     2.516     0.19    1.24
  14910.666     2.578     0.17    1.17
  15286.794     3.439     2.29    1.43
  15662.855     3.517     0.21    3.56
  16038.850     0.280    -8.61    6.85
  16414.779    -2.174    -6.53    7.50
  16790.641    -2.934    -2.02    8.58
  17166.437    -0.720     5.89   10.50
  17542.166     3.477    11.17   10.53
  17917.830     6.922     9.17   10.26
  18293.426     9.839     7.77    8.81
  18668.957    13.053     8.56    5.67
  19044.422    14.795     4.64    4.06
  19419.820    15.119     0.86    4.35
  19795.152    16.517     3.72    4.74
  20170.418    16.354    -0.44    5.58
  20545.618    16.676     0.86    5.56
  20920.752    15.860    -2.18    5.55
  21295.820    13.442    -6.45    5.54
  21670.822    12.171    -3.39    5.53
  22045.758     9.508    -7.10    5.58
  22420.629     7.428    -5.55    4.53
  22795.433     6.627    -2.14    3.94
  23170.172     5.601    -2.74    3.54
  23544.844     4.520    -2.88    3.41
  23919.451     3.724    -2.12    2.78
  24293.993     3.065    -1.76    1.08
  24668.468     3.216     0.40    1.43
  25042.879     3.637     1.13    1.47
  25417.223     4.135     1.33    1.52
  25791.502     4.618     1.29    1.13
  26165.715     4.903     0.76    1.01
  26539.863     5.365     1.23    1.39
  26913.945     5.978     1.64    1.60
  27287.962     7.023     2.79    1.96
  27661.914     7.625     1.61    1.47
  28035.800     7.998     1.00    1.49
  28409.621     7.732    -0.71    1.47
  28783.376     7.467    -0.71    1.37
  29157.067     7.153    -0.84    1.17
  29530.692     6.891    -0.70    0.94
  29904.252     6.687    -0.54    1.02
  30277.746     6.712     0.07    1.02
  30651.176     6.613    -0.26    1.35
  31024.540     6.137    -1.27    1.74
  31397.840     5.634    -1.35    1.87
  31771.074     5.341    -0.78    1.80
  32144.244     5.489     0.40    1.53
  32517.348     6.278     2.11    1.45
  32890.388     7.276     2.68    1.11
  33263.362     7.966     1.85    1.09
  33636.272     9.023     2.84    1.67
  34009.117    10.601     4.23    2.16
  34381.898    11.707     2.97    2.05
  34754.613    12.638     2.50    1.52
  35127.264    13.302     1.78    1.61
  35499.850    13.616     0.84    1.46
  35872.371    14.121     1.36    1.71
  36244.828    14.909     2.12    1.73
  36617.221    15.795     2.38    1.60
  36989.548    16.178     1.03    1.37
  37361.811    16.083    -0.26    1.01
  37734.010    15.778    -0.82    0.92
  38106.144    15.494    -0.76    0.86
  38478.214    15.527     0.09    1.05
  38850.220    15.631     0.28    1.23
  39222.161    15.541    -0.24    1.38
  39594.038    14.585    -2.57    1.72
  39965.850    13.678    -2.44    1.73
  40337.599    12.877    -2.16    1.49
  40709.283    13.033     0.42    1.42
  41080.903    13.795     2.05    1.55
  41452.459    14.934     3.06    1.24
  41823.950    15.546     1.65    1.05
  42195.378    15.691     0.39    1.01
  42566.741    15.456    -0.63    1.44
  42938.041    15.502     0.12    1.75
  43309.277    15.719     0.59    1.76
  43680.448    15.749     0.08    1.31
  44051.556    15.572    -0.48    1.34
  44422.600    14.816    -2.04    1.78
  44793.580    13.837    -2.64    1.50
  45164.496    13.267    -1.54    1.93
  45535.349    12.985    -0.76    2.81
  45906.137    12.267    -1.94    3.46
  46276.862    11.455    -2.19    2.57
  46647.524    10.641    -2.20    1.51
  47018.121    10.793     0.41    2.20
  47388.655    12.366     4.24    4.60
  47759.126    13.935     4.24    5.87
  48129.533    12.991    -2.55    6.17
  48499.876    10.800    -5.91    6.34
  48870.156     9.041    -4.75    5.82
  49240.373     7.614    -3.85    2.55
  49610.526     8.628     2.74    3.26
  49980.616    10.137     4.08    3.33
  50350.642    10.891     2.04    3.59
  50720.605     9.890    -2.70    4.01
  51090.505     8.991    -2.43    4.28
  51460.341     7.175    -4.91    4.23
  51830.115     5.128    -5.54    3.46
  52199.825     4.454    -1.82    4.50
  52569.472     4.053    -1.08    4.82
  52939.056     4.998     2.56    5.30
  53308.576     6.066     2.89    5.05
  53678.034     6.531     1.26    4.44
  54047.429     6.691     0.43    4.29
  54416.761     5.601    -2.95    4.71
  54786.029     2.828    -7.51    4.01
  55155.235     1.998    -2.25    3.30
  55524.378     4.507     6.80    5.76
  55893.458     8.852    11.77    7.46
  56262.475    15.541    18.13    8.12
  56631.430    21.267    15.52    6.51
  57000.322    24.687     9.27    5.05
  57369.151    27.061     6.44    3.92
  57737.917    27.858     2.16    3.47
  58106.620    25.978    -5.10    4.83
  58475.261    22.967    -8.17    5.75
  58843.840    20.378    -7.02    5.85
  59212.356    17.099    -8.90    5.96
  59580.809    14.278    -7.66    5.42
  59949.200    12.198    -5.65    4.40
  60317.528    10.828    -3.72    3.38
  60685.794    11.258     1.17    4.24
  61053.997    11.885     1.70    3.94
  61422.138    11.871    -0.04    3.67
  61790.217    11.791    -0.22    3.68
  62158.234    10.957    -2.26    3.87
  62526.188     9.131    -4.96    3.07
  62894.080     7.781    -3.67    2.37
  63261.909     6.712    -2.91    1.09
  63629.677     6.364    -0.95    1.04
  63997.382     6.428     0.18    1.11
  64365.025     6.484     0.15    1.13
  64732.606     6.841     0.97    0.79
  65100.126     6.929     0.24    0.68
  65467.583     7.016     0.23    0.74
  65834.978     7.403     1.05    0.98
  66202.311     7.927     1.43    1.15
  66569.582     8.698     2.10    1.53
  66936.791     9.555     2.33    1.94
  67303.939    10.039     1.32    2.38
  67674.788     9.991    -0.13    1.82
  68054.693     9.819    -0.45    1.43
  68434.531     9.841     0.06    1.52
  68814.301     9.728    -0.30    1.85
  69194.006    10.168     1.16    1.97
  69573.643    10.471     0.80    1.89
  69953.214     9.653    -2.15    2.15
  70332.718     9.114    -1.42    1.76
  70712.156     8.716    -1.05    1.35
  71091.527     9.213     1.31    1.59
  71470.832    10.841     4.29    2.33
  71850.070    11.631     2.08    2.21
  72229.242    11.702     0.19    2.35
  72608.347     9.916    -4.71    3.85
  72987.386     7.403    -6.63    4.19
  73366.358     4.991    -6.37    3.32
  73745.264     4.624    -0.97    4.22
  74124.104     7.070     6.46    6.22
  74502.878    10.835     9.94    6.69
  74881.586    13.778     7.77    4.83
  75260.227    14.535     2.00    3.21
  75638.802    12.175    -6.23    3.93
  76017.311     8.504    -9.70    3.78
  76395.754     5.841    -7.04    3.27
  76774.131     3.897    -5.14    1.49
  77152.442     3.694    -0.54    1.19
  77530.687     4.178     1.28    1.32
  77908.867     4.533     0.94    1.24
  78286.980     5.191     1.74    1.21
  78665.027     6.314     2.97    2.23
  79043.009     8.378     5.46    3.08
  79420.925    11.660     8.68    4.09
  79798.775    15.078     9.05    4.18
  80176.559    17.700     6.94    3.63
  80554.278    19.810     5.59    3.05
  80931.931    21.281     3.89    3.21
  81309.518    23.213     5.12    3.03
  81687.040    25.788     6.82    3.38
  82064.496    26.719     2.47    3.52
  82441.887    24.897    -4.83    6.18
  82819.212    21.890    -7.97    7.16
  83196.472    18.011   -10.28    5.78
  83573.666    17.517    -1.31    5.87
  83950.795    21.178     9.71    7.58
  84327.859    25.275    10.86    7.40
  84704.858    28.694     9.07    5.61
  85081.791    31.310     6.94    4.22
  85458.659    34.691     8.97    7.82
  85835.461    41.227    17.35   12.89
  86212.199    49.131    20.98   14.92
  86588.871    57.630    22.56   13.59
  86965.479    63.479    15.53   12.03
  87342.021    66.190     7.20   12.12
  87718.498    65.678    -1.36   11.78
  88094.910    64.482    -3.18   10.61
  88471.257    60.821    -9.73   11.45
  88847.540    57.494    -8.84   11.70
  89223.757    56.141    -3.60   10.76
  89599.910    55.928    -0.56    8.36
  89975.997    59.275     8.90    8.43
  90352.020    64.159    12.99    7.63
  90727.979    67.561     9.05    4.39
  91103.872    69.112     4.13    2.31
  91479.701    68.711    -1.07    2.53
  91855.465    68.833     0.33    2.38
  92231.164    70.808     5.26    3.16
  92606.799    72.644     4.89    3.17
  92982.369    73.232     1.57    2.65
  93357.875    71.778    -3.87    3.57
  93733.316    69.835    -5.17    3.16
  94108.693    69.191    -1.72    2.54
  94484.006    69.824     1.69    3.90
  94859.254    73.637    10.16    5.95
  95234.437    74.971     3.55    5.61
  95609.557    72.303    -7.11    7.45
  95984.612    68.456   -10.26    7.72
  96359.602    65.241    -8.57    5.18
  96734.529    63.206    -5.43    4.66
  97109.391    60.479    -7.27    5.66
  97484.189    57.568    -7.77    5.66
  97858.924    54.314    -8.68    3.82
  98233.594    52.299    -5.38    2.02
  98608.199    51.621    -1.81    1.76
  98982.741    51.271    -0.93    1.46
  99357.219    50.960    -0.83    2.09
  99731.633    49.685    -3.40    2.44
 100105.983    48.878    -2.16    2.22
 100480.269    47.741    -3.04    1.51
 100854.491    47.313    -1.14    1.34
 101228.650    47.125    -0.50    1.37
 101602.744    47.121    -0.01    1.38
 101976.775    47.428     0.82    1.43
 102350.742    48.048     1.66    1.58
 102724.646    49.580     4.10    2.43
 103098.486    51.312     4.63    3.12
 103472.262    53.808     6.68    3.60
 103845.974    56.011     5.89    2.91
 104219.623    57.453     3.86    2.52
 104593.209    57.924     1.26    2.00
 104966.731    58.278     0.95    2.11
 105340.189    58.011    -0.71    2.12
 105713.584    58.572     1.50    3.68
 106086.916    59.683     2.98    4.95
 106460.184    60.783     2.95    5.72
 106833.389    61.308     1.41    5.97
 107206.531    57.741    -9.56    7.47
 107579.609    52.403   -14.31    9.29
 107952.624    47.973   -11.88    8.56
 108325.576    45.843    -5.71    7.33
 108698.465    45.676    -0.45    7.19
 109071.290    47.775     5.63    8.19
 109444.053    49.340     4.20    7.92
 109816.752    48.816    -1.40    7.72
 110189.388    49.278     1.24    6.72
 110561.962    50.390     2.98    5.62
 110934.472    52.236     4.96    6.78
 111306.920    50.967    -3.41    8.49
 111679.304    48.884    -5.59    8.60
 112051.626    47.390    -4.01    7.15
 112423.884    47.013    -1.01    5.69
 112796.080    51.026    10.78    7.39
 113168.213    56.719    15.30    8.70
 113540.284    64.260    20.26   10.31
 113912.291    69.749    14.75    7.96
 114284.236    74.241    12.07    3.07
 114656.119    74.741     1.34    2.30
 115027.938    74.074    -1.79    2.18
 115399.696    73.711    -0.98    1.94
 115771.390    73.819     0.29    1.75
 116143.022    74.271     1.22    1.61
 116514.592    74.698     1.15    1.87
 116886.099    75.454     2.04    2.63
 117257.543    76.716     3.40    3.31
 117628.925    78.241     4.11    3.12
 118000.245    79.506     3.41    2.37
 118371.503    80.325     2.21    2.11
 118742.698    80.724     1.07    2.89
 119113.831    80.429    -0.79    4.01
 119484.901    79.531    -2.42    4.81
 119855.910    78.390    -3.08    4.72
 120226.856    77.216    -3.17    3.39
 120597.740    76.941    -0.74    3.06
 120968.562    76.903    -0.10    2.94
 121339.322    77.559     1.77    2.76
 121710.020    78.137     1.56    2.45
 122080.655    78.364     0.61    2.21
 122451.229    78.147    -0.59    2.54
 122821.741    76.936    -3.27    3.30
 123192.191    75.441    -4.03    2.65
 123562.579    74.153    -3.48    1.92
 123932.905    72.621    -4.14    2.53
 124303.169    71.468    -3.11    2.68
 124673.372    70.783    -1.85    2.07
 125043.513    70.640    -0.39    1.76
 125413.592    71.352     1.92    1.29
 125783.609    71.663     0.84    1.35
 126153.564    71.198    -1.26    1.51
 126523.458    71.036    -0.44    1.67
 126893.291    70.795    -0.65    1.74
 127263.061    71.351     1.50    2.30
 127632.770    71.929     1.56    2.47
 128002.418    72.021     0.25    2.65
 128372.004    71.134    -2.40    3.04
 128741.529    69.689    -3.91    2.59
 129110.992    68.493    -3.24    2.07
 129480.394    67.916    -1.56    2.06
 129849.735    67.328    -1.59    2.04
 130219.014    66.365    -2.61    2.28
 130588.232    64.467    -5.14    3.37
 130957.388    62.258    -5.98    3.56
 131326.483    60.127    -5.77    2.71
 131695.518    58.788    -3.63    1.54
 132064.490    57.910    -2.38    1.64
 132433.402    57.224    -1.86    1.63
 132802.253    57.049    -0.47    1.59
 133171.042    56.903    -0.39    1.79
 133539.771    57.182     0.76    1.73
 133908.438    57.226     0.12    1.66
 134277.045    56.234    -2.69    1.93
 134645.590    56.922     1.87    2.36
 135014.075    58.153     3.34    3.25
 135382.498    59.300     3.11    3.05
 135750.861    60.685     3.76    1.41
 136119.163    60.469    -0.59    1.33
 136487.404    59.864    -1.64    1.10
 136855.584    59.871     0.02    1.07
 137223.704    59.536    -0.91    1.24
 137591.763    58.703    -2.26    1.63
 137959.761    57.376    -3.60    2.25
 138327.698    56.099    -3.47    1.98
 138695.575    54.633    -3.99    2.03
 139063.392    53.260    -3.73    2.09
 139431.147    51.609    -4.49    2.58
 139798.842    49.531    -5.65    2.56
 140166.477    47.781    -4.76    2.76
 140534.051    47.228    -1.51    2.49
 140901.565    46.986    -0.66    2.13
 141269.018    47.116     0.35    1.79
 141636.411    47.079    -0.10    1.18
 142003.743    46.416    -1.80    1.06
 142372.026    45.890    -1.43    0.83
 142751.790    46.377     1.28    1.90
 143131.490    47.511     2.99    2.79
 143511.125    49.125     4.25    2.81
 143890.695    50.603     3.89    1.70
 144270.200    51.053     1.19    0.73
 144649.640    50.824    -0.60    0.82
 145029.015    50.507    -0.84    0.97
 145408.325    49.954    -1.46    1.03
 145787.571    49.273    -1.80    1.23
 146166.752    48.480    -2.09    1.13
 146545.868    47.790    -1.82    0.75
 146924.919    47.621    -0.45    0.70
 147303.906    47.986     0.96    0.99
 147682.828    48.491     1.33    1.14
 148061.685    48.998     1.34    1.08
 148440.478    49.442     1.17    0.87
 148819.207    49.637     0.52    0.65
 149197.871    49.724     0.23    0.52
 149576.470    49.694    -0.08    0.48
 149955.005    49.518    -0.46    0.48
 150333.476    49.390    -0.34    0.47
 150711.882    49.114    -0.73    0.48
 151090.224    48.916    -0.52    0.55
 151468.502    48.790    -0.33    0.54
 151846.715    48.672    -0.31    0.50
 152224.864    48.646    -0.07    0.54
 152602.949    48.561    -0.23    0.57
 152980.970    48.349    -0.56    0.87
 153358.927    47.785    -1.49    1.20
 153736.819    47.061    -1.91    1.34
 154114.648    46.580    -1.27    1.27
 154492.413    46.363    -0.57    1.40
 154870.113    46.258    -0.28    1.49
 155247.750    46.221    -0.10    1.49
 155625.322    46.078    -0.38    1.40
 156002.831    45.987    -0.24    1.23
 156380.276    45.676    -0.83    1.12
 156757.657    44.858    -2.17    1.34
 157134.974    43.930    -2.46    1.26
 157512.227    42.884    -2.77    1.24
 157889.417    41.861    -2.71    1.20
 158266.543    41.066    -2.11    1.27
 158643.606    40.704    -0.96    1.20
 159020.604    40.276    -1.14    1.17
 159397.539    39.890    -1.03    1.31
 159774.411    39.364    -1.40    1.44
 160151.219    38.845    -1.38    1.02
 160527.963    38.481    -0.97    1.13
 160904.644    38.083    -1.06    1.38
 161281.262    37.258    -2.19    1.82
 161657.816    36.466    -2.10    1.49
 162034.307    36.100    -0.97    1.15
 162410.734    36.428     0.87    1.59
 162787.099    37.173     1.98    1.68
 163163.399    38.140     2.57    1.66
 163539.637    38.650     1.35    0.98
 163915.811    38.377    -0.72    0.99
 164291.923    38.278    -0.26    1.03
 164667.971    38.182    -0.25    0.77
 165043.956    38.322     0.37    0.87
 165419.878    38.666     0.91    0.99
 165795.736    39.187     1.39    0.95
 166171.532    39.947     2.02    1.20
 166547.265    41.403     3.87    2.34
 166922.935    43.195     4.77    3.13
 167298.542    45.403     5.88    2.48
 167674.086    46.631     3.27    1.34
 168049.567    46.169    -1.23    1.86
 168424.985    44.572    -4.25    2.84
 168800.341    43.325    -3.32    2.59
 169175.633    43.219    -0.28    2.41
 169550.863    44.091     2.32    2.52
 169926.031    44.656     1.51    2.05
 170301.135    43.121    -4.09    3.27
 170676.177    40.714    -6.42    3.19
 171051.157    39.600    -2.97    2.33
 171426.073    40.017     1.11    2.69
 171800.928    41.324     3.49    2.45
 172175.719    42.814     3.97    1.47
 172550.449    42.916     0.27    1.30
 172925.116    42.363    -1.48    1.66
 173299.720    41.666    -1.86    2.02
 173674.262    41.163    -1.34    2.03
 174048.742    42.492     3.55    3.41
 174423.159    44.670     5.82    3.60
 174797.514    46.140     3.93    2.44
 175171.807    46.793     1.74    1.63
 175546.037    47.130     0.90    1.76
 175920.206    47.506     1.00    1.72
 176294.312    47.877     0.99    1.52
 176668.356    48.806     2.48    1.72
 177042.338    49.883     2.88    2.57
 177416.258    51.903     5.40    2.97
 177790.116    54.048     5.74    2.04
 178163.911    54.659     1.64    1.62
 178537.645    54.323    -0.90    1.77
 178911.317    54.627     0.81    2.10
 179284.927    55.298     1.80    2.59
 179658.475    56.311     2.71    2.17
 180031.962    55.984    -0.87    2.25
 180405.386    55.299    -1.83    2.27
 180778.749    55.184    -0.31    2.36
 181152.050    56.365     3.16    2.71
 181525.289    57.486     3.00    2.35
 181898.466    57.616     0.35    2.57
 182271.582    56.822    -2.13    2.56
 182644.636    55.877    -2.53    2.04
 183017.629    55.184    -1.86    0.96
 183390.560    54.390    -2.13    1.43
 183763.429    53.458    -2.50    1.95
 184136.237    52.550    -2.44    2.09
 184508.983    52.525    -0.07    2.17
 184881.668    53.813     3.46    2.69
 185254.292    54.835     2.74    2.11
 185626.854    55.061     0.61    1.26
 185999.355    54.245    -2.19    1.63
 186371.794    52.557    -4.53    2.72
 186744.172    49.614    -7.90    4.15
 187116.489    45.443   -11.20    5.54
 187488.745    40.845   -12.35    4.90
 187860.939    38.273    -6.91    3.68
 188233.073    37.456    -2.20    2.60
 188605.145    38.377     2.48    3.20
 188977.156    39.843     3.94    3.18
 189349.106    41.323     3.98    2.57
 189720.995    42.219     2.41    1.69
 190092.823    42.363     0.39    2.11
 190464.590    41.974    -1.05    2.52
 190836.295    41.403    -1.54    2.71
 191207.940    40.693    -1.91    2.29
 191579.525    40.065    -1.69    1.76
 191951.048    39.416    -1.75    1.38
 192322.510    38.995    -1.13    1.34
 192693.912    38.890    -0.28    1.36
 193065.253    38.837    -0.14    1.23
 193436.533    38.954     0.32    1.20
 193807.752    39.732     2.09    1.50
 194178.911    40.980     3.36    2.25
 194550.008    42.443     3.94    2.21
 194921.046    43.224     2.10    1.40
 195292.023    42.723    -1.35    1.61
 195662.939    41.974    -2.02    1.63
 196033.794    41.310    -1.79    1.42
 196404.590    41.133    -0.48    1.00
 196775.324    41.336     0.55    1.14
 197145.998    41.824     1.32    1.60
 197516.612    41.890     0.18    1.92
 197887.166    41.211    -1.83    2.44
 198257.659    40.295    -2.47    2.40
 198628.091    39.303    -2.68    1.85
 198998.464    38.579    -1.96    1.42
 199368.776    38.903     0.88    1.52
 199739.028    39.403     1.35    1.60
 200109.220    39.416     0.04    1.83
 200479.351    38.773    -1.74    2.05
 200849.422    37.877    -2.42    1.55
 201219.434    37.540    -0.91    1.24
 201589.385    37.816     0.75    1.41
 201959.276    37.595    -0.60    1.99
 202329.107    37.070    -1.42    2.34
 202698.878    36.849    -0.60    2.01
 203068.589    36.753    -0.26    2.12
 203438.240    36.281    -1.28    2.52
 203807.832    36.185    -0.26    2.46
 204177.363    36.403     0.59    2.56
 204546.834    36.843     1.19    2.17
 204916.246    37.307     1.26    1.80
 205285.598    36.877    -1.17    2.39
 205654.890    35.431    -3.91    3.27
 206024.123    33.723    -4.62    2.93
 206393.295    32.781    -2.55    1.92
 206762.408    32.813     0.09    1.53
 207131.462    33.822     2.73    2.45
 207500.455    35.049     3.32    2.90
 207869.390    35.700     1.77    3.22
 208238.264    36.416     1.94    2.79
 208607.079    35.484    -2.53    2.69
 208975.835    34.780    -1.91    2.41
 209344.531    34.910     0.35    2.53
 209713.168    35.150     0.65    2.31
 210081.745    36.070     2.50    2.28
 210450.263    36.673     1.64    2.38
 210818.721    36.590    -0.23    2.70
 211187.121    36.351    -0.65    2.71
 211555.460    35.763    -1.60    2.08
 211923.741    35.365    -1.08    1.70
 212291.962    34.646    -1.95    1.84
 212660.125    33.800    -2.30    1.69
 213028.228    33.193    -1.65    1.18
 213396.272    33.134    -0.16    1.03
 213764.256    33.127    -0.02    1.16
 214132.182    32.153    -2.65    2.58
 214500.049    30.693    -3.97    3.58
 214867.856    28.363    -6.33    3.81
 215235.605    26.793    -4.27    2.44
 215603.294    26.429    -0.99    2.24
 215970.925    26.767     0.92    2.37
 216338.497    26.130    -1.73    3.00
 216706.009    24.963    -3.18    3.44
 217073.463    24.283    -1.85    3.08
 217451.571    24.052    -0.61    2.04
 217831.137    25.156     2.91    1.95
 218210.639    26.403     3.28    2.32
 218590.078    26.813     1.08    2.78
 218969.454    26.718    -0.25    3.04
 219348.767    25.074    -4.33    3.38
 219728.016    23.346    -4.56    2.28
 220107.203    22.536    -2.13    1.77
 220486.326    22.673     0.36    2.07
 220865.387    22.179    -1.30    2.81
 221244.384    21.533    -1.71    3.11
 221623.318    20.723    -2.14    2.78
 222002.190    20.351    -0.98    2.60
 222380.998    21.976     4.29    3.25
 222759.744    22.694     1.89    2.87
 223138.426    23.540     2.23    2.48
 223517.046    24.249     1.87    2.11
 223895.603    25.139     2.35    2.62
 224274.098    27.896     7.28    3.83
 224652.529    29.444     4.09    3.67
 225030.898    29.349    -0.25    3.82
 225409.204    28.030    -3.49    4.27
 225787.448    25.976    -5.43    3.37
 226165.629    24.338    -4.33    1.69
 226543.747    24.096    -0.64    1.79
 226921.803    24.221     0.33    2.20
 227299.796    24.416     0.52    2.27
 227677.727    24.211    -0.54    2.02
 228055.596    23.153    -2.80    1.88
 228433.402    22.570    -1.54    1.95
 228811.145    22.806     0.62    2.20
 229188.827    23.923     2.96    2.95
 229566.445    25.160     3.28    2.47
 229944.002    25.377     0.58    2.05
 230321.496    25.403     0.07    2.07
 230698.929    25.350    -0.14    2.13
 231076.299    26.190     2.22    2.23
 231453.606    27.021     2.20    2.21
 231830.852    27.206     0.49    1.97
 232208.036    28.403     3.17    1.92
 232585.157    30.208     4.79    2.90
 232962.217    30.746     1.42    3.04
 233339.214    30.544    -0.53    3.06
 233716.149    28.917    -4.32    3.34
 234093.023    26.821    -5.56    2.33
 234469.835    25.951    -2.31    1.89
 234846.584    26.442     1.30    2.04
 235223.272    27.590     3.05    2.61
 235599.898    29.469     4.99    3.04
 235976.462    31.483     5.35    2.25
 236352.965    32.299     2.17    1.56
 236729.406    32.056    -0.64    1.17
 237105.785    32.323     0.71    1.68
 237482.102    32.643     0.85    2.12
 237858.358    32.700     0.15    2.27
 238234.552    31.956    -1.98    2.86
 238610.684    30.971    -2.62    2.89
 238986.755    30.403    -1.51    2.28
 239362.765    30.111    -0.78    1.52
 239738.713    29.583    -1.41    1.78
 240114.599    29.389    -0.51    2.09
 240490.424    28.198    -3.17    1.98
 240866.188    27.129    -2.84    1.72
 241241.890    27.000    -0.34    2.37
 241617.531    26.790    -0.56    2.90
 241993.111    25.956    -2.22    3.16
 242368.630    25.323    -1.68    2.35
 242744.087    25.363     0.11    1.80
 243119.483    25.550     0.50    1.75
 243494.818    25.443    -0.28    1.96
 243870.091    24.429    -2.70    2.07
 244245.304    23.822    -1.62    1.47
 244620.455    23.871     0.13    1.31
 244995.545    23.992     0.32    1.39
 245370.575    23.570    -1.13    1.72
 245745.543    22.222    -3.59    2.18
 246120.451    20.313    -5.09    2.62
 246495.297    19.514    -2.13    2.64
 246870.083    19.871     0.95    2.78
 247244.807    20.290     1.12    3.14
 247619.471    20.950     1.76    2.63
 247994.074    20.484    -1.24    2.56
 248368.616    20.790     0.82    1.85
 248743.098    20.567    -0.59    1.55
 249117.518    19.787    -2.08    2.25
 249491.878    18.281    -4.02    2.69
 249866.178    17.754    -1.41    2.41
 250240.416    17.806     0.14    1.85
 250614.594    18.337     1.42    1.59
 250988.712    19.114     2.07    2.17
 251362.769    19.990     2.34    2.76
 251736.765    20.793     2.15    2.56
 252110.701    21.376     1.56    2.16
 252484.577    21.095    -0.75    2.05
 252858.392    19.882    -3.24    2.10
 253232.147    19.044    -2.24    1.98
 253605.841    18.014    -2.76    1.73
 253979.475    16.430    -4.24    2.05
 254353.048    14.966    -3.92    2.35
 254726.562    14.403    -1.51    1.90
 255100.015    14.746     0.92    2.19
 255473.408    16.363     4.33    2.72
 255846.741    18.032     4.47    2.15
 256220.013    19.083     2.82    1.75
 256593.226    20.348     3.39    1.60
 256966.378    20.843     1.33    1.73
 257339.470    20.971     0.34    2.05
 257712.502    20.000    -2.60    2.74
 258085.474    18.203    -4.82    2.74
 258458.387    16.260    -5.21    2.57
 258831.239    14.092    -5.81    2.49
 259204.031    12.883    -3.24    2.10
 259576.764    12.092    -2.12    1.32
 259949.436    13.349     3.37    3.36
 260322.049    19.096    15.42    9.04
 260694.602    24.836    15.40   10.63
 261067.095    30.488    15.17    9.42
