-214159.798    71.333     0.00    2.13
-213784.686    70.667    -1.78    1.79
-213409.501    70.861     0.52    1.83
-213034.242    71.557     1.85    2.03
-212658.909    72.506     2.53    1.88
-212283.503    72.793     0.77    1.82
-211908.022    73.000     0.55    1.86
-211532.468    72.333    -1.77    2.09
-211156.840    71.148    -3.16    2.78
-210781.138    70.116    -2.74    3.00
-210405.363    68.920    -3.18    2.36
-210029.513    67.632    -3.42    2.17
-209653.589    67.169    -1.23    1.90
-209277.591    67.931     2.03    2.73
-208901.519    68.978     2.78    3.18
-208525.373    70.500     4.05    2.98
-208149.152    71.795     3.44    2.53
-207772.858    73.182     3.68    1.51
-207396.489    73.632     1.20    1.80
-207020.045    74.364     1.94    1.83
-206643.528    74.977     1.63    1.62
-206266.936    74.989     0.03    1.45
-205890.269    74.416    -1.52    1.34
-205513.528    73.805    -1.62    1.58
-205136.712    73.318    -1.29    1.45
-204759.822    73.207    -0.30    1.70
-204382.857    72.364    -2.24    2.12
-204005.817    72.270    -0.25    2.09
-203628.703    72.261    -0.02    2.16
-203251.514    72.270     0.02    2.44
-202874.250    72.159    -0.29    2.38
-202496.911    71.978    -0.48    2.58
-202119.497    70.989    -2.62    2.43
-201742.009    70.180    -2.14    2.03
-201364.445    70.230     0.13    1.95
-200986.806    70.693     1.23    2.26
-200609.092    70.349    -0.91    2.53
-200231.303    68.802    -4.09    3.24
-199853.439    67.465    -3.54    3.51
-199475.500    65.811    -4.38    3.75
-199097.485    63.447    -6.25    4.11
-198719.395    61.239    -5.84    4.26
-198341.230    59.759    -3.91    4.35
-197962.989    58.404    -3.58    4.40
-197584.673    58.169    -0.62    4.30
-197206.282    57.318    -2.25    4.05
-196827.815    57.169    -0.39    3.95
-196449.272    56.778    -1.03    3.82
-196070.653    56.417    -0.95    4.06
-195691.959    55.511    -2.39    3.59
-195313.190    55.094    -1.10    3.37
-194934.344    54.989    -0.28    3.63
-194555.423    54.419    -1.50    3.62
-194176.426    53.386    -2.72    3.33
-193797.353    52.535    -2.25    3.27
-193418.204    52.000    -1.41    3.34
-193038.979    52.333     0.88    3.44
-192659.678    53.225     2.35    2.98
-192280.301    55.148     5.07    2.80
-191900.847    57.034     4.97    2.74
-191521.318    58.494     3.85    1.74
-191141.712    57.943    -1.45    2.41
-190762.031    56.854    -2.87    2.89
-190382.272    55.591    -3.33    2.65
-190002.438    54.966    -1.65    2.10
-189622.527    55.682     1.88    2.76
-189242.540    55.124    -1.47    4.23
-188862.476    55.540     1.10    4.76
-188482.336    56.133     1.56    5.64
-188102.119    58.106     5.19    6.25
-187721.825    60.602     6.56    4.11
-187341.455    62.048     3.80    2.95
-186961.008    61.652    -1.04    2.71
-186580.484    61.024    -1.65    3.05
-186206.936    60.409    -1.65    3.44
-185840.985    60.548     0.38    3.38
-185474.965    60.176    -1.02    2.93
-185108.874    59.898    -0.76    2.68
-184742.713    59.889    -0.02    2.47
-184376.482    60.148     0.71    2.46
-184010.180    60.614     1.27    2.22
-183643.808    60.629     0.04    1.98
-183277.366    60.000    -1.72    2.82
-182910.853    58.966    -2.82    3.16
-182544.270    57.267    -4.63    2.80
-182177.616    56.187    -2.95    3.09
-181810.892    55.179    -2.75    3.46
-181444.097    54.841    -0.92    3.48
-181077.232    53.800    -2.84    3.36
-180710.296    52.820    -2.67    3.09
-180343.289    51.897    -2.52    2.77
-179976.211    51.034    -2.35    2.72
-179609.063    50.330    -1.92    2.75
-179241.843    49.682    -1.76    3.11
-178874.553    48.989    -1.89    3.48
-178507.192    48.299    -1.88    3.84
-178139.760    47.843    -1.24    3.95
-177772.257    47.116    -1.98    4.00
-177404.683    47.045    -0.19    3.51
-177037.038    46.845    -0.54    3.00
-176669.321    46.868     0.06    2.66
-176301.534    47.200     0.90    1.88
-175933.675    48.079     2.39    1.87
-175565.745    48.719     1.74    2.11
-175197.744    49.506     2.14    2.41
-174829.671    50.057     1.50    2.85
-174461.527    51.091     2.81    2.61
-174093.312    50.910    -0.49    2.44
-173725.025    50.088    -2.23    3.05
-173356.667    48.622    -3.98    3.71
-172988.237    45.713    -7.90    4.18
-172619.736    42.378    -9.05    5.32
-172251.163    38.417   -10.75    4.04
-171882.518    35.898    -6.83    3.23
-171513.801    34.337    -4.23    1.89
-171145.013    34.112    -0.61    1.89
-170776.153    33.417    -1.89    1.81
-170407.222    32.225    -3.23    2.18
-170038.218    30.632    -4.32    2.24
-169669.142    29.663    -2.63    2.33
-169299.995    29.102    -1.52    2.39
-168930.775    29.944     2.28    3.20
-168561.484    31.341     3.78    3.55
-168192.120    34.045     7.32    3.62
-167822.684    35.407     3.68    3.13
-167453.176    35.747     0.92    3.01
-167083.596    34.567    -3.19    3.57
-166713.944    32.184    -6.45    3.15
-166344.219    30.978    -3.26    1.98
-165974.422    30.953    -0.07    1.63
-165604.553    32.120     3.15    1.70
-165234.611    33.286     3.15    1.31
-164864.597    35.341     5.55    3.56
-164494.510    39.337    10.80    6.72
-164124.350    45.400    16.38    9.05
-163754.119    51.442    16.32    8.11
-163383.814    55.742    11.61    4.27
-163013.437    56.443     1.89    3.28
-162642.987    56.300    -0.39    3.41
-162272.464    56.636     0.91    3.27
-161901.869    58.523     5.09    4.12
-161531.200    61.112     6.99    3.98
-161160.459    63.682     6.93    2.83
-160789.645    65.297     4.35    2.47
-160418.758    66.253     2.58    1.76
-160047.798    66.517     0.71    1.71
-159676.765    67.430     2.46    2.33
-159305.658    68.700     3.42    3.11
-158934.479    70.616     5.16    2.96
-158563.226    71.989     3.70    2.54
-158191.901    73.179     3.20    1.47
-157820.501    73.967     2.12    1.80
-157449.029    74.663     1.87    2.51
-157077.483    75.098     1.17    2.52
-156705.864    75.235     0.37    2.48
-156334.171    75.022    -0.57    2.29
-155962.405    73.563    -3.92    2.53
-155590.566    71.389    -5.85    2.88
-155218.653    69.907    -3.98    2.51
-154846.666    69.604    -0.81    2.15
-154474.605    70.264     1.77    2.09
-154102.471    71.169     2.43    1.71
-153730.263    71.955     2.11    1.61
-153357.981    72.922     2.60    1.21
-152985.626    72.943     0.06    1.92
-152613.196    71.091    -4.97    3.96
-152240.693    68.449    -7.09    5.18
-151868.116    64.977    -9.32    4.40
-151495.464    62.489    -6.68    2.77
-151122.739    60.693    -4.82    1.02
-150749.940    59.562    -3.03    2.16
-150377.066    57.517    -5.48    3.62
-150004.118    55.495    -5.42    3.54
-149631.096    53.529    -5.27    2.65
-149258.000    52.538    -2.65    2.37
-148884.829    51.955    -1.56    2.58
-148511.584    51.857    -0.26    2.99
-148138.265    51.471    -1.03    3.78
-147764.871    49.348    -5.69    5.15
-147391.403    46.721    -7.03    5.30
-147017.860    45.109    -4.32    4.50
-146644.242    45.224     0.31    5.10
-146270.550    47.253     5.43    4.95
-145896.784    49.536     6.11    3.69
-145522.942    52.067     6.77    3.64
-145149.026    54.214     5.74    3.42
-144775.035    55.213     2.67    3.26
-144400.969    54.631    -1.56    4.04
-144026.828    52.730    -5.08    3.99
-143652.613    50.762    -5.26    3.11
-143278.322    50.461    -0.80    3.09
-142903.956    51.774     3.51    3.04
-142529.516    52.297     1.40    2.85
-142155.000    52.425     0.34    2.66
-141780.409    51.956    -1.25    2.78
-141405.742    51.103    -2.28    2.81
-141031.001    49.659    -3.85    2.52
-140656.184    48.112    -4.13    2.23
-140281.292    46.945    -3.11    2.79
-139906.325    45.011    -5.16    3.92
-139531.282    42.374    -7.03    4.83
-139156.163    39.921    -6.54    4.60
-138780.969    38.659    -3.36    2.69
-138405.700    39.057     1.06    3.59
-138030.355    41.879     7.52    6.98
-137654.934    44.310     6.48    8.31
-137279.437    46.385     5.52    9.72
-136903.865    47.356     2.59   10.14
-136528.217    48.385     2.74    9.50
-136152.493    49.705     3.51    7.95
-135776.694    52.433     7.26    6.56
-135400.818    54.534     5.59    4.92
-135024.866    56.824     6.09    2.35
-134648.839    57.437     1.63    1.21
-134272.735    57.275    -0.43    1.10
-133896.555    56.954    -0.85    0.98
-133520.299    56.857    -0.26    0.96
-133143.967    56.911     0.14    1.08
-132767.559    56.578    -0.89    1.53
-132391.074    55.674    -2.40    2.35
-132014.513    54.725    -2.52    2.76
-131637.876    53.495    -3.27    2.36
-131261.162    52.500    -2.64    2.13
-130884.371    51.878    -1.65    2.31
-130507.504    51.311    -1.50    2.04
-130130.561    50.989    -0.86    1.65
-129753.541    50.802    -0.49    1.50
-129376.444    50.955     0.40    1.65
-128999.271    51.315     0.96    1.90
-128622.021    51.782     1.24    2.16
-128244.694    51.132    -1.72    3.03
-127867.290    49.345    -4.73    4.59
-127489.809    47.011    -6.18    4.72
-127112.251    45.694    -3.49    3.54
-126734.617    46.427     1.94    3.60
-126356.905    48.616     5.80    3.72
-125979.116    51.333     7.19    3.30
-125601.250    53.244     5.06    2.67
-125223.307    54.211     2.56    2.01
-124845.287    54.976     2.02    1.25
-124467.189    55.076     0.26    0.88
-124089.015    54.859    -0.57    1.08
-123710.762    54.609    -0.66    1.09
-123332.433    53.845    -2.02    1.05
-122954.026    52.391    -3.84    2.03
-122575.541    50.616    -4.69    2.86
-122196.979    48.957    -4.38    2.92
-121818.339    48.093    -2.28    2.50
-121439.622    48.370     0.73    2.22
-121060.827    49.256     2.34    1.85
-120681.954    50.272     2.68    1.63
-120303.003    50.851     1.53    1.07
-119923.975    50.652    -0.52    1.04
-119544.868    49.438    -3.20    1.64
-119165.684    47.549    -4.98    2.99
-118786.422    45.292    -5.95    3.59
-118407.082    42.835    -6.48    3.56
-118027.663    40.356    -6.53    2.95
-117648.167    38.772    -4.17    2.29
-117268.592    37.816    -2.52    2.21
-116888.939    36.500    -3.47    3.15
-116509.208    34.584    -5.04    4.50
-116129.399    33.022    -4.11    4.52
-115749.511    31.674    -3.55    4.47
-115369.545    31.637    -0.10    5.44
-114989.500    33.022     3.64    6.29
-114609.377    35.161     5.63    6.53
-114229.176    37.433     5.98    5.15
-113848.895    38.075     1.69    4.28
-113468.536    37.633    -1.16    4.31
-113088.099    36.956    -1.78    5.12
-112707.582    37.283     0.86    4.63
-112326.987    38.144     2.26    3.23
-111946.313    37.228    -2.41    3.84
-111567.782    34.337    -7.64    4.93
-111202.053    30.989    -9.15    4.93
-110836.252    27.722    -8.93    4.39
-110470.379    23.793   -10.74    4.83
-110104.435    21.859    -5.29    4.51
-109738.418    20.922    -2.56    4.65
-109372.330    21.315     1.07    5.14
-109006.169    23.739     6.62    4.82
-108639.936    27.293     9.71    4.78
-108273.632    30.709     9.32    5.02
-107907.255    33.913     8.74    4.62
-107540.805    36.500     7.06    2.20
-107174.284    37.132     1.72    1.69
-106807.690    37.344     0.58    2.02
-106441.024    37.300    -0.12    2.19
-106074.285    37.140    -0.44    2.68
-105707.474    36.659    -1.31    2.64
-105340.591    36.648    -0.03    2.76
-104973.635    37.314     1.81    2.72
-104606.606    38.033     1.96    2.49
-104239.505    38.506     1.29    2.12
-103872.331    38.556     0.14    1.53
-103505.085    38.182    -1.02    1.31
-103137.766    37.824    -0.97    1.13
-102770.374    37.371    -1.23    1.31
-102402.909    36.500    -2.37    1.77
-102035.371    35.736    -2.08    1.93
-101667.760    34.571    -3.17    2.06
-101300.077    33.319    -3.41    2.05
-100932.320    32.056    -3.43    2.19
-100564.491    30.914    -3.11    2.17
-100196.588    29.733    -3.21    2.72
 -99828.612    28.120    -4.38    3.53
 -99460.563    26.557    -4.25    4.10
 -99092.441    25.413    -3.11    4.37
 -98724.246    24.167    -3.38    4.48
 -98355.977    23.750    -1.13    3.94
 -97987.635    23.879     0.35    2.80
 -97619.219    23.615    -0.72    2.63
 -97250.730    22.837    -2.11    2.69
 -96882.168    21.934    -2.45    2.56
 -96513.532    20.804    -3.06    3.04
 -96144.823    20.170    -1.72    4.30
 -95776.040    19.989    -0.49    5.51
 -95407.183    19.326    -1.80    6.30
 -95038.253    18.196    -3.06    6.39
 -94669.248    15.708    -6.74    6.72
 -94300.171    13.198    -6.80    6.48
 -93931.019    11.440    -4.76    5.86
 -93561.793     9.824    -4.37    4.71
 -93192.494    10.226     1.09    4.96
 -92823.120    10.589     0.98    5.63
 -92453.673    12.609     5.47    7.95
 -92084.151    15.341     7.39   10.19
 -91714.556    18.978     9.84   12.72
 -91344.886    22.184     8.67   13.49
 -90975.142    24.242     5.57   12.42
 -90605.324    24.724     1.30   10.94
 -90235.432    26.151     3.86    8.65
 -89865.465    27.826     4.53    7.63
 -89495.424    31.066     8.76    6.79
 -89125.308    34.023     7.99    5.66
 -88755.119    36.511     6.72    4.35
 -88384.854    37.545     2.79    4.02
 -88014.515    36.323    -3.30    4.30
 -87644.102    34.636    -4.55    4.32
 -87273.614    32.000    -7.12    3.94
 -86903.051    32.111     0.30    4.05
 -86532.413    34.108     5.39    5.90
 -86161.701    35.912     4.87    6.31
 -85790.914    36.868     2.58    5.10
 -85420.052    35.979    -2.40    3.94
 -85049.116    34.461    -4.09    2.86
 -84678.104    34.467     0.02    4.43
 -84307.017    33.221    -3.36    6.79
 -83935.855    30.337    -7.77    8.43
 -83564.619    25.872   -12.03    9.40
 -83193.307    22.043   -10.31    6.92
 -82821.920    20.862    -3.18    4.40
 -82450.458    22.548     4.54    5.15
 -82078.920    26.110     9.59    5.78
 -81707.307    30.374    11.47    5.15
 -81335.619    33.022     7.12    3.62
 -80963.856    33.467     1.20    3.18
 -80592.017    32.054    -3.80    3.62
 -80220.102    31.033    -2.74    2.91
 -79848.112    31.261     0.61    2.80
 -79476.047    33.236     5.31    5.79
 -79103.906    36.796     9.57    8.58
 -78731.689    41.364    12.27    9.68
 -78359.396    44.462     8.32    8.01
 -77987.028    46.876     6.48    5.04
 -77614.584    44.880    -5.36    6.22
 -77242.064    38.852   -16.18    7.74
 -76869.468    32.707   -16.49    8.87
 -76496.797    27.500   -13.97    8.78
 -76124.049    22.326   -13.88    8.82
 -75751.225    18.256   -10.92    6.63
 -75378.325    15.839    -6.48    5.92
 -75005.349    12.929    -7.80    4.16
 -74632.297    11.935    -2.67    3.89
 -74259.169    11.216    -1.93    3.68
 -73885.964    10.239    -2.62    2.96
 -73512.684    11.222     2.63    3.98
 -73139.326    15.913    12.56    7.60
 -72765.893    18.835     7.82    6.97
 -72392.383    21.355     6.75    4.67
 -72018.796    22.330     2.61    3.69
 -71645.133    21.141    -3.18    2.10
 -71271.393    21.098    -0.12    1.80
 -70897.577    22.946     4.94    4.24
 -70523.684    25.462     6.73    6.11
 -70149.714    29.198     9.99    6.30
 -69775.668    31.840     7.06    5.06
 -69401.545    34.367     6.75    4.04
 -69027.345    35.526     3.10    3.41
 -68653.067    36.854     3.55    3.26
 -68278.713    37.462     1.63    3.13
 -67904.282    36.977    -1.30    3.00
 -67529.774    36.699    -0.74    2.85
 -67155.189    36.000    -1.87    2.62
 -66780.527    35.366    -1.69    2.82
 -66405.787    34.954    -1.10    2.79
 -66030.971    33.409    -4.12    3.65
 -65656.077    31.193    -5.91    3.89
 -65281.105    29.207    -5.30    3.48
 -64906.056    27.575    -4.35    2.62
 -64530.930    28.261     1.83    2.97
 -64155.727    29.943     4.48    3.40
 -63780.445    31.925     5.28    4.52
 -63405.087    32.920     2.65    4.44
 -63029.650    31.817    -2.94    4.24
 -62654.136    30.302    -4.03    4.60
 -62278.545    28.796    -4.01    4.88
 -61902.875    26.352    -6.50    5.36
 -61527.128    23.532    -7.51    6.15
 -61151.302    21.466    -5.50    5.82
 -60775.399    21.000    -1.24    5.28
 -60399.418    22.184     3.15    6.07
 -60023.359    27.489    14.11    7.33
 -59647.222    33.161    15.08    5.10
 -59271.007    36.851     9.81    4.60
 -58894.714    40.273     9.09    3.34
 -58518.342    42.043     4.70    2.63
 -58141.892    42.273     0.61    2.28
 -57765.364    41.255    -2.70    2.68
 -57388.758    39.966    -3.42    3.05
 -57012.073    36.620    -8.88    4.12
 -56635.310    34.303    -6.15    3.36
 -56258.468    33.688    -1.63    2.97
 -55881.548    34.667     2.60    4.26
 -55504.549    36.989     6.16    4.60
 -55127.472    39.700     7.19    4.76
 -54750.316    41.085     3.67    4.09
 -54373.081    41.922     2.22    4.12
 -53995.767    42.521     1.59    3.95
 -53618.375    42.562     0.11    3.24
 -53240.903    43.804     3.29    3.05
 -52863.353    45.533     4.58    2.83
 -52485.724    47.707     5.75    3.60
 -52108.016    50.034     6.16    3.41
 -51730.228    51.763     4.58    2.81
 -51352.362    53.068     3.45    2.47
 -50974.416    54.204     3.01    2.66
 -50596.391    55.090     2.34    2.57
 -50218.287    54.484    -1.60    3.08
 -49840.104    52.742    -4.61    4.66
 -49461.841    49.613    -8.27    5.18
 -49083.499    47.544    -5.47    4.71
 -48705.077    46.946    -1.58    4.26
 -48326.576    47.216     0.71    3.96
 -47947.996    47.785     1.50    3.22
 -47569.335    46.943    -2.22    3.29
 -47190.595    45.117    -4.82    3.41
 -46811.776    43.000    -5.59    3.55
 -46432.876    41.398    -4.23    4.17
 -46053.897    39.586    -4.78    4.84
 -45674.838    38.312    -3.36    5.21
 -45295.699    37.198    -2.94    5.03
 -44916.480    36.174    -2.70    4.86
 -44537.181    36.105    -0.18    5.27
 -44157.802    34.935    -3.08    5.17
 -43778.343    33.477    -3.84    4.59
 -43398.803    32.538    -2.47    4.50
 -43019.184    32.218    -0.84    4.14
 -42639.484    35.287     8.08    6.21
 -42259.704    38.920     9.57    5.74
 -41879.843    41.118     5.79    4.97
 -41499.903    41.933     2.15    4.73
 -41119.881    39.366    -6.76    6.42
 -40739.779    35.056   -11.34    7.53
 -40359.597    30.787   -11.23    8.11
 -39979.334    26.193   -12.08    6.54
 -39598.990    24.979    -3.19    5.22
 -39218.566    25.511     1.40    4.89
 -38838.061    26.383     2.29    4.95
 -38457.475    26.400     0.04    4.22
 -38076.808    25.553    -2.22    3.76
 -37696.060    25.108    -1.17    3.84
 -37315.231    26.402     3.40    5.19
 -36934.322    29.903     9.19    6.82
 -36565.835    32.620     7.37    7.19
 -36200.262    35.341     7.44    7.49
 -35834.615    38.287     8.06    7.48
 -35468.895    41.070     7.61    7.04
 -35103.101    43.774     7.39    5.86
 -34737.233    44.573     2.18    5.64
 -34371.291    42.830    -4.76    5.85
 -34005.276    41.585    -3.40    5.21
 -33639.187    40.830    -2.06    5.14
 -33273.023    41.446     1.68    5.18
 -32906.786    43.663     6.05    4.41
 -32540.475    45.106     3.94    4.20
 -32174.090    46.598     4.07    3.34
 -31807.630    49.075     6.76    3.94
 -31441.097    52.438     9.17    5.10
 -31074.489    55.747     9.03    4.89
 -30707.807    58.204     6.70    3.93
 -30341.051    60.598     6.53    2.71
 -29974.221    61.223     1.71    2.88
 -29607.316    60.452    -2.10    3.43
 -29240.337    58.734    -4.68    4.24
 -28873.283    56.227    -6.83    4.45
 -28506.155    52.935    -8.97    5.90
 -28138.952    48.558   -11.92    7.19
 -27771.675    45.096    -9.43    7.47
 -27404.323    43.495    -4.36    6.34
 -27036.896    43.326    -0.46    6.50
 -26669.395    43.649     0.88    7.39
 -26301.819    44.301     1.77    8.01
 -25934.168    43.283    -2.77    7.95
 -25566.442    42.297    -2.68    7.09
 -25198.642    41.979    -0.86    6.29
 -24830.766    40.628    -3.67    5.52
 -24462.815    38.234    -6.51    4.63
 -24094.790    35.943    -6.23    3.69
 -23726.689    34.872    -2.91    2.65
 -23358.513    34.763    -0.30    2.74
 -22990.262    34.936     0.47    3.65
 -22621.936    34.000    -2.54    5.03
 -22253.534    32.340    -4.50    5.00
 -21885.057    30.194    -5.83    3.89
 -21516.505    28.945    -3.39    2.94
 -21147.878    28.438    -1.38    3.68
 -20779.175    28.989     1.49    5.29
 -20410.396    30.204     3.30    5.91
 -20041.542    30.563     0.97    5.73
 -19672.612    30.768     0.56    4.12
 -19303.607    29.989    -2.11    3.88
 -18934.526    26.936    -8.27    6.50
 -18565.369    24.267    -7.23    6.80
 -18196.137    21.129    -8.50    5.70
 -17826.829    18.272    -7.74    2.92
 -17457.445    17.862    -1.11    2.58
 -17087.984    17.085    -2.10    2.93
 -16718.448    16.567    -1.40    3.08
 -16348.836    16.758     0.52    3.09
 -15979.148    16.811     0.14    2.58
 -15609.384    17.396     1.58    2.51
 -15239.544    17.956     1.51    2.53
 -14869.627    18.347     1.06    2.76
 -14499.635    19.065     1.94    2.88
 -14129.566    19.400     0.90    2.63
 -13759.420    18.213    -3.21    3.02
 -13389.198    16.532    -4.54    3.44
 -13018.900    14.568    -5.30    3.98
 -12648.526    12.333    -6.03    4.48
 -12278.075    12.400     0.18    6.34
 -11907.547    14.800     6.48   10.14
 -11536.942    16.716     5.17   13.21
 -11166.261    18.239     4.11   14.98
 -10795.504    15.247    -8.07   16.09
 -10424.669     9.793   -14.71   14.72
 -10053.758     4.989   -12.95   11.12
  -9682.770     1.264   -10.04    4.94
  -9311.705     0.000    -3.41    0.00
  -8940.563     0.000     0.00    0.00
  -8569.344     0.000     0.00    0.00
  -8198.048     0.000     0.00    0.00
  -7826.675     0.000     0.00    0.00
  -7455.225     0.000     0.00    0.00
  -7083.698     0.000     0.00    0.00
  -6712.093     0.000     0.00    0.00
  -6340.411     0.000     0.00    0.00
  -5968.652     0.000     0.00    0.00
  -5596.816     0.000     0.00    0.00
  -5224.902     0.000     0.00    0.00
  -4852.910     0.000     0.00    0.00
  -4480.841     0.000     0.00    0.00
  -4108.695     0.000     0.00    0.00
  -3736.471     0.000     0.00    0.00
  -3364.169     0.000     0.00    0.00
  -2991.789     0.000     0.00    0.00
  -2619.332     0.000     0.00    0.00
  -2246.797     0.000     0.00    0.00
  -1874.184     0.000     0.00    0.00
  -1501.493     0.000     0.00    0.00
  -1128.725     0.000     0.00    0.00
   -755.878     0.000     0.00    0.00
   -382.953     0.000     0.00    0.00
     -9.950     0.000     0.00    0.00
    363.131     0.000     0.00    0.00
    736.290     0.000     0.00    0.00
   1109.527     0.000     0.00    0.00
   1482.843     0.000     0.00    0.00
   1856.237     0.000     0.00    0.00
   2229.710     0.000     0.00    0.00
   2603.260     0.000     0.00    0.00
   2976.890     0.000     0.00    0.00
   3350.598     0.000     0.00    0.00
   3724.384     0.000     0.00    0.00
   4098.249     0.000     0.00    0.00
   4472.193     0.000     0.00    0.00
   4846.215     0.000     0.00    0.00
   5220.317     0.000     0.00    0.00
   5594.497     0.000     0.00    0.00
   5968.756     0.000     0.00    0.00
   6343.094     0.000     0.00    0.00
   6717.511     0.000     0.00    0.00
   7092.006     0.000     0.00    0.00
   7466.581     0.000     0.00    0.00
   7841.236     0.000     0.00    0.00
   8215.969     0.000     0.00    0.00
   8590.781     0.000     0.00    0.00
   8965.673     0.000     0.00    0.00
   9340.644     0.000     0.00    0.00
   9715.695     0.000     0.00    0.00
  10090.824     0.000     0.00    0.00
  10466.034     0.305     0.81    0.93
  10841.323     1.169     2.30    1.87
  11216.691     1.755     1.56    2.03
  11592.139     2.333     1.54    2.04
  11967.667     2.319    -0.04    2.08
  12343.274     1.944    -1.00    1.96
  12718.961     1.856    -0.24    1.68
  13094.728     2.446     1.57    1.82
  13470.575     3.316     2.32    1.96
  13846.502     3.133    -0.49    2.09
  14222.509     3.417     0.75    2.07
  14598.596     4.250     2.22    1.90
  14974.763     3.947    -0.80    1.90
  15351.010     4.011     0.17    1.94
  15727.337     4.667     1.74    2.16
  16103.744     5.275     1.62    2.27
  16480.232     5.021    -0.67    2.37
  16856.800     5.656     1.69    1.98
  17233.448     5.463    -0.51    2.20
  17610.177     5.521     0.15    2.28
  17986.986     5.884     0.96    2.60
  18363.876     6.430     1.45    2.95
  18740.846     6.062    -0.98    3.81
  19117.898     5.777    -0.76    4.22
  19495.029     4.947    -2.20    4.41
  19872.242     3.872    -2.85    4.06
  20249.535     2.516    -3.60    3.35
  20626.909     2.574     0.16    4.46
  21004.364     3.521     2.51    6.85
  21381.900     5.809     6.06    8.96
  21759.517     9.745    10.42   10.89
  22137.214    14.436    12.42   10.80
  22514.993    17.674     8.57    8.66
  22892.854    19.400     4.57    4.82
  23270.795    17.147    -5.96    4.13
  23648.817    14.181    -7.85    3.67
  24026.921    11.798    -6.30    2.45
  24405.107    10.968    -2.19    1.47
  24783.373    11.211     0.64    1.26
  25161.721    11.326     0.31    1.13
  25540.151    11.223    -0.27    1.17
  25918.662    11.160    -0.17    1.09
  26297.255    10.579    -1.53    1.46
  26675.929     9.232    -3.56    2.88
  27054.685     7.347    -4.97    3.62
  27433.523     5.809    -4.06    3.49
  27812.443     5.326    -1.27    3.10
  28191.444     5.032    -0.78    2.64
  28570.528     5.463     1.14    2.35
  28949.693     6.432     2.55    1.89
  29328.941     7.287     2.26    1.33
  29708.271     7.840     1.46    1.74
  30087.682     9.053     3.20    2.29
  30467.176    10.758     4.49    2.48
  30846.752    13.362     6.86    2.87
  31226.411    15.394     5.35    3.15
  31606.151    15.583     0.50    4.33
  31985.975    14.698    -2.33    5.81
  32365.880    13.208    -3.92    7.20
  32745.868    12.223    -2.59    7.68
  33125.939     9.698    -6.64    8.56
  33506.092     7.362    -6.15    8.51
  33886.328     4.989    -6.24    7.41
  34266.647     4.383    -1.59    6.99
  34647.048     4.484     0.27    7.40
  35027.533     7.330     7.48    8.61
  35408.100    11.021     9.70    8.73
  35788.750    13.266     5.90    7.67
  36169.483    15.104     4.83    5.54
  36550.299    15.707     1.58    2.80
  36931.198    13.646    -5.41    2.82
  37312.180    12.511    -2.98    2.20
  37693.246    12.698     0.49    2.53
  38067.127    13.239     1.45    2.79
  38432.468    14.938     4.65    2.97
  38797.885    16.667     4.73    2.36
  39163.377    17.628     2.63    1.42
  39528.945    16.289    -3.66    4.28
  39894.588    13.699    -7.08    6.78
  40260.306    10.152    -9.70    7.81
  40626.101     7.165    -8.17    7.63
  40991.970     4.906    -6.17    7.14
  41357.916     3.032    -5.12    6.17
  41723.937     0.722    -6.31    2.97
  42090.034     0.000    -1.97    0.00
  42456.207     0.000     0.00    0.00
  42822.455     0.000     0.00    0.00
  43188.780     0.000     0.00    0.00
  43555.180     0.000     0.00    0.00
  43921.657     0.000     0.00    0.00
  44288.209     0.000     0.00    0.00
  44654.838     0.418     1.14    1.83
  45021.543     3.905     9.51    6.28
  45388.324     7.760    10.51    7.23
  45755.181    11.830    11.09    5.77
  46122.114    14.561     7.44    2.19
  46489.124    15.565     2.74    1.54
  46856.210    16.990     3.88    2.72
  47223.372    19.043     5.59    3.87
  47590.611    22.084     8.28    4.66
  47957.927    24.484     6.53    4.82
  48325.319    25.511     2.79    4.22
  48692.788    24.588    -2.51    4.69
  49060.333    22.457    -5.80    5.05
  49427.955    20.083    -6.46    4.59
  49795.654    18.633    -3.94    4.36
  50163.429    19.392     2.06    4.44
  50531.282    19.915     1.42    4.06
  50899.211    20.146     0.63    3.56
  51267.217    20.660     1.40    2.69
  51635.301    21.379     1.95    2.37
  52003.461    21.670     0.79    2.04
  52371.698    21.284    -1.05    2.54
  52740.013    19.753    -4.16    3.84
  53108.405    17.467    -6.21    4.50
  53476.873    15.404    -5.60    4.75
  53845.420    13.560    -5.00    4.63
  54214.043    13.094    -1.27    3.51
  54582.744    13.521     1.16    2.88
  54951.522    14.124     1.63    3.48
  55320.378    15.674     4.20    3.35
  55689.311    17.453     4.82    3.00
  56058.322    18.389     2.54    2.46
  56427.411    18.670     0.76    2.67
  56796.577    18.526    -0.39    3.21
  57165.821    17.667    -2.33    3.40
  57535.143    16.906    -2.06    3.40
  57904.542    15.946    -2.60    3.70
  58274.019    14.577    -3.70    4.46
  58643.574    15.354     2.10    4.91
  59013.208    18.188     7.67    6.16
  59382.919    22.229    10.93    7.47
  59752.708    27.705    14.81    6.34
  60122.575    31.642    10.64    4.05
  60492.521    34.521     7.78    4.07
  60862.544    37.742     8.71    5.38
  61232.646    41.167     9.25    5.38
  61602.827    42.937     4.78    4.21
  61973.085    41.802    -3.06    5.28
  62343.422    38.979    -7.62    6.24
  62713.838    35.247   -10.08    5.43
  63084.331    32.351    -7.82    3.82
  63454.904    31.688    -1.79    3.60
  63825.555    32.135     1.21    2.76
  64196.285    32.167     0.08    2.11
  64567.093    32.125    -0.11    1.99
  64937.980    31.216    -2.45    2.57
  65308.946    29.236    -5.34    3.71
  65679.991    26.385    -7.68    4.29
  66051.115    23.622    -7.45    4.37
  66422.317    21.722    -5.12    3.37
  66793.599    21.032    -1.86    3.20
  67164.959    20.567    -1.25    4.33
  67536.399    21.447     2.37    4.51
  67907.918    22.092     1.74    4.32
  68279.516    22.552     1.24    3.47
  68651.193    22.106    -1.20    2.63
  69022.950    21.144    -2.59    3.10
  69394.786    19.290    -4.99    3.64
  69766.701    17.636    -4.45    3.50
  70138.696    16.163    -3.96    2.42
  70510.770    14.970    -3.21    1.89
  70882.924    13.880    -2.93    1.95
  71255.158    12.619    -3.39    2.28
  71627.471    11.256    -3.66    2.33
  71999.864     9.814    -3.87    2.30
  72372.336     8.863    -2.55    1.74
  72744.888     8.052    -2.18    1.14
  73117.520     7.727    -0.87    0.92
  73490.233     8.740     2.72    2.44
  73863.025    10.969     5.98    4.16
  74235.897    14.052     8.27    5.35
  74608.849    17.722     9.84    5.19
  74981.881    21.239     9.43    3.51
  75354.993    21.847     1.63    2.88
  75728.186    20.967    -2.36    3.89
  76101.458    18.337    -7.05    4.50
  76474.811    15.609    -7.31    3.29
  76848.245    13.899    -4.58    2.14
  77221.759    13.200    -1.87    1.46
  77595.353    13.784     1.56    1.67
  77969.028    14.163     1.02    1.54
  78342.783    13.990    -0.46    1.74
  78716.619    13.660    -0.88    1.98
  79090.536    13.381    -0.74    2.11
  79464.533    12.800    -1.55    2.48
  79838.611    12.302    -1.33    2.56
  80212.770    12.052    -0.67    2.61
  80587.010    13.095     2.79    3.73
  80961.331    15.281     5.84    4.07
  81335.733    17.053     4.73    3.09
  81710.215    17.224     0.46    2.75
  82084.779    15.135    -5.58    3.42
  82459.424    12.464    -7.13    3.44
  82834.150    10.731    -4.62    2.51
  83208.958    10.825     0.25    2.76
  83583.846    12.429     4.28    3.37
  83958.816    14.969     6.77    2.75
  84333.868    16.228     3.36    2.22
  84709.001    16.273     0.12    2.59
  85084.215    15.871    -1.07    2.91
  85459.511    15.606    -0.71    2.79
  85834.888    15.817     0.56    2.08
  86210.348    16.485     1.78    1.17
  86585.888    16.875     1.04    0.91
  86961.511    17.041     0.44    1.12
  87337.215    16.928    -0.30    1.62
  87713.002    16.438    -1.30    1.99
  88088.870    15.463    -2.59    2.33
  88464.820    14.278    -3.15    2.02
  88840.852    13.583    -1.85    1.29
  89216.967    13.853     0.72    1.67
  89593.163    14.656     2.14    1.95
  89969.442    15.753     2.91    1.95
  90345.803    16.969     3.23    1.31
  90722.246    17.740     2.05    1.19
  91098.771    18.255     1.37    1.38
  91475.379    18.011    -0.65    2.17
  91852.069    16.596    -3.76    3.32
  92228.842    14.779    -4.82    3.71
  92605.698    13.227    -4.12    3.34
  92982.636    12.194    -2.74    2.20
  93359.656    12.031    -0.43    1.52
  93736.760    13.000     2.57    2.25
  94113.946    14.227     3.25    2.30
  94491.215    15.620     3.69    2.25
  94868.567    16.475     2.27    2.21
  95246.002    16.696     0.59    2.13
  95623.519    18.165     3.89    2.23
  96001.120    20.066     5.03    3.06
  96378.804    21.878     4.80    3.20
  96756.571    23.543     4.41    2.90
  97134.421    25.020     3.91    2.71
  97512.355    26.398     3.64    2.65
  97890.372    26.918     1.38    3.06
  98268.472    26.500    -1.11    3.62
  98646.656    25.959    -1.43    3.54
  99024.923    25.263    -1.84    3.23
  99403.273    24.204    -2.80    2.43
  99781.707    24.828     1.65    2.69
 100160.225    26.667     4.86    2.55
 100538.827    27.958     3.41    2.44
 100917.512    29.041     2.86    2.38
 101296.281    28.701    -0.90    2.50
 101675.134    28.071    -1.66    2.32
 102054.071    27.526    -1.44    2.74
 102433.092    26.653    -2.30    2.63
 102812.197    25.552    -2.90    2.78
 103191.385    24.629    -2.43    2.77
 103570.659    23.701    -2.45    2.72
 103950.016    23.633    -0.18    2.80
 104329.457    23.589    -0.11    2.89
 104708.983    23.102    -1.28    2.92
 105088.593    22.724    -0.99    2.85
 105468.288    23.398     1.77    2.65
 105848.067    23.542     0.38    2.16
 106227.930    23.337    -0.54    2.19
 106607.878    23.427     0.24    2.09
 106987.911    23.204    -0.59    2.35
 107368.028    21.847    -3.57    3.36
 107748.231    19.714    -5.61    3.78
 108128.517    18.337    -3.62    3.23
 108508.889    18.103    -0.61    2.87
 108889.346    18.918     2.14    2.85
 109269.888    19.124     0.54    3.07
 109650.514    19.722     1.57    3.93
 110031.226    20.670     2.49    4.27
 110412.023    21.000     0.87    4.16
 110792.905    21.612     1.61    3.70
 111173.872    20.827    -2.06    2.86
 111554.925    19.184    -4.31    3.29
 111936.063    18.531    -1.71    3.25
 112317.287    18.283    -0.65    3.77
 112696.995    17.459    -2.17    3.72
 113062.099    17.375    -0.23    3.99
 113427.280    18.633     3.44    4.21
 113792.538    20.948     6.34    4.18
 114157.873    25.091    11.34    6.39
 114523.286    29.815    12.93    7.15
 114888.776    33.820    10.96    5.78
 115254.343    36.354     6.93    3.35
 115619.988    36.316    -0.10    2.74
 115985.710    34.990    -3.63    4.15
 116351.509    34.490    -1.37    4.28
 116717.387    33.939    -1.50    4.58
 117083.341    32.543    -3.81    5.17
 117449.374    32.414    -0.35    5.31
 117815.484    33.032     1.69    4.75
 118181.671    34.265     3.37    4.26
 118547.937    35.939     4.57    3.53
 118914.280    37.708     4.83    1.89
 119280.701    37.939     0.63    1.78
 119647.201    37.424    -1.41    2.71
 120013.778    35.220    -6.01    4.21
 120380.433    33.415    -4.92    3.96
 120747.166    33.192    -0.61    4.36
 121113.977    33.770     1.58    5.00
 121480.867    36.916     8.57    4.78
 121847.835    39.143     6.07    3.80
 122214.881    40.489     3.67    1.83
 122582.005    40.170    -0.87    1.61
 122949.208    39.409    -2.07    1.54
 123316.489    38.590    -2.23    1.48
 123683.849    37.990    -1.63    1.62
 124051.287    37.753    -0.65    1.89
 124418.804    37.869     0.32    2.75
 124786.399    37.485    -1.05    4.06
 125154.073    34.374    -8.46    7.06
 125521.826    28.731   -15.34   10.18
 125889.657    21.240   -20.37    9.99
 126257.568    17.385   -10.48    6.56
 126625.557    20.571     8.66   10.06
 126993.625    26.899    17.19   10.78
 127361.772    33.820    18.80    5.95
 127729.998    36.798     8.09    2.71
 128098.303    37.260     1.26    2.70
 128466.688    36.680    -1.58    3.12
 128835.151    36.849     0.46    3.34
 129203.694    37.490     1.74    2.78
 129572.316    37.656     0.45    2.62
 129941.017    38.899     3.37    2.93
 130309.798    40.916     5.47    2.81
 130678.658    42.730     4.92    2.68
 131047.598    43.450     1.95    1.99
 131416.617    43.907     1.24    1.38
 131785.716    43.600    -0.83    1.33
 132154.894    43.543    -0.15    1.43
 132524.152    44.051     1.37    1.69
 132893.490    44.720     1.81    1.90
 133262.908    45.622     2.44    1.86
 133632.405    45.650     0.07    2.10
 134001.982    45.598    -0.14    2.61
 134371.640    44.667    -2.52    3.12
 134741.377    42.134    -6.85    4.74
 135111.194    38.610    -9.53    5.93
 135481.092    34.149   -12.06    5.77
 135851.069    30.330   -10.32    4.90
 136221.127    27.819    -6.79    4.36
 136591.265    24.192    -9.80    5.84
 136961.483    21.062    -8.45    5.44
 137331.782    18.737    -6.28    4.03
 137702.161    18.860     0.33    4.26
 138072.620    22.656    10.25    4.92
 138443.160    26.633    10.73    4.95
 138813.781    29.968     9.00    4.06
 139184.482    31.235     3.42    3.57
 139555.264    32.596     3.67    3.26
 139926.126    33.306     1.92    4.20
 140297.070    34.421     3.01    5.24
 140668.094    36.694     6.13    5.82
 141039.199    39.354     7.17    5.67
 141410.385    42.293     7.92    4.42
 141781.652    44.636     6.31    3.99
 142153.000    46.542     5.13    5.83
 142524.429    47.133     1.59    7.33
 142895.939    47.883     2.02    7.89
 143267.530    48.364     1.29    7.12
 143639.203    48.032    -0.89    6.33
 144010.957    47.316    -1.93    5.72
 144382.792    46.979    -0.91    4.83
 144754.709    46.439    -1.45    3.46
 145126.707    45.918    -1.40    3.24
 145498.786    44.667    -3.36    3.40
 145870.947    42.430    -6.01    3.88
 146243.190    39.542    -7.76    3.85
 146615.515    37.347    -5.90    3.58
 146987.921    35.347    -5.37    2.75
 147360.409    34.222    -3.02    2.05
 147732.978    34.457     0.63    2.87
 148105.630    35.460     2.69    3.82
 148478.363    37.250     4.80    5.14
 148851.179    40.313     8.22    5.60
 149224.076    43.326     8.08    4.31
 149597.056    44.690     3.66    2.68
 149970.118    44.316    -1.00    2.60
 150343.262    42.576    -4.67    3.14
 150716.488    40.660    -5.13    2.89
 151089.796    38.750    -5.12    2.85
 151463.187    38.320    -1.15    2.60
 151836.661    39.073     2.02    2.92
 152210.216    40.333     3.37    3.25
 152583.855    42.436     5.63    2.90
 152957.575    44.707     6.08    2.84
 153331.379    46.188     3.96    2.64
 153705.265    47.060     2.33    2.70
 154079.234    47.087     0.07    3.01
 154453.286    45.790    -3.47    3.87
 154827.420    43.137    -7.09    4.28
 155201.638    40.020    -8.33    3.87
 155575.938    38.162    -4.97    3.13
 155950.321    37.828    -0.89    2.90
 156324.788    39.398     4.19    4.03
 156699.337    42.545     8.40    4.51
 157073.970    45.535     7.98    4.26
 157448.686    48.165     7.02    3.42
 157823.485    49.600     3.83    2.95
 158198.368    50.484     2.36    2.64
 158573.334    51.317     2.22    2.66
 158948.383    52.074     2.02    2.72
 159323.516    52.842     2.05    2.36
 159698.732    52.489    -0.94    2.58
 160074.033    50.871    -4.31    3.47
 160449.416    49.000    -4.99    2.81
 160824.884    47.687    -3.50    2.32
 161200.435    47.000    -1.83    2.60
 161576.070    46.257    -1.98    2.67
 161951.789    45.000    -3.35    2.54
 162327.592    43.626    -3.66    1.33
 162703.479    43.340    -0.76    1.38
 163079.450    43.910     1.52    2.24
 163455.505    44.450     1.44    2.16
 163831.644    44.929     1.27    2.03
 164207.867    44.830    -0.26    2.06
 164584.175    44.082    -1.99    2.42
 164960.567    43.071    -2.68    2.67
 165337.043    42.433    -1.70    2.52
 165713.604    42.400    -0.09    2.23
 166090.250    43.312     2.42    2.29
 166466.980    44.170     2.28    2.24
 166843.794    44.396     0.60    2.69
 167220.693    44.382    -0.04    3.60
 167597.677    44.370    -0.03    4.75
 167974.746    45.340     2.57    5.52
 168351.900    46.567     3.25    5.99
 168729.138    46.050    -1.37    5.84
 169106.461    44.221    -4.85    6.50
 169483.870    39.670   -12.06    8.14
 169861.363    35.365   -11.41    6.39
 170238.942    33.152    -5.86    4.37
 170616.606    33.337     0.49    4.37
 170994.355    35.248     5.06    4.83
 171372.189    36.598     3.57    4.84
 171750.108    36.690     0.24    5.36
 172128.114    34.230    -6.51    7.09
 172506.204    30.370   -10.21    7.28
 172884.380    26.960    -9.02    6.25
 173262.642    23.717    -8.57    5.71
 173640.989    21.485    -5.90    6.14
 174019.422    20.630    -2.26    7.44
 174397.940    20.990     0.95    8.12
 174776.545    22.214     3.23    7.51
 175155.235    24.782     6.78    6.70
 175534.011    27.347     6.77    5.62
 175912.874    29.100     4.63    4.25
 176291.822    28.727    -0.98    4.39
 176670.856    25.750    -7.86    6.14
 177049.977    22.821    -7.73    5.57
 177429.183    22.277    -1.43    4.48
 177808.476    24.545     5.98    5.06
 178187.856    27.760     8.47    4.47
 178567.321    30.728     7.82    3.66
 178946.874    31.980     3.30    3.59
 179326.512    31.698    -0.74    4.15
 179706.237    30.240    -3.84    4.01
 180086.049    28.022    -5.84    2.39
 180465.948    28.304     0.74    3.55
 180845.933    28.052    -0.66    4.77
 181226.005    27.426    -1.65    5.14
 181606.164    25.000    -6.38    6.87
 181986.409    22.505    -6.56    5.56
 182366.742    22.840     0.88    5.82
 182747.162    26.396     9.35    6.92
 183127.669    30.638    11.15    5.68
 183508.263    33.079     6.41    4.62
 183888.944    33.290     0.55    4.23
 184269.712    31.752    -4.04    3.85
 184650.568    31.326    -1.12    3.49
 185031.511    32.535     3.17    4.03
 185412.542    35.138     6.83    5.16
 185793.660    39.760    12.13    6.56
 186174.865    44.697    12.95    8.19
 186556.159    49.000    11.29    8.32
 186937.539    52.558     9.33    8.00
 187319.008    54.206     4.32    7.09
 187688.366    54.165    -0.11    6.63
 188053.307    52.178    -5.44    6.82
 188418.327    50.280    -5.20    5.63
 188783.426    47.367    -7.98    4.35
 189148.604    44.970    -6.56    5.05
 189513.861    42.684    -6.26    4.50
 189879.197    41.297    -3.80    3.52
 190244.612    41.869     1.56    3.20
 190610.107    43.450     4.33    4.01
 190975.681    46.088     7.22    5.95
 191341.334    47.602     4.14    5.76
