# NaN NaN NaN ;Mean Elev.(m), Avg Gradient(m/km), RMS Gradient(m/km) - SRTM1     
#   -5.755  -3.604   9.373 ;Mean Elev.(m), Avg Gradient(m/km), RMS Gradient(m/km) - ASTER GDEM
#    3.767  -2.900   6.688 ;Mean Elev.(m), Avg Gradient(m/km), RMS Gradient(m/km) - GMTED2010 
  7  65.740717  63.613302    14.978    14.980  9 52469.68542364 30.804
  8  65.743904  63.613244    12.575    12.590 11 52504.68540845 42.207
 10  65.732864  63.616725    13.928    13.990  5 52574.68543669 28.976
 11  65.744734  63.614997     9.777     9.810 12 52609.68539604 24.109
 12  65.732018  63.616629    10.472    10.387  4 52644.68538804 13.161
 18  65.732978  63.617384    12.833    12.824  5 52854.68550410 43.918
 20  65.747095  63.618064     9.067     8.500 12 52924.68549061 30.393
 21  65.734653  63.616462     7.663     7.626  6 52959.68545764 35.575
 22  65.737542  63.614119     7.934     7.920  7 52994.68548957 20.128
 23  65.749613  63.618686    11.324    11.788 12 53029.68545382 15.006
 24  65.743261  63.612559    13.739    13.731 11 53064.68546031 14.309
 25  65.746517  63.614328    13.388    13.440 12 53099.68546945  8.812
 26  65.743592  63.612589     9.469     9.072 11 53134.68546017 24.453
 29  65.749486  63.618423     9.610     9.594 12 53239.68549935 37.892
 31  65.730744  63.616261     9.906     9.918  4 53309.68551489 51.274
 32  65.745159  63.614569    10.021    10.056 12 53344.68548035 18.803
 34  65.745914  63.615028     8.856     8.785 12 53414.68545736 13.779
 37  65.744932  63.613173    13.860    13.805 11 53519.68553151 29.356
 38  65.732840  63.616363    13.755    13.779  4 53554.68555516 24.468
 39  65.749705  63.619559    10.933    10.955 12 53589.68550004 33.134
 41  65.730806  63.615269    13.626    13.626  2 53659.68550507 25.241
 42  65.745864  63.614421     8.266     8.496 12 53694.68548010 45.337
 43  65.751791  63.620889     8.947     8.941 13 53729.68540406 20.993
 44  65.739681  63.613430     8.609     8.601  8 53764.68536766 12.525
 45  65.750389  63.618849    11.989    12.179 12 53799.68537438 11.582
 47  65.732880  63.615783    10.317    10.325  4 53869.68543579 37.098
 48  65.733324  63.617710    13.565    13.540  5 53904.68547061 26.541
 50  65.746459  63.614746    11.209    11.435 12 53974.68546207 25.517
 52  65.742424  63.612971    10.431    10.391 11 54044.68547556 44.135
 53  65.747163  63.614112    10.560    10.452 12 54079.68546897 19.856
 54  65.750486  63.620357    12.073    12.306 13 54114.68540576 18.258
 56  65.749401  63.619867    13.259    13.265 13 54184.68539616 14.440
 57  65.731481  63.615803    11.931    11.956  4 54219.68542620 38.436
 58  65.739519  63.614195    14.361    14.359  8 54254.68544995 27.509
 59  65.744912  63.612855    15.071    15.051 11 54289.68545223 40.575
 60  65.745364  63.612650    14.844    14.896 11 54324.68544970 30.654
 61  65.750587  63.620739    12.881    12.543 13 54359.68540545 26.842
 62  65.740122  63.613546    13.409    13.438  8 54394.68539007 24.444
 63  65.747948  63.617003     8.902     8.914 13 54429.68535489 24.576
 64  65.733388  63.617598    12.961    12.989  5 54464.68537051 12.168
 65  65.746383  63.616031    12.743    12.793 13 54499.68536587 12.256
 66  65.744008  63.611778    13.058    13.078 11 54534.68538355 10.680
 67  65.749852  63.618496    13.723    13.658 12 54569.68536966  5.302
 68  65.738760  63.613642    14.000    14.031  8 54604.68537859 38.311
 69  65.743809  63.612873    13.825    13.730 11 54639.68538834 30.740
 70  65.740776  63.614176    13.082    13.065 10 54674.68539122 41.016
 71  65.748492  63.619101    10.753    10.204 12 54709.68534908 25.793
 72  65.738213  63.613679     9.256     9.276  8 54744.68535796 51.967
 73  65.745673  63.614889     9.658     9.670 12 54779.68533182 50.257
 74  65.732990  63.616925    10.676    10.016  5 54814.68535202 18.253
 75  65.747304  63.615048    10.495     9.812 12 54849.68533083 12.477
 76  65.735774  63.615556    10.229    10.056  6 54884.68535524 11.613
 77  65.749083  63.619081    12.589    12.690 13 54919.68533333 11.474
 78  65.732602  63.617747    10.530    10.470  5 54954.68535099 24.760
 79  65.736098  63.614883    13.922    14.027  7 54989.68537405 33.987
 80  65.745704  63.614899    13.311    13.301 12 55024.68536521 36.839
 81  65.744284  63.612598    11.866    11.969 11 55059.68535935 35.705
 82  65.749668  63.619276     9.808     9.673 12 55094.68531287 30.163
 83  65.739048  63.613868    10.252     9.254  8 55129.68530117 30.698
 84  65.746796  63.613784     9.001     8.945 12 55164.68527366 26.717
 85  65.733439  63.617447     9.558     9.431  5 55199.68529377 11.338
 86  65.747927  63.616362    10.529    10.856 13 55234.68527937 10.053
 87  65.740283  63.614457    13.256    13.210  9 55269.68528751 11.950
 88  65.751135  63.619366    10.567    10.221 12 55304.68526070 11.530
 89  65.742818  63.612924    13.304    13.300 11 55339.68525930 44.530
 90  65.745651  63.614306    13.388    13.398 12 55374.68525120 38.066
 91  65.739596  63.613573    13.358    13.407  8 55409.68527304 37.534
 92  65.745267  63.612892    12.091    12.198 11 55444.68526789 25.884
 93  65.753623  63.619758     9.506     9.478 14 55479.68520473 44.576
