-122074.166    54.033     0.00    4.95
-121693.860    53.900    -0.35    8.00
-121313.642    50.718    -8.37   11.60
-120933.509    49.330    -3.65   12.18
-120553.464    47.080    -5.92   11.76
-120173.504    49.351     5.98   10.37
-119793.631    53.049     9.74    8.79
-119413.844    55.918     7.56    7.97
-119034.143    58.140     5.85    7.27
-118654.528    60.551     6.35    6.94
-118274.999    60.364    -0.49    6.24
-117895.556    58.980    -3.65    6.36
-117516.200    60.590     4.24    8.22
-117136.929    61.663     2.83    8.72
-116757.743    62.232     1.50    8.55
-116378.644    62.870     1.68    8.28
-115999.630    60.959    -5.04    7.28
-115620.702    60.210    -1.98    7.18
-115241.860    60.040    -0.45    7.39
-114863.103    56.400    -9.61    7.09
-114484.431    52.351   -10.69    4.91
-114105.845    50.980    -3.62    4.38
-113727.344    50.112    -2.29    4.27
-113348.929    50.848     1.95    4.72
-112970.598    51.711     2.28    4.21
-112592.353    52.121     1.08    2.95
-112214.193    51.663    -1.21    2.55
-111836.119    50.545    -2.96    2.38
-111458.129    49.516    -2.72    2.48
-111080.224    48.500    -2.69    3.98
-110702.404    47.628    -2.31    4.75
-110324.669    46.404    -3.24    5.61
-109947.018    46.594     0.50    5.72
-109569.453    48.414     4.82    6.87
-109191.972    51.054     6.99    6.20
-108814.576    52.940     5.00    3.98
-108437.264    53.302     0.96    2.81
-108060.037    51.802    -3.98    2.61
-107682.894    50.602    -3.18    2.74
-107305.835    49.848    -2.00    2.78
-106928.861    48.969    -2.33    2.85
-106551.971    48.485    -1.28    2.93
-106175.166    47.143    -3.56    3.01
-105798.445    46.545    -1.59    2.83
-105421.807    46.337    -0.55    2.61
-105045.254    46.643     0.81    2.21
-104668.785    47.263     1.65    2.19
-104292.400    46.121    -3.03    3.51
-103916.098    44.930    -3.17    3.41
-103539.881    43.687    -3.30    3.03
-103163.747    43.323    -0.97    3.04
-102787.697    43.729     1.08    2.95
-102411.731    43.330    -1.06    2.89
-102035.848    43.423     0.25    2.19
-101660.049    44.162     1.97    2.02
-101284.333    44.427     0.71    2.24
-100908.701    45.069     1.71    2.20
-100533.152    44.957    -0.30    2.26
-100157.687    42.564    -6.37    5.23
 -99782.305    40.419    -5.71    5.56
 -99407.006    39.340    -2.88    5.18
 -99031.790    38.698    -1.71    5.52
 -98656.657    36.663    -5.42    6.13
 -98281.608    34.320    -6.25    5.88
 -97906.641    30.540   -10.08    5.45
 -97531.758    26.667   -10.33    5.14
 -97156.957    23.030    -9.70    4.62
 -96782.239    22.596    -1.16    4.78
 -96407.604    24.690     5.59    7.00
 -96033.052    28.541    10.28    8.70
 -95658.583    34.551    16.05    7.89
 -95284.196    39.000    11.88    4.39
 -94909.891    40.485     3.97    3.08
 -94535.670    40.283    -0.54    3.14
 -94161.530    39.011    -3.40    2.85
 -93787.473    38.418    -1.58    1.89
 -93413.499    38.691     0.73    1.68
 -93039.607    39.687     2.66    2.35
 -92665.797    40.745     2.83    2.54
 -92292.069    41.859     2.98    2.04
 -91918.423    42.463     1.62    2.13
 -91544.860    41.859    -1.62    2.85
 -91171.378    40.626    -3.30    5.59
 -90797.979    40.557    -0.19    7.17
 -90424.661    40.788     0.62    7.75
 -90051.426    42.684     5.08    7.51
 -89678.272    42.480    -0.55    6.99
 -89305.200    40.591    -5.06    5.32
 -88932.210    37.475    -8.36    4.72
 -88559.301    34.446    -8.12    3.00
 -88186.474    32.080    -6.35    3.42
 -87813.729    29.882    -5.90    3.21
 -87441.065    30.280     1.07    4.64
 -87068.482    35.198    13.20   10.17
 -86695.981    42.919    20.73   12.32
 -86323.562    48.755    15.67    9.07
 -85951.223    51.929     8.52    3.68
 -85578.966    51.134    -2.13    3.14
 -85206.790    48.958    -5.85    2.36
 -84834.695    47.564    -3.75    2.61
 -84462.682    46.406    -3.11    3.67
 -84090.749    46.630     0.60    5.06
 -83718.897    47.141     1.38    5.48
 -83347.127    48.330     3.20    3.98
 -82975.437    47.656    -1.81    3.40
 -82603.828    45.480    -5.86    2.33
 -82232.300    43.711    -4.76    2.33
 -81860.852    42.316    -3.76    2.39
 -81489.485    40.271    -5.51    3.26
 -81118.199    38.000    -6.12    3.20
 -80746.994    36.602    -3.77    2.79
 -80375.869    35.766    -2.25    2.13
 -80004.824    37.051     3.46    2.79
 -79633.860    37.696     1.74    3.19
 -79262.976    37.590    -0.28    3.44
 -78892.172    37.264    -0.88    3.29
 -78521.449    37.470     0.56    3.23
 -78150.806    38.155     1.85    2.97
 -77780.243    38.763     1.64    2.55
 -77409.761    38.867     0.28    2.50
 -77039.358    38.667    -0.54    2.25
 -76669.035    38.162    -1.36    2.51
 -76298.792    37.896    -0.72    3.02
 -75928.630    36.596    -3.51    3.43
 -75558.547    35.903    -1.87    3.05
 -75188.543    36.430     1.42    2.98
 -74818.620    37.957     4.13    3.11
 -74448.776    39.909     5.28    3.01
 -74079.012    39.789    -0.32    3.49
 -73709.328    38.495    -3.50    5.03
 -73339.723    37.449    -2.83    4.82
 -72970.197    36.135    -3.55    3.61
 -72600.751    36.286     0.41    3.35
 -72231.385    37.064     2.11    2.95
 -71862.098    38.459     3.78    3.24
 -71492.890    38.174    -0.77    3.29
 -71123.761    36.313    -5.04    4.09
 -70754.711    34.635    -4.55    4.57
 -70385.741    34.041    -1.61    4.21
 -70016.850    34.747     1.91    3.86
 -69648.037    35.343     1.62    3.97
 -69279.304    36.194     2.31    3.75
 -68910.650    38.906     7.36    4.33
 -68542.074    42.071     8.59    4.52
 -68173.578    45.207     8.51    3.76
 -67805.160    45.172    -0.09    3.80
 -67436.821    44.032    -3.10    4.17
 -67068.561    42.786    -3.38    4.12
 -66700.379    42.316    -1.28    4.10
 -66332.276    43.232     2.49    4.84
 -65964.251    45.000     4.80    5.22
 -65596.305    46.280     3.48    5.03
 -65228.437    46.398     0.32    4.80
 -64860.648    46.380    -0.05    4.09
 -64492.937    45.354    -2.79    3.98
 -64125.304    44.695    -1.79    4.22
 -63757.750    44.173    -1.42    4.18
 -63390.274    43.928    -0.67    3.82
 -63022.876    44.833     2.46    3.40
 -62655.556    46.404     4.28    2.51
 -62288.314    46.777     1.01    3.25
 -61921.150    46.110    -1.82    4.76
 -61554.064    44.207    -5.19    7.24
 -61187.056    43.303    -2.46    7.60
 -60820.126    41.789    -4.13    8.29
 -60453.273    39.908    -5.13    8.27
 -60086.499    39.557    -0.96    7.79
 -59719.802    37.892    -4.54    8.05
 -59353.182    37.184    -1.93    8.05
 -58986.641    36.609    -1.57    6.78
 -58620.176    39.051     6.66    6.70
 -58253.790    41.802     7.51    5.56
 -57887.481    42.804     2.74    5.09
 -57521.249    44.583     4.86    4.44
 -57155.094    45.104     1.42    4.36
 -56789.017    45.847     2.03    3.66
 -56423.017    46.429     1.59    3.45
 -56057.095    45.970    -1.25    3.25
 -55691.249    46.064     0.26    3.04
 -55325.481    45.837    -0.62    2.70
 -54959.790    45.368    -1.28    3.29
 -54594.175    45.040    -0.90    3.90
 -54228.638    44.980    -0.17    4.06
 -53863.178    45.304     0.89    4.12
 -53497.794    46.052     2.05    4.76
 -53132.487    47.424     3.76    4.94
 -52767.258    49.250     5.00    3.78
 -52389.214    49.619     0.97    3.63
 -52007.947    48.434    -3.11    4.46
 -51626.766    46.398    -5.34    4.18
 -51245.669    45.606    -2.08    3.85
 -50864.657    45.719     0.30    3.56
 -50483.730    45.773     0.14    3.42
 -50102.888    45.000    -2.03    4.13
 -49722.131    43.990    -2.65    4.21
 -49341.458    44.720     1.92    4.48
 -48960.870    46.192     3.87    4.34
 -48580.367    47.426     3.24    3.22
 -48199.948    46.732    -1.82    3.81
 -47819.613    45.979    -1.98    4.43
 -47439.363    44.602    -3.62    4.85
 -47059.197    44.772     0.45    5.41
 -46679.115    45.071     0.79    5.57
 -46299.118    41.479    -9.45    7.00
 -45919.205    35.144   -16.67   11.20
 -45539.376    28.723   -16.91   10.63
 -45159.631    24.449   -11.26    7.39
 -44779.970    22.989    -3.85    6.13
 -44400.393    23.990     2.64    6.89
 -44020.900    23.904    -0.23    8.17
 -43641.490    25.381     3.89    8.95
 -43262.165    26.574     3.15    8.87
 -42882.923    26.103    -1.24    8.02
 -42503.765    25.587    -1.36    6.86
 -42124.690    24.414    -3.09    5.23
 -41745.699    24.191    -0.59    4.60
 -41366.792    24.573     1.01    4.91
 -40987.968    25.674     2.91    4.76
 -40609.227    27.701     5.35    4.72
 -40230.570    29.516     4.79    4.03
 -39851.996    29.439    -0.20    3.71
 -39473.506    28.928    -1.35    2.91
 -39095.098    29.083     0.41    2.79
 -38716.774    29.316     0.61    2.78
 -38338.533    30.237     2.44    2.86
 -37960.374    30.326     0.24    3.43
 -37582.299    29.265    -2.81    3.61
 -37204.307    29.177    -0.23    3.51
 -36826.397    28.794    -1.01    3.58
 -36448.570    28.421    -0.99    3.89
 -36070.827    27.406    -2.69    3.68
 -35693.165    26.074    -3.53    2.84
 -35315.587    25.979    -0.25    3.30
 -34938.091    27.167     3.15    3.38
 -34560.677    29.021     4.91    3.89
 -34183.346    30.167     3.04    3.99
 -33806.098    31.146     2.60    4.51
 -33428.932    31.289     0.38    4.55
 -33051.848    30.082    -3.20    5.06
 -32674.846    27.677    -6.38    4.76
 -32297.927    25.758    -5.09    3.46
 -31921.090    24.385    -3.64    3.12
 -31544.335    23.383    -2.66    3.33
 -31167.662    22.479    -2.40    3.73
 -30791.071    22.260    -0.58    3.52
 -30414.562    22.684     1.12    3.43
 -30038.135    22.978     0.78    3.35
 -29661.790    22.711    -0.71    3.49
 -29285.526    22.344    -0.98    3.64
 -28909.345    22.155    -0.50    4.36
 -28533.245    22.750     1.58    4.60
 -28157.226    25.667     7.76    6.46
 -27781.290    29.311     9.69    6.27
 -27405.434    31.708     6.38    5.56
 -27029.661    33.500     4.77    4.53
 -26653.968    33.588     0.23    4.25
 -26278.357    34.826     3.30    3.88
 -25902.828    35.552     1.93    3.30
 -25527.380    35.137    -1.11    3.82
 -25152.013    33.162    -5.26    4.53
 -24776.727    31.624    -4.10    4.03
 -24401.522    29.495    -5.67    3.70
 -24026.398    27.305    -5.84    4.23
 -23651.355    25.021    -6.09    4.95
 -23276.394    23.337    -4.49    4.34
 -22901.513    22.135    -3.20    3.69
 -22526.713    22.104    -0.08    3.89
 -22151.994    21.755    -0.93    3.77
 -21777.355    21.312    -1.18    3.18
 -21402.798    20.213    -2.94    2.63
 -21028.321    19.729    -1.29    2.86
 -20653.924    20.217     1.30    3.20
 -20279.608    20.818     1.61    3.21
 -19905.373    21.266     1.20    2.97
 -19531.218    21.111    -0.41    3.17
 -19157.144    20.391    -1.92    3.21
 -18783.149    19.153    -3.31    2.80
 -18409.236    18.144    -2.70    2.48
 -18035.402    17.792    -0.94    2.48
 -17661.649    16.473    -3.53    3.56
 -17287.975    14.167    -6.17    4.19
 -16914.382    11.927    -5.99    4.33
 -16540.869    11.073    -2.29    3.84
 -16167.436    11.681     1.63    3.89
 -15794.083    13.625     5.21    4.31
 -15420.809    15.853     5.97    4.57
 -15047.616    17.573     4.61    4.20
 -14674.502    17.958     1.03    3.82
 -14301.468    18.411     1.21    2.98
 -13928.514    18.771     0.97    2.48
 -13555.639    19.261     1.31    2.25
 -13182.844    19.742     1.29    2.29
 -12810.129    19.457    -0.77    2.46
 -12437.493    19.235    -0.60    2.20
 -12064.936    18.733    -1.35    1.88
 -11692.459    18.750     0.04    1.54
 -11320.061    18.544    -0.55    1.45
 -10947.742    18.072    -1.27    1.70
 -10575.503    17.653    -1.13    1.88
 -10203.343    16.969    -1.84    1.62
  -9831.262    16.458    -1.37    1.27
  -9459.260    16.800     0.92    1.58
  -9087.337    17.177     1.01    1.75
  -8715.493    16.126    -2.83    4.45
  -8343.728    11.990   -11.13    8.03
  -7972.042     6.763   -14.06    8.23
  -7600.435     2.423   -11.68    5.31
  -7228.906     0.000    -6.52    0.00
  -6857.456     0.000     0.00    0.00
  -6486.085     0.000     0.00    0.00
  -6114.793     0.000     0.00    0.00
  -5743.579     0.000     0.00    0.00
  -5372.444     0.000     0.00    0.00
  -5001.387     0.000     0.00    0.00
  -4630.409     0.000     0.00    0.00
  -4259.509     0.137     0.37    0.61
  -3888.687     2.842     7.30    5.94
  -3517.944     6.969    11.13    7.85
  -3147.279    12.152    13.98    7.02
  -2776.692    15.740     9.68    4.01
  -2406.183    14.360    -3.72    5.77
  -2035.753     9.927   -11.97    8.07
  -1665.400     5.239   -12.66    7.51
  -1295.125     1.821    -9.23    4.93
   -924.929     0.096    -4.66    0.53
   -554.810     0.000    -0.26    0.00
   -184.769     0.000     0.00    0.00
    185.194     0.000     0.00    0.00
    555.079     0.000     0.00    0.00
    924.887     0.000     0.00    0.00
   1294.617     0.000     0.00    0.00
   1664.269     1.747     4.73    4.83
   2033.844     5.663    10.60    7.56
   2403.341    10.311    12.58    7.58
   2772.761    14.773    12.08    5.15
   3142.103    16.915     5.80    1.39
   3511.368    17.663     2.03    1.25
   3880.556    16.415    -3.38    5.17
   4249.666    12.337   -11.05    8.37
   4618.700     7.969   -11.84    9.10
   4987.656     3.309   -12.63    7.10
   5356.534     0.354    -8.01    1.81
   5725.336     3.700     9.07    7.29
   6094.061     8.653    13.43    8.96
   6462.709    13.552    13.29    7.34
   6831.280    17.052     9.50    2.47
   7199.774    17.120     0.18    1.46
   7568.191    17.396     0.75    1.40
   7936.531    17.959     1.53    0.96
   8304.794    17.758    -0.55    0.99
   8672.981    17.319    -1.19    1.39
   9041.092    16.075    -3.38    2.09
   9409.125    14.705    -3.72    2.30
   9777.082    12.902    -4.90    2.22
  10144.963    10.660    -6.10    2.85
  10512.767     8.622    -5.54    2.85
  10880.494     6.763    -5.06    2.21
  11248.146     5.274    -4.05    1.59
  11615.721     4.958    -0.86    1.85
  11983.219     6.660     4.63    4.35
  12350.642    10.691    10.97    6.41
  12717.988    15.219    12.32    5.94
  13085.258    19.393    11.37    4.65
  13452.452    16.617    -7.56    9.73
  13819.570    11.144   -14.91   11.97
  14186.612     5.656   -14.95   10.40
  14553.578     3.229    -6.61    7.84
  14920.468     5.608     6.48    9.95
  15287.283     9.691    11.13   11.95
  15654.021    11.796     5.74   12.44
  16020.684    12.558     2.08   12.41
  16387.271    12.228    -0.90   12.18
  16753.782    11.835    -1.07   11.10
  17120.218    12.422     1.60    9.63
  17486.578    13.340     2.51    7.52
  17852.863    14.851     4.12    4.89
  18219.072    16.126     3.48    1.70
  18585.206    15.777    -0.96    1.11
  18951.264    15.409    -1.01    1.50
  19317.247    15.021    -1.06    1.73
  19683.155    13.989    -2.82    1.82
  20048.987    13.064    -2.53    1.80
  20414.744    12.066    -2.73    2.04
  20780.426    11.042    -2.80    1.54
  21146.033    10.564    -1.31    1.70
  21511.565    10.200    -1.00    2.83
  21877.022    10.351     0.41    3.54
  22250.534    11.086     1.97    4.26
  22631.635    12.295     3.17    4.40
  23012.653    13.804     3.96    4.06
  23393.588    15.347     4.05    3.32
  23774.441    13.402    -5.11    6.30
  24155.211     9.611    -9.96    8.35
  24535.898     6.532    -8.09    8.29
  24916.503     7.147     1.62    8.40
  25297.026    11.337    11.01    8.69
  25677.466    13.043     4.48    7.92
  26057.823    10.426    -6.88    8.89
  26438.099     5.883   -11.95    8.25
  26818.292     1.617   -11.22    4.50
  27198.403     0.000    -4.25    0.00
  27578.431     0.000     0.00    0.00
  27958.378     0.000     0.00    0.00
  28338.242     0.000     0.00    0.00
  28718.025     0.000     0.00    0.00
  29097.726     0.000     0.00    0.00
  29477.344     0.000     0.00    0.00
  29856.881     0.000     0.00    0.00
  30236.337     0.000     0.00    0.00
  30615.710     0.000     0.00    0.00
  30995.002     0.000     0.00    0.00
  31374.212     0.000     0.00    0.00
  31753.340     0.000     0.00    0.00
  32132.387     0.000     0.00    0.00
  32511.353     0.000     0.00    0.00
  32890.237     0.000     0.00    0.00
  33269.040     0.000     0.00    0.00
  33647.761     0.000     0.00    0.00
  34026.401     0.000     0.00    0.00
  34404.960     0.000     0.00    0.00
  34783.438     0.000     0.00    0.00
  35161.835     0.000     0.00    0.00
  35540.150     0.000     0.00    0.00
  35918.385     0.245     0.65    2.37
  36296.538     7.936    20.34   16.93
  36674.611    19.000    29.26   20.37
  37052.603    27.516    22.53   16.95
  37430.514    32.305    12.67    8.29
  37808.345    29.264    -8.05    6.22
  38186.094    23.927   -14.13    7.64
  38563.763    21.000    -7.75    7.85
  38941.352    18.716    -6.05    6.26
  39318.859    17.840    -2.32    3.83
  39696.287    19.032     3.16    3.42
  40073.634    21.521     6.60    4.88
  40450.900    25.106     9.50    7.04
  40828.086    30.149    13.37    9.67
  41205.192    39.181    23.95   10.12
  41582.218    46.011    18.11    9.72
  41959.163    53.537    19.97    8.52
  42336.028    58.645    13.55    8.84
  42712.814    61.394     7.29    9.49
  43089.519    63.532     5.68    8.08
  43466.144    63.255    -0.73    6.04
  43842.689    63.319     0.17    5.69
  44219.154    63.237    -0.22    5.71
  44595.540    64.274     2.76    6.13
  44971.846    67.244     7.89    6.31
  45348.072    67.716     1.25    5.11
  45724.218    67.161    -1.47    5.53
  46100.285    64.779    -6.33    5.84
  46476.272    60.419   -11.59    3.88
  46852.179    56.989    -9.12    6.14
  47228.007    52.374   -12.28    8.71
  47603.756    48.271   -10.92    9.12
  47979.425    45.109    -8.42    7.25
  48355.015    46.074     2.57    6.09
  48730.525    48.533     6.55    3.50
  49105.956    49.500     2.57    3.90
  49481.309    50.846     3.59    4.82
  49856.581    52.021     3.13    4.61
  50231.775    54.333     6.16    4.30
  50606.890    56.531     5.86    4.59
  50981.926    57.022     1.31    4.80
  51356.883    56.505    -1.38    4.63
  51731.761    55.218    -3.43    5.45
  52106.560    49.989   -13.95    8.46
  52481.280    46.273    -9.92    9.31
  52855.922    41.989   -11.43    8.99
  53230.485    35.404   -17.58    7.53
  53604.969    29.798   -14.97    6.82
  53979.375    27.418    -6.36    6.54
  54353.702    29.479     5.51   10.79
  54727.950    35.571    16.28   13.02
  55102.120    44.537    23.96   11.59
  55476.212    51.522    18.67    6.70
  55850.225    53.298     4.75    4.53
  56224.161    53.809     1.37    4.69
  56598.017    54.511     1.88    5.50
  56971.796    55.734     3.27    5.74
  57345.496    56.538     2.15    5.43
  57719.119    57.484     2.53    5.19
  58092.663    58.022     1.44    5.65
  58466.129    59.074     2.82    5.53
  58839.517    60.319     3.33    4.43
  59212.828    58.830    -3.99    4.82
  59586.060    56.144    -7.19    4.73
  59959.215    52.681    -9.28    4.99
  60332.291    48.471   -11.28    4.86
  60705.291    46.564    -5.11    4.15
  61078.212    44.674    -5.07    3.13
  61451.056    43.000    -4.49    3.82
  61823.822    40.341    -7.13    6.52
  62196.511    37.011    -8.94    6.63
  62569.122    36.165    -2.27    7.22
  62941.656    37.532     3.67    9.61
  63314.112    39.867     6.27    9.71
  63686.491    41.277     3.79    8.53
  64058.793    40.000    -3.43    7.20
  64431.017    38.011    -5.34    6.44
  64803.164    36.380    -4.38    6.32
  65175.234    38.383     5.38    8.00
  65547.227    43.147    12.81    8.66
  65919.143    49.467    16.99    6.19
  66290.982    53.426    10.64    5.43
  66662.744    56.066     7.10    5.08
  67034.429    57.537     3.96    4.54
  67406.037    57.112    -1.14    4.11
  67777.569    54.804    -6.21    4.88
  68149.023    53.933    -2.35    5.77
  68520.401    56.191     6.08    7.33
  68891.702    59.066     7.74    6.30
  69262.927    61.468     6.47    4.02
  69634.075    61.261    -0.56    5.46
  70005.146    60.570    -1.86    6.38
  70376.141    60.817     0.67    6.70
  70747.059    61.707     2.40    5.46
  71117.901    60.362    -3.63    4.71
  71488.667    57.989    -6.40    5.01
  71859.356    54.957    -8.18    4.72
  72229.969    52.176    -7.50    4.27
  72600.506    50.468    -4.61    3.92
  72970.967    48.506    -5.30    3.60
  73341.351    48.957     1.22    4.21
  73711.660    49.640     1.84    4.70
  74081.892    48.817    -2.22    5.84
  74452.049    46.286    -6.84    6.24
  74822.130    43.053    -8.73    4.53
  75192.134    41.774    -3.46    3.84
  75562.063    41.032    -2.01    3.95
  75931.916    41.691     1.78    4.30
  76301.693    43.096     3.80    6.56
  76671.395    44.489     3.77    8.57
  77041.021    45.011     1.41    9.02
  77410.571    43.432    -4.27    9.29
  77780.046    42.506    -2.51    8.81
  78149.445    42.441    -0.18    7.43
  78518.769    42.012    -1.16    8.30
  78888.017    41.181    -2.25    8.71
  79257.190    40.461    -1.95    8.61
  79626.288    38.337    -5.75    7.80
  79995.310    35.826    -6.80    7.43
  80364.257    34.043    -4.83    7.41
  80733.129    32.043    -5.42    8.02
  81101.925    30.806    -3.35    8.64
  81470.647    30.355    -1.22    8.94
  81839.294    29.989    -0.99    8.33
  82207.865    28.702    -3.49    7.40
  82576.362    28.575    -0.35    6.76
  82944.783    27.774    -2.17    6.02
  83313.130    27.816     0.11    5.30
  83681.402    28.011     0.53    4.82
  84049.599    29.228     3.31    5.43
  84417.721    30.989     4.78    6.17
  84785.769    32.207     3.31    6.12
  85153.742    33.128     2.50    5.87
  85521.640    33.707     1.57    6.51
  85889.464    33.879     0.47    7.41
  86257.213    34.149     0.73    7.54
  86624.888    34.093    -0.15    7.63
  86992.488    32.140    -5.31    7.84
  87360.014    30.920    -3.32    7.58
  87727.466    31.574     1.78    7.56
  88094.843    31.901     0.89    7.72
  88462.146    33.739     5.00    7.57
  88829.375    35.323     4.31    7.31
  89196.530    35.830     1.38    6.77
  89563.610    36.710     2.40    6.36
  89930.617    37.822     3.03    5.63
  90297.549    38.319     1.35    4.75
  90664.408    39.314     2.71    4.20
  91031.192    38.380    -2.54    5.11
  91397.903    36.538    -5.02    5.34
  91764.540    35.106    -3.91    4.80
  92131.103    34.366    -2.02    4.07
  92497.592    35.380     2.77    4.61
  92864.008    36.117     2.01    5.38
  93230.349    35.901    -0.59    5.35
  93596.618    36.630     1.99    5.56
  93962.812    37.494     2.36    5.47
  94328.933    35.774    -4.70    7.66
  94694.981    32.241    -9.65   10.75
  95060.955    24.882   -20.11   10.80
  95426.856    18.641   -17.05    7.05
  95792.683    15.163    -9.51    4.55
  96158.437    15.097    -0.18    4.11
  96524.118    15.716     1.69    3.85
  96893.467    16.677     2.60    3.33
  97274.402    16.852     0.46    2.68
  97655.256    16.819    -0.09    2.74
  98036.030    17.500     1.79    4.10
  98416.724    18.989     3.91    4.81
  98797.337    20.211     3.21    4.68
  99177.869    20.436     0.59    4.92
  99558.322    20.315    -0.32    5.13
  99938.694    19.054    -3.32    5.52
 100318.985    17.946    -2.91    4.69
 100699.197    16.630    -3.46    3.69
 101079.328    15.830    -2.11    2.96
 101459.379    14.802    -2.70    2.49
 101839.350    12.979    -4.80    2.03
 102219.241    11.633    -3.54    2.04
 102599.053     9.883    -4.61    2.60
 102978.784     8.443    -3.79    2.59
 103358.435     7.415    -2.71    2.29
 103738.007     6.750    -1.75    1.61
 104117.499     7.301     1.45    2.03
 104496.911     8.057     1.99    2.20
 104876.243     7.798    -0.68    2.17
 105255.496     7.191    -1.60    2.07
 105634.669     7.344     0.40    2.09
 106013.763     8.067     1.91    2.30
 106392.777     8.559     1.30    2.03
 106771.712     8.368    -0.50    2.06
 107150.568     7.839    -1.40    2.03
 107529.344     7.552    -0.76    2.18
 107908.041     8.129     1.52    2.70
 108286.659     8.705     1.52    2.62
 108665.197     9.777     2.83    2.41
 109043.657    10.644     2.29    2.16
 109422.037    11.183     1.42    2.19
 109800.339    11.575     1.04    1.97
 110178.561    11.753     0.47    2.16
 110556.705    11.547    -0.55    2.17
 110934.769    11.344    -0.54    2.14
 111312.755    12.198     2.26    2.34
 111690.662    12.667     1.24    2.37
 112068.490    13.140     1.25    2.54
 112446.240    13.763     1.65    2.12
 112823.911    14.058     0.78    2.00
 113201.503    13.250    -2.14    2.32
 113579.017    12.593    -1.74    2.44
 113956.452    12.696     0.27    3.06
 114333.809    13.581     2.35    3.62
 114711.088    13.141    -1.17    3.58
 115088.288    12.930    -0.56    3.67
 115465.410    12.196    -1.95    3.15
 115842.454    11.326    -2.31    1.88
 116219.419    11.880     1.47    1.76
 116596.307    11.744    -0.36    1.56
 116973.116    11.283    -1.22    1.81
 117349.847    10.581    -1.86    1.79
 117726.500    10.120    -1.23    1.64
 118103.075    10.105    -0.04    1.59
 118479.573    10.500     1.05    1.43
 118855.992    11.116     1.64    1.27
 119232.334    12.204     2.89    2.04
 119608.598    13.477     3.38    2.15
 119984.784    14.753     3.39    2.57
 120360.892    15.314     1.49    3.06
 120736.923    15.925     1.62    3.39
 121112.877    16.372     1.19    3.28
 121488.752    16.903     1.41    2.83
 121864.551    17.425     1.39    2.17
 122240.272    18.032     1.62    1.98
 122615.915    19.115     2.88    1.62
 122991.481    19.979     2.30    1.50
 123366.970    21.092     2.96    2.37
 123742.382    23.053     5.22    3.21
 124117.716    25.364     6.16    3.55
 124492.973    28.204     7.57    3.36
 124868.153    30.933     7.27    3.03
 125243.257    32.978     5.45    2.44
 125618.283    33.856     2.34    1.83
 125993.232    34.478     1.66    1.71
 126368.104    35.300     2.19    2.65
 126742.899    37.207     5.09    3.55
 127117.618    39.567     6.30    3.45
 127492.260    42.348     7.42    3.97
 127866.825    44.367     5.39    4.41
 128241.313    47.065     7.21    4.00
 128615.725    48.933     4.99    3.02
 128990.060    49.500     1.51    2.33
 129364.319    48.359    -3.05    3.19
 129738.501    46.163    -5.87    3.79
 130112.606    44.923    -3.31    3.64
 130486.636    44.956     0.09    3.63
 130860.589    46.500     4.13    3.66
 131234.465    48.233     4.64    2.72
 131608.265    49.043     2.17    1.86
 131981.990    48.000    -2.79    2.76
 132355.638    45.750    -6.02    3.86
 132729.209    43.611    -5.72    3.69
 133102.705    43.359    -0.68    3.47
 133476.125    44.562     3.22    3.93
 133849.469    46.109     4.14    2.88
 134222.736    47.102     2.66    1.92
 134595.928    47.511     1.09    1.94
 134969.044    47.812     0.81    1.88
 135342.084    46.710    -2.95    3.94
 135715.049    44.529    -5.85    5.29
 136087.938    42.758    -4.75    4.66
 136460.751    40.023    -7.34    3.71
 136833.488    38.581    -3.87    3.39
 137206.150    37.459    -3.01    2.78
 137578.737    36.250    -3.24    2.10
 137951.247    34.805    -3.88    3.11
 138323.683    33.109    -4.55    4.04
 138696.043    31.258    -4.97    4.38
 139068.328    30.275    -2.64    4.15
 139440.537    31.682     3.78    4.92
 139812.671    35.348     9.85    6.06
 140184.730    38.236     7.76    4.76
 140556.714    39.913     4.51    3.17
 140928.623    40.367     1.22    2.95
 141300.456    39.667    -1.88    3.24
 141672.215    39.722     0.15    3.39
 142043.898    39.892     0.46    3.44
 142415.507    39.934     0.11    3.39
 142787.041    40.433     1.34    4.06
 143158.500    41.500     2.87    4.70
 143529.884    44.874     9.08    5.16
 143901.193    48.283     9.18    4.93
 144272.428    51.547     8.79    3.45
 144643.588    53.098     4.18    2.70
 145014.673    53.267     0.46    2.48
 145385.684    52.326    -2.54    2.66
 145756.620    50.756    -4.23    2.83
 146127.481    48.736    -5.44    2.65
 146498.269    47.744    -2.67    2.23
 146868.981    46.835    -2.45    1.72
 147239.620    46.269    -1.53    1.62
 147610.184    46.099    -0.46    1.73
 147980.674    46.533     1.17    2.03
 148351.090    47.371     2.26    2.22
 148721.431    47.978     1.64    2.17
 149091.698    48.311     0.90    2.01
 149461.892    47.565    -2.01    3.01
 149832.011    45.875    -4.57    3.78
 150202.056    44.656    -3.29    3.37
 150572.027    43.908    -2.02    3.17
 150941.924    43.707    -0.54    3.15
 151311.748    43.698    -0.02    2.93
 151681.497    42.348    -3.65    3.55
 152051.173    40.067    -6.17    4.28
 152420.775    35.813   -11.51    6.08
 152790.304    33.413    -6.49    6.16
 153159.758    32.978    -1.18    5.41
 153529.139    34.376     3.79    5.73
 153898.447    37.356     8.07    5.22
 154267.681    39.323     5.33    4.21
 154636.841    39.500     0.48    4.86
 155005.929    38.484    -2.75    5.38
 155374.942    37.779    -1.91    4.99
 155743.883    36.689    -2.95    6.47
 156112.750    35.012    -4.55    8.39
 156481.543    33.044    -5.33    9.87
 156850.264    32.047    -2.70   10.21
 157218.911    32.098     0.14    9.74
 157587.485    32.648     1.49    8.61
 157955.987    32.424    -0.61    7.19
 158324.415    32.854     1.17    6.06
 158692.770    33.044     0.52    4.62
 159061.052    34.198     3.13    3.64
 159429.261    36.261     5.60    4.06
 159797.397    39.088     7.68    5.46
 160165.461    42.663     9.71    5.90
 160533.452    46.278     9.82    4.39
 160901.370    48.988     7.37    3.59
 161269.215    50.813     4.96    2.64
 161636.987    52.163     3.67    2.15
 162004.687    53.100     2.55    2.47
 162372.315    54.068     2.63    2.72
 162739.870    56.110     5.55    3.24
 163107.352    58.506     6.52    3.34
 163474.762    61.078     7.00    3.99
 163842.100    63.560     6.76    4.37
 164209.365    65.189     4.43    4.08
 164576.558    66.533     3.66    3.59
 164943.678    67.931     3.81    3.21
 165310.726    68.892     2.62    2.31
 165677.703    68.576    -0.86    2.67
 166044.607    67.319    -3.43    2.80
 166411.438    66.512    -2.20    2.19
 166778.198    67.615     3.01    2.96
 167144.886    69.068     3.96    2.82
 167511.502    69.912     2.30    2.83
 167878.046    70.044     0.36    3.33
 168244.518    70.290     0.67    3.63
 168610.918    71.341     2.87    3.75
 168977.246    73.202     5.08    3.30
 169343.503    74.418     3.32    2.32
 169709.687    75.690     3.48    2.53
 170075.801    76.500     2.21    2.70
 170441.842    77.136     1.74    2.44
 170807.812    77.868     2.00    1.56
 171173.710    78.625     2.07    1.56
 171539.537    78.967     0.93    1.86
 171919.995    79.225     0.68    1.91
 172300.687    79.648     1.11    1.92
 172681.301    79.193    -1.20    1.89
 173061.835    77.945    -3.28    3.28
 173442.292    75.648    -6.04    4.50
 173822.670    74.044    -4.22    4.59
 174202.970    73.690    -0.93    4.81
 174583.192    74.242     1.45    4.72
 174963.336    76.299     5.41    4.53
 175343.402    78.043     4.59    4.53
 175723.389    79.583     4.05    3.86
 176103.299    79.630     0.12    3.28
 176483.130    78.837    -2.09    3.68
 176862.884    76.967    -4.92    4.56
 177242.560    75.849    -2.95    4.24
 177622.158    76.239     1.03    3.93
 178001.678    77.198     2.53    3.34
 178381.120    78.143     2.49    3.40
 178760.485    79.182     2.74    3.33
 179139.773    79.923     1.95    3.43
 179518.982    78.602    -3.48    4.22
 179898.114    76.527    -5.47    4.91
 180277.169    76.310    -0.57    4.61
 180656.146    76.022    -0.76    4.94
 181035.046    76.724     1.85    4.70
 181413.868    78.769     5.40    4.73
 181792.613    81.386     6.91    5.55
 182171.281    84.956     9.42    5.10
 182549.872    87.337     6.29    2.85
 182928.386    87.416     0.21    3.20
 183306.822    86.057    -3.59    3.64
 183685.181    84.517    -4.07    3.39
 184063.464    83.489    -2.72    3.36
 184441.669    82.568    -2.43    3.04
 184819.797    81.846    -1.91    2.56
 185197.849    81.775    -0.19    2.40
 185575.824    81.378    -1.05    2.15
 185953.722    80.875    -1.33    2.04
 186331.543    80.165    -1.88    2.11
 186709.287    79.322    -2.23    2.70
 187086.955    77.088    -5.91    2.90
 187464.547    76.241    -2.24    2.30
 187842.061    76.856     1.63    2.93
 188219.499    78.809     5.17    3.65
 188596.861    81.333     6.69    3.23
 188974.146    83.034     4.51    2.21
 189351.355    82.756    -0.74    2.70
 189728.488    81.371    -3.67    3.15
 190105.544    79.111    -5.99    3.39
 190482.525    78.000    -2.95    2.99
 190859.428    79.374     3.64    4.56
 191236.256    82.114     7.27    5.88
 191613.008    85.626     9.32    5.31
 191989.684    86.943     3.49    3.92
 192366.283    86.489    -1.20    3.09
 192742.807    85.129    -3.61    3.17
 193119.255    81.899    -8.58    4.42
 193495.627    78.176    -9.89    5.54
 193871.923    75.611    -6.82    4.77
 194248.143    76.198     1.56    5.72
 194624.287    79.278     8.19    7.01
 195000.356    83.920    12.34    4.58
 195376.350    85.725     4.80    3.08
 195752.267    84.250    -3.92    4.78
 196128.109    81.791    -6.54    5.61
 196503.876    79.236    -6.80    5.38
 196879.567    75.670    -9.49    4.79
 197255.183    73.409    -6.02    4.03
 197630.723    71.626    -4.75    2.65
 198006.188    70.182    -3.85    2.23
 198381.578    69.478    -1.88    2.45
 198756.892    69.287    -0.51    2.67
 199132.131    69.433     0.39    3.08
 199507.296    70.593     3.09    3.15
 199882.385    71.090     1.32    2.85
 200257.399    70.920    -0.45    2.80
 200632.338    70.505    -1.10    2.60
 201007.202    70.442    -0.17    2.63
 201381.991    69.922    -1.39    3.20
 201756.705    69.602    -0.85    3.70
 202131.344    68.444    -3.09    4.01
 202505.909    67.865    -1.55    4.14
 202880.399    68.711     2.26    4.94
 203254.814    70.278     4.18    5.59
 203629.154    71.944     4.45    5.02
 204003.420    72.759     2.18    4.37
 204377.611    72.438    -0.86    4.52
 204751.728    70.253    -5.84    5.61
 205125.770    67.089    -8.46    5.79
 205499.738    65.409    -4.49    4.99
 205873.632    64.818    -1.58    5.29
 206247.451    65.022     0.55    6.97
 206621.195    64.079    -2.52    7.95
 206994.866    62.523    -4.16    8.05
 207368.462    59.045    -9.31    7.12
 207741.984    57.135    -5.11    5.46
 208115.432    56.663    -1.26    6.02
 208488.806    58.575     5.12    7.90
 208862.106    62.437    10.34    6.99
 209235.332    63.900     3.92    5.18
 209608.484    64.264     0.98    5.97
 209981.562    64.449     0.50    7.85
 210354.566    64.977     1.41    8.21
 210727.497    64.708    -0.72    7.05
 211100.353    62.875    -4.91    6.35
 211473.136    61.989    -2.38    5.58
 211845.845    62.138     0.40    5.04
 212218.481    65.178     8.16    5.09
 212591.042    68.442     8.76    2.67
 212963.531    67.798    -1.73    2.77
 213335.946    66.036    -4.73    4.15
 213708.287    63.393    -7.10    4.19
 214080.555    62.274    -3.01    3.32
 214452.749    64.404     5.72    4.68
 214824.870    66.506     5.65    3.55
 215196.918    66.111    -1.06    4.13
 215568.893    60.718   -14.50    8.93
 215940.794    52.407   -22.34   11.56
 216312.622    46.511   -15.85    9.55
 216684.377    43.500    -8.10    6.12
 217056.059    43.057    -1.19    4.66
 217427.668    44.472     3.81    5.67
 217799.204    45.494     2.75    6.73
 218170.667    46.966     3.96    8.92
 218542.057    49.690     7.33   10.01
 218913.374    53.862    11.23   10.20
 219284.618    56.989     8.42    8.85
 219655.790    59.239     6.06    6.83
 220026.889    62.966    10.04    6.89
 220397.915    65.368     6.47    7.07
 220768.868    67.742     6.40    6.34
 221139.749    69.621     5.07    5.39
 221510.557    70.022     1.08    4.35
 221881.293    69.965    -0.16    4.06
 222251.956    69.652    -0.84    4.04
 222622.547    68.595    -2.85    3.94
 222993.065    66.835    -4.75    4.42
 223363.511    64.905    -5.21    4.43
 223733.884    62.989    -5.17    5.89
 224104.186    61.417    -4.25    7.07
 224474.415    59.522    -5.12    7.84
 224844.572    59.093    -1.16    7.50
 225214.656    59.820     1.96    5.37
 225584.669    59.299    -1.41    3.81
 225954.610    56.337    -8.00    4.92
 226324.478    52.736    -9.74    6.28
 226694.275    47.888   -13.11    6.83
 227063.999    44.352    -9.56    4.57
 227433.652    42.170    -5.90    3.00
 227803.233    41.545    -1.69    2.88
 228172.741    41.360    -0.50    3.19
 228542.179    41.157    -0.55    3.15
 228911.544    40.163    -2.69    3.35
 229280.838    38.719    -3.91    3.37
 229650.060    38.440    -0.75    3.49
 230019.210    39.868     3.87    4.31
 230388.289    42.465     7.04    4.14
 230757.297    44.725     6.12    3.13
 231126.232    45.588     2.34    2.83
 231495.097    45.742     0.42    2.61
 231863.890    46.442     1.90    2.59
 232232.612    47.652     3.28    3.30
 232601.262    49.805     5.84    3.67
 232969.841    52.375     6.97    2.78
 233338.349    53.708     3.62    2.29
 233706.785    54.830     3.04    1.72
 234075.151    55.184     0.96    1.65
 234443.445    55.372     0.51    1.89
 234811.668    55.067    -0.83    2.06
 235179.820    54.837    -0.63    2.10
 235547.901    55.629     2.15    2.86
 235915.912    56.738     3.01    2.78
 236283.851    56.934     0.53    2.97
 236651.719    54.786    -5.84    5.71
 237019.517    52.089    -7.33    5.80
 237387.244    50.287    -4.90    4.53
 237754.900    49.764    -1.42    3.73
 238122.485    51.483     4.67    3.34
 238490.000    53.460     5.38    2.62
 238857.444    53.756     0.80    2.13
 239224.817    53.159    -1.62    2.63
 239592.120    51.135    -5.51    4.42
 239959.353    49.698    -3.91    4.37
 240326.514    49.191    -1.38    3.86
 240693.606    49.317     0.34    3.68
 241060.627    50.534     3.32    3.81
 241427.578    52.627     5.70    3.60
 241794.458    53.420     2.16    3.93
 242161.268    54.046     1.70    4.23
 242528.008    55.022     2.66    4.03
 242894.678    55.494     1.29    3.67
 243261.278    55.562     0.18    3.88
 243627.807    55.337    -0.61    4.39
 243994.266    53.795    -4.21    5.22
 244360.656    50.382    -9.31    7.67
 244726.975    46.310   -11.11    8.72
 245093.225    40.659   -15.43    7.41
 245459.404    36.036   -12.62    4.66
 245825.514    33.885    -5.87    2.65
 246191.554    33.262    -1.70    1.85
 246568.092    34.112     2.26    2.63
 246948.626    36.476     6.21    4.13
 247329.084    39.693     8.46    5.85
 247709.465    44.250    11.98    7.28
 248089.771    49.066    12.66    7.24
 248470.000    53.810    12.47    6.38
 248850.153    59.300    14.44    5.77
 249230.229    64.103    12.64    4.88
 249610.230    66.761     6.99    4.18
 249990.155    65.023    -4.57    7.18
 250370.003    58.910   -16.09   11.42
 250749.776    49.207   -25.55   11.40
 251129.473    42.068   -18.80    8.14
 251509.094    36.534   -14.58    4.94
 251888.639    34.157    -6.26    3.99
 252268.108    33.326    -2.19    3.77
 252647.502    33.045    -0.74    3.69
 253026.819    32.795    -0.66    3.30
 253406.062    32.195    -1.58    3.08
 253785.228    31.258    -2.47    2.55
 254164.319    30.163    -2.89    2.05
 254543.335    30.778     1.62    2.50
 254922.275    31.376     1.58    2.46
 255301.140    29.852    -4.02    4.71
 255679.929    26.890    -7.82    6.00
 256058.643    24.216    -7.06    5.22
 256437.282    23.451    -2.02    5.31
 256815.846    24.629     3.11    5.25
 257194.334    26.238     4.25    4.51
 257572.747    26.176    -0.16    3.52
 257951.085    25.429    -1.97    2.64
 258329.348    24.409    -2.69    2.06
 258707.536    23.554    -2.26    2.29
 259085.649    23.977     1.12    2.69
 259463.687    25.250     3.37    2.97
 259841.651    26.011     2.01    2.83
 260219.539    26.920     2.40    1.26
 260597.353    26.920     0.00    1.06
 260975.092    26.965     0.12    1.17
 261352.756    27.625     1.75    1.51
 261730.345    29.943     6.14    3.39
 262107.860    32.931     7.91    4.47
 262485.300    35.884     7.82    3.88
 262862.666    38.494     6.92    3.58
 263239.957    41.318     7.48    5.30
 263617.174    43.629     6.13    6.39
 263994.317    47.184     9.42    6.03
 264371.385    50.068     7.65    5.26
 264748.379    52.791     7.22    5.79
 265125.298    56.216     9.09    6.72
 265502.143    60.022    10.10    7.41
 265878.914    64.047    10.68    6.54
 266255.611    66.225     5.78    5.52
 266632.234    65.670    -1.47    5.36
 267008.783    61.545   -10.95    7.54
 267385.258    57.046   -11.95    6.72
 267761.659    53.414    -9.65    3.08
 268137.986    53.126    -0.76    2.27
 268514.239    54.591     3.89    2.82
 268890.418    56.814     5.91    4.00
 269266.523    59.200     6.34    4.13
 269642.555    61.671     6.57    4.90
 270018.513    63.409     4.62    5.64
 270394.397    65.103     4.51    6.26
 270770.208    66.398     3.44    6.90
 271145.945    66.198    -0.53    6.47
 271521.609    66.193    -0.01    5.49
 271897.199    67.395     3.20    6.29
 272272.715    68.648     3.33    7.19
 272648.159    68.882     0.62    7.02
 273023.528    68.247    -1.69    6.48
 273398.825    66.442    -4.81    6.41
 273774.048    64.568    -4.99    6.81
 274149.198    64.465    -0.27    7.81
 274524.275    65.943     3.94    9.66
 274899.279    70.407    11.90   12.61
 275274.209    76.528    16.32   11.97
 275649.067    78.718     5.84    9.38
 276023.851    78.000    -1.91    9.59
 276398.563    75.640    -6.30    9.60
 276773.202    73.443    -5.86    8.90
 277147.767    71.453    -5.31    8.46
 277522.260    68.534    -7.79    8.70
 277896.680    65.721    -7.51    8.16
 278271.027    62.989    -7.30    6.47
 278645.302    62.047    -2.52    4.51
 279019.504    62.011    -0.10    3.11
 279393.633    63.093     2.89    2.70
 279767.690    63.386     0.78    2.46
 280141.674    63.360    -0.07    2.29
 280515.585    62.795    -1.51    2.16
 280889.424    62.345    -1.21    2.35
 281263.191    62.307    -0.10    2.44
 281636.885    61.155    -3.08    2.37
 282010.507    59.989    -3.12    2.87
 282384.056    58.517    -3.94    3.38
 282757.534    57.034    -3.97    3.08
 283130.939    57.477     1.18    3.39
 283504.272    58.839     3.65    3.95
 283877.533    60.069     3.29    3.56
 284250.721    60.697     1.68    3.06
 284623.838    58.807    -5.06    3.83
 284996.882    56.258    -6.83    3.21
 285369.855    55.057    -3.22    2.26
 285742.756    55.271     0.57    2.73
 286115.584    55.693     1.13    3.28
 286488.341    54.353    -3.59    4.74
 286861.027    51.931    -6.50    5.42
 287233.640    49.080    -7.65    3.92
 287606.182    47.035    -5.49    2.62
 287978.651    46.989    -0.13    3.24
 288351.050    50.102     8.36    7.01
 288723.376    55.547    14.62    9.17
 289095.632    59.820    11.48    6.66
 289467.815    60.349     1.42    5.15
 289839.927    59.091    -3.38    5.27
 290211.968    57.267    -4.90    4.30
 290583.937    57.670     1.08    4.26
 290955.835    60.647     8.00    3.75
 291327.662    61.954     3.51    2.69
 291699.417    61.729    -0.60    2.86
 292071.101    59.770    -5.27    4.00
 292442.714    57.349    -6.51    3.43
 292814.256    57.000    -0.94    3.46
 293185.727    58.561     4.20    4.85
 293557.126    61.851     8.86    5.93
 293928.455    65.415     9.60    4.92
 294299.712    68.178     7.44    4.37
 294670.899    70.707     6.81    3.78
 295042.015    72.864     5.81    4.24
 295413.059    74.765     5.12    3.86
 295784.033    75.563     2.15    3.09
 296154.937    75.476    -0.23    2.82
 296525.769    74.909    -1.53    2.66
 296896.531    73.500    -3.80    3.63
 297267.222    73.570     0.19    4.31
 297637.842    75.059     4.02    6.56
 298008.392    76.500     3.89    7.92
 298378.872    79.093     7.00    7.90
 298749.280    81.424     6.29    8.90
 299119.619    79.875    -4.18    9.30
 299489.887    78.125    -4.73    8.75
 299860.084    77.541    -1.58    7.72
 300230.211    78.651     3.00    7.54
 300600.268    82.128     9.39    7.65
 300970.255    86.706    12.37    6.52
 301340.171    89.747     8.22    6.72
 301710.017    93.500    10.14    7.98
 302079.793    97.148     9.86    9.30
 302449.499   103.917    18.30   10.99
 302819.135   110.103    16.73   12.19
 303188.701   116.159    16.38   11.57
 303558.197   122.375    16.82   10.25
 303927.623   126.646    11.56   10.19
 304296.979   130.580    10.65    9.72
 304666.265   134.183     9.76   10.07
 305035.481   135.747     4.24   11.41
 305404.628   138.188     6.61   11.59
 305773.704   141.828     9.86   11.37
 306142.711   145.447     9.81   10.72
 306511.649   149.989    12.31    9.70
 306880.516   154.253    11.56    7.36
 307249.315   156.224     5.34    8.26
 307618.043   157.477     3.40    9.93
 307986.702   157.024    -1.23   10.45
 308355.292   155.663    -3.69   10.19
 308723.812   157.593     5.24   11.17
 309092.263   160.632     8.25   10.95
 309460.644   165.217    12.44   10.60
 309828.956   169.314    11.12   10.91
 310197.199   170.951     4.45   11.57
 310565.372   171.432     1.31   11.01
 310933.477   171.122    -0.84   12.26
 311301.512   168.500    -7.12   13.15
 311669.478   166.190    -6.27   12.09
 312037.375   165.523    -1.81   11.47
 312405.203   163.735    -4.86   12.01
 312772.961   162.241    -4.06   13.83
 313140.651   162.126    -0.31   15.06
 313508.272   158.200   -10.68   14.18
 313875.824   156.193    -5.46   11.48
 314243.308   153.812    -6.48    7.70
 314610.722   152.767    -2.84    6.47
 314978.068   153.488     1.96    7.40
 315345.345   158.057    12.44    8.76
 315712.553   163.398    14.54   11.49
 316079.692   167.287    10.59   11.67
 316446.763   169.061     4.83   13.25
 316813.765   166.341    -7.41   13.73
 317180.699   164.914    -3.89   12.83
 317547.564   170.414    14.99   12.44
 317914.361   175.400    13.59   10.81
 318281.090   179.093    10.07    9.54
 318647.750   181.060     5.36    9.89
 319014.341   176.966   -11.17   13.52
 319380.864   171.953   -13.67   12.76
 319747.319   170.631    -3.61   10.73
 320113.706   171.609     2.67    9.72
 320480.025   176.881    14.39   10.62
 320846.275   182.682    15.83    9.27
 321219.219   187.048    11.70    8.94
 321599.595   189.807     7.25    8.04
 321979.897   191.607     4.73    6.01
 322360.125   191.453    -0.40    4.57
 322740.279   187.541   -10.29    7.87
 323120.358   180.776   -17.79   10.95
 323500.363   171.920   -23.30   12.73
 323880.294   164.595   -19.28   10.87
 324260.151   156.070   -22.44   10.79
 324639.934   150.163   -15.55   11.26
 325019.643   143.816   -16.71   11.79
 325399.278   139.253   -12.02   11.71
 325778.839   135.736    -9.26   13.06
 326158.327   131.037   -12.38   15.60
 326537.740   127.885    -8.30   15.73
 326917.080   124.691    -8.42   14.50
 327296.346   125.459     2.02   16.22
 327675.538   128.171     7.15   18.49
 328054.656   134.471    16.61   16.87
 328433.701   140.110    14.87   13.18
 328812.673   141.000     2.35    9.09
 329191.571   139.612    -3.66    7.78
 329570.395   135.299   -11.38    7.39
 329949.146   132.035    -8.62    6.81
 330327.824   129.465    -6.78    8.36
 330706.428   125.542   -10.36    8.69
 331084.959   123.466    -5.48    9.01
 331463.416   121.793    -4.42    9.02
 331841.801   120.301    -3.94    9.59
 332220.112   120.398     0.26   10.01
 332598.350   121.919     4.02    9.85
 332976.515   123.965     5.41    8.67
 333354.607   121.558    -6.36    8.96
 333732.626   121.326    -0.62    9.26
 334110.572   121.012    -0.83    8.20
 334488.445   119.576    -3.80    6.55
 334866.245   118.783    -2.10    6.08
 335243.972   114.897   -10.29    7.28
 335621.627   113.556    -3.55    7.28
 335999.209   111.538    -5.34    7.33
