-291993.449    67.710     0.00    1.39
-291617.094    67.441    -0.72    1.29
-291240.680    67.324    -0.31    1.07
-290864.207    67.331     0.02    0.99
-290487.676    67.591     0.69    0.80
-290111.086    67.783     0.51    0.68
-289734.437    67.989     0.55    0.72
-289357.729    68.046     0.15    0.80
-288980.962    68.098     0.14    0.80
-288604.136    67.880    -0.58    0.80
-288227.252    67.500    -1.01    0.78
-287850.308    66.838    -1.76    1.22
-287473.306    65.731    -2.93    1.51
-287096.244    64.941    -2.10    1.32
-286719.124    64.081    -2.28    1.12
-286341.944    63.449    -1.68    0.91
-285964.705    63.002    -1.18    1.01
-285587.408    62.715    -0.76    1.07
-285210.051    62.496    -0.58    1.40
-284832.634    62.216    -0.74    1.52
-284455.159    62.046    -0.45    1.34
-284077.624    61.906    -0.37    1.21
-283700.031    61.896    -0.03    1.43
-283322.377    61.825    -0.19    1.90
-282944.665    61.912     0.23    2.31
-282566.893    61.500    -1.09    2.41
-282189.062    60.739    -2.01    2.49
-281811.171    59.331    -3.73    2.69
-281433.221    57.435    -5.02    2.03
-281055.211    56.716    -1.90    1.67
-280677.142    56.541    -0.46    1.42
-280299.014    56.602     0.16    1.39
-279920.825    56.989     1.02    1.35
-279542.578    57.007     0.05    1.49
-279164.270    57.318     0.82    1.62
-278785.903    57.779     1.22    1.56
-278407.477    58.558     2.06    1.69
-278028.990    59.824     3.34    1.61
-277650.444    61.057     3.26    1.56
-277271.838    62.171     2.94    1.07
-276893.173    62.568     1.05    0.83
-276514.447    62.379    -0.50    1.06
-276135.662    61.755    -1.65    1.38
-275756.817    61.290    -1.23    1.58
-275377.912    61.438     0.39    1.78
-274998.947    62.665     3.24    2.41
-274619.922    63.838     3.09    2.06
-274240.837    65.051     3.20    2.15
-273861.692    66.627     4.15    2.21
-273482.487    67.441     2.15    2.19
-273103.222    69.460     5.32    3.39
-272724.881    70.691     3.25    4.10
-272357.143    72.331     4.46    4.48
-271989.349    74.318     5.40    4.60
-271621.498    75.358     2.83    4.21
-271253.592    75.785     1.16    4.07
-270885.629    76.251     1.27    3.73
-270517.611    76.171    -0.22    3.61
-270149.536    76.878     1.92    3.31
-269781.404    76.851    -0.07    3.79
-269413.217    76.025    -2.25    4.39
-269044.973    74.554    -3.99    4.57
-268676.673    72.331    -6.03    3.95
-268308.316    70.851    -4.02    3.63
-267939.903    71.194     0.93    4.30
-267571.434    71.743     1.49    4.95
-267202.908    72.482     2.00    5.20
-266834.325    72.743     0.71    5.49
-266465.687    73.646     2.45    4.90
-266096.991    74.701     2.86    3.99
-265728.239    75.331     1.71    3.09
-265359.431    72.769    -6.94    7.84
-264990.565    64.222   -23.17   13.63
-264621.644    58.208   -16.30   13.34
-264252.665    55.290    -7.91   10.99
-263883.630    57.728     6.61   11.37
-263514.538    64.372    18.00    9.66
-263145.390    68.537    11.28    6.05
-262776.184    70.454     5.19    5.00
-262406.922    71.194     2.00    4.79
-262037.603    72.068     2.36    3.61
-261668.227    72.550     1.31    2.92
-261298.794    72.595     0.12    3.02
-260929.304    73.171     1.56    2.67
-260559.758    72.958    -0.58    2.94
-260190.154    73.002     0.12    3.24
-259820.494    73.265     0.71    3.05
-259450.776    73.537     0.74    2.72
-259081.001    72.918    -1.67    2.94
-258711.170    71.865    -2.85    3.05
-258341.281    70.243    -4.38    3.81
-257971.335    68.879    -3.69    3.98
-257601.332    68.451    -1.16    3.74
-257231.272    67.811    -1.73    4.37
-256861.154    67.918     0.29    4.64
-256490.980    67.180    -1.99    5.37
-256120.748    65.825    -3.66    6.17
-255750.458    65.491    -0.90    6.39
-255380.112    64.385    -2.99    6.65
-255009.708    64.560     0.47    7.07
-254639.247    64.022    -1.45    7.58
-254268.728    63.477    -1.47    6.83
-253898.152    63.665     0.51    6.33
-253527.518    65.407     4.70    5.93
-253156.827    68.460     8.23    4.24
-252786.079    69.218     2.05    3.75
-252415.273    68.305    -2.46    3.91
-252044.409    67.345    -2.59    3.33
-251673.488    68.581     3.33    4.14
-251302.509    70.991     6.49    4.26
-250931.473    72.987     5.38    3.13
-250560.378    74.444     3.93    2.36
-250189.227    73.705    -1.99    2.90
-249818.017    73.281    -1.14    3.27
-249446.750    72.785    -1.34    3.20
-249075.425    73.138     0.95    2.96
-248704.042    73.465     0.88    2.63
-248332.601    73.796     0.89    2.23
-247961.102    72.676    -3.01    5.02
-247589.546    68.366   -11.60   10.15
-247217.931    61.769   -17.75   12.64
-246846.259    53.304   -22.77   11.66
-246474.529    47.413   -15.84    8.62
-246102.740    43.372   -10.87    2.69
-245730.894    42.027    -3.62    1.81
-245358.990    41.249    -2.09    1.30
-244987.027    40.960    -0.78    1.03
-244615.006    40.798    -0.43    1.20
-244242.928    40.745    -0.14    1.41
-243870.791    40.527    -0.58    1.55
-243498.596    40.465    -0.17    1.81
-243126.342    40.660     0.52    1.81
-242754.031    41.213     1.49    1.56
-242381.661    41.715     1.35    1.69
-242009.233    41.331    -1.03    1.68
-241636.746    40.715    -1.65    1.83
-241264.201    39.894    -2.20    1.85
-240891.598    38.730    -3.12    1.49
-240518.936    37.652    -2.89    1.78
-240146.216    37.189    -1.24    1.68
-239773.437    36.985    -0.55    1.60
-239400.600    37.611     1.68    1.54
-239027.704    38.559     2.54    1.20
-238654.750    39.185     1.68    1.12
-238281.737    39.577     1.05    0.96
-237908.666    39.505    -0.19    1.00
-237535.536    39.098    -1.09    1.13
-237162.347    38.682    -1.11    1.19
-236789.099    38.372    -0.83    1.72
-236415.793    38.088    -0.76    2.03
-236042.428    38.243     0.42    3.48
-235669.005    39.411     3.13    5.12
-235295.522    38.879    -1.43    5.61
-234921.981    37.230    -4.41    5.27
-234548.380    35.662    -4.19    4.93
-234174.721    33.865    -4.81    3.34
-233801.003    33.865    -0.00    4.12
-233427.226    34.365     1.34    4.87
-233053.390    34.651     0.77    5.17
-232679.495    34.345    -0.82    4.82
-232305.541    34.942     1.60    4.19
-231931.527    34.961     0.05    3.45
-231557.455    35.985     2.74    3.71
-231183.324    37.381     3.73    3.31
-230809.133    38.851     3.93    3.34
-230434.883    39.264     1.10    3.55
-230060.574    36.730    -6.77    6.14
-229686.206    32.181   -12.15    9.21
-229311.779    27.541   -12.39    8.83
-228937.292    23.222   -11.53    7.20
-228562.746    20.920    -6.14    4.60
-228188.140    21.496     1.54    3.14
-227813.475    20.649    -2.26    4.88
-227438.751    20.665     0.04    5.67
-227063.967    19.465    -3.20    6.40
-226689.124    19.500     0.09    6.66
-226314.221    20.685     3.16    6.33
-225939.259    21.591     2.42    6.32
-225564.237    21.756     0.44    5.70
-225189.156    21.973     0.58    5.48
-224814.015    22.838     2.30    5.51
-224438.814    23.243     1.08    4.89
-224063.554    23.603     0.96    4.76
-223688.234    23.798     0.52    4.46
-223312.854    23.924     0.33    4.90
-222937.414    24.931     2.68    4.60
-222561.915    25.975     2.78    3.72
-222186.356    28.522     6.78    6.70
-221810.737    31.460     7.82    7.37
-221435.058    33.918     6.54    6.76
-221059.319    35.068     3.06    6.21
-220683.520    31.622    -9.17    6.24
-220307.661    29.478    -5.70    4.87
-219931.743    29.027    -1.20    4.10
-219555.764    28.981    -0.12    2.94
-219179.725    31.263     6.07    4.48
-218803.626    36.430    13.74    7.37
-218427.467    42.049    14.94    8.16
-218051.248    46.904    12.90    6.94
-217674.969    49.495     6.89    6.00
-217298.629    49.771     0.73    5.24
-216922.229    49.144    -1.67    4.58
-216545.769    47.989    -3.07    5.41
-216169.249    46.427    -4.15    5.22
-215792.668    47.000     1.52    6.01
-215416.027    50.118     8.28    8.24
-215039.326    55.025    13.02    8.85
-214662.564    60.728    15.14    5.90
-214285.742    62.865     5.67    4.26
-213908.859    62.893     0.07    4.31
-213531.916    60.752    -5.68    8.56
-213154.912    52.505   -21.87   21.02
-212777.848    40.662   -31.40   26.92
-212400.723    30.548   -26.81   26.37
-212023.538    19.538   -29.19   21.11
-211646.292    14.398   -13.62   17.00
-211268.985     9.920   -11.87   12.07
-210891.617     7.238    -7.11    7.92
-210514.189     6.419    -2.17    4.76
-210136.700     7.703     3.40    5.04
-209759.150     8.758     2.79    5.09
-209381.539     9.797     2.75    4.49
-209003.868    10.772     2.58    3.58
-208626.135    11.527     2.00    2.50
-208248.342    11.285    -0.64    2.59
-207870.488    10.991    -0.78    2.54
-207492.573    10.985    -0.02    2.95
-207114.596    10.989     0.01    3.29
-206736.559    10.747    -0.64    3.82
-206358.461    11.038     0.77    4.60
-205980.301    11.233     0.51    4.93
-205602.081    10.611    -1.64    5.07
-205223.799    10.230    -1.01    5.12
-204845.456    11.194     2.55    5.49
-204467.052    11.126    -0.18    5.90
-204088.587    12.211     2.87    6.40
-203710.060    13.681     3.88    6.89
-203331.472    15.385     4.50    6.09
-202952.823    17.204     4.80    3.28
-202574.112    15.662    -4.07    3.67
-202195.340    13.646    -5.32    2.66
-201816.506    12.720    -2.45    1.95
-201437.611    12.635    -0.22    2.19
-201058.655    14.095     3.85    3.41
-200679.637    14.996     2.38    3.08
-200300.557    15.852     2.26    2.50
-199921.416    15.409    -1.17    1.68
-199542.213    14.949    -1.21    0.88
-199162.949    15.082     0.35    1.19
-198783.623    14.894    -0.50    1.19
-198404.235    14.799    -0.25    1.14
-198024.786    14.730    -0.18    1.14
-197655.244    14.474    -0.69    0.96
-197287.627    14.379    -0.26    0.98
-196919.953    14.396     0.05    1.14
-196552.221    14.324    -0.20    1.18
-196184.431    14.417     0.25    1.15
-195816.584    14.687     0.73    1.04
-195448.680    14.906     0.60    1.03
-195080.717    15.071     0.45    1.01
-194712.697    15.208     0.37    0.84
-194344.620    15.085    -0.33    0.86
-193976.484    14.865    -0.60    0.82
-193608.291    14.413    -1.23    0.85
-193240.039    13.973    -1.20    1.05
-192871.730    13.505    -1.27    1.06
-192503.363    13.238    -0.72    1.01
-192134.939    12.879    -0.98    1.27
-191766.456    12.641    -0.65    1.30
-191397.915    12.317    -0.88    1.33
-191029.317    11.890    -1.16    1.43
-190660.660    11.482    -1.11    1.01
-190291.945    11.435    -0.13    0.95
-189923.172    11.379    -0.15    0.95
-189554.341    11.376    -0.01    0.89
-189185.452    11.454     0.21    0.95
-188816.505    11.930     1.29    1.01
-188447.500    12.564     1.72    1.03
-188078.436    13.558     2.69    2.27
-187709.315    14.372     2.21    2.83
-187340.135    14.185    -0.51    2.67
-186970.896    13.697    -1.32    1.85
-186601.599    13.514    -0.50    1.09
-186232.244    13.739     0.61    1.06
-185862.831    14.038     0.81    0.87
-185493.359    14.176     0.37    1.12
-185123.829    14.257     0.22    1.16
-184754.240    14.074    -0.49    1.03
-184384.593    14.011    -0.17    1.10
-184014.887    13.716    -0.80    0.99
-183645.123    13.630    -0.23    1.12
-183275.300    13.208    -1.14    1.32
-182905.419    12.800    -1.10    1.21
-182535.479    12.687    -0.30    1.28
-182165.480    13.241     1.50    1.93
-181795.423    14.269     2.78    2.17
-181425.306    15.176     2.45    2.48
-181055.132    16.149     2.63    3.02
-180684.898    17.396     3.37    3.79
-180314.605    17.145    -0.68    3.21
-179944.254    17.228     0.22    3.09
-179573.844    16.879    -0.94    2.87
-179203.375    16.011    -2.34    1.01
-178832.847    15.961    -0.14    1.04
-178462.260    15.934    -0.07    1.13
-178091.614    15.730    -0.55    1.20
-177720.909    15.446    -0.77    0.99
-177350.145    15.162    -0.77    1.38
-176979.322    16.970     4.87    4.21
-176608.440    18.931     5.29    5.01
-176237.499    19.548     1.66    4.89
-175866.499    19.411    -0.37    4.64
-175495.439    18.075    -3.60    3.67
-175124.320    15.743    -6.28    3.29
-174753.142    13.514    -6.01    3.68
-174381.905    12.406    -2.98    3.22
-174010.609    13.176     2.07    3.74
-173639.253    15.588     6.49    4.09
-173267.837    17.931     6.31    2.84
-172896.363    19.470     4.14    1.16
-172524.829    19.798     0.88    0.94
-172153.236    19.588    -0.57    0.93
-171781.583    19.619     0.08    0.87
-171409.870    20.167     1.47    1.26
-171038.098    21.291     3.02    2.04
-170666.267    22.194     2.43    2.19
-170294.376    24.331     5.75    4.03
-169922.425    27.438     8.35    5.55
-169550.415    27.906     1.26    5.42
-169178.345    27.531    -1.01    5.65
-168806.215    25.296    -6.01    5.69
-168434.026    22.669    -7.06    2.75
-168061.777    21.699    -2.61    1.79
-167689.468    21.863     0.44    1.78
-167317.099    22.310     1.20    1.80
-166944.670    22.671     0.97    1.77
-166572.182    22.699     0.07    1.47
-166199.634    21.398    -3.49    2.90
-165827.025    20.338    -2.84    3.69
-165454.357    19.638    -1.88    3.47
-165081.629    19.019    -1.66    3.33
-164708.840    19.041     0.06    3.10
-164335.992    19.715     1.81    2.59
-163963.084    18.879    -2.24    2.96
-163590.115    17.701    -3.16    3.20
-163217.086    16.585    -2.99    2.70
-162843.997    15.798    -2.11    1.65
-162470.848    16.206     1.09    1.23
-162097.639    16.838     1.69    0.00
-161724.370    16.838     0.00    0.00
-161351.040    16.838     0.00    0.00
-160977.650    16.838     0.00    0.00
-160604.199    16.759    -0.21    0.32
-160230.688    16.851     0.25    0.53
-159857.117    17.020     0.45    0.90
-159483.485    16.985    -0.09    1.31
-159109.793    16.890    -0.25    1.66
-158736.040    16.784    -0.28    1.92
-158362.227    17.185     1.07    2.53
-157988.353    18.613     3.82    3.08
-157614.419    21.238     7.02    3.20
-157240.424    23.381     5.73    2.34
-156866.368    24.167     2.10    1.54
-156492.252    23.963    -0.55    1.91
-156118.075    21.825    -5.71    3.55
-155743.837    18.725    -8.28    4.07
-155369.539    16.235    -6.65    3.48
-154995.180    14.208    -5.42    1.78
-154620.759    13.607    -1.60    0.90
-154246.278    13.743     0.36    1.04
-153871.737    13.710    -0.09    1.51
-153497.134    13.456    -0.68    1.56
-153122.470    13.233    -0.60    1.41
-152747.745    13.786     1.48    2.10
-152372.960    14.942     3.08    2.34
-151998.113    16.297     3.62    1.83
-151623.205    16.758     1.23    1.68
-151248.236    16.454    -0.81    2.20
-150873.206    15.824    -1.68    2.85
-150498.115    14.531    -3.45    3.21
-150122.962    13.770    -2.03    2.68
-149747.749    12.851    -2.45    1.98
-149372.474    12.963     0.30    1.59
-148997.138    13.235     0.73    1.06
-148621.740    13.213    -0.06    0.78
-148246.281    12.762    -1.20    1.31
-147870.761    12.043    -1.91    1.56
-147495.180    11.513    -1.41    1.56
-147119.537    11.425    -0.24    2.16
-146743.832    11.562     0.36    2.50
-146368.066    12.391     2.21    2.57
-145992.238    12.891     1.33    2.07
-145616.349    11.943    -2.52    2.59
-145240.399    10.680    -3.36    2.75
-144864.386     9.035    -4.37    2.47
-144488.313     8.451    -1.55    1.90
-144112.177     8.517     0.18    1.68
-143735.980     8.852     0.89    1.84
-143359.721    10.332     3.93    2.11
-142983.400    11.894     4.15    1.94
-142607.017    13.107     3.22    1.71
-142230.573    14.046     2.49    0.99
-141854.066    14.167     0.32    0.81
-141477.498    13.838    -0.87    0.91
-141100.868    13.578    -0.69    0.88
-140724.176    13.411    -0.44    0.76
-140347.422    13.554     0.38    0.94
-139970.605    14.312     2.01    1.42
-139593.727    15.163     2.26    1.76
-139216.787    15.759     1.58    1.61
-138839.785    15.943     0.49    1.52
-138462.720    15.658    -0.76    1.61
-138085.593    14.961    -1.85    1.25
-137708.404    14.850    -0.29    1.13
-137331.153    15.255     1.07    1.29
-136953.840    15.901     1.71    1.35
-136576.464    16.755     2.26    1.58
-136199.026    18.338     4.19    2.26
-135821.526    19.065     1.92    2.23
-135443.963    17.904    -3.07    4.25
-135066.338    14.865    -8.05    6.03
-134688.650    12.398    -6.53    5.53
-134310.900    10.500    -5.02    4.45
-133933.087    10.075    -1.13    3.87
-133555.212    10.193     0.31    3.62
-133177.274    10.531     0.89    3.92
-132799.274    10.569     0.10    3.81
-132421.211     9.366    -3.18    3.53
-132043.085     8.171    -3.16    2.75
-131664.896     7.421    -1.98    2.19
-131286.645     6.748    -1.78    1.94
-130908.331     6.257    -1.30    1.79
-130529.954     5.786    -1.24    1.78
-130151.515     5.338    -1.18    2.05
-129773.012     5.020    -0.84    2.26
-129394.447     4.878    -0.37    2.48
-129015.818     4.705    -0.46    2.38
-128637.127     4.643    -0.16    1.87
-128258.373     4.365    -0.73    1.11
-127879.555     4.072    -0.77    0.67
-127500.675     3.616    -1.20    0.65
-127121.732     3.370    -0.65    0.68
-126742.725     3.311    -0.15    0.74
-126363.655     3.338     0.07    0.94
-125984.522     3.651     0.83    0.90
-125605.326     3.695     0.12    1.04
-125226.067     3.487    -0.55    1.06
-124846.744     3.448    -0.10    1.10
-124467.358     3.427    -0.06    1.09
-124087.909     3.611     0.49    1.01
-123708.396     3.518    -0.25    0.95
-123328.820     3.304    -0.56    0.85
-122956.227     3.280    -0.06    0.73
-122588.792     3.352     0.20    0.82
-122221.299     3.738     1.05    0.94
-121853.746     4.185     1.22    1.01
-121486.134     4.737     1.50    0.94
-121118.463     5.317     1.58    0.73
-120750.733     5.825     1.38    0.72
-120382.944     6.238     1.12    0.70
-120015.096     6.545     0.83    0.69
-119647.188     6.611     0.18    0.71
-119279.222     6.398    -0.58    0.81
-118911.196     6.233    -0.45    0.82
-118543.111     5.929    -0.83    0.65
-118174.966     5.811    -0.32    0.49
-117806.763     5.876     0.18    0.41
-117438.499     5.918     0.11    0.43
-117070.177     6.167     0.68    0.52
-116701.795     6.443     0.75    0.65
-116333.354     6.979     1.45    0.80
-115964.853     7.478     1.35    0.71
-115596.293     7.996     1.41    0.65
-115227.673     8.167     0.46    0.55
-114858.993     8.251     0.23    0.50
-114490.254     8.456     0.56    0.63
-114121.456     8.627     0.46    0.77
-113752.597     8.877     0.68    0.72
-113383.679     9.020     0.39    0.58
-113014.702     9.051     0.09    0.53
-112645.664     8.953    -0.27    0.51
-112276.567     8.825    -0.35    0.63
-111907.410     8.747    -0.21    0.61
-111538.193     8.799     0.14    0.57
-111168.917     8.706    -0.25    0.55
-110799.580     8.479    -0.62    0.70
-110430.184     8.033    -1.21    0.78
-110060.727     7.578    -1.23    0.80
-109691.211     6.981    -1.62    0.81
-109321.635     6.785    -0.53    0.69
-108951.998     6.825     0.11    0.79
-108582.302     6.998     0.47    0.79
-108212.545     6.838    -0.43    0.89
-107842.728     6.198    -1.73    1.51
-107472.852     4.708    -4.03    2.12
-107102.915     3.617    -2.95    1.72
-106732.917     2.877    -2.00    1.27
-106362.860     2.723    -0.42    0.91
-105992.742     3.254     1.43    0.86
-105622.564     3.474     0.60    0.87
-105252.326     3.955     1.30    0.84
-104882.027     4.562     1.64    0.93
-104511.668     5.059     1.34    1.06
-104141.248     5.718     1.78    1.01
-103770.768     6.505     2.12    0.70
-103400.228     6.798     0.79    0.60
-103029.627     7.072     0.74    0.63
-102658.965     7.137     0.18    0.73
-102288.243     6.785    -0.95    1.01
-101917.460     6.404    -1.03    1.09
-101546.617     6.075    -0.89    0.98
-101175.713     6.033    -0.11    0.90
-100804.748     6.267     0.63    0.97
-100433.723     6.759     1.33    0.99
-100062.637     7.180     1.13    0.78
 -99691.490     7.446     0.72    0.64
 -99320.282     7.433    -0.04    0.59
 -98949.014     7.291    -0.38    0.58
 -98577.684     7.056    -0.63    0.47
 -98206.294     6.996    -0.16    0.40
 -97834.842     7.385     1.05    0.72
 -97463.330     7.798     1.11    0.79
 -97091.757     8.141     0.92    0.59
 -96720.122     8.265     0.33    0.52
 -96348.427     8.261    -0.01    0.52
 -95976.671     8.171    -0.24    0.50
 -95604.853     8.138    -0.09    0.56
 -95232.974     8.153     0.04    0.60
 -94861.035     8.479     0.88    0.77
 -94489.033     8.701     0.60    0.80
 -94116.971     8.943     0.65    0.72
 -93744.847     9.060     0.31    0.65
 -93372.663     9.312     0.68    0.62
 -93000.416     9.671     0.97    0.71
 -92628.109     9.891     0.59    0.80
 -92255.740    10.000     0.29    0.88
 -91883.309     9.863    -0.37    0.93
 -91510.817     9.546    -0.85    0.88
 -91138.264     9.225    -0.86    0.80
 -90765.649     8.649    -1.55    0.75
 -90392.973     7.838    -2.18    1.26
 -90020.235     7.238    -1.61    1.34
 -89647.435     7.020    -0.59    1.21
 -89274.574     7.233     0.57    1.32
 -88901.651     8.085     2.28    1.28
 -88528.666     9.078     2.66    0.84
 -88155.620     9.684     1.62    0.82
 -87782.512    10.127     1.19    0.67
 -87409.342    10.351     0.60    0.53
 -87036.110    10.478     0.34    0.51
 -86662.816    10.500     0.06    0.53
 -86289.461    10.569     0.18    0.57
 -85916.044    10.630     0.16    0.59
 -85542.564    10.724     0.25    0.70
 -85169.023    10.787     0.17    0.82
 -84795.419    11.072     0.76    1.17
 -84421.754    11.627     1.49    1.75
 -84048.027    13.003     3.68    2.88
 -83674.237    14.305     3.48    2.83
 -83300.385    14.547     0.65    2.55
 -82926.471    14.131    -1.11    2.30
 -82552.495    13.133    -2.67    1.68
 -82178.457    12.527    -1.62    0.95
 -81804.356    12.526    -0.00    0.75
 -81430.193    12.701     0.47    0.65
 -81055.968    12.983     0.75    1.21
 -80681.681    14.027     2.79    2.75
 -80307.331    15.125     2.93    3.46
 -79932.918    15.963     2.24    3.46
 -79558.443    15.613    -0.93    2.89
 -79183.906    14.971    -1.71    2.08
 -78809.306    14.543    -1.14    1.27
 -78434.644    14.101    -1.18    0.70
 -78059.919    13.945    -0.42    0.56
 -77685.131    13.970     0.07    0.50
 -77310.281    14.072     0.27    0.54
 -76935.368    14.176     0.28    0.55
 -76560.392    14.357     0.48    0.53
 -76185.354    14.141    -0.58    0.82
 -75810.253    13.667    -1.26    1.16
 -75435.089    13.176    -1.31    1.11
 -75059.862    12.720    -1.22    0.95
 -74684.573    12.351    -0.98    0.77
 -74309.220    12.180    -0.46    0.74
 -73933.805    11.625    -1.48    0.93
 -73558.326    11.305    -0.85    0.91
 -73182.785    10.774    -1.41    0.83
 -72807.180    10.276    -1.32    0.67
 -72431.513    10.192    -0.22    0.68
 -72055.782     9.921    -0.72    0.69
 -71679.988     9.787    -0.36    0.75
 -71304.131     9.649    -0.37    0.75
 -70928.211     9.601    -0.13    0.78
 -70552.228     9.747     0.39    0.85
 -70176.182     9.785     0.10    0.91
 -69800.072     9.695    -0.24    0.97
 -69423.899     9.617    -0.21    0.87
 -69047.662     9.518    -0.26    0.84
 -68671.362     9.588     0.19    0.77
 -68294.999     9.594     0.02    0.71
 -67918.572     9.614     0.05    0.76
 -67542.082     9.569    -0.12    0.71
 -67165.528     9.435    -0.35    0.71
 -66788.911     9.630     0.52    1.06
 -66412.230     9.662     0.09    1.11
 -66035.486     9.813     0.40    1.07
 -65658.678     9.838     0.07    1.19
 -65281.806     9.463    -0.99    1.07
 -64904.870     9.071    -1.04    0.86
 -64527.871     8.813    -0.68    0.75
 -64150.808     8.548    -0.70    0.86
 -63773.681     8.193    -0.94    1.02
 -63396.491     6.825    -3.63    2.68
 -63019.236     4.428    -6.35    4.00
 -62641.918     1.979    -6.49    3.66
 -62264.535     0.220    -4.66    2.17
 -61887.089    -0.491    -1.88    1.32
 -61509.579    -0.583    -0.24    1.42
 -61132.004    -0.580     0.01    1.10
 -60754.366    -0.762    -0.48    0.87
 -60376.664    -0.859    -0.26    0.73
 -59998.897    -0.861    -0.00    0.83
 -59621.066    -1.162    -0.80    1.25
 -59243.171    -1.217    -0.14    1.27
 -58865.212    -0.871     0.92    1.65
 -58487.188    -0.562     0.82    1.45
 -58109.101    -0.350     0.56    1.36
 -57730.948    -0.359    -0.03    1.39
 -57352.732    -0.733    -0.99    0.95
 -56974.451     0.120     2.26    2.24
 -56596.106     1.479     3.59    2.85
 -56217.696     3.202     4.55    2.74
 -55839.222     4.575     3.63    1.25
 -55460.683     4.787     0.56    0.64
 -55082.079     4.578    -0.55    0.58
 -54703.411     4.471    -0.28    0.49
 -54324.679     4.509     0.10    0.47
 -53945.881     4.415    -0.25    0.50
 -53567.019     4.246    -0.45    0.49
 -53188.093     4.046    -0.53    0.41
 -52809.101     3.838    -0.55    0.00
 -52430.045     3.812    -0.07    0.16
 -52050.924     3.552    -0.69    0.45
 -51671.738     3.267    -0.75    0.55
 -51292.487     2.900    -0.97    0.58
 -50913.171     2.568    -0.88    0.50
 -50533.791     2.376    -0.50    0.50
 -50154.345     2.235    -0.37    0.49
 -49774.834     2.033    -0.53    0.40
 -49395.258     1.892    -0.37    0.23
 -49015.617     1.710    -0.48    0.44
 -48635.911     1.345    -0.96    0.83
 -48259.999     1.015    -0.88    0.96
 -47892.753     0.627    -1.06    0.96
 -47525.447     0.332    -0.81    0.85
 -47158.079     0.048    -0.77    0.60
 -46790.652    -0.149    -0.54    0.11
 -46423.164    -0.162    -0.04    0.00
 -46055.615    -0.162     0.00    0.00
 -45688.005    -0.162     0.00    0.00
 -45320.335    -0.162     0.00    0.00
 -44952.605    -0.037     0.34    0.63
 -44584.813     0.225     0.71    1.16
 -44216.961     0.419     0.53    1.46
 -43849.048     0.522     0.28    1.56
 -43481.075     0.851     0.89    1.97
 -43113.040     1.098     0.67    2.25
 -42744.945     1.351     0.69    2.48
 -42376.789     1.763     1.12    2.65
 -42008.572     2.167     1.10    2.76
 -41640.294     2.700     1.45    2.90
 -41271.955     3.649     2.57    3.47
 -40903.555     9.030    14.61   12.66
 -40535.094    20.371    30.78   25.58
 -40166.572    43.267    62.13   38.85
 -39797.989    63.771    55.63   37.31
 -39429.345    81.471    48.01   26.55
 -39060.639    93.051    31.41    9.54
 -38691.873    94.038     2.68    6.55
 -38323.045    92.611    -3.87    6.42
 -37954.156    89.556    -8.28    6.93
 -37585.205    84.461   -13.81    9.35
 -37216.194    77.539   -18.76    9.67
 -36847.121    71.578   -16.15    9.14
 -36477.986    66.735   -13.12    8.49
 -36108.791    63.272    -9.38    8.28
 -35739.534    61.125    -5.81    8.19
 -35370.215    58.759    -6.41    8.01
 -35000.835    56.569    -5.93    8.08
 -34631.393    53.235    -9.02    8.42
 -34261.890    48.116   -13.85    8.56
 -33892.325    44.901    -8.70    7.80
 -33522.699    44.630    -0.73    8.43
 -33153.011    46.759     5.76   10.05
 -32783.261    51.294    12.26    9.73
 -32413.450    52.734     3.89    8.66
 -32043.577    52.176    -1.51    8.44
 -31673.642    52.107    -0.18    8.25
 -31303.645    53.053     2.56    8.16
 -30933.586    55.538     6.71    6.91
 -30563.466    58.825     8.88    2.14
 -30193.284    59.124     0.81    2.38
 -29823.039    58.376    -2.02    3.97
 -29452.733    57.956    -1.13    3.94
 -29082.365    59.072     3.01    4.72
 -28711.935    61.243     5.86    6.45
 -28341.442    65.370    11.14    7.31
 -27970.888    69.363    10.78    6.20
 -27600.272    71.357     5.38    4.12
 -27229.593    70.171    -3.20    5.06
 -26858.852    66.171   -10.79    6.15
 -26488.049    62.189   -10.74    5.51
 -26117.184    59.085    -8.37    4.13
 -25746.256    57.788    -3.50    2.95
 -25375.266    57.762    -0.07    2.25
 -25004.214    58.281     1.40    1.61
 -24633.100    58.864     1.57    1.34
 -24261.923    58.955     0.24    1.28
 -23890.683    58.250    -1.90    1.53
 -23519.381    57.364    -2.39    1.75
 -23148.017    55.994    -3.69    1.97
 -22776.590    53.927    -5.57    3.22
 -22405.101    51.509    -6.51    4.30
 -22033.549    48.889    -7.05    4.61
 -21661.934    45.965    -7.87    4.38
 -21290.257    43.838    -5.72    4.15
 -20918.517    41.625    -5.95    4.98
 -20546.714    40.404    -3.29    5.72
 -20174.848    39.594    -2.18    5.10
 -19802.920    37.479    -5.69    6.94
 -19430.929    29.569   -21.26   14.80
 -19058.875    20.098   -25.46   17.56
 -18686.758     9.281   -29.07   14.21
 -18314.578     2.035   -19.47    6.22
 -17942.336    -0.137    -5.84    0.16
 -17570.030    -0.015     0.33    0.36
 -17197.661     0.167     0.49    0.47
 -16825.230     0.294     0.34    0.50
 -16452.735     0.610     0.85    0.60
 -16080.177     1.065     1.22    1.02
 -15707.556     1.638     1.54    1.75
 -15334.872     2.473     2.24    2.38
 -14962.124     3.138     1.78    2.72
 -14589.314     3.919     2.10    2.92
 -14216.440     4.903     2.64    2.54
 -13843.502     5.478     1.54    2.35
 -13470.502     6.356     2.36    1.69
 -13097.438     6.892     1.44    1.11
 -12724.311     7.307     1.11    0.57
 -12351.120     7.473     0.44    0.48
 -11977.866     7.588     0.31    0.44
 -11604.548     7.674     0.23    0.37
 -11231.166     7.760     0.23    0.27
 -10857.722     7.771     0.03    0.25
 -10484.213     7.800     0.08    0.19
 -10110.641     7.798    -0.01    0.20
  -9737.005     7.800     0.01    0.19
  -9363.306     7.798    -0.01    0.20
  -8989.543     7.774    -0.07    0.25
  -8615.716     7.775     0.00    0.29
  -8241.825     7.738    -0.10    0.30
  -7867.871     7.671    -0.18    0.38
  -7493.852     7.610    -0.16    0.42
  -7119.770     7.509    -0.27    0.47
  -6745.624     7.466    -0.11    0.49
  -6371.414     7.402    -0.17    0.50
  -5997.139     7.350    -0.14    0.50
  -5622.801     7.238    -0.30    0.49
  -5248.399     7.056    -0.49    0.50
  -4873.933     6.762    -0.78    0.55
  -4499.402     6.556    -0.55    0.56
  -4124.808     6.363    -0.52    0.76
  -3750.149     6.272    -0.24    0.87
  -3375.426     6.205    -0.18    0.92
  -3000.638     6.167    -0.10    1.09
  -2625.787     5.688    -1.28    1.63
  -2250.871     4.891    -2.12    2.12
  -1875.891     3.775    -2.98    2.41
  -1500.846     2.514    -3.36    2.08
  -1125.737     1.488    -2.73    1.72
   -750.563     0.771    -1.91    1.22
   -375.325     0.461    -0.83    0.95
     -0.023     0.198    -0.70    0.65
    375.344     0.163    -0.09    0.55
    750.776     0.141    -0.06    0.46
   1126.272     0.125    -0.04    0.46
   1501.833     0.062    -0.17    0.42
   1877.459     0.235     0.46    1.32
   2253.149     2.116     5.01    5.45
   2628.904     6.163    10.77    9.80
   3004.724    11.800    15.00   13.59
   3380.609    18.202    17.03   15.10
   3756.559    26.889    23.11   15.37
   4132.573    33.979    18.86   14.18
   4508.653    41.697    20.52   12.09
   4884.797    46.775    13.50   11.29
   5261.007    51.357    12.18   11.13
   5637.281    54.022     7.08   12.17
   6013.621    54.038     0.04   13.98
   6390.025    52.162    -4.98   15.55
   6766.495    50.625    -4.08   13.94
   7143.030    50.048    -1.53   11.31
   7519.630    51.267     3.23    9.08
   7896.296    54.851     9.52    7.36
   8273.026    56.600     4.64    6.12
   8649.822    54.877    -4.57    7.82
   9026.683    47.588   -19.34   12.06
   9403.610    39.838   -20.56   12.63
   9780.602    36.338    -9.28   12.14
  10157.660    35.542    -2.11   11.83
  10534.783    36.363     2.18   11.47
  10911.971    35.889    -1.26    8.95
  11289.225    38.280     6.34   12.56
  11666.545    45.078    18.02   17.03
  12043.930    51.020    15.74   17.54
  12421.381    55.977    13.13   16.04
  12798.897    57.033     2.80   14.75
  13176.480    60.675     9.65   13.40
  13554.128    65.622    13.10   11.05
  13931.841    68.406     7.37    9.09
  14309.621    65.676    -7.23   13.33
  14687.466    61.800   -10.26   13.19
  15065.378    64.357     6.76   13.28
  15443.355    66.876     6.66   12.64
  15821.398    68.325     3.83   10.19
  16199.507    67.218    -2.93   10.11
  16577.683    65.942    -3.37   10.03
  16955.924    66.107     0.44   10.16
  17334.231    68.500     6.33    9.08
  17712.605    69.180     1.80    8.10
  18091.045    68.925    -0.67    7.64
  18469.551    69.220     0.78    6.87
  18848.123    68.013    -3.19    6.70
  19226.761    66.189    -4.82    7.35
  19605.466    63.245    -7.77    7.88
  19984.237    62.733    -1.35    8.60
  20363.074    65.458     7.19    8.73
  20741.978    69.220     9.93    8.29
  21120.948    72.413     8.43    5.94
  21499.985    69.929    -6.55    9.22
  21879.088    64.914   -13.23   11.06
  22258.258    59.900   -13.22    9.63
  22637.495    56.813    -8.14    7.69
  23016.798    60.800    10.51    6.95
  23396.168    64.552     9.89    6.76
  23775.604    62.488    -5.44    8.41
  24155.107    56.473   -15.85   13.16
  24534.677    48.603   -20.73   12.86
  24914.314    44.233   -11.51    7.71
  25294.017    47.888     9.63    8.68
  25673.788    53.233    14.07    6.46
  26053.625    56.700     9.13    3.15
  26433.150    60.539    10.11    7.01
  26800.202    65.041    12.26    9.03
  27167.315    71.129    16.59    7.34
  27534.490    74.025     7.89    3.79
  27901.727    71.351    -7.28    7.26
  28269.027    63.550   -21.24   12.54
  28636.388    52.627   -29.73   14.54
  29003.811    41.663   -29.84   13.29
  29371.297    31.298   -28.20    8.71
  29738.845    23.825   -20.33    7.16
  30106.454    17.706   -16.64    6.00
  30474.127    13.688   -10.93    5.01
  30841.861    10.706    -8.11    2.93
  31209.658     9.591    -3.03    2.21
  31577.517     9.745     0.42    2.69
  31945.438    13.471    10.13    7.55
  32313.422    18.072    12.50    9.48
  32681.469    22.700    12.58    8.93
  33049.577    27.033    11.77    6.07
  33417.749    29.313     6.19    3.59
  33785.982    30.565     3.40    2.08
  34154.279    31.563     2.71    1.53
  34522.638    32.218     1.78    2.16
  34891.059    32.888     1.82    2.67
  35259.543    33.695     2.19    3.00
  35628.090    34.700     2.73    3.32
  35996.700    35.408     1.92    3.59
  36365.372    36.288     2.39    4.14
  36734.107    37.023     1.99    4.16
  37102.905    37.764     2.01    4.55
  37471.766    37.646    -0.32    5.02
  37840.690    36.591    -2.86    5.42
  38209.676    35.167    -3.86    5.18
  38578.726    33.300    -5.06    4.27
  38947.838    32.122    -3.19    3.93
  39317.014    33.509     3.76    7.59
  39686.252    35.180     4.53   10.09
  40055.554    36.158     2.65   11.83
  40424.919    33.927    -6.04   11.92
  40794.347    29.913   -10.86   10.69
  41163.838    26.961    -7.99    7.44
  41533.392    26.479    -1.31    6.04
  41903.010    26.600     0.33    5.64
  42272.690    28.120     4.11    5.47
  42642.434    29.788     4.51    6.43
  43012.242    30.965     3.18    7.43
  43382.113    32.350     3.75    7.85
  43752.047    34.914     6.93    8.43
  44122.045    38.525     9.76    9.38
  44492.106    44.601    16.42    8.87
  44862.230    49.425    13.03    7.44
  45232.418    51.876     6.62    7.98
  45602.670    54.184     6.23    7.66
  45972.985    54.711     1.43    7.59
  46343.364    53.113    -4.32    6.47
  46713.807    51.487    -4.39    5.67
  47084.313    50.538    -2.56    3.73
  47454.883    48.723    -4.90    5.34
  47825.517    46.653    -5.58    7.34
  48196.215    42.903   -10.12    8.06
  48566.976    41.875    -2.77    7.46
  48937.802    43.131     3.39    6.69
  49308.691    44.082     2.56    5.34
  49679.644    45.189     2.98    5.22
  50050.661    44.585    -1.63    5.41
  50421.742    42.338    -6.06    6.10
  50792.887    39.213    -8.42    6.33
  51164.096    36.185    -8.16    5.49
  51535.370    35.350    -2.25    6.11
  51906.707    36.981     4.39    8.70
  52278.109    38.088     2.98    9.94
  52649.575    38.491     1.09   10.12
  53021.105    36.875    -4.35    9.66
  53392.699    34.238    -7.10    8.08
  53764.357    32.972    -3.41    5.56
  54136.080    32.357    -1.65    3.83
  54507.868    34.438     5.60    5.10
  54879.719    36.878     6.56    5.68
  55251.635    38.213     3.59    5.84
  55623.616    38.877     1.79    5.35
  55995.661    39.484     1.63    4.95
  56367.771    40.357     2.35    4.41
  56739.945    41.863     4.04    4.55
  57112.184    43.509     4.42    4.08
  57484.487    44.475     2.60    3.89
  57856.855    45.812     3.59    4.29
  58229.288    47.727     5.14    5.75
  58601.786    51.357     9.75    8.11
  58974.348    55.400    10.85    9.98
  59346.975    59.111     9.96   11.32
  59719.667    61.438     6.24   13.13
  60092.424    65.471    10.82   13.72
  60465.246    70.789    14.26   15.02
  60838.133    79.091    22.27   15.58
  61211.084    85.925    18.33   14.88
  61584.101    91.901    16.02    9.68
  61957.183    89.425    -6.64   12.30
  62330.329    86.078    -8.97   14.82
  62703.541    82.653    -9.18   14.91
  63076.818    79.588    -8.21   15.78
  63450.161    75.475   -11.02   17.02
  63823.568    70.825   -12.45   15.21
  64197.041    64.965   -15.69   14.01
  64570.579    63.616    -3.61   14.02
  64944.182    62.937    -1.82   14.54
  65317.851    63.752     2.18   15.73
  65691.585    63.990     0.64   16.63
  66065.384    63.585    -1.08   17.07
  66439.249    61.036    -6.82   16.95
  66813.180    56.616   -11.82   14.86
  67187.176    54.468    -5.74   13.05
  67561.237    51.175    -8.80   10.51
  67935.365    46.633   -12.14    9.71
  68309.557    37.800   -23.61   12.65
  68683.816    33.711   -10.93   11.20
  69058.140    35.826     5.65   13.82
  69432.530    44.142    22.21   17.81
  69806.985    57.800    36.48   14.07
  70181.507    66.046    22.02   11.65
  70556.094    68.122     5.54   11.19
  70930.747    63.448   -12.48   14.23
  71305.466    60.113    -8.90   14.27
  71680.251    61.371     3.36   15.47
  72055.102    68.517    19.06   16.62
  72430.019    77.730    24.57   13.35
  72805.002    83.418    15.17    9.36
  73180.051    86.248     7.55    6.31
  73555.167    85.184    -2.84    8.10
  73930.348    82.345    -7.57    9.76
  74305.596    79.700    -7.05    9.14
  74680.910    76.812    -7.70    9.55
  75056.290    79.344     6.75   10.01
  75431.736    80.977     4.35   10.08
  75807.249    80.418    -1.49    8.57
  76182.828    81.812     3.71    7.56
  76558.473    83.752     5.16    7.35
  76934.185    87.463     9.88    5.48
  77309.964    87.369    -0.25    5.85
  77685.808    84.690    -7.13    7.61
  78061.720    81.775    -7.76    9.52
  78437.698    78.167    -9.60    9.81
  78813.743    72.913   -13.97   11.12
  79189.854    71.073    -4.89   11.32
  79566.032    75.238    11.07   13.25
  79942.276    80.245    13.31   14.28
  80318.588    85.300    13.43   10.78
  80694.966    86.221     2.45   11.50
  81071.411    81.594   -12.29   14.47
  81447.923    72.171   -25.03   18.09
  81824.502    65.158   -18.63   15.88
  82201.148    67.375     5.89   16.25
  82577.860    74.473    18.84   19.15
  82954.640    83.134    22.99   14.19
  83331.487    87.656    12.00    9.14
  83708.401    80.728   -18.38   14.90
  84085.382    72.111   -22.86   15.43
  84462.430    70.513    -4.24   14.72
  84839.545    69.319    -3.17   14.52
  85216.728    72.628     8.77   11.42
  85593.977    74.949     6.15   10.95
  85971.294    77.522     6.82   12.49
  86348.679    84.475    18.43    9.08
  86726.131    83.579    -2.38   11.38
  87103.650    77.591   -15.86   14.56
  87481.236    74.238    -8.88   12.53
  87858.891    75.332     2.90   11.50
  88236.612    79.734    11.66   10.36
  88614.401    79.716    -0.05    9.57
  88992.258    74.786   -13.05   12.37
  89370.182    68.677   -16.16   12.74
  89748.174    59.522   -24.22   10.90
  90126.234    51.033   -22.46   13.20
  90504.362    46.180   -12.84   10.74
  90882.557    44.946    -3.26    9.11
  91260.820    47.015     5.47    7.55
  91639.151    48.480     3.87    7.05
  92017.549    48.171    -0.82    7.27
  92396.016    48.863     1.83    7.60
  92774.550    47.033    -4.83    8.13
  93153.153    46.073    -2.54    8.08
  93531.824    46.289     0.57    8.18
  93910.562    49.927     9.60   10.76
  94289.369    60.776    28.64   16.92
  94668.244    67.863    18.71   16.46
  95047.187    78.862    29.03   14.25
  95426.198    88.641    25.80   14.00
  95805.278    98.167    25.13   15.04
  96184.425   103.518    14.11   13.99
  96563.641   108.667    13.58   12.84
  96942.926   114.673    15.84   12.38
  97322.279   115.221     1.44   11.87
  97701.700   115.338     0.31    9.92
  98081.190   114.147    -3.14   10.45
  98460.748   110.899    -8.56   11.90
  98840.375   110.850    -0.13   11.67
  99220.070   112.472     4.27   11.34
  99599.834   112.370    -0.27    9.46
  99979.667   111.319    -2.77    9.24
 100359.568   106.446   -12.83   13.65
 100739.538   100.440   -15.81   15.98
 101119.577   100.088    -0.93   16.35
 101489.826   103.594     9.47   13.51
 101856.742   106.127     6.91   11.76
 102223.720   103.094    -8.27   13.78
 102590.762    98.318   -13.01   13.80
 102957.868    92.628   -15.50   13.91
 103325.038    88.992    -9.90   14.16
 103692.271    82.529   -17.60   17.52
 104059.567    79.406    -8.50   17.06
 104426.928    80.667     3.43   16.16
 104794.352    82.591     5.24   14.51
 105161.840    91.288    23.67   13.42
 105529.392    98.270    19.00   13.98
 105897.007   105.570    19.86   14.75
 106264.687   110.640    13.79   10.42
 106632.431   110.455    -0.50   11.24
 107000.238   109.188    -3.45   13.46
 107368.109   106.159    -8.23   14.80
 107736.045   103.923    -6.08   17.03
 108104.044   102.572    -3.67   17.16
 108472.108   104.110     4.18   14.72
 108840.236   101.069    -8.26   15.76
 109208.427    95.606   -14.84   17.14
 109576.684    88.357   -19.69   16.63
 109945.004    78.898   -25.68   16.41
 110313.388    74.020   -13.24   14.53
 110681.837    71.509    -6.82   14.80
 111050.350    72.917     3.82   15.79
 111418.928    84.088    30.31   21.08
 111787.570    97.189    35.54   21.80
 112156.276   109.387    33.09   13.82
 112525.047   114.428    13.67   11.12
 112893.882   114.887     1.24   12.59
 113262.782   113.268    -4.39   13.16
 113631.746   105.838   -20.14   14.03
 114000.775   100.275   -15.07   12.55
 114369.869    96.122   -11.25   12.25
 114739.027    92.375   -10.15   13.25
 115108.250    89.631    -7.43   15.42
 115477.538    87.221    -6.53   14.90
 115846.890    83.418   -10.30   12.86
 116216.308    81.813    -4.35   13.38
 116585.790    80.253    -4.22   13.82
 116955.337    77.097    -8.54    9.94
 117324.949    77.460     0.98    8.61
 117694.626    79.450     5.39    9.73
 118064.367    85.295    15.81   11.04
 118434.174    89.082    10.24   12.37
 118804.046    97.118    21.73   12.70
 119173.983   103.874    18.26   12.64
 119543.985   110.332    17.45   10.58
 119914.052   114.452    11.14    8.56
 120284.185   116.225     4.79   11.02
 120654.382   116.826     1.62   10.70
 121024.645   116.060    -2.07   11.75
 121394.973   115.480    -1.57   11.67
 121765.367   117.075     4.31   13.28
 122135.825   123.685    17.84   14.88
 122506.349   132.554    23.94    7.37
 122876.939   134.369     4.90    5.52
 123247.594   134.050    -0.86    4.46
 123618.315   131.302    -7.41    5.43
 123989.101   129.078    -6.00    5.22
 124359.952   129.233     0.42    5.26
 124730.870   130.812     4.26    5.69
 125101.853   134.436     9.77    4.92
 125472.901   136.357     5.18    4.68
 125844.015   134.386    -5.31    6.98
 126215.195   129.787   -12.39    8.95
 126586.441   123.640   -16.56   10.40
 126957.753   119.158   -12.07    8.59
 127329.130   118.005    -3.11    8.61
 127700.573   117.927    -0.21    9.05
 128072.083   120.097     5.84    9.62
 128443.658   122.760     7.17    8.00
 128815.299   120.409    -6.33   10.26
 129187.006   119.059    -3.63   10.76
 129558.779   117.777    -3.45   11.98
 129930.619   115.785    -5.36   13.94
 130302.524   114.875    -2.45   15.08
 130674.496   111.928    -7.92   14.20
 131046.533   108.179   -10.08   13.04
 131418.637   106.417    -4.74   12.59
 131790.808   108.765     6.31   14.37
 132163.044   107.318    -3.89   15.33
 132535.347   108.183     2.32   15.66
 132907.716   111.280     8.32   18.89
 133280.152   118.356    19.00   23.16
 133652.654   128.357    26.85   17.81
 134025.223   132.826    12.00   13.65
 134397.858   133.513     1.84   10.62
 134770.560   132.033    -3.97    7.63
 135143.328   131.800    -0.63    5.15
 135516.163   130.778    -2.74    4.46
 135889.064   130.146    -1.70    4.28
 136262.033   128.143    -5.37    5.72
 136635.068   126.825    -3.53    9.15
 137008.169   125.436    -3.72   10.66
 137381.338   119.941   -14.73   13.71
 137754.573   118.552    -3.72   14.39
 138127.875   121.813     8.73   14.49
 138501.245   128.110    16.87   15.76
 138874.681   140.522    33.24   13.23
 139248.184   147.356    18.30    8.01
 139621.754   150.400     8.15    5.07
 139995.391   148.221    -5.83    7.32
 140369.095   142.468   -15.40    9.39
 140742.867   139.756    -7.26    9.87
 141116.705   137.752    -5.36   10.65
 141490.611   137.752     0.00   11.71
 141864.584   138.167     1.11   10.79
 142238.624   135.163    -8.03   13.39
 142612.732   128.050   -19.01   19.58
 142986.907   119.033   -24.10   22.79
 143361.149   111.394   -20.42   23.82
 143735.459   111.386    -0.02   25.44
 144109.836   114.789     9.09   28.50
 144484.281   127.045    32.74   26.78
 144858.793   133.887    18.27   23.27
 145233.373   136.621     7.30   20.06
 145608.020   140.082     9.24   13.48
 145982.735   140.862     2.08   11.25
 146357.518   140.704    -0.42   10.70
 146732.368   143.591     7.70    9.21
 147107.286   141.033    -6.82   10.77
 147482.272   138.557    -6.60   13.74
 147857.326   137.707    -2.27   14.27
 148232.447   134.923    -7.42   13.80
 148607.637   130.600   -11.52   16.58
 148982.894   125.635   -13.23   17.81
 149358.220   120.585   -13.46   17.31
 149733.613   122.788     5.87   16.61
 150109.074   121.381    -3.75   17.01
 150484.604   120.538    -2.25   16.10
 150860.202   114.732   -15.46   17.58
 151235.867   107.952   -18.05   17.31
 151611.601    97.423   -28.02   21.67
 151987.403    86.604   -28.79   19.95
 152363.274    78.567   -21.38   19.60
 152739.213    68.928   -25.64   16.27
 153115.220    60.248   -23.09   15.58
 153491.295    52.565   -20.43    9.13
 153867.439    50.544    -5.37    5.35
 154243.651    51.041     1.32    4.72
 154619.932    52.258     3.24    4.09
 154996.282    52.563     0.81    3.26
 155372.700    52.268    -0.78    3.80
 155749.186    54.369     5.58    8.21
 156125.741    58.048     9.77   12.51
 156502.365    66.021    21.17   16.07
 156879.058    74.204    21.73   17.28
 157255.819    79.314    13.56   16.61
 157632.649    84.862    14.73   18.12
 158009.548    98.497    36.18   20.66
 158386.516   107.936    25.04   22.32
 158763.552   115.356    19.68   19.26
 159140.658   120.295    13.10   16.89
 159517.833   123.570     8.68   14.98
 159895.076   125.208     4.34   11.81
 160272.389   129.803    12.18   10.23
 160649.771   129.388    -1.10   10.68
 161027.222   125.192   -11.12    9.49
 161404.742   122.851    -6.20    8.89
 161782.331   123.567     1.90    7.34
 162159.989   122.994    -1.52    8.26
 162537.717   120.946    -5.42   10.16
 162915.514   117.325    -9.59   12.81
 163293.381   112.685   -12.28   12.19
 163671.317   109.463    -8.53    9.96
 164049.322   108.677    -2.08    8.65
 164427.397   109.151     1.25    9.62
 164805.541   109.814     1.75   10.00
 165183.755   107.423    -6.32   12.78
 165562.038   101.850   -14.74   15.78
 165940.391    96.521   -14.09   16.28
 166318.814    90.204   -16.70   15.46
 166697.306    80.211   -26.40   17.37
 167075.869    71.314   -23.51   17.33
 167454.501    65.616   -15.05   12.83
 167833.202    67.764     5.67   15.71
 168211.974    77.673    26.17   20.07
 168590.815    87.313    25.45   18.46
 168969.727    89.993     7.07   20.70
 169348.708    92.223     5.88   22.42
 169727.760    90.073    -5.67   24.03
 170106.881    88.197    -4.95   23.84
 170486.073    88.484     0.76   23.22
 170865.334    87.159    -3.50   21.91
 171244.666    88.238     2.84   19.25
 171624.068    88.221    -0.05   20.61
 172003.541    88.753     1.40   21.76
 172383.083    89.009     0.67   22.75
 172762.696    90.131     2.96   21.56
 173142.379    89.671    -1.21   21.47
 173522.133    95.284    14.78   22.76
 173901.957    98.910     9.55   24.43
 174281.852   100.575     4.38   23.83
 174661.817    99.426    -3.03   22.59
 175041.852    98.684    -1.95   19.89
 175421.959   102.669    10.49   17.79
 175802.136   104.146     3.88   17.50
 176176.281   109.167    13.42   16.66
 176542.993   114.056    13.33   17.52
 176909.769   117.440     9.23   14.78
 177276.610   119.582     5.84   16.18
 177643.517   120.497     2.49   17.35
 178010.489   120.675     0.49   18.01
 178377.526   121.911     3.37   15.68
 178744.628   120.925    -2.69   17.33
 179111.796   120.207    -1.96   17.72
 179479.029   118.481    -4.70   18.59
 179846.327   120.147     4.54   20.55
 180213.691   119.155    -2.70   19.77
 180581.120   117.929    -3.34   17.55
 180948.615   116.067    -5.07   15.80
