-216688.202    63.910     0.00    3.20
-216317.681    64.396     1.31    2.43
-215947.102    63.468    -2.50    2.76
-215576.465    62.157    -3.54    3.28
-215205.771    60.547    -4.34    3.63
-214835.020    59.517    -2.78    4.14
-214464.210    58.640    -2.37    4.98
-214093.343    58.469    -0.46    6.02
-213722.418    58.419    -0.13    7.56
-213351.436    55.699    -7.33    8.63
-212980.395    55.466    -0.63    8.55
-212609.297    55.689     0.60    7.94
-212238.141    55.664    -0.07    7.09
-211866.927    58.635     8.00    5.90
-211495.656    61.165     6.81    4.39
-211124.326    62.559     3.75    4.45
-210752.939    64.565     5.40    3.91
-210381.493    66.856     6.17    2.51
-210009.990    68.045     3.20    1.76
-209638.428    68.194     0.40    1.66
-209266.809    67.491    -1.89    2.68
-208895.131    67.424    -0.18    2.74
-208523.395    67.937     1.38    2.63
-208151.601    69.352     3.80    3.12
-207779.749    70.451     2.95    2.97
-207407.839    71.127     1.82    2.53
-207035.871    70.802    -0.87    2.70
-206663.844    70.137    -1.79    2.69
-206291.759    69.443    -1.87    2.37
-205919.616    69.598     0.42    2.33
-205547.414    70.018     1.13    2.41
-205175.154    69.925    -0.25    2.60
-204802.836    69.732    -0.52    2.55
-204430.459    69.275    -1.23    2.20
-204058.024    69.150    -0.34    1.50
-203685.531    69.245     0.26    1.13
-203312.978    69.444     0.53    1.16
-202940.368    69.352    -0.25    1.18
-202567.699    69.351    -0.00    1.06
-202194.971    69.352     0.00    0.89
-201822.184    69.446     0.25    0.71
-201449.339    69.275    -0.46    0.90
-201076.436    69.004    -0.73    1.32
-200703.473    69.018     0.04    1.60
-200330.452    68.977    -0.11    1.72
-199957.373    68.991     0.04    1.72
-199584.234    69.183     0.51    1.67
-199211.036    68.978    -0.55    1.68
-198837.780    68.744    -0.63    1.64
-198464.465    68.545    -0.53    1.51
-198091.091    68.086    -1.23    1.38
-197717.658    67.361    -1.94    1.44
-197344.166    66.216    -3.06    1.75
-196970.615    65.279    -2.51    1.75
-196597.006    65.084    -0.52    1.88
-196223.337    64.731    -0.95    2.31
-195849.609    63.598    -3.03    3.34
-195475.822    62.717    -2.36    3.95
-195101.976    62.361    -0.95    3.73
-194728.070    62.851     1.31    4.13
-194354.106    63.897     2.80    3.78
-193980.082    65.115     3.26    3.09
-193605.999    65.899     2.09    3.35
-193231.857    66.210     0.83    3.06
-192857.656    65.624    -1.57    4.13
-192483.395    64.785    -2.24    4.97
-192109.075    62.914    -5.00    5.57
-191734.695    61.248    -4.45    5.29
-191360.256    60.885    -0.97    5.53
-190985.758    61.478     1.58    5.91
-190611.200    62.870     3.72    5.88
-190236.583    62.445    -1.13    6.68
-189861.906    60.208    -5.97    7.74
-189487.169    58.397    -4.83    7.32
-189112.374    56.347    -5.47    6.82
-188737.518    54.370    -5.27    6.39
-188362.603    54.803     1.16    7.17
-187987.628    55.179     1.00    7.46
-187612.593    55.532     0.94    7.47
-187237.499    57.285     4.67    7.18
-186862.345    59.075     4.77    6.43
-186487.131    60.792     4.58    4.54
-186111.857    61.903     2.96    3.51
-185736.524    61.748    -0.41    3.14
-185361.131    62.361     1.63    3.00
-184985.677    63.339     2.60    2.99
-184610.164    64.018     1.81    2.80
-184234.591    63.885    -0.35    2.55
-183858.958    63.459    -1.14    3.56
-183483.265    63.397    -0.16    3.82
-183107.511    63.216    -0.48    4.07
-182731.698    63.416     0.53    4.52
-182355.825    62.577    -2.23    5.28
-181979.891    60.142    -6.48    6.79
-181603.898    58.448    -4.50    6.95
-181227.844    57.421    -2.73    6.37
-180851.730    57.605     0.49    6.25
-180475.555    58.074     1.25    6.09
-180099.321    58.798     1.92    5.70
-179723.026    60.951     5.72    4.00
-179346.670    62.461     4.01    3.51
-178970.255    64.140     4.46    3.28
-178593.779    65.459     3.50    2.32
-178217.242    66.019     1.49    1.88
-177840.645    65.775    -0.65    2.05
-177463.988    65.681    -0.25    2.39
-177087.270    65.922     0.64    2.21
-176710.491    65.627    -0.78    2.67
-176333.652    65.088    -1.43    2.94
-175956.752    64.552    -1.42    2.75
-175579.792    63.875    -1.80    2.96
-175202.771    61.032    -7.54    4.96
-174825.689    59.412    -4.29    4.77
-174448.547    59.045    -0.97    4.61
-174071.344    59.484     1.16    4.99
-173694.080    60.545     2.81    4.47
-173316.755    60.748     0.54    4.64
-172939.369    60.437    -0.82    4.63
-172561.923    60.179    -0.69    4.37
-172184.416    59.843    -0.89    3.47
-171806.847    59.863     0.05    2.19
-171429.218    60.868     2.66    1.74
-171051.528    61.788     2.44    1.43
-170673.776    62.504     1.89    1.11
-170295.964    62.733     0.61    0.96
-169918.090    62.484    -0.66    1.14
-169540.156    62.032    -1.20    1.21
-169162.160    61.532    -1.32    1.41
-168784.103    61.165    -0.97    1.86
-168405.985    61.672     1.34    2.60
-168027.806    62.619     2.50    2.97
-167649.565    63.505     2.34    2.48
-167271.263    63.922     1.10    2.41
-166892.900    61.659    -5.98    3.96
-166514.475    60.361    -3.43    3.81
-166135.989    59.459    -2.38    3.62
-165757.442    58.609    -2.24    3.50
-165378.833    58.221    -1.03    3.46
-165000.162    57.470    -1.98    3.36
-164621.430    58.045     1.52    4.08
-164242.637    58.762     1.89    3.42
-163863.782    59.370     1.60    3.65
-163484.865    59.900     1.40    4.15
-163105.887    60.897     2.63    3.84
-162726.847    62.240     3.54    2.22
-162347.746    62.310     0.18    1.81
-161968.582    61.276    -2.73    2.77
-161589.357    59.921    -3.57    2.98
-161210.070    57.110    -7.41    5.29
-160830.722    53.854    -8.58    6.75
-160451.311    50.098    -9.90    7.49
-160071.839    45.419   -12.33    7.61
-159703.082    42.192    -8.75    6.15
-159335.469    40.654    -4.18    4.71
-158967.799    42.966     6.29    7.01
-158600.070    48.410    14.80    8.39
-158232.284    53.627    14.18    6.75
-157864.440    57.712    11.10    2.79
-157496.539    59.343     4.43    2.61
-157128.579    60.292     2.58    2.61
-156760.562    60.748     1.24    2.55
-156392.487    60.816     0.18    2.37
-156024.354    60.072    -2.02    2.82
-155656.163    56.592    -9.45    6.20
-155287.914    53.466    -8.49    7.02
-154919.607    51.085    -6.47    6.41
-154551.242    51.175     0.24    6.06
-154182.819    54.086     7.90    4.93
-153814.338    55.668     4.29    4.48
-153445.799    57.600     5.24    3.93
-153077.202    59.519     5.21    2.98
-152708.547    61.113     4.32    2.38
-152339.833    61.629     1.40    2.08
-151971.062    61.545    -0.23    2.07
-151602.232    60.448    -2.98    2.89
-151233.344    59.086    -3.69    3.29
-150864.397    59.085    -0.00    3.33
-150495.393    59.594     1.38    3.40
-150126.330    60.621     2.78    2.54
-149757.208    60.813     0.52    2.37
-149388.028    60.210    -1.63    2.74
-149018.790    59.087    -3.04    2.55
-148649.494    58.607    -1.30    2.22
-148280.138    58.333    -0.74    1.36
-147910.725    58.242    -0.25    1.10
-147541.253    58.181    -0.17    1.33
-147171.722    57.824    -0.96    1.56
-146802.132    57.205    -1.67    1.59
-146432.485    57.668     1.25    2.53
-146062.778    59.518     5.00    3.80
-145693.013    61.308     4.84    3.60
-145323.189    62.275     2.61    2.81
-144953.306    60.266    -5.43    4.49
-144583.365    58.179    -5.64    4.92
-144213.364    57.427    -2.03    4.57
-143843.305    56.725    -1.90    4.42
-143473.187    56.177    -1.48    5.15
-143103.011    55.165    -2.73    5.33
-142732.775    53.870    -3.50    4.36
-142362.480    53.672    -0.53    4.14
-141992.127    54.832     3.13    4.00
-141621.714    55.190     0.97    4.31
-141251.242    53.912    -3.45    4.58
-140880.712    52.203    -4.61    3.87
-140510.122    51.887    -0.85    3.24
-140139.473    52.245     0.97    3.12
-139768.765    53.192     2.55    2.90
-139397.998    53.219     0.07    3.29
-139027.172    52.370    -2.29    3.54
-138656.286    50.397    -5.32    4.00
-138285.341    47.883    -6.78    4.37
-137914.337    46.532    -3.64    4.73
-137543.274    46.085    -1.20    5.22
-137172.151    44.201    -5.08    6.00
-136800.969    41.914    -6.16    5.80
-136429.728    39.006    -7.83    4.54
-136058.427    36.627    -6.41    4.11
-135687.067    35.470    -3.11    5.21
-135315.647    36.565     2.95    6.49
-134944.167    36.977     1.11    6.71
-134572.629    33.347    -9.77   10.90
-134201.030    27.779   -14.98   12.61
-133829.372    24.572    -8.63   10.56
-133457.654    25.045     1.27   10.52
-133085.877    29.594    12.23    9.36
-132714.040    30.147     1.49    7.05
-132342.143    27.155    -8.04    4.43
-131970.187    25.482    -4.50    4.08
-131598.171    24.518    -2.59    3.35
-131226.095    25.660     3.07    3.96
-130853.959    27.199     4.13    3.74
-130481.763    28.229     2.77    3.83
-130109.507    28.173    -0.15    4.94
-129737.192    26.032    -5.75    4.62
-129364.816    25.246    -2.11    3.86
-128992.381    27.325     5.58    5.42
-128619.885    30.483     8.48    5.44
-128247.330    32.259     4.77    3.74
-127874.714    30.909    -3.62    5.08
-127502.039    27.565    -8.97    5.89
-127129.303    23.352   -11.30    4.24
-126756.507    20.941    -6.47    2.49
-126383.651    19.624    -3.53    1.99
-126010.734    19.383    -0.65    2.48
-125637.758    19.572     0.51    2.73
-125264.721    20.887     3.52    2.93
-124891.624    23.099     5.93    3.25
-124518.466    24.712     4.32    3.36
-124145.248    26.348     4.38    2.95
-123771.970    26.295    -0.14    2.90
-123398.631    25.190    -2.96    3.12
-123025.232    24.032    -3.10    3.07
-122651.772    23.073    -2.57    2.69
-122278.252    22.179    -2.39    2.77
-121904.672    21.539    -1.71    2.43
-121531.030    20.856    -1.83    2.65
-121157.328    19.445    -3.78    3.32
-120783.566    18.566    -2.35    3.90
-120409.743    18.664     0.26    4.51
-120035.859    20.546     5.03    5.75
-119661.914    23.211     7.13    5.54
-119287.909    25.254     5.46    4.05
-118913.843    25.361     0.29    3.24
-118539.716    24.657    -1.88    3.10
-118165.528    23.137    -4.06    3.56
-117791.280    22.154    -2.63    3.18
-117416.970    22.485     0.89    3.53
-117042.599    24.437     5.21    4.17
-116668.168    26.087     4.40    3.65
-116293.676    26.912     2.20    4.08
-115919.122    26.282    -1.68    4.20
-115544.508    24.772    -4.03    4.07
-115169.832    23.532    -3.31    3.83
-114795.095    22.006    -4.07    2.30
-114420.297    22.539     1.42    2.37
-114045.438    23.032     1.32    3.55
-113670.518    23.347     0.84    5.32
-113295.537    22.475    -2.33    5.93
-112920.494    21.292    -3.15    4.74
-112545.390    21.474     0.48    3.14
-112170.224    22.796     3.52    3.12
-111794.998    23.440     1.72    3.01
-111419.709    23.370    -0.19    3.16
-111044.360    22.256    -2.97    3.30
-110668.949    20.764    -3.97    3.33
-110293.476    19.979    -2.09    3.18
-109917.942    19.532    -1.19    2.74
-109542.347    20.486     2.54    2.81
-109166.690    22.453     5.23    3.40
-108790.971    24.400     5.18    3.44
-108415.191    26.032     4.34    2.91
-108039.349    26.072     0.11    2.66
-107663.445    25.690    -1.02    2.27
-107287.479    24.792    -2.39    3.14
-106911.452    22.737    -5.46    4.67
-106535.363    21.645    -2.90    4.55
-106159.212    22.365     1.91    5.55
-105783.000    24.961     6.90    6.38
-105406.725    28.072     8.27    4.79
-105030.389    28.846     2.06    3.87
-104653.990    28.690    -0.42    3.58
-104277.530    28.329    -0.96    3.67
-103901.008    28.746     1.11    3.64
-103524.423    28.952     0.55    3.59
-103147.777    27.429    -4.04    3.95
-102771.068    25.951    -3.92    2.74
-102394.297    26.192     0.64    2.81
-102017.464    28.272     5.52    4.50
-101640.569    31.379     8.24    5.13
-101263.612    33.993     6.93    5.20
-100886.592    37.619     9.62    5.45
-100509.511    42.072    11.81    6.31
-100132.366    44.962     7.66    5.95
 -99755.160    46.699     4.60    4.62
 -99377.891    46.118    -1.54    5.05
 -99000.560    44.256    -4.93    4.49
 -98623.166    43.347    -2.41    2.83
 -98245.710    41.955    -3.69    2.65
 -97868.191    40.579    -3.65    3.51
 -97490.610    39.096    -3.93    3.46
 -97112.966    36.285    -7.44    3.85
 -96735.259    34.965    -3.49    4.58
 -96357.490    34.097    -2.30    4.92
 -95979.658    33.472    -1.65    5.11
 -95601.764    35.149     4.44    4.81
 -95223.807    37.045     5.02    3.96
 -94845.787    38.899     4.90    3.14
 -94467.704    39.246     0.92    2.88
 -94089.559    36.677    -6.79    5.15
 -93711.350    33.525    -8.33    4.78
 -93333.079    31.583    -5.13    4.07
 -92954.745    30.019    -4.14    4.23
 -92576.348    29.237    -2.07    4.72
 -92197.887    28.672    -1.49    5.50
 -91819.364    29.045     0.99    6.25
 -91440.778    31.720     7.07    6.64
 -91062.129    34.299     6.81    7.39
 -90683.417    35.598     3.43    7.88
 -90304.641    36.470     2.30    8.06
 -89925.802    34.779    -4.47    6.58
 -89546.900    31.989    -7.36    6.00
 -89167.935    28.808    -8.39    7.16
 -88788.907    27.451    -3.58    7.32
 -88409.815    28.147     1.84    7.38
 -88030.660    30.019     4.94    7.23
 -87651.442    30.192     0.46    6.25
 -87272.160    27.779    -6.36    7.57
 -86892.815    24.872    -7.66    6.63
 -86513.406    23.250    -4.27    3.73
 -86133.934    22.856    -1.04    3.54
 -85754.398    21.098    -4.63    5.23
 -85374.799    18.518    -6.80    5.33
 -85003.175    16.361    -5.80    3.87
 -84635.742    15.865    -1.35    3.38
 -84268.250    17.664     4.89    3.07
 -83900.699    18.785     3.05    2.69
 -83533.089    19.344     1.52    2.40
 -83165.420    20.768     3.87    4.14
 -82797.691    26.119    14.55    9.75
 -82429.903    32.059    16.15   10.05
 -82062.056    36.429    11.88    8.14
 -81694.150    39.235     7.62    4.79
 -81326.184    38.282    -2.59    3.62
 -80958.159    36.032    -6.11    3.65
 -80590.074    33.927    -5.72    3.87
 -80221.930    32.125    -4.89    3.96
 -79853.727    30.940    -3.22    3.37
 -79485.464    31.592     1.77    3.00
 -79117.142    32.699     3.00    3.40
 -78748.760    33.832     3.08    3.73
 -78380.318    35.199     3.71    3.22
 -78011.817    36.111     2.48    2.53
 -77643.256    36.801     1.87    2.07
 -77274.636    37.242     1.20    1.75
 -76905.956    37.335     0.25    1.90
 -76537.216    37.295    -0.11    2.07
 -76168.416    37.072    -0.61    2.42
 -75799.557    36.756    -0.86    2.77
 -75430.637    34.585    -5.88    4.58
 -75061.658    32.940    -4.46    4.13
 -74692.620    32.967     0.07    4.08
 -74323.521    33.445     1.30    4.18
 -73954.362    32.391    -2.86    5.90
 -73585.143    29.952    -6.61    7.27
 -73215.865    25.214   -12.83    7.63
 -72846.526    21.861    -9.08    5.72
 -72477.127    21.203    -1.78    4.53
 -72107.669    23.929     7.38    6.29
 -71738.150    27.590     9.91    5.95
 -71368.571    30.282     7.28    4.10
 -70998.931    32.123     4.98    4.01
 -70629.232    33.177     2.85    3.96
 -70259.472    34.902     4.67    3.97
 -69889.652    35.939     2.80    3.14
 -69519.772    34.512    -3.86    4.51
 -69149.832    32.192    -6.27    4.84
 -68779.831    29.993    -5.94    3.89
 -68409.770    28.188    -4.88    2.18
 -68039.648    27.370    -2.21    1.54
 -67669.466    26.801    -1.54    1.82
 -67299.224    25.915    -2.39    1.40
 -66928.921    25.681    -0.63    1.35
 -66558.557    25.993     0.84    1.53
 -66188.133    26.374     1.03    1.44
 -65817.648    27.096     1.95    1.39
 -65447.103    27.632     1.45    1.48
 -65076.497    28.147     1.39    1.63
 -64705.831    28.216     0.19    1.61
 -64335.103    28.499     0.76    1.92
 -63964.315    29.211     1.92    2.86
 -63593.467    29.914     1.89    3.27
 -63222.557    31.019     2.98    3.71
 -62851.587    30.321    -1.88    4.56
 -62480.555    28.659    -4.48    4.75
 -62109.463    26.545    -5.70    4.03
 -61738.310    25.624    -2.48    4.20
 -61367.096    25.412    -0.57    4.37
 -60995.821    25.259    -0.41    4.40
 -60624.485    24.724    -1.44    4.28
 -60253.088    24.645    -0.21    3.91
 -59881.630    25.729     2.92    5.03
 -59510.111    27.466     4.67    7.24
 -59138.530    31.245    10.17    9.05
 -58766.889    35.139    10.48    8.72
 -58395.186    37.981     7.65    7.08
 -58023.422    40.445     6.63    4.90
 -57651.597    40.207    -0.64    5.27
 -57279.711    39.511    -1.87    5.97
 -56907.763    39.532     0.06    5.71
 -56535.754    40.045     1.38    5.05
 -56163.683    42.900     7.67    4.85
 -55791.551    44.463     4.20    3.34
 -55419.358    43.720    -1.99    3.38
 -55047.103    41.699    -5.43    4.42
 -54674.787    40.242    -3.91    4.12
 -54302.409    38.924    -3.54    3.56
 -53929.969    39.070     0.39    3.48
 -53557.468    39.240     0.46    3.31
 -53184.906    37.469    -4.75    3.68
 -52812.282    35.640    -4.91    3.06
 -52439.596    34.577    -2.85    2.58
 -52066.848    34.179    -1.07    2.53
 -51694.039    34.564     1.03    2.84
 -51321.167    35.538     2.61    2.67
 -50948.234    36.292     2.02    2.89
 -50575.239    36.472     0.48    3.39
 -50202.183    35.791    -1.82    3.76
 -49829.064    35.321    -1.26    5.49
 -49455.884    35.310    -0.03    7.47
 -49082.641    35.282    -0.08    8.40
 -48709.336    36.837     4.17    8.24
 -48335.970    39.083     6.02    7.00
 -47962.541    41.686     6.97    4.47
 -47589.051    43.237     4.15    2.54
 -47215.498    43.993     2.02    2.70
 -46841.883    44.214     0.59    3.23
 -46468.206    44.677     1.24    2.87
 -46094.466    44.678     0.00    2.25
 -45720.665    44.545    -0.35    1.65
 -45346.801    43.804    -1.98    1.55
 -44972.875    43.219    -1.57    1.75
 -44598.886    41.453    -4.72    2.86
 -44224.835    39.552    -5.08    3.63
 -43850.722    36.668    -7.71    4.41
 -43476.546    33.429    -8.66    3.14
 -43102.308    31.493    -5.17    2.50
 -42728.007    30.196    -3.47    2.10
 -42353.644    29.319    -2.34    1.66
 -41979.218    28.976    -0.92    1.56
 -41604.729    28.488    -1.31    1.33
 -41230.178    27.937    -1.47    1.04
 -40855.565    27.655    -0.75    0.87
 -40480.888    27.190    -1.24    0.85
 -40106.149    26.716    -1.26    0.85
 -39731.347    25.637    -2.88    1.53
 -39356.482    24.327    -3.50    2.05
 -38981.555    23.032    -3.45    1.85
 -38606.565    22.417    -1.64    1.46
 -38231.511    22.819     1.07    2.01
 -37856.395    23.874     2.81    2.57
 -37481.216    24.188     0.84    3.04
 -37105.974    23.224    -2.57    3.99
 -36730.669    21.404    -4.85    4.36
 -36355.301    20.253    -3.07    3.82
 -35979.870    20.776     1.39    3.64
 -35604.375    22.005     3.27    3.37
 -35228.818    22.857     2.27    2.21
 -34853.197    23.518     1.76    1.60
 -34477.514    23.144    -0.99    1.42
 -34101.767    22.708    -1.16    1.37
 -33725.956    21.953    -2.01    1.62
 -33350.083    20.662    -3.43    2.02
 -32974.146    17.474    -8.48    4.60
 -32598.145    13.979    -9.29    5.12
 -32222.082    10.968    -8.01    4.06
 -31845.955     8.637    -6.20    1.83
 -31469.764     8.237    -1.06    1.44
 -31093.510     7.499    -1.96    1.39
 -30717.192     6.448    -2.79    1.98
 -30340.811     5.596    -2.26    1.83
 -29964.366     5.083    -1.36    1.40
 -29587.858     5.006    -0.20    1.43
 -29211.286     5.902     2.38    1.56
 -28834.650     6.711     2.15    1.48
 -28457.951     7.245     1.42    1.32
 -28081.187     7.369     0.33    1.14
 -27704.360     7.018    -0.93    1.41
 -27327.470     6.544    -1.26    1.37
 -26950.515     6.018    -1.40    1.33
 -26573.496     5.772    -0.65    1.19
 -26196.414     5.878     0.28    0.95
 -25819.267     5.941     0.17    0.96
 -25442.057     6.259     0.84    1.07
 -25064.782     6.589     0.88    1.18
 -24687.444     6.650     0.16    1.25
 -24310.041     6.690     0.10    1.17
 -23932.575     6.798     0.29    1.16
 -23555.044     6.570    -0.60    1.19
 -23177.449     6.357    -0.57    1.19
 -22799.790     6.224    -0.35    1.06
 -22422.066     5.980    -0.65    1.01
 -22044.278     5.883    -0.26    0.95
 -21666.426     5.732    -0.40    0.86
 -21288.510     5.393    -0.90    0.66
 -20910.529     5.319    -0.19    0.53
 -20532.484     5.383     0.17    0.58
 -20154.374     5.404     0.05    0.63
 -19776.200     5.673     0.71    0.79
 -19397.961     5.855     0.48    0.83
 -19019.658     5.635    -0.58    0.76
 -18641.290     5.486    -0.39    0.68
 -18262.858     5.272    -0.57    0.43
 -17884.361     5.340     0.18    0.54
 -17505.799     5.432     0.24    0.72
 -17127.173     5.579     0.39    0.96
 -16748.481     5.551    -0.07    0.98
 -16369.725     5.421    -0.34    0.93
 -15990.905     4.746    -1.78    1.49
 -15612.019     3.405    -3.54    2.23
 -15233.068     2.348    -2.79    2.48
 -14854.053     1.769    -1.53    2.22
 -14474.973     2.526     2.00    2.89
 -14095.827     5.400     7.58    4.93
 -13716.617     8.344     7.76    4.99
 -13337.341    10.186     4.86    3.61
 -12958.001    10.404     0.57    3.38
 -12578.595     8.629    -4.68    3.32
 -12199.124     6.951    -4.42    1.59
 -11819.588     7.132     0.48    1.37
 -11439.987     7.643     1.35    1.48
 -11060.321     8.707     2.80    1.51
 -10680.589     9.690     2.59    1.22
 -10305.848    10.237     1.46    0.92
  -9938.604    10.442     0.56    0.67
  -9571.300    10.224    -0.59    0.74
  -9203.935     9.805    -1.14    0.91
  -8836.509     9.108    -1.90    0.97
  -8469.023     8.532    -1.57    0.74
  -8101.476     8.394    -0.37    1.07
  -7733.868     8.397     0.01    1.72
  -7366.199     9.247     2.31    2.51
  -6998.470    10.416     3.18    3.08
  -6630.680    11.370     2.59    2.98
  -6262.829    11.518     0.40    2.72
  -5894.917    10.619    -2.44    2.59
  -5526.944     9.457    -3.16    2.40
  -5158.911     7.807    -4.48    1.99
  -4790.816     6.518    -3.50    1.28
  -4422.660     5.943    -1.56    0.88
  -4054.443     5.735    -0.57    0.61
  -3686.166     6.227     1.34    1.12
  -3317.827     7.192     2.62    1.85
  -2949.427     8.690     4.07    2.30
  -2580.965     9.912     3.32    1.98
  -2212.443    10.469     1.51    1.41
  -1843.859    10.192    -0.75    1.73
  -1475.214     8.779    -3.83    2.31
  -1106.508     6.928    -5.02    2.65
   -737.741     4.323    -7.06    3.21
   -368.912     2.160    -5.86    2.78
     -0.022     0.622    -4.17    1.70
    368.930     0.137    -1.31    0.81
    737.943     2.194     5.57    4.36
   1107.017     4.512     6.28    5.46
   1476.153     7.162     7.18    5.14
   1845.351     9.186     5.48    3.49
   2214.610     9.500     0.85    2.19
   2583.931     9.419    -0.22    1.75
   2953.313     9.435     0.04    1.75
   3322.757     8.865    -1.54    2.14
   3692.263     7.256    -4.36    3.26
   4061.830     5.512    -4.72    3.43
   4431.459     4.404    -3.00    2.87
   4801.150     4.644     0.65    3.18
   5170.903     5.450     2.18    3.01
   5540.718     5.332    -0.32    3.13
   5910.594     5.711     1.03    2.66
   6280.532     5.109    -1.63    2.40
   6650.533     4.164    -2.55    2.73
   7020.595     3.955    -0.56    2.82
   7390.719     4.840     2.39    3.80
   7760.906     7.757     7.88    5.34
   8131.154    10.944     8.61    4.99
   8501.465    11.285     0.92    5.01
   8871.837    10.097    -3.21    5.29
   9242.272     8.070    -5.47    5.27
   9612.769     5.335    -7.38    4.13
   9983.328     4.673    -1.79    3.38
  10353.949     5.272     1.62    4.07
  10724.633     7.144     5.05    4.54
  11095.379     9.919     7.48    4.24
  11466.188    12.340     6.53    2.70
  11837.058    13.642     3.51    1.20
  12207.992    13.776     0.36    1.11
  12578.987    13.177    -1.61    1.55
  12950.045    12.525    -1.76    1.64
  13321.166    11.956    -1.53    1.36
  13692.349    11.932    -0.06    1.25
  14063.595    12.469     1.45    1.45
  14434.903    13.327     2.31    1.74
  14806.274    14.694     3.68    2.38
  15177.708    16.137     3.88    3.01
  15549.204    18.468     6.27    3.12
  15920.763    19.776     3.52    2.65
  16292.385    20.119     0.93    2.04
  16664.070    19.332    -2.12    2.45
  17035.817    17.776    -4.19    2.81
  17407.627    16.084    -4.55    2.46
  17779.501    14.715    -3.68    1.82
  18151.437    14.019    -1.87    1.47
  18523.436    14.263     0.66    1.93
  18895.498    15.904     4.41    3.39
  19267.623    18.682     7.47    4.08
  19639.811    21.336     7.13    3.46
  20012.062    23.500     5.81    2.11
  20384.377    24.655     3.10    1.39
  20756.754    24.832     0.47    1.66
  21129.195    24.821    -0.03    2.05
  21501.699    25.583     2.05    2.97
  21874.266    26.750     3.13    3.40
  22246.897    27.665     2.46    2.86
  22619.590    28.006     0.92    2.48
  22992.347    27.719    -0.77    1.86
  23365.168    27.598    -0.33    1.69
  23738.052    27.969     1.00    2.24
  24110.999    28.611     1.72    2.15
  24484.010    29.234     1.67    1.51
  24857.084    29.746     1.37    1.20
  25230.222    30.269     1.40    1.84
  25603.424    30.613     0.92    2.05
  25976.689    30.919     0.82    1.90
  26350.017    31.113     0.52    1.48
  26723.410    30.857    -0.69    0.99
  27096.866    30.681    -0.47    0.90
  27470.386    30.448    -0.62    0.94
  27843.969    30.072    -1.01    0.86
  28217.617    29.557    -1.38    0.73
  28591.328    28.491    -2.85    2.64
  28965.103    26.657    -4.91    4.11
  29338.942    25.677    -2.62    4.26
  29712.845    25.703     0.07    3.93
  30086.812    26.589     2.37    3.54
  30460.843    28.918     6.23    3.67
  30834.938    30.383     3.92    4.36
  31209.097    32.332     5.21    4.05
  31583.320    34.071     4.65    2.38
  31957.607    34.184     0.30    1.60
  32331.959    33.323    -2.30    1.48
  32706.375    32.594    -1.95    1.19
  33080.854    31.269    -3.54    2.39
  33455.399    29.173    -5.60    4.19
  33830.007    26.776    -6.40    5.05
  34204.680    24.637    -5.71    5.05
  34579.417    25.070     1.15    5.46
  34954.219    27.070     5.34    5.56
  35329.085    28.119     2.80    4.50
  35704.015    28.596     1.27    2.44
  36079.010    28.614     0.05    1.46
  36454.070    29.125     1.36    2.37
  36829.194    31.044     5.12    3.57
  37204.382    33.613     6.85    3.60
  37579.636    35.957     6.25    2.88
  37954.954    37.619     4.43    1.42
  38330.336    37.882     0.70    1.09
  38705.784    37.559    -0.86    1.45
  39081.296    36.282    -3.40    2.02
  39456.873    34.032    -5.99    3.20
  39832.515    31.344    -7.15    4.29
  40208.222    28.160    -8.48    3.84
  40583.993    25.943    -5.90    2.27
  40959.830    25.032    -2.43    0.00
  41335.732    25.298     0.71    1.33
  41711.698    25.967     1.78    2.70
  42087.730    27.340     3.65    4.26
  42463.827    29.365     5.39    5.01
  42839.988    30.932     4.17    4.68
  43216.215    31.834     2.40    3.43
  43592.507    32.222     1.03    1.83
  43968.865    31.969    -0.67    1.41
  44345.287    32.414     1.18    1.86
  44721.775    34.357     5.16    3.34
  45098.328    36.611     5.99    3.74
  45474.947    38.500     5.02    3.22
  45851.631    39.205     1.87    2.48
  46228.380    37.921    -3.41    2.75
  46605.195    36.505    -3.76    2.72
  46982.075    35.144    -3.61    1.93
  47359.021    34.137    -2.67    2.17
  47736.033    33.657    -1.27    2.38
  48113.110    33.791     0.36    2.56
  48490.252    34.327     1.42    2.44
  48867.460    35.160     2.21    1.77
  49244.734    35.404     0.65    1.09
  49622.074    35.344    -0.16    1.02
  49999.480    33.840    -3.99    3.30
  50376.951    31.744    -5.55    4.01
  50754.488    29.551    -5.81    3.62
  51132.091    27.307    -5.94    1.07
  51509.760    27.032    -0.73    0.00
  51887.494    27.032     0.00    0.00
  52265.295    27.032     0.00    0.00
  52643.162    28.118     2.88    2.20
  53021.095    30.164     5.41    3.40
  53399.094    31.444     3.39    3.01
  53777.159    31.979     1.41    1.75
  54155.290    30.707    -3.37    2.24
  54533.487    28.955    -4.63    2.21
  54911.751    27.867    -2.88    1.79
  55290.080    27.319    -1.45    1.18
  55668.476    27.415     0.25    1.19
  56046.939    28.144     1.93    2.06
  56425.467    29.096     2.51    2.28
  56804.063    30.457     3.59    2.76
  57182.724    31.835     3.64    3.00
  57561.452    33.600     4.66    2.80
  57940.247    34.716     2.95    2.39
  58319.108    33.970    -1.97    3.00
  58698.035    33.018    -2.51    3.25
  59077.030    32.157    -2.27    3.01
  59456.090    31.902    -0.67    2.93
  59835.218    32.044     0.38    2.97
  60214.412    31.513    -1.40    2.51
  60593.673    31.169    -0.91    1.55
  60973.001    31.341     0.45    1.27
  61352.395    31.776     1.15    1.14
  61731.857    32.344     1.50    0.82
  62111.385    32.624     0.74    0.77
  62490.980    33.180     1.46    0.94
  62870.643    33.637     1.20    1.26
  63250.372    34.662     2.70    1.71
  63630.168    36.681     5.32    3.73
  64010.031    38.719     5.37    4.95
  64388.173    38.821     0.27    5.18
  64755.223    37.168    -4.51    5.93
  65122.336    34.396    -7.55    4.97
  65489.511    32.044    -6.40    3.25
  65856.748    30.397    -4.49    1.39
  66224.048    30.105    -0.79    0.97
  66591.409    30.289     0.50    1.18
  66958.833    31.476     3.23    1.79
  67326.319    32.690     3.30    1.82
  67693.867    34.094     3.82    2.15
  68061.478    34.848     2.05    1.76
  68429.151    34.919     0.20    1.68
  68796.886    34.668    -0.68    1.87
  69164.684    33.969    -1.90    2.27
  69532.545    33.374    -1.62    2.49
  69900.468    33.407     0.09    2.59
  70268.453    33.776     1.00    2.50
  70636.501    34.819     2.84    1.85
  71004.611    35.827     2.74    1.64
  71372.785    36.857     2.80    2.05
  71741.020    36.513    -0.93    2.46
  72109.319    35.365    -3.12    3.23
  72477.680    33.662    -4.63    3.21
  72846.104    31.378    -6.20    1.95
  73214.591    30.494    -2.40    1.26
  73583.141    30.482    -0.03    1.40
  73951.753    31.294     2.20    1.91
  74320.429    32.469     3.19    1.99
  74689.167    33.469     2.71    1.61
  75057.968    34.352     2.39    1.05
  75426.833    34.607     0.69    0.95
  75795.760    34.902     0.80    1.30
  76164.750    34.957     0.15    2.47
  76533.804    33.829    -3.06    4.13
  76902.920    31.908    -5.20    4.89
  77272.100    29.850    -5.58    4.63
  77641.343    28.119    -4.69    3.06
  78010.649    27.598    -1.41    2.07
  78380.018    28.582     2.66    2.85
  78749.451    30.344     4.77    3.38
  79118.946    32.215     5.06    3.48
  79488.506    34.459     6.07    1.76
  79858.128    36.341     5.09    3.16
  80227.814    37.640     3.52    3.91
  80597.564    38.619     2.65    3.94
  80967.377    39.242     1.68    3.49
  81337.253    39.933     1.87    2.98
  81707.193    41.282     3.65    2.71
  82077.197    42.469     3.21    2.22
  82447.264    43.927     3.94    2.21
  82817.395    44.132     0.55    3.13
  83187.590    44.071    -0.16    4.83
  83557.848    41.785    -6.18    5.72
  83928.170    38.729    -8.25    4.77
  84298.556    36.785    -5.25    2.84
  84669.005    36.427    -0.97    3.10
  85039.518    38.657     6.02    4.50
  85410.096    41.940     8.86    4.32
  85780.737    44.699     7.44    3.74
  86151.442    46.808     5.69    2.06
  86522.211    47.057     0.67    1.59
  86893.044    46.655    -1.08    2.08
  87263.941    45.452    -3.25    2.44
  87634.903    44.110    -3.62    2.56
  88005.928    43.594    -1.39    2.02
  88377.017    42.979    -1.66    1.62
  88748.171    42.617    -0.98    1.47
  89119.389    42.292    -0.88    1.21
  89490.671    42.069    -0.60    1.04
  89862.017    41.914    -0.42    1.05
  90233.428    41.344    -1.53    1.03
  90604.903    40.707    -1.72    0.75
  90976.442    40.020    -1.85    0.85
  91348.046    39.227    -2.13    1.28
  91719.714    38.219    -2.71    1.77
  92091.447    37.272    -2.55    1.88
  92463.244    36.944    -0.88    1.85
  92835.106    37.414     1.26    2.08
  93207.032    36.544    -2.34    3.38
  93579.023    35.603    -2.53    3.68
  93951.079    32.859    -7.38    3.92
  94323.199    29.748    -8.36    3.47
  94695.384    26.569    -8.54    5.87
  95067.634    22.113   -11.97    6.46
  95439.949    17.736   -11.76    5.95
  95812.328    14.512    -8.66    4.19
  96184.772    13.415    -2.95    3.82
  96557.281    13.219    -0.53    4.44
  96929.855    12.526    -1.86    4.79
  97302.494    11.585    -2.53    4.72
  97675.198    10.958    -1.68    4.40
  98047.967    10.848    -0.30    3.96
  98420.801    12.415     4.20    4.30
  98793.700    14.150     4.65    3.77
  99166.664    14.365     0.58    3.41
  99539.694    14.203    -0.44    3.47
  99912.788    14.131    -0.19    3.58
 100285.948    13.756    -1.01    3.54
 100659.173    15.217     3.92    3.07
 101032.464    16.992     4.75    2.29
 101405.819    18.081     2.92    2.98
 101779.240    19.253     3.14    2.65
 102152.727    19.884     1.69    2.11
 102526.279    20.889     2.69    1.99
 102899.896    21.444     1.49    1.89
 103273.579    21.811     0.98    1.71
 103647.327    23.081     3.40    1.94
 104021.141    24.184     2.95    2.22
 104395.021    25.382     3.20    2.22
 104768.966    26.576     3.19    2.05
 105142.977    27.394     2.19    1.74
 105517.054    27.807     1.10    1.69
 105891.196    27.970     0.44    1.89
 106265.404    28.519     1.47    2.04
 106639.678    28.719     0.53    2.16
 107014.018    29.169     1.20    2.20
 107388.424    29.538     0.98    2.12
 107762.895    29.563     0.07    1.73
 108137.433    29.538    -0.07    1.80
 108512.036    29.291    -0.66    1.69
 108886.706    29.327     0.10    1.72
 109261.441    29.557     0.61    1.81
 109636.243    29.907     0.93    1.68
 110011.111    30.168     0.70    1.59
 110386.045    30.348     0.48    1.47
 110761.045    30.632     0.76    1.14
 111136.112    30.724     0.25    0.79
 111511.244    30.637    -0.23    0.72
 111886.443    30.365    -0.72    0.68
 112261.709    30.056    -0.82    0.68
 112637.041    29.805    -0.67    0.69
 113012.439    29.544    -0.69    0.57
 113387.903    29.316    -0.61    0.45
 113763.434    29.168    -0.39    0.34
 114139.032    29.123    -0.12    0.29
 114514.696    29.476     0.94    0.72
 114890.427    30.085     1.62    1.09
 115266.224    31.192     2.95    1.44
 115642.088    32.083     2.37    1.25
 116018.019    32.442     0.96    1.23
 116394.017    32.652     0.56    1.24
 116770.081    32.382    -0.72    1.33
 117146.212    32.207    -0.47    1.35
 117522.410    31.995    -0.56    1.35
 117898.674    31.736    -0.69    1.32
 118275.006    31.459    -0.74    1.21
 118651.405    31.341    -0.31    1.00
 119027.870    31.260    -0.21    0.82
 119404.403    31.279     0.05    0.70
 119781.003    31.282     0.01    0.56
 120157.669    31.309     0.07    0.45
 120534.403    31.394     0.23    0.48
 120911.204    31.569     0.46    0.50
 121288.072    31.776     0.55    0.47
 121665.008    31.972     0.52    0.36
 122042.011    32.058     0.23    0.16
 122419.081    32.205     0.39    0.38
 122796.218    32.440     0.62    0.64
 123173.423    33.081     1.70    1.06
 123550.695    33.785     1.87    1.22
 123928.035    34.690     2.40    1.52
 124305.442    35.619     2.46    1.47
 124682.916    36.344     1.92    1.78
 125060.459    36.871     1.40    2.20
 125438.068    36.995     0.33    2.74
 125815.746    36.723    -0.72    2.97
 126193.491    36.106    -1.63    2.74
 126571.304    35.348    -2.01    2.01
 126949.184    34.907    -1.17    1.31
 127327.132    34.839    -0.18    0.74
 127705.149    34.956     0.31    0.59
 128083.233    35.304     0.92    0.57
 128461.384    35.538     0.62    0.50
 128839.604    35.837     0.79    0.60
 129217.892    36.190     0.93    0.61
 129596.248    36.514     0.86    0.63
 129974.672    36.821     0.81    0.70
 130353.163    37.144     0.85    0.69
 130731.723    37.422     0.73    0.76
 131110.351    37.678     0.68    0.82
 131489.048    37.893     0.57    0.90
 131867.812    38.166     0.72    1.04
 132246.645    38.298     0.35    1.07
 132625.546    38.513     0.57    1.09
 133004.515    38.703     0.50    1.08
 133383.553    38.773     0.18    0.95
 133762.659    38.703    -0.18    0.83
 134141.834    38.506    -0.52    0.68
 134521.077    38.304    -0.53    0.52
 134900.389    38.123    -0.48    0.29
 135279.769    38.044    -0.21    0.11
 135659.218    38.032    -0.03    0.00
 136038.735    38.044     0.03    0.11
 136418.321    38.175     0.34    0.35
 136797.976    38.417     0.64    0.49
 137177.699    38.703     0.75    0.47
 137557.491    38.971     0.71    0.24
 137937.352    39.032     0.16    0.00
 138317.282    39.032     0.00    0.00
 138697.281    39.142     0.29    0.31
 139077.349    39.310     0.44    0.45
 139445.962    39.605     0.80    0.50
 139812.877    39.817     0.58    0.41
 140179.856    40.093     0.75    0.48
 140546.899    40.398     0.83    0.66
 140914.005    40.686     0.79    0.65
 141281.175    40.908     0.61    0.62
 141648.409    41.169     0.71    0.59
 142015.706    41.353     0.50    0.52
 142383.068    41.564     0.57    0.57
 142750.493    41.719     0.42    0.62
 143117.983    42.007     0.78    0.66
 143485.536    42.357     0.95    0.67
 143853.153    42.750     1.07    0.58
 144220.834    43.091     0.93    0.68
 144588.580    43.499     1.11    0.70
 144956.389    43.898     1.08    0.90
 145324.263    44.308     1.12    0.96
 145692.200    44.748     1.20    1.20
 146060.202    44.967     0.60    1.41
 146428.268    44.776    -0.52    1.49
 146796.399    44.519    -0.70    1.47
 147164.593    44.217    -0.82    1.14
 147532.852    44.044    -0.47    0.94
 147901.176    44.008    -0.10    0.81
 148269.564    44.118     0.30    0.85
 148638.016    44.357     0.65    0.88
 149006.532    44.607     0.68    0.90
 149375.114    44.971     0.99    0.93
 149743.759    45.118     0.40    1.07
 150112.470    45.254     0.37    1.12
 150481.245    45.263     0.02    1.17
 150850.084    45.291     0.08    1.17
 151218.988    45.251    -0.11    1.09
 151587.957    45.227    -0.07    1.02
 151956.991    45.007    -0.60    0.92
 152326.089    44.882    -0.34    0.78
 152695.252    44.830    -0.14    0.69
 153064.481    44.728    -0.27    0.63
 153433.773    44.646    -0.22    0.60
 153803.131    44.493    -0.41    0.53
 154172.554    44.452    -0.11    0.50
 154542.042    44.457     0.01    0.50
 154911.595    44.532     0.20    0.53
 155281.212    44.707     0.47    0.67
 155650.895    44.882     0.47    0.76
 156020.643    45.045     0.44    0.83
 156390.457    45.199     0.42    0.95
 156760.335    45.344     0.39    1.04
 157130.279    45.373     0.08    1.03
 157500.287    45.414     0.11    1.08
 157870.362    45.353    -0.16    1.14
 158240.501    45.211    -0.38    1.16
 158610.706    45.069    -0.38    1.08
 158980.976    45.006    -0.17    1.12
 159351.312    44.922    -0.23    1.09
 159721.713    44.850    -0.19    1.05
 160092.179    44.663    -0.51    0.95
 160462.712    44.474    -0.51    0.79
 160833.309    44.219    -0.69    0.45
 161203.973    44.108    -0.30    0.27
 161574.702    44.056    -0.14    0.15
 161945.496    44.184     0.35    0.36
 162316.357    44.439     0.69    0.61
 162687.283    44.791     0.95    0.77
 163058.274    45.234     1.19    0.86
 163429.332    45.690     1.23    0.85
 163800.456    46.291     1.62    0.83
 164171.645    46.801     1.37    0.77
 164542.900    47.304     1.35    0.77
 164914.222    47.893     1.59    0.76
 165285.609    48.393     1.35    0.73
 165657.062    48.769     1.01    0.44
 166028.582    48.970     0.54    0.24
 166400.167    49.032     0.17    0.00
 166771.819    49.079     0.13    0.21
 167143.536    49.131     0.14    0.30
 167515.320    49.205     0.20    0.38
 167887.171    49.328     0.33    0.46
 168259.087    49.345     0.05    0.47
 168631.070    49.432     0.23    0.49
 169003.119    49.563     0.35    0.50
 169375.234    49.736     0.46    0.49
 169747.416    49.937     0.54    0.37
 170119.665    50.007     0.19    0.16
 170491.979    50.032     0.07    0.00
 170864.361    50.032     0.00    0.00
 171236.809    50.032     0.00    0.00
 171609.323    50.045     0.03    0.11
 171981.904    50.163     0.32    0.34
 172354.552    50.390     0.61    0.48
 172727.267    50.662     0.73    0.49
 173100.048    50.869     0.56    0.37
 173472.896    51.032     0.44    0.00
 173845.811    51.032     0.00    0.00
 174218.793    51.169     0.37    0.35
 174591.841    51.316     0.39    0.45
 174964.957    51.561     0.66    0.50
 175338.139    51.810     0.67    0.42
 175711.389    51.933     0.33    0.30
 176084.705    52.007     0.20    0.16
 176458.088    52.103     0.26    0.26
 176831.539    52.269     0.44    0.43
 177205.057    52.513     0.65    0.50
 177578.642    52.753     0.64    0.45
 177952.294    53.091     0.90    0.57
 178326.013    53.305     0.57    0.62
 178699.800    53.544     0.64    0.61
 179073.654    53.801     0.69    0.42
 179447.575    54.069     0.72    0.48
 179821.564    54.422     0.94    0.49
 180195.620    54.714     0.78    0.52
 180569.744    55.070     0.95    0.47
 180943.935    55.288     0.58    0.49
 181318.193    55.435     0.39    0.49
 181692.519    55.491     0.15    0.61
 182066.913    55.391    -0.27    0.77
 182441.375    55.092    -0.80    0.90
 182815.904    54.824    -0.72    0.88
 183190.501    54.738    -0.23    0.88
 183565.165    54.814     0.20    1.03
 183939.898    55.178     0.97    1.20
 184314.698    55.724     1.46    1.34
 184689.566    56.208     1.29    1.16
 185064.502    56.619     1.10    0.95
 185439.506    56.946     0.87    0.71
 185814.578    57.118     0.46    0.71
 186189.718    57.103    -0.04    0.77
 186564.926    56.994    -0.29    0.82
 186940.202    56.764    -0.62    0.85
 187315.546    56.483    -0.75    0.90
 187690.958    56.199    -0.76    0.89
 188066.439    55.807    -1.04    0.94
 188441.988    55.401    -1.08    1.05
 188817.605    54.853    -1.46    0.91
 189193.290    54.442    -1.10    0.66
 189569.044    54.203    -0.64    0.44
 189944.866    54.422     0.58    0.87
 190320.756    55.381     2.55    1.66
 190696.715    56.748     3.64    2.15
 191072.743    58.215     3.90    1.96
 191448.839    59.304     2.90    1.15
 191825.003    59.625     0.85    0.54
 192201.237    59.544    -0.21    0.50
 192577.538    59.303    -0.64    0.45
 192953.909    59.217    -0.23    0.39
 193330.348    59.563     0.92    0.67
 193706.856    60.144     1.55    0.97
 194083.433    60.855     1.89    1.05
 194460.079    61.609     2.00    0.95
 194836.793    62.154     1.45    0.76
 195213.577    62.352     0.53    0.61
 195590.429    62.081    -0.72    0.84
 195967.350    61.442    -1.69    0.99
 196344.341    60.666    -2.06    0.91
 196721.400    59.968    -1.85    0.80
 197098.529    59.639    -0.87    0.62
 197475.726    59.842     0.54    1.06
 197852.993    60.646     2.13    1.61
 198230.329    61.936     3.42    1.64
 198607.735    63.103     3.09    1.20
 198985.209    63.959     2.27    0.72
 199362.753    64.386     1.13    0.62
 199740.366    64.715     0.87    0.61
 200118.049    64.797     0.22    0.64
 200495.801    64.960     0.43    0.60
 200873.623    65.069     0.29    0.64
 201251.514    65.378     0.82    0.74
 201629.475    65.715     0.89    0.80
 202007.505    66.232     1.37    0.96
 202385.605    66.665     1.15    0.94
 202763.775    67.142     1.26    0.94
 203142.014    67.852     1.88    0.99
 203520.323    68.479     1.66    1.06
 203898.702    69.186     1.87    1.06
 204277.151    69.898     1.88    1.30
 204655.669    70.607     1.87    1.34
 205034.258    71.208     1.59    1.26
 205412.916    71.782     1.51    1.13
 205791.645    72.337     1.47    1.06
 206170.443    72.936     1.58    0.98
 206549.311    73.495     1.48    0.76
 206928.250    73.947     1.19    0.63
 207307.259    74.239     0.77    0.44
 207686.338    74.288     0.13    0.47
 208065.487    74.254    -0.09    0.52
 208444.706    74.637     1.01    0.99
 208823.996    75.427     2.08    1.61
 209203.356    76.910     3.91    2.16
 209582.786    78.801     4.99    2.13
 209962.287    80.738     5.10    2.35
 210341.858    82.545     4.76    2.11
 210721.500    84.297     4.62    2.16
 211101.212    85.744     3.81    1.92
 211480.995    86.532     2.07    1.63
 211860.848    86.812     0.74    1.39
 212240.772    86.579    -0.62    1.50
 212620.767    85.917    -1.74    1.42
