-181564.904    27.750     0.00    4.07
-181194.983    29.354     4.34    3.25
-180825.144    30.485     3.06    2.45
-180455.386    30.259    -0.61    2.50
-180085.710    29.609    -1.76    3.04
-179716.115    28.323    -3.48    2.52
-179346.602    28.239    -0.23    2.00
-178977.170    29.211     2.63    2.27
-178607.820    31.555     6.35    3.86
-178238.550    34.325     7.50    4.71
-177869.362    37.466     8.51    3.84
-177500.255    39.485     5.47    2.54
-177131.229    40.317     2.25    2.42
-176762.285    40.539     0.60    3.06
-176393.421    40.873     0.90    3.95
-176024.638    42.014     3.09    4.91
-175655.936    43.097     2.94    5.37
-175287.314    43.544     1.21    4.95
-174918.774    44.115     1.55    4.57
-174550.314    45.548     3.89    4.25
-174181.935    47.351     4.90    4.33
-173813.637    49.606     6.12    3.66
-173445.419    50.745     3.10    1.84
-173077.281    50.622    -0.33    1.84
-172709.224    50.885     0.71    1.94
-172341.248    51.435     1.50    2.22
-171973.352    52.148     1.94    2.22
-171605.536    52.435     0.78    2.02
-171237.800    51.697    -2.01    2.53
-170870.145    50.618    -2.93    2.71
-170502.569    49.755    -2.35    2.75
-170135.074    49.441    -0.86    2.96
-169767.659    48.797    -1.75    3.24
-169400.324    49.067     0.74    3.25
-169033.069    50.825     4.79    4.52
-168665.893    53.957     8.53    5.20
-168298.798    57.886    10.70    4.83
-167931.782    61.052     8.63    3.06
-167564.846    62.329     3.48    2.02
-167197.990    62.168    -0.44    2.33
-166831.213    61.195    -2.65    2.53
-166464.516    60.553    -1.75    2.57
-166097.898    59.738    -2.22    3.12
-165731.360    58.688    -2.87    3.81
-165364.902    57.946    -2.02    4.01
-164998.522    57.886    -0.16    3.65
-164632.222    58.047     0.44    3.17
-164266.001    57.431    -1.68    2.92
-163899.860    56.602    -2.26    2.61
-163533.798    55.346    -3.43    2.22
-163167.814    54.151    -3.27    3.23
-162801.910    54.009    -0.39    3.48
-162436.085    53.997    -0.03    3.48
-162070.339    54.475     1.31    3.31
-161704.672    55.232     2.07    2.66
-161339.083    54.845    -1.06    2.79
-160973.574    53.863    -2.69    3.16
-160608.143    53.082    -2.14    3.17
-160242.791    52.873    -0.57    3.37
-159877.517    54.675     4.94    4.00
-159512.322    56.925     6.16    4.05
-159147.206    59.685     7.56    3.63
-158782.168    62.170     6.81    2.72
-158404.318    64.050     4.98    2.25
-158022.855    64.995     2.48    1.80
-157641.479    65.092     0.25    1.57
-157260.190    64.867    -0.59    1.45
-156878.988    64.415    -1.18    1.43
-156497.873    63.678    -1.93    1.43
-156116.845    62.905    -2.03    1.91
-155735.904    61.827    -2.83    2.71
-155355.050    60.894    -2.45    2.49
-154974.283    60.490    -1.06    2.02
-154593.602    60.113    -0.99    1.76
-154213.009    60.043    -0.18    1.59
-153832.501    59.673    -0.97    1.54
-153452.081    59.173    -1.31    1.51
-153071.746    59.052    -0.32    1.52
-152691.499    58.995    -0.15    1.75
-152311.337    58.528    -1.23    1.89
-151931.262    57.549    -2.57    2.38
-151551.274    56.130    -3.74    2.45
-151171.371    54.705    -3.75    2.37
-150791.555    53.323    -3.64    1.69
-150411.824    52.014    -3.45    2.35
-150032.180    50.355    -4.37    2.16
-149652.622    49.303    -2.77    2.22
-149273.150    48.979    -0.85    2.37
-148893.763    49.024     0.12    3.20
-148514.462    48.474    -1.45    4.38
-148135.248    47.175    -3.42    5.80
-147756.118    45.097    -5.48    6.18
-147377.075    42.272    -7.46    6.30
-146998.117    40.087    -5.77    5.82
-146619.244    38.797    -3.41    5.20
-146240.457    38.144    -1.72    5.17
-145861.756    36.875    -3.35    6.15
-145483.140    35.602    -3.36    6.63
-145104.609    35.331    -0.72    7.03
-144726.163    36.431     2.90    7.10
-144347.803    38.188     4.65    6.33
-143969.527    39.534     3.56    5.02
-143591.337    39.445    -0.23    4.13
-143213.232    38.466    -2.59    3.48
-142835.211    37.542    -2.45    3.32
-142457.276    38.299     2.00    3.72
-142079.425    39.375     2.85    3.82
-141701.660    40.467     2.89    2.99
-141323.979    41.319     2.26    2.41
-140946.382    42.137     2.17    2.86
-140568.871    44.016     4.98    3.64
-140191.443    45.501     3.93    3.08
-139814.101    46.007     1.34    2.12
-139436.843    44.974    -2.74    2.31
-139059.669    43.548    -3.78    1.84
-138682.579    43.895     0.92    3.30
-138305.574    47.717    10.14    7.49
-137928.653    53.549    15.47    9.34
-137551.816    59.589    16.03    7.52
-137175.064    61.745     5.73    5.10
-136798.395    62.393     1.72    3.56
-136421.811    60.203    -5.82    4.07
-136045.310    57.884    -6.16    3.81
-135668.893    56.075    -4.80    3.40
-135292.560    54.034    -5.42    1.96
-134916.311    52.683    -3.59    2.33
-134540.146    51.234    -3.85    2.18
-134164.064    49.956    -3.40    1.58
-133788.066    49.721    -0.62    1.49
-133412.152    50.283     1.49    1.70
-133036.321    50.707     1.13    1.95
-132660.573    51.319     1.63    1.81
-132284.909    51.175    -0.38    1.60
-131909.328    50.186    -2.64    1.93
-131533.831    50.441     0.68    2.54
-131158.417    51.834     3.71    3.89
-130783.085    54.733     7.73    4.99
-130407.838    58.667    10.48    4.23
-130032.673    59.592     2.47    4.52
-129657.591    58.021    -4.19    6.01
-129282.592    55.137    -7.69    5.79
-128907.676    52.104    -8.09    2.76
-128532.843    50.531    -4.20    2.81
-128158.093    48.436    -5.59    4.68
-127783.425    44.455   -10.63    5.56
-127408.840    40.592   -10.31    4.95
-127034.338    37.729    -7.64    3.53
-126659.918    35.771    -5.23    2.56
-126285.581    33.340    -6.50    4.02
-125911.327    31.875    -3.91    4.74
-125537.154    30.137    -4.64    4.70
-125163.065    29.760    -1.01    4.62
-124789.057    29.748    -0.03    5.09
-124415.132    29.455    -0.78    5.67
-124041.289    29.132    -0.87    5.32
-123667.528    29.558     1.14    4.64
-123293.849    30.136     1.55    4.23
-122920.253    29.673    -1.24    4.90
-122546.738    27.936    -4.65    6.06
-122173.305    25.875    -5.52    5.90
-121799.954    24.377    -4.01    4.44
-121426.685    25.481     2.96    5.07
-121053.498    27.323     4.94    4.63
-120680.392    28.117     2.13    4.32
-120307.369    27.703    -1.11    4.53
-119934.426    27.554    -0.40    4.09
-119561.566    28.784     3.30    3.55
-119188.787    30.109     3.55    3.05
-118816.089    29.997    -0.30    2.33
-118443.473    30.581     1.57    2.51
-118070.938    31.824     3.34    3.43
-117698.484    33.284     3.92    3.82
-117326.112    34.295     2.72    3.15
-116953.821    35.183     2.39    3.33
-116581.611    37.235     5.51    4.22
-116209.482    39.415     5.86    4.13
-115837.434    41.643     5.99    3.73
-115465.467    42.844     3.23    3.63
-115093.581    43.976     3.05    3.63
-114721.776    44.272     0.80    3.80
-114350.052    44.456     0.49    3.40
-113978.409    44.405    -0.14    2.77
-113606.846    44.144    -0.70    2.21
-113235.364    43.375    -2.07    2.36
-112863.963    42.523    -2.29    2.31
-112492.642    41.456    -2.87    1.66
-112121.402    40.458    -2.69    1.01
-111750.242    39.218    -3.34    2.29
-111379.163    36.956    -6.10    3.99
-111008.164    34.582    -6.40    4.12
-110637.245    33.626    -2.58    4.01
-110266.407    34.198     1.54    4.28
-109895.649    35.385     3.20    3.90
-109524.971    36.807     3.84    2.03
-109154.373    36.552    -0.69    1.73
-108783.855    36.284    -0.72    1.30
-108413.417    35.895    -1.05    1.62
-108043.059    35.062    -2.25    2.42
-107672.781    34.036    -2.77    2.56
-107302.583    33.196    -2.27    2.51
-106932.465    32.276    -2.49    3.54
-106562.427    32.874     1.62    4.62
-106192.468    34.364     4.03    5.14
-105822.589    35.717     3.66    4.46
-105452.789    36.115     1.08    3.26
-105083.069    34.420    -4.58    3.02
-104713.429    32.893    -4.13    1.44
-104343.867    32.466    -1.16    1.44
-103974.386    32.059    -1.10    1.88
-103604.983    31.313    -2.02    2.44
-103235.660    30.248    -2.88    2.61
-102866.417    29.568    -1.84    2.65
-102497.252    29.670     0.28    2.71
-102128.167    29.248    -1.14    2.36
-101759.160    28.385    -2.34    2.83
-101390.233    26.208    -5.90    3.49
-101021.385    23.794    -6.54    3.28
-100652.615    21.904    -5.12    2.61
-100283.925    20.249    -4.49    1.87
 -99915.313    19.146    -2.99    1.85
 -99546.781    18.173    -2.64    1.86
 -99178.326    17.497    -1.83    1.74
 -98809.951    16.641    -2.32    2.00
 -98441.654    15.242    -3.80    2.89
 -98073.436    13.980    -3.43    2.90
 -97705.297    12.405    -4.28    2.67
 -97337.236    11.159    -3.38    2.22
 -96969.253    10.487    -1.83    1.91
 -96601.349    10.575     0.24    2.44
 -96233.523    11.189     1.67    2.93
 -95865.775    11.259     0.19    2.97
 -95498.106    11.332     0.20    2.61
 -95130.515    11.622     0.79    2.46
 -94763.002    12.632     2.75    3.10
 -94395.567    14.119     4.05    3.38
 -94028.210    15.237     3.04    3.01
 -93660.931    15.680     1.21    3.14
 -93293.730    14.783    -2.45    3.30
 -92926.607    13.655    -3.07    3.57
 -92559.562    12.691    -2.63    2.91
 -92192.595    11.574    -3.04    1.88
 -91825.705    11.085    -1.33    1.59
 -91458.893    11.266     0.49    1.38
 -91092.159    10.986    -0.76    1.35
 -90725.502    10.686    -0.82    1.34
 -90358.923     9.873    -2.22    2.18
 -89992.422     8.554    -3.60    2.60
 -89625.997     7.327    -3.35    2.29
 -89259.651     6.814    -1.40    1.83
 -88893.381     6.893     0.21    1.64
 -88527.189     7.578     1.87    1.38
 -88161.075     7.786     0.57    1.26
 -87795.037     8.235     1.23    1.80
 -87429.077     9.874     4.48    3.32
 -87063.194    12.989     8.51    4.76
 -86697.387    16.572     9.80    5.00
 -86331.658    19.708     8.58    3.30
 -85966.006    21.279     4.30    2.07
 -85600.431    21.998     1.97    1.47
 -85234.933    22.038     0.11    1.66
 -84869.511    21.989    -0.13    1.98
 -84504.166    21.410    -1.58    2.67
 -84138.898    21.340    -0.19    2.94
 -83765.748    20.958    -1.02    3.04
 -83384.453    21.252     0.77    3.07
 -83003.243    22.557     3.42    2.90
 -82622.118    22.977     1.10    2.69
 -82241.078    24.351     3.61    2.48
 -81860.122    25.089     1.94    2.29
 -81479.251    25.643     1.45    2.06
 -81098.465    26.589     2.48    1.96
 -80717.764    27.425     2.20    2.32
 -80337.147    28.721     3.40    2.94
 -79956.614    29.915     3.14    2.72
 -79576.166    30.691     2.04    2.02
 -79195.803    31.485     2.09    1.53
 -78815.524    31.629     0.38    1.52
 -78435.329    31.905     0.72    1.29
 -78055.218    32.364     1.21    1.24
 -77675.191    32.766     1.06    1.66
 -77295.249    33.619     2.25    2.06
 -76915.390    35.312     4.46    2.22
 -76535.616    36.575     3.32    1.98
 -76155.926    37.457     2.32    1.82
 -75776.319    37.956     1.32    1.43
 -75396.796    38.162     0.54    1.40
 -75017.357    38.364     0.53    1.74
 -74638.002    38.603     0.63    2.01
 -74258.731    38.729     0.33    1.93
 -73879.543    38.717    -0.03    1.72
 -73500.438    38.058    -1.74    1.40
 -73121.418    37.259    -2.11    1.46
 -72742.480    36.599    -1.74    1.40
 -72363.626    36.447    -0.40    1.21
 -71984.856    36.527     0.21    1.22
 -71606.168    36.727     0.53    1.60
 -71227.564    35.967    -2.01    2.21
 -70849.043    35.216    -1.99    2.66
 -70470.606    36.348     2.99    3.88
 -70092.251    38.088     4.60    4.04
 -69713.979    39.119     2.73    3.22
 -69335.791    39.106    -0.03    2.82
 -68957.685    36.729    -6.29    3.48
 -68579.662    34.334    -6.34    2.76
 -68201.722    33.132    -3.18    1.83
 -67823.865    32.425    -1.87    1.68
 -67446.090    31.905    -1.38    1.77
 -67068.398    31.219    -1.82    1.67
 -66690.789    31.632     1.10    2.01
 -66313.262    32.578     2.50    2.07
 -65935.817    34.040     3.87    2.82
 -65558.455    34.792     1.99    2.95
 -65181.176    34.090    -1.86    3.53
 -64803.979    33.132    -2.54    4.02
 -64426.864    32.582    -1.46    3.92
 -64049.831    32.447    -0.36    4.06
 -63672.881    33.058     1.62    3.73
 -63296.012    33.618     1.49    2.68
 -62919.226    32.049    -4.16    2.90
 -62542.522    30.525    -4.05    2.90
 -62165.899    28.498    -5.38    3.66
 -61789.359    26.707    -4.76    4.01
 -61412.900    24.272    -6.47    3.88
 -61036.523    22.366    -5.06    3.42
 -60660.228    22.144    -0.59    4.08
 -60284.015    23.199     2.80    5.02
 -59907.883    24.199     2.66    5.98
 -59531.833    25.772     4.18    5.55
 -59155.864    26.957     3.15    4.35
 -58779.977    26.988     0.08    3.85
 -58404.172    27.634     1.72    3.09
 -58028.447    27.998     0.97    2.51
 -57652.805    29.536     4.10    3.23
 -57277.243    30.719     3.15    3.50
 -56901.762    31.020     0.80    3.45
 -56526.363    30.925    -0.25    3.19
 -56151.045    30.010    -2.44    2.98
 -55775.808    29.207    -2.14    2.17
 -55400.652    28.574    -1.69    2.01
 -55025.577    27.874    -1.87    2.01
 -54650.583    27.070    -2.14    2.09
 -54275.669    25.872    -3.19    1.67
 -53900.837    24.592    -3.42    1.80
 -53526.085    23.389    -3.21    2.35
 -53151.414    22.860    -1.41    2.44
 -52776.824    23.028     0.45    2.57
 -52402.314    23.457     1.15    2.60
 -52027.885    23.201    -0.68    2.61
 -51653.536    21.990    -3.24    3.14
 -51279.268    21.090    -2.40    3.44
 -50905.080    20.610    -1.28    3.92
 -50530.972    21.204     1.59    4.24
 -50156.945    22.762     4.17    3.97
 -49782.998    24.574     4.85    2.65
 -49409.131    24.384    -0.51    1.92
 -49035.345    23.665    -1.92    2.03
 -48661.638    22.280    -3.71    2.07
 -48288.012    20.667    -4.32    2.13
 -47914.465    20.028    -1.71    2.20
 -47540.998    19.723    -0.82    2.30
 -47167.612    19.307    -1.11    2.65
 -46794.305    19.214    -0.25    2.60
 -46421.078    17.996    -3.26    2.99
 -46047.931    15.186    -7.53    3.61
 -45674.863    12.884    -6.17    3.92
 -45301.875    11.132    -4.70    2.94
 -44928.967    10.286    -2.27    2.00
 -44556.138    10.638     0.94    1.79
 -44183.388    10.410    -0.61    2.32
 -43810.719    10.283    -0.34    2.68
 -43438.128    10.136    -0.40    2.79
 -43065.617    10.634     1.34    2.79
 -42693.185    11.542     2.44    2.62
 -42320.832    12.082     1.45    2.76
 -41948.559    12.977     2.41    2.68
 -41576.364    13.132     0.41    2.76
 -41204.249    13.025    -0.29    2.62
 -40832.213    12.915    -0.30    2.34
 -40460.256    12.184    -1.97    2.37
 -40088.377    11.425    -2.04    2.45
 -39716.578    11.034    -1.05    2.31
 -39344.857    10.504    -1.43    1.80
 -38973.216    10.415    -0.24    1.42
 -38601.653    10.488     0.20    1.43
 -38230.168    10.606     0.32    1.53
 -37858.763    11.363     2.04    1.83
 -37487.435    11.894     1.43    2.05
 -37116.187    12.936     2.81    1.40
 -36745.017    13.224     0.78    1.40
 -36373.925    13.599     1.01    2.06
 -36002.912    15.167     4.23    3.25
 -35631.977    17.703     6.84    4.30
 -35261.120    21.217     9.48    4.71
 -34890.342    21.838     1.68    7.57
 -34519.642    21.904     0.18    9.82
 -34149.020    20.725    -3.18   11.30
 -33778.476    17.771    -7.97   11.83
 -33408.010    14.652    -8.42   11.10
 -33037.622    11.050    -9.72   10.23
 -32667.312     9.790    -3.40   10.35
 -32297.080     7.388    -6.49    9.95
 -31926.926     7.967     1.56   10.63
 -31556.850    10.656     7.27   11.34
 -31186.851    16.894    16.86    9.78
 -30816.930    21.848    13.39    2.61
 -30447.087    20.008    -4.97    3.20
 -30077.321    17.415    -7.01    3.66
 -29707.633    15.031    -6.45    2.71
 -29338.023    13.723    -3.54    1.94
 -28968.490    12.644    -2.92    2.22
 -28599.034    12.384    -0.70    2.37
 -28229.656    12.483     0.27    2.43
 -27860.355    12.431    -0.14    2.55
 -27491.131    12.610     0.49    2.75
 -27121.985    13.020     1.11    2.86
 -26752.916    12.721    -0.81    3.49
 -26383.924    11.800    -2.49    4.32
 -26015.009     9.588    -6.00    5.59
 -25646.171     7.062    -6.85    5.69
 -25277.410     4.968    -5.68    5.07
 -24908.726     3.062    -5.17    4.38
 -24540.118     1.776    -3.49    3.08
 -24171.588     1.436    -0.92    2.14
 -23803.135     1.462     0.07    1.23
 -23434.758     3.074     4.38    3.93
 -23066.458     7.280    11.42    7.28
 -22698.234    11.656    11.88    7.15
 -22330.087    15.592    10.69    5.28
 -21962.017    18.056     6.69    2.71
 -21594.023    17.405    -1.77    3.19
 -21226.106    15.830    -4.28    5.78
 -20858.265    13.425    -6.54    7.77
 -20490.501    11.851    -4.28    8.08
 -20122.813    11.251    -1.63    8.89
 -19755.201    11.113    -0.38    8.70
 -19387.665    10.270    -2.29    7.42
 -19020.206    12.142     5.09    6.73
 -18652.822    13.159     2.77    5.53
 -18285.515    13.831     1.83    3.76
 -17918.284    13.383    -1.22    3.36
 -17551.129    12.149    -3.36    2.53
 -17184.050    11.634    -1.40    2.28
 -16817.046    11.946     0.85    2.19
 -16450.119    11.987     0.11    2.06
 -16083.267    11.336    -1.77    2.15
 -15716.491    10.967    -1.01    1.97
 -15349.791    10.706    -0.71    1.78
 -14983.166    10.704    -0.00    1.57
 -14616.618    10.702    -0.01    1.96
 -14250.144    11.266     1.54    2.59
 -13883.746    11.199    -0.18    3.24
 -13517.424    11.618     1.14    3.40
 -13151.177    12.757     3.11    2.82
 -12785.006    13.414     1.79    2.74
 -12418.910    14.655     3.39    2.21
 -12052.889    15.334     1.86    2.02
 -11686.943    15.178    -0.43    1.73
 -11321.073    15.231     0.14    1.73
 -10955.278    15.340     0.30    1.82
 -10589.558    15.155    -0.51    1.89
 -10223.913    15.284     0.35    2.09
  -9858.343    14.813    -1.29    2.27
  -9492.848    13.848    -2.64    2.54
  -9124.033    12.602    -3.38    2.60
  -8742.905    11.414    -3.12    1.86
  -8361.861    10.567    -2.22    1.69
  -7980.899    10.778     0.55    2.27
  -7600.020    10.967     0.50    2.48
  -7219.223    10.903    -0.17    2.68
  -6838.509    10.946     0.11    2.12
  -6457.877    10.670    -0.73    1.69
  -6077.328    10.915     0.64    1.74
  -5696.861    10.643    -0.72    1.99
  -5316.477    10.420    -0.59    2.14
  -4936.174     9.448    -2.56    1.90
  -4555.954     8.670    -2.04    1.84
  -4175.816     8.190    -1.26    1.38
  -3795.760     8.425     0.62    1.70
  -3415.786     8.971     1.44    1.76
  -3035.895     9.504     1.40    1.78
  -2656.085     9.848     0.90    1.91
  -2276.357     8.565    -3.38    4.00
  -1896.710     6.796    -4.66    5.51
  -1517.146     3.978    -7.43    5.43
  -1137.663     1.643    -6.15    4.15
   -758.262    -0.011    -4.36    0.35
   -378.943    -0.075    -0.17    0.00
      0.295    -0.075     0.00    0.00
    379.451    -0.075     0.00    0.00
    758.526    -0.075     0.00    0.00
   1137.520     0.034     0.29    0.94
   1516.432     1.574     4.06    4.55
   1895.262     4.585     7.95    7.81
   2274.012     7.631     8.04    8.95
   2652.680    11.087     9.13    8.96
   3031.267    15.346    11.25    8.07
   3409.773    19.629    11.31    5.15
   3788.198    21.925     6.07    2.03
   4166.542    22.262     0.89    1.82
   4544.805    21.363    -2.38    2.01
   4922.987    21.288    -0.20    2.17
   5301.088    22.431     3.02    3.82
   5679.109    23.343     2.41    5.17
   6057.049    24.532     3.15    6.25
   6434.907    26.078     4.09    7.63
   6812.686    27.389     3.47    7.30
   7190.384    28.065     1.79    6.24
   7568.001    26.431    -4.33    5.23
   7945.537    23.814    -6.93    4.06
   8322.994    21.852    -5.20    4.12
   8700.370    19.026    -7.49    4.60
   9077.665    16.778    -5.96    6.44
   9454.880    14.274    -6.64    8.04
   9832.015    12.606    -4.42    6.99
  10209.070    12.187    -1.11    6.27
  10586.045    12.904     1.90    6.13
  10962.939    13.136     0.62    5.73
  11339.754    14.957     4.83    6.84
  11716.488    19.497    12.05   10.10
  12093.143    23.657    11.05   10.97
  12469.718    31.048    19.62   11.15
  12846.213    32.000     2.53   14.79
  13222.628    29.016    -7.93   17.99
  13598.963    22.452   -17.44   18.76
  13975.219    17.362   -13.53   15.18
  14351.395    19.202     4.89   14.05
  14727.491    19.500     0.79   13.21
  15103.508    22.553     8.12   12.79
  15479.445    25.139     6.88   15.90
  15855.303    27.020     5.01   18.73
  16231.082    30.795    10.05   19.55
  16606.781    38.525    20.58   16.82
  16982.401    46.001    19.90   15.00
  17357.942    46.298     0.79   12.26
  17733.403    45.208    -2.90    9.97
  18108.786    43.808    -3.73    9.09
  18484.089    40.635    -8.46    7.92
  18859.313    35.904   -12.61    8.71
  19234.458    35.119    -2.09   10.71
  19609.525    35.617     1.33   13.59
  19984.512    39.128     9.36   13.65
  20359.421    41.085     5.22   12.08
  20734.250    43.042     5.22   11.52
  21109.001    46.032     7.98   11.26
  21483.674    49.719     9.84   11.30
  21858.267    56.936    19.27   13.41
  22232.782    67.159    27.30   15.63
  22607.219    78.447    30.14   14.52
  22981.577    84.766    16.88   10.56
  23355.857    85.317     1.47   12.00
  23730.058    81.173   -11.07   14.42
  24104.181    74.759   -17.14   14.13
  24478.225    67.094   -20.49   11.86
  24852.191    64.891    -5.89   11.57
  25226.079    56.357   -22.83   16.37
  25599.889    49.714   -17.77   16.93
  25973.621    48.441    -3.41   20.43
  26347.275    46.925    -4.06   22.58
  26720.850    49.925     8.03   21.59
  27094.348    49.266    -1.76   19.44
  27467.768    37.053   -32.71   22.95
  27841.110    23.112   -37.34   21.26
  28214.374    10.946   -32.59   12.99
  28587.560     4.958   -16.05    3.87
  28960.668     3.979    -2.62    1.27
  29333.699     4.255     0.74    1.07
  29706.653     3.979    -0.74    1.08
  30079.528     3.773    -0.55    1.08
  30452.326     4.553     2.09    2.58
  30825.047     5.745     3.20    3.33
  31197.690     7.054     3.52    3.07
  31570.256     7.521     1.25    2.85
  31942.745     6.251    -3.41    2.47
  32315.156     4.732    -4.08    1.68
  32687.490     3.825    -2.43    1.02
  33059.746     3.767    -0.16    0.85
  33431.926     3.803     0.10    1.12
  33804.028     3.715    -0.24    1.33
  34176.054     4.119     1.09    1.66
  34548.002     5.064     2.54    2.35
  34919.874     6.310     3.35    2.27
  35291.668     7.485     3.16    1.56
  35663.386     7.947     1.24    1.39
  36035.027     7.786    -0.43    1.43
  36406.591     7.893     0.29    1.29
  36778.078     8.023     0.35    1.34
  37149.489     8.276     0.68    1.42
  37520.823     8.036    -0.65    1.88
  37892.080     7.276    -2.05    2.35
  38263.261     5.783    -4.02    2.58
  38634.365     4.635    -3.09    2.43
  39005.393     4.203    -1.16    2.64
  39376.345     4.893     1.86    2.99
  39747.220     5.684     2.13    2.95
  40118.019     6.624     2.54    2.40
  40488.741     7.213     1.59    1.30
  40859.388     6.787    -1.15    1.33
  41229.958     6.343    -1.20    1.23
  41600.452     6.149    -0.52    0.96
  41970.870     6.173     0.06    0.89
  42341.212     6.675     1.36    1.52
  42711.478     6.947     0.73    1.60
  43081.668     6.958     0.03    1.60
  43451.782     7.099     0.38    1.53
  43821.820     6.640    -1.24    1.14
  44191.783     6.431    -0.56    0.77
  44561.670     6.266    -0.44    0.80
  44931.481     6.362     0.26    0.84
  45301.216     6.658     0.80    0.98
  45670.876     6.581    -0.21    1.51
  46040.460     6.644     0.17    1.72
  46409.969     6.323    -0.87    1.68
  46779.402     6.291    -0.09    1.54
  47148.760     6.904     1.66    1.50
  47518.042     7.646     2.01    1.75
  47887.250     8.574     2.51    1.73
  48256.381     9.447     2.36    1.80
  48625.438     9.497     0.13    2.00
  48994.419     9.094    -1.09    2.18
  49363.325     8.607    -1.32    2.23
  49732.157     8.054    -1.50    1.78
  50100.913     7.994    -0.16    1.45
  50469.594     7.830    -0.45    1.41
  50838.200     7.948     0.32    1.24
  51206.731     8.076     0.35    1.10
  51575.187     7.947    -0.35    1.31
  51943.568     8.574     1.70    2.10
  52311.875     9.165     1.60    2.26
  52680.107     9.667     1.37    2.03
  53048.264     9.787     0.33    2.05
  53416.346     8.673    -3.03    2.96
  53784.354     7.078    -4.33    3.16
  54152.288     6.797    -0.76    3.86
  54520.146    10.183     9.20    6.34
  54887.931    13.570     9.21    6.33
  55255.641    16.958     9.21    4.54
  55623.276    19.245     6.22    2.06
  55990.837    20.197     2.59    1.74
  56358.324    20.480     0.77    1.59
  56725.737    19.839    -1.74    2.08
  57093.075    18.632    -3.29    2.25
  57460.339    17.555    -2.93    1.36
  57827.529    17.237    -0.86    1.08
  58194.645    17.344     0.29    1.56
  58561.687    17.732     1.06    2.00
  58928.655    18.255     1.43    2.45
  59295.549    19.654     3.81    2.67
  59662.370    21.076     3.88    2.11
  60029.116    21.837     2.08    1.46
  60395.788    22.617     2.13    1.63
  60762.387    24.420     4.92    3.16
  61128.912    26.697     6.21    3.57
  61495.364    29.164     6.73    2.95
  61861.741    33.033    10.56    6.04
  62228.045    38.453    14.80    8.65
  62594.276    43.599    14.05    8.05
  62960.433    47.302    10.11    5.69
  63326.517    48.273     2.65    3.70
  63692.527    44.585   -10.08    6.82
  64058.464    38.357   -17.02    9.27
  64424.327    32.681   -15.51    7.61
  64790.118    28.687   -10.92    4.08
  65155.835    27.546    -3.12    2.19
  65521.478    27.431    -0.32    1.78
  65901.621    27.372    -0.16    1.46
  66282.502    28.063     1.81    2.07
  66663.303    28.667     1.59    2.06
  67044.022    28.891     0.59    1.97
  67424.662    28.734    -0.41    1.94
  67805.221    28.153    -1.53    1.68
  68185.700    28.010    -0.37    1.47
  68566.099    27.607    -1.06    2.16
  68946.417    26.787    -2.16    3.35
  69326.655    26.644    -0.38    3.72
  69706.814    27.065     1.11    3.63
  70086.892    27.336     0.71    3.41
  70466.890    26.574    -2.01    3.52
  70846.808    25.167    -3.70    3.34
  71226.646    23.775    -3.67    3.54
  71606.405    22.078    -4.47    3.96
  71986.083    21.662    -1.10    3.71
  72365.682    22.764     2.90    5.03
  72745.201    23.145     1.00    5.58
  73124.641    20.861    -6.02    8.77
  73504.001    16.103   -12.54   11.12
  73883.281     9.571   -17.22    9.55
  74262.482     5.081   -11.84    6.09
  74641.603     3.571    -3.98    4.52
  75020.645     3.112    -1.21    4.27
  75399.608     3.110    -0.01    4.28
  75778.491     2.475    -1.68    3.13
  76157.295     2.276    -0.52    2.30
  76536.020     2.156    -0.32    1.91
  76914.666     2.251     0.25    1.81
  77293.232     2.436     0.49    1.63
  77671.720     2.980     1.44    2.38
  78050.128     3.904     2.44    3.10
  78428.458     4.284     1.01    3.07
  78806.708     4.194    -0.24    2.99
  79184.880     3.643    -1.46    2.46
  79562.973     3.269    -0.99    1.70
  79940.987     3.534     0.70    1.74
  80318.923     4.175     1.70    1.63
  80696.779     5.208     2.73    1.66
  81074.558     6.208     2.65    1.81
  81452.257     8.328     5.61    3.39
  81829.878    11.632     8.75    5.16
  82207.421    15.200     9.45    5.34
  82584.885    17.773     6.82    3.73
  82962.270    18.936     3.08    2.24
  83339.578    19.099     0.43    2.33
  83716.807    18.673    -1.13    2.38
  84093.958    17.610    -2.82    2.43
  84471.030    16.697    -2.42    2.57
  84848.025    15.762    -2.48    2.38
  85224.941    13.980    -4.73    2.19
  85601.780    14.280     0.80    2.96
  85978.540    15.295     2.69    3.58
  86355.222    16.087     2.10    3.73
  86731.827    16.024    -0.17    3.47
  87108.354    15.345    -1.80    3.75
  87484.802    15.519     0.46    4.55
  87861.174    15.893     0.99    5.33
  88237.467    14.980    -2.43    5.39
  88613.683    14.044    -2.49    5.21
  88989.821    14.442     1.06    4.93
  89365.881    14.936     1.31    4.52
  89741.864    15.969     2.75    4.46
  90117.770    16.979     2.69    4.49
  90493.598    17.662     1.82    4.67
  90869.349    18.861     3.19    4.31
  91245.022    20.068     3.21    3.19
  91620.618    21.259     3.17    2.76
  91996.137    22.659     3.73    3.06
  92371.579    23.088     1.14    3.09
  92746.943    24.070     2.61    3.00
  93122.231    25.828     4.68    2.78
  93497.441    26.359     1.42    2.60
  93872.574    27.011     1.74    3.05
  94247.631    27.262     0.67    3.39
  94622.610    26.764    -1.33    2.97
  94997.513    26.262    -1.34    2.86
  95372.339    25.076    -3.17    2.92
  95747.088    24.028    -2.80    2.81
  96121.760    24.425     1.06    2.98
  96496.356    24.766     0.91    2.93
  96870.875    25.491     1.93    2.63
  97245.317    26.709     3.25    3.01
  97619.683    27.741     2.75    3.51
  97993.973    29.802     5.51    3.43
  98368.185    31.567     4.72    2.38
  98742.322    32.619     2.81    2.47
  99116.382    32.512    -0.28    2.86
  99490.366    30.702    -4.84    4.60
  99864.274    26.640   -10.86    6.41
 100238.105    23.065    -9.56    5.38
 100611.861    21.121    -5.20    4.01
 100985.540    21.623     1.34    4.29
 101359.143    22.915     3.46    4.11
 101732.670    23.251     0.90    4.36
 102106.121    24.079     2.22    4.16
 102479.496    25.305     3.28    3.79
 102852.795    26.359     2.82    2.57
 103226.019    27.753     3.74    1.94
 103599.166    28.654     2.41    2.09
 103972.238    29.187     1.43    2.20
 104345.234    29.065    -0.33    2.14
 104718.155    28.425    -1.72    2.49
 105091.000    25.872    -6.85    3.66
 105463.769    22.653    -8.63    5.17
 105836.463    19.761    -7.76    6.50
 106209.081    17.670    -5.61    6.29
 106581.624    15.657    -5.40    6.21
 106954.091    15.025    -1.69    5.88
 107326.483    13.097    -5.18    5.05
 107698.800    10.914    -5.86    2.93
 108071.042     8.871    -5.49    2.46
 108443.208     7.023    -4.96    2.76
 108815.299     5.936    -2.92    2.39
 109187.315     5.302    -1.71    1.74
 109559.256     5.300    -0.00    1.76
 109931.122     6.480     3.17    2.02
 110302.913     8.100     4.36    2.62
 110674.629    10.186     5.61    3.61
 111046.270    12.274     5.62    3.03
 111417.836    13.807     4.13    3.23
 111789.328    14.880     2.89    3.42
 112160.745    16.556     4.51    3.57
 112532.087    17.880     3.57    3.87
 112903.354    18.588     1.91    3.50
 113274.547    19.259     1.81    2.64
 113645.665    20.328     2.88    2.44
 114016.709    20.370     0.11    2.87
 114387.678    19.436    -2.52    3.45
 114758.572    18.728    -1.91    3.58
 115129.393    19.035     0.83    3.97
 115500.138    21.167     5.75    5.60
 115870.810    24.870     9.99    5.93
 116241.407    25.804     2.52    5.40
 116611.931    25.914     0.30    5.14
 116982.379    26.719     2.17    5.73
 117352.754    27.925     3.26    6.12
 117723.055    30.197     6.13    6.11
 118093.282    33.170     8.03    5.71
 118463.434    35.556     6.45    5.20
 118833.513    37.296     4.70    4.95
 119203.518    38.936     4.43    4.45
 119573.449    40.684     4.72    3.82
 119943.306    40.618    -0.18    3.74
 120313.089    40.807     0.51    3.38
 120682.798    40.359    -1.21    3.11
 121052.434    38.354    -5.42    2.80
 121421.996    36.664    -4.57    2.97
 121791.485    35.262    -3.79    2.91
 122160.900    34.187    -2.91    3.20
 122530.241    32.436    -4.74    4.09
 122899.509    30.972    -3.96    3.59
 123268.704    31.269     0.80    3.95
 123637.825    31.495     0.61    4.49
 124006.873    32.596     2.98    4.16
 124375.848    32.397    -0.54    4.05
 124744.749    32.112    -0.77    3.87
 125113.577    32.211     0.27    3.61
 125482.332    34.036     4.95    3.50
 125851.013    36.011     5.36    2.43
 126219.622    36.636     1.70    2.17
 126588.158    35.463    -3.18    3.54
 126956.620    31.971    -9.48    5.87
 127325.010    29.244    -7.40    5.30
 127693.327    27.704    -4.18    3.74
 128061.571    28.002     0.81    3.52
 128429.742    29.216     3.30    3.05
 128797.840    30.349     3.08    2.51
 129165.865    30.786     1.19    2.28
 129533.818    30.241    -1.48    2.76
 129901.698    29.903    -0.92    2.60
 130269.506    29.310    -1.61    2.56
 130637.241    29.403     0.25    2.37
 131004.903    29.970     1.54    1.98
 131372.493    29.925    -0.12    1.92
 131740.010    29.903    -0.06    2.62
 132107.456    28.836    -2.90    3.58
 132474.828    27.822    -2.76    3.83
 132842.129    26.858    -2.62    4.16
 133209.357    26.184    -1.83    4.29
 133576.513    25.570    -1.67    4.19
 133943.596    26.408     2.28    4.33
 134310.608    28.156     4.76    4.46
 134677.547    31.052     7.89    4.11
 135044.415    33.783     7.44    3.84
 135411.210    35.497     4.67    2.58
 135777.933    36.431     2.55    2.11
 136144.585    36.859     1.17    3.33
 136511.164    35.995    -2.36    4.25
 136877.672    33.359    -7.19    6.41
 137244.108    33.114    -0.67    6.72
 137610.472    32.779    -0.91    6.41
 137976.764    31.437    -3.66    7.15
 138342.985    29.310    -5.81    8.43
 138709.134    25.937    -9.21    7.48
 139075.212    23.470    -6.74    4.52
 139441.217    22.359    -3.04    1.68
 139807.152    23.314     2.61    1.84
 140173.015    23.925     1.67    1.64
 140549.089    24.084     0.42    1.63
 140929.808    24.870     2.06    2.08
 141310.448    24.558    -0.82    2.75
 141691.010    23.706    -2.24    3.60
 142071.494    21.209    -6.56    5.00
 142451.900    18.706    -6.58    4.94
 142832.227    15.248    -9.09    4.28
 143212.476    13.270    -5.20    2.19
 143592.647    12.581    -1.81    1.81
 143972.740    13.123     1.43    2.16
 144352.755    14.728     4.22    2.43
 144732.692    15.316     1.55    2.16
 145112.552    15.103    -0.56    1.88
 145492.333    14.477    -1.65    1.68
 145872.036    14.101    -0.99    1.35
 146251.662    14.356     0.67    1.47
 146631.210    15.270     2.41    2.15
 147010.681    15.808     1.42    2.42
 147390.073    16.824     2.68    2.87
 147769.389    17.628     2.12    3.15
 148148.626    19.681     5.41    3.82
 148527.786    21.643     5.17    3.15
 148906.869    23.662     5.32    2.76
 149285.874    26.866     8.45    5.34
 149664.803    30.145     8.65    6.59
 150043.653    32.175     5.36    5.60
 150422.427    30.838    -3.53    6.23
 150801.123    27.763    -8.12    6.11
 151179.742    25.415    -6.20    3.68
 151558.284    22.845    -6.79    4.01
 151936.749    19.980    -7.57    6.05
 152315.137    15.701   -11.31    7.63
 152693.448    12.783    -7.71    6.55
 153071.682    11.050    -4.58    5.63
 153449.839    11.859     2.14    5.56
 153827.920    14.086     5.89    4.69
 154205.923    14.728     1.70    3.86
 154583.850    15.397     1.77    2.34
 154961.700    15.937     1.43    2.26
 155339.474    16.573     1.68    2.67
 155717.171    16.859     0.76    2.88
 156094.791    17.535     1.79    2.78
 156472.335    17.381    -0.41    2.53
 156849.802    16.584    -2.11    2.56
 157227.193    16.481    -0.27    2.77
 157604.508    18.824     6.21    5.20
 157981.746    20.959     5.66    6.39
 158358.909    23.244     6.06    5.60
 158735.994    23.592     0.92    5.46
 159113.004    22.178    -3.75    5.42
 159489.937    20.848    -3.53    4.38
 159866.795    19.225    -4.30    3.48
 160243.576    18.150    -2.85    3.44
 160620.282    17.687    -1.23    4.03
 160996.911    17.003    -1.81    4.57
 161373.465    17.003     0.00    4.64
 161749.942    18.048     2.77    4.51
 162126.344    21.025     7.91    5.62
 162502.670    24.392     8.95    5.19
 162878.920    27.336     7.82    2.52
 163255.095    28.409     2.85    1.77
 163631.194    28.678     0.72    1.99
 164007.217    27.982    -1.85    3.54
 164383.165    26.614    -3.64    4.53
 164759.038    24.681    -5.14    4.52
 165134.835    22.459    -5.91    2.16
 165510.556    22.336    -0.33    1.85
 165886.202    23.206     2.32    2.44
 166261.773    23.420     0.57    2.71
 166637.269    22.596    -2.19    3.66
 167012.689    20.812    -4.75    3.32
 167388.034    19.184    -4.34    3.10
 167763.304    18.403    -2.08    2.70
 168138.499    18.481     0.21    2.98
 168513.619    18.581     0.27    3.39
 168888.663    19.025     1.18    3.22
 169263.633    18.714    -0.83    2.73
 169638.528    18.846     0.35    2.42
 170013.348    19.049     0.54    2.53
 170388.093    19.164     0.31    2.66
 170762.764    20.359     3.19    3.00
 171137.360    19.947    -1.10    2.92
 171511.881    19.803    -0.38    2.95
 171886.327    19.981     0.47    2.83
 172260.699    19.625    -0.95    2.46
 172634.996    19.753     0.34    2.20
 173009.219    19.543    -0.56    1.63
 173383.367    19.098    -1.19    1.47
 173757.440    18.678    -1.12    1.68
 174131.440    17.903    -2.07    2.26
 174505.365    17.442    -1.23    2.03
 174879.215    17.408    -0.09    2.34
 175252.992    16.803    -1.62    2.79
 175626.694    15.638    -3.12    3.51
 176000.322    14.112    -4.08    3.08
 176373.876    12.425    -4.51    2.22
 176747.356    12.255    -0.46    1.93
 177120.762    12.569     0.84    1.54
 177494.094    12.695     0.34    1.33
 177867.352    12.271    -1.14    1.48
 178240.536    11.859    -1.10    1.55
 178613.646    11.395    -1.24    1.46
 178986.682    11.083    -0.84    1.96
 179359.645    10.211    -2.34    3.13
 179732.533     8.734    -3.96    3.32
 180105.348     7.480    -3.37    2.59
 180478.090     7.448    -0.08    2.48
 180850.758     8.294     2.27    2.25
 181223.352     8.684     1.04    1.70
 181595.873     8.832     0.40    1.29
 181968.320    10.281     3.89    3.29
 182340.694    12.278     5.36    4.49
 182712.994    14.530     6.05    4.27
 183085.222    16.471     5.21    2.71
 183457.375    17.476     2.70    1.51
 183829.456    17.718     0.65    1.43
 184201.463    18.015     0.80    1.58
 184573.398    18.528     1.38    1.64
 184945.259    18.723     0.53    1.91
 185317.047    19.532     2.18    1.92
 185688.762    20.130     1.61    1.80
 186060.404    19.959    -0.46    1.60
 186431.972    20.673     1.92    1.58
 186803.469    21.566     2.40    2.21
 187174.892    23.178     4.34    2.54
 187546.242    24.880     4.58    2.68
 187917.520    26.937     5.54    2.82
 188288.725    28.714     4.79    2.46
 188659.857    30.065     3.64    1.67
 189030.916    29.892    -0.46    1.82
 189401.903    28.844    -2.83    2.35
 189772.817    27.143    -4.59    2.57
 190143.659    25.580    -4.21    2.27
 190514.428    24.848    -1.98    1.87
 190885.125    24.318    -1.43    1.86
 191255.749    22.465    -5.00    2.82
 191626.301    20.759    -4.60    3.22
 191996.781    18.768    -5.37    2.51
 192367.189    17.477    -3.48    1.64
 192737.524    17.229    -0.67    1.61
 193107.787    17.959     1.97    2.51
 193477.978    19.206     3.37    2.97
 193848.096    20.539     3.60    2.79
 194218.143    22.278     4.70    2.75
 194588.118    23.937     4.48    3.07
 194958.020    25.799     5.03    2.82
 195327.851    27.521     4.66    2.39
 195697.610    29.063     4.17    2.30
 196067.297    29.603     1.46    2.09
 196436.912    28.784    -2.22    4.81
 196806.455    26.475    -6.25    6.55
 197175.927    24.175    -6.22    6.99
 197545.327    24.721     1.48    7.32
 197914.655    26.178     3.95    7.13
 198283.911    27.611     3.88    6.04
 198653.096    28.866     3.40    3.95
 199022.210    27.116    -4.74    3.92
 199391.252    23.764    -9.08    4.84
 199760.223    20.813    -8.00    4.83
 200129.122    18.550    -6.13    3.78
 200497.950    17.114    -3.89    2.66
 200866.706    16.776    -0.92    2.25
 201235.391    17.810     2.81    3.78
 201604.005    20.015     5.98    5.00
 201972.548    22.397     6.46    4.92
 202341.020    24.736     6.35    3.95
 202709.420    26.431     4.60    1.78
 203077.750    26.081    -0.95    1.83
 203446.008    26.354     0.74    1.96
 203814.195    26.925     1.55    2.49
 204182.312    28.163     3.36    2.94
 204550.357    30.880     7.38    4.04
 204918.332    33.282     6.52    4.73
 205286.236    34.644     3.70    4.40
 205654.069    34.073    -1.55    5.22
 206021.831    30.880    -8.68    6.09
 206389.523    27.695    -8.66    4.90
 206757.144    25.270    -6.60    2.42
 207124.694    26.766     4.07    3.89
 207492.173    29.673     7.91    4.60
 207859.583    31.359     4.59    3.76
 208226.921    33.092     4.72    2.14
 208594.189    32.947    -0.39    2.23
 208961.387    32.949     0.01    2.32
 209328.514    33.550     1.64    2.46
 209695.571    33.228    -0.88    3.33
 210062.558    31.630    -4.35    5.74
 210429.475    29.460    -5.91    6.66
 210796.321    27.351    -5.75    7.29
 211163.097    26.937    -1.13    7.96
 211529.803    25.730    -3.29    7.33
 211896.438    25.039    -1.88    6.51
 212263.004    23.259    -4.86    4.13
 212629.500    22.709    -1.50    2.80
 212995.925    22.242    -1.27    2.73
 213362.281    22.270     0.07    3.20
 213728.567    22.152    -0.32    3.89
 214094.783    22.136    -0.04    4.61
 214460.929    22.098    -0.11    5.01
 214827.005    21.516    -1.59    5.06
 215199.333    20.190    -3.56    4.84
 215579.891    19.175    -2.67    3.47
 215960.373    19.763     1.54    3.77
 216340.779    22.028     5.95    4.43
 216721.109    24.549     6.63    3.50
 217101.363    25.198     1.71    2.63
 217481.540    24.366    -2.19    2.97
 217861.642    23.545    -2.16    2.70
 218241.667    22.592    -2.51    2.12
 218621.616    22.341    -0.66    2.81
 219001.490    21.450    -2.35    3.10
 219381.287    20.698    -1.98    3.04
 219761.009    19.473    -3.23    2.64
 220140.655    19.448    -0.07    1.97
 220520.225    20.577     2.97    2.41
 220899.720    21.766     3.13    2.46
 221279.138    23.286     4.00    2.36
 221658.481    24.414     2.97    2.48
 222037.749    25.346     2.46    2.40
 222416.941    26.184     2.21    2.02
 222796.057    26.607     1.12    1.83
 223175.098    26.867     0.69    1.78
 223554.064    27.465     1.58    1.86
 223932.954    28.448     2.60    2.24
 224311.769    30.482     5.37    3.83
 224690.509    33.558     8.12    5.21
 225069.173    37.802    11.21    4.92
 225447.763    41.484     9.72    5.01
 225826.277    44.971     9.21    4.05
 226204.716    46.263     3.41    3.21
 226583.080    46.128    -0.36    3.30
 226961.369    45.056    -2.83    3.03
 227339.583    44.802    -0.67    2.86
 227717.722    45.480     1.79    2.57
 228095.786    46.316     2.21    2.30
 228473.776    46.803     1.29    1.85
 228851.690    46.823     0.05    1.72
 229229.530    46.755    -0.18    1.78
 229607.295    46.532    -0.59    1.87
 229984.986    45.592    -2.49    2.08
 230362.602    44.348    -3.29    2.52
 230740.143    42.794    -4.11    2.45
 231117.610    41.167    -4.31    3.36
 231495.002    39.580    -4.20    4.42
 231872.320    38.173    -3.73    5.41
 232249.563    37.687    -1.29    5.73
 232626.733    37.721     0.09    5.41
 233003.828    37.925     0.54    5.44
 233380.848    38.187     0.69    5.24
 233757.794    39.925     4.61    5.44
 234134.667    41.619     4.49    4.87
 234511.465    42.558     2.49    3.71
 234888.189    42.039    -1.38    5.29
 235264.839    39.135    -7.71    7.71
 235641.415    37.684    -3.85    7.70
 236017.917    36.592    -2.90    7.83
 236394.345    37.004     1.09    8.46
 236770.699    39.106     5.58    8.19
 237146.979    37.600    -4.00    9.13
 237523.186    36.550    -2.79    8.85
 237899.319    35.193    -3.61    7.80
 238275.378    35.098    -0.25    5.78
 238651.363    36.181     2.88    3.70
 239027.275    35.289    -2.37    4.18
 239403.114    33.937    -3.60    4.64
 239778.878    30.549    -9.01    5.97
 240154.570    27.071    -9.25    6.50
 240530.188    24.495    -6.86    6.95
 240905.732    21.937    -6.81    6.74
 241281.203    19.937    -5.33    6.33
 241656.601    18.216    -4.58    5.40
 242031.926    16.116    -5.59    3.52
 242407.177    14.937    -3.14    1.57
 242782.355    14.737    -0.53    1.43
 243157.460    14.753     0.04    1.42
 243532.492    14.996     0.65    1.20
 243907.451    15.096     0.27    1.12
 244282.336    14.937    -0.42    1.20
 244657.149    14.596    -0.91    1.08
 245031.889    14.476    -0.32    1.14
 245406.556    14.391    -0.23    1.11
 245781.150    14.372    -0.05    1.12
 246155.672    14.357    -0.04    1.26
 246530.120    14.172    -0.49    1.20
 246904.496    14.232     0.16    1.31
 247278.799    14.397     0.44    1.30
 247653.030    14.596     0.53    1.32
 248027.188    14.779     0.49    1.21
 248401.273    14.675    -0.28    1.30
 248775.286    14.796     0.32    1.27
 249149.227    14.812     0.04    1.27
 249523.095    14.611    -0.54    1.23
 249896.891    14.346    -0.71    1.17
 250270.614    14.130    -0.58    1.08
 250644.265    14.043    -0.23    0.98
 251017.844    14.187     0.38    0.98
 251391.350    13.982    -0.55    1.04
 251764.784    13.190    -2.12    3.01
 252138.147    11.698    -3.99    4.48
 252511.437    10.718    -2.62    4.80
 252884.655    10.623    -0.26    5.02
 253257.801    10.553    -0.19    5.27
 253630.875    10.869     0.84    5.31
 254003.877    11.224     0.95    5.09
 254376.807    11.789     1.51    5.06
 254749.666    11.938     0.40    5.02
 255122.453    13.133     3.21    4.17
 255495.167    14.313     3.17    2.39
 255867.811    14.630     0.85    2.41
 256240.382    14.966     0.90    2.65
