# NaN NaN NaN ;Mean Elev.(m), Avg Gradient(m/km), RMS Gradient(m/km) - SRTM1     
#  -10.604  -1.791  15.021 ;Mean Elev.(m), Avg Gradient(m/km), RMS Gradient(m/km) - ASTER GDEM
#    0.064  -1.231  17.232 ;Mean Elev.(m), Avg Gradient(m/km), RMS Gradient(m/km) - GMTED2010 
 12    81.710 52632.67003745  1.14  68.534750  66.645887  3.122
 12    71.240 52632.67003809  2.58  68.531400  66.648957  3.122
 16   113.796 52772.67003311  5.82  68.559825  66.648004  4.183
 16   112.211 52772.67003376  4.73  68.556475  66.651084  4.183
 16   110.716 52772.67003440  4.16  68.553125  66.654154  4.183
 16   108.586 52772.67003504  2.67  68.549775  66.657227  4.927
 16   106.125 52772.67003569  1.40  68.546425  66.660307  4.927
 17   110.552 52807.67009108  0.43  68.542027  66.634924  2.783
 17   108.672 52807.67009173  0.51  68.538677  66.637994  2.783
 18    86.703 52842.67015060  1.60  68.539212  66.641541  3.619
 18    88.425 52842.67015124  0.02  68.535862  66.644621  3.619
 19    -1.471 52877.67018797 36.82  68.548157  66.637151  9.727
 19     3.876 52877.67018861 21.84  68.544817  66.640221  9.727
 19     5.243 52877.67018926 21.26  68.541467  66.643301  9.727
 19     5.552 52877.67018990 21.01  68.538117  66.646371  9.727
 19     3.912 52877.67019055 26.00  68.534767  66.649451  9.727
 21   107.251 52947.67010346  2.51  68.543328  66.635653  6.109
 21    66.420 52947.67010604 10.25  68.529925  66.647956  7.961
 21    65.086 52947.67010669  9.16  68.526575  66.651036  7.961
 27   111.930 53157.67017700  5.56  68.546268  66.634350  2.730
 27   110.718 53157.67017764  2.73  68.542918  66.637430  2.730
 27   109.645 53157.67017829  1.28  68.539568  66.640500  2.730
 27   107.052 53157.67017893  1.90  68.536228  66.643580  2.730
 27   111.678 53157.67017958  0.33  68.532868  66.646650  2.730
 28    78.822 53192.67017170  2.01  68.552980  66.643745  4.110
 28    93.321 53192.67017234  0.35  68.549630  66.646815  4.110
 28    75.939 53192.67017299  1.64  68.546280  66.649895  4.110
 31   106.457 53297.67018018  4.56  68.541037  66.634682  8.360
 31    67.519 53297.67018212 13.00  68.530987  66.643912  8.360
 31    66.102 53297.67018276 15.51  68.527637  66.646982  8.360
 31    64.782 53297.67018341 13.50  68.524287  66.650062  8.360
 33    96.798 53367.67009941  0.01  68.552224  66.655112  3.219
 33    94.297 53367.67010006  0.05  68.548871  66.658183  2.983
 37   111.844 53507.67019657 12.67  68.551059  66.638783  4.753
 37   110.645 53507.67019721  9.36  68.547709  66.641863  4.753
 37   109.187 53507.67019786  9.30  68.544359  66.644933  4.753
 37   107.065 53507.67019850  8.85  68.541009  66.648013  4.753
 37   105.691 53507.67019915  6.33  68.537659  66.651083  4.753
 42   110.790 53682.67016372  0.16  68.550368  66.639739  3.867
 42   109.212 53682.67016436  0.00  68.547018  66.642809  3.867
 48   112.215 53892.67010189  2.48  68.551765  66.640231  3.495
 48   110.731 53892.67010254  1.42  68.548415  66.643301  3.495
 48   109.012 53892.67010318  1.08  68.545065  66.646381  3.495
 48   107.357 53892.67010383  0.02  68.541715  66.649451  3.495
 49    70.461 53927.67016072  2.26  68.544070  66.636270  5.049
 49    69.800 53927.67016137  3.45  68.540720  66.639350  5.049
 50    77.583 53962.67014437  4.24  68.552553  66.640315  4.316
 50    96.045 53962.67014502  0.48  68.549203  66.643385  4.316
 50    91.589 53962.67014566  0.48  68.545853  66.646465  4.316
 50    89.531 53962.67014630  0.24  68.542503  66.649535  4.316
 51   108.550 53997.67008908  0.92  68.542324  66.630245  4.016
 51   107.318 53997.67008973  1.22  68.538974  66.633315  4.016
 51   105.793 53997.67009037  1.80  68.535624  66.636395  4.016
 51    91.076 53997.67009102  2.96  68.532274  66.639465  4.016
 51   101.900 53997.67009166  1.41  68.528924  66.642545  4.016
 51    89.791 53997.67009230  1.24  68.525564  66.645615  4.016
 51    99.323 53997.67009295  0.76  68.522214  66.648695  4.016
 52   109.853 54032.67014014  0.90  68.550276  66.637035  5.334
 52    97.697 54032.67014078  6.14  68.546926  66.640115  5.334
 52    89.562 54032.67014207  5.21  68.540226  66.646265  5.334
 52    71.770 54032.67014272  6.14  68.536876  66.649335  5.334
 58   110.790 54242.67010122  4.67  68.551027  66.640578  7.544
 58    97.994 54242.67010186  7.47  68.547677  66.643648  7.544
 58    99.255 54242.67010250  4.63  68.544327  66.646728  7.544
 58   106.294 54242.67010315  3.32  68.540977  66.649798  7.544
 60     5.140 54312.67011514 19.84  68.553785  66.640336 10.332
 60     7.277 54312.67011578 19.49  68.550435  66.643416 10.332
 60     7.058 54312.67011643 20.24  68.547085  66.646486 10.332
 60     7.085 54312.67011707 20.89  68.543735  66.649566 10.332
 60     6.703 54312.67011772 21.33  68.540385  66.652636 10.332
 61   111.160 54347.67008847  3.76  68.555654  66.648243  4.797
 61   108.790 54347.67008912  3.63  68.552314  66.651313  4.797
 63   109.430 54417.67003769  1.47  68.551109  66.647577  3.917
 63   107.266 54417.67003833  1.82  68.547759  66.650647  3.917
 63   103.782 54417.67003898  0.51  68.544409  66.653727  3.917
 69   112.611 54627.67004673  7.83  68.553132  66.640504  4.788
 69   111.137 54627.67004737  7.81  68.549782  66.643574  4.788
 69   109.302 54627.67004802  7.74  68.546432  66.646654  4.788
 69   107.547 54627.67004866  7.43  68.543086  66.649734  3.490
 69   105.582 54627.67004931  5.03  68.539736  66.652804  3.490
 72    78.762 54732.67001244  2.70  68.536963  66.645369  3.986
 72    68.354 54732.67001309  2.53  68.533612  66.648445  8.359
 73    69.870 54767.67000858 16.30  68.551282  66.642768 16.649
 73    68.855 54767.67000923 12.80  68.547932  66.645848 16.649
 73    68.016 54767.67000987 12.31  68.544582  66.648926  9.591
 73    66.800 54767.67001052  9.67  68.541232  66.651996  9.591
 75    80.980 54837.67000308  2.50  68.542687  66.649565  4.058
 75    98.703 54837.67000372  0.48  68.539337  66.652635  4.058
 81     4.529 55047.67002408 19.22  68.551016  66.640198 10.804
 81     5.956 55047.67002472 19.76  68.547666  66.643268 10.804
 81     5.557 55047.67002537 22.35  68.544316  66.646348 10.804
 81     5.708 55047.67002601 24.21  68.540962  66.649427 15.408
 81     5.957 55047.67002666 27.01  68.537612  66.652497 15.408
 85    83.901 55187.66994460  1.33  68.536810  66.644781  3.322
 85    78.382 55187.66994524  1.75  68.533463  66.647857  3.474
 85    71.114 55187.66994589  1.94  68.530103  66.650927  3.474
 89   112.181 55327.66992287  3.17  68.550858  66.638344  5.071
 89   110.223 55327.66992352  3.53  68.547508  66.641424  5.071
 89   108.926 55327.66992416  3.76  68.544158  66.644494  5.071
 89   107.278 55327.66992480  3.32  68.540808  66.647574  5.071
 89   105.941 55327.66992545  0.88  68.537458  66.650655  7.239
 91     5.087 55397.66992622 13.35  68.548105  66.635557  6.525
 91     5.465 55397.66992687 20.87  68.544755  66.638637  6.525
 91     6.047 55397.66992751 29.33  68.541405  66.641707  6.525
 91     5.317 55397.66992816 34.18  68.538055  66.644787  6.525
 91     5.235 55397.66992880 35.94  68.534701  66.647863 24.407
 91     7.283 55397.66992945 32.34  68.531351  66.650933 24.407
