# NaN NaN NaN ;Mean Elev.(m), Avg Gradient(m/km), RMS Gradient(m/km) - SRTM1     
#   12.005  -0.369   7.846 ;Mean Elev.(m), Avg Gradient(m/km), RMS Gradient(m/km) - ASTER GDEM
#   17.521  -0.594   6.089 ;Mean Elev.(m), Avg Gradient(m/km), RMS Gradient(m/km) - GMTED2010 
  7  75.500613  61.067140    37.669    37.624  4 52467.25059140 32.787
  8  75.499015  61.071513    35.011    35.051  4 52502.25058201 29.654
  9  75.508353  61.056818    34.597    35.232  4 52537.25057001 21.682
 10  75.501597  61.066763    35.316    35.421  3 52572.25060605 22.104
 11  75.501122  61.068256    34.769    34.821  3 52607.25056300 19.173
 12  75.504530  61.062237    33.815    33.812  4 52642.25056276 14.982
 13  75.500223  61.069185    35.008    34.936  4 52677.25054766 12.634
 14  75.504047  61.062000    35.539    35.527  3 52712.25058070 12.572
 15  75.493911  61.076947    30.444    30.437  4 52747.25060510 22.268
 16  75.505660  61.057160    35.904    35.871  4 52782.25054755 25.452
 17  75.505799  61.059674    36.760    36.731  3 52817.25062629 53.197
 18  75.505577  61.061797    32.369    31.602  4 52852.25067641 23.692
 20  75.497895  61.072851    29.407    29.412  4 52922.25066384 46.756
 21  75.507807  61.054569    29.119    29.189  4 52957.25063233 26.279
 22  75.505426  61.061204    33.084    33.584  4 52992.25065283 13.311
 23  75.500682  61.067546    34.140    34.288  4 53027.25061731 12.045
 24  75.506692  61.059902    31.733    31.920  4 53062.25062747 14.582
 25  75.495403  61.077399    36.424    36.507  4 53097.25064731  9.583
 26  75.506924  61.054678    32.639    32.630  4 53132.25062517 24.080
 28  75.502188  61.066543    34.617    34.411  3 53202.25070097 22.849
 29  75.501765  61.065843    31.066    31.085  3 53237.25067020 50.448
 30  75.509853  61.052340    30.596    30.622  5 53272.25062896 32.380
 31  75.501550  61.067182    30.705    30.673  4 53307.25069100 31.792
 36  75.501763  61.067870    30.418    30.416  3 53482.25070373 32.353
 37  75.501416  61.067130    36.087    36.084  3 53517.25070543 47.646
 38  75.498197  61.072349    34.671    34.720  4 53552.25072557 28.743
 39  75.500715  61.067033    32.881    33.105  4 53587.25067987 19.451
 40  75.505168  61.061496    31.987    31.433  4 53622.25064736 21.499
 41  75.503727  61.062616    30.778    30.623  3 53657.25067514 23.803
 42  75.498992  61.070619    31.019    29.969  4 53692.25065889 22.541
 43  75.497253  61.074006    34.190    34.050  3 53727.25058180 12.912
 44  75.508411  61.052605    31.437    31.433  4 53762.25053957 13.375
 45  75.500092  61.069700    33.884    33.896  3 53797.25054875  8.814
 47  75.503559  61.063871    32.162    32.186  3 53867.25060824 29.569
 48  75.501195  61.065727    35.660    35.738  3 53902.25063811 26.781
 49  75.498225  61.073976    34.547    34.554  4 53937.25067460 26.039
 50  75.496481  61.072953    32.312    32.225  4 53972.25063947 28.969
 52  75.506255  61.057779    31.640    31.619  3 54042.25065230 37.105
 54  75.495271  61.076954    33.785    33.786  4 54112.25058290 13.514
 56  75.495763  61.074605    35.816    35.860  4 54182.25057130 11.860
 57  75.503304  61.062214    33.419    33.424  3 54217.25059664 34.775
 58  75.502416  61.065886    37.078    37.049  4 54252.25062170 30.553
 59  75.501397  61.066304    38.268    38.288  4 54287.25062679 51.447
 60  75.501848  61.065015    35.916    35.948  3 54322.25062420 23.008
 61  75.497159  61.073535    33.858    34.346  4 54357.25058157 26.666
 62  75.503232  61.065453    33.596    33.198  3 54392.25056463 21.592
 63  75.499873  61.068337    30.254    30.244  3 54427.25053270 30.176
 64  75.504371  61.060536    33.186    33.867  3 54462.25054314 19.210
 65  75.500939  61.069540    34.829    34.826  3 54497.25054048 16.001
 66  75.503581  61.061698    35.934    36.059  3 54532.25055621 13.355
 67  75.497692  61.074417    34.714    34.702  4 54567.25054452 12.011
 68  75.502782  61.064879    36.272    36.265  4 54602.25055078 49.127
 69  75.501296  61.068496    36.284    36.290  4 54637.25056170 32.487
 70  75.500400  61.068795    33.224    33.252  3 54672.25056497 53.022
 71  75.499972  61.070548    30.509    30.525  3 54707.25052424 28.053
 72  75.503455  61.063528    30.881    30.846  3 54742.25053087 36.961
 73  75.500999  61.068412    31.066    31.084  3 54777.25050623 36.690
 74  75.504887  61.059528    33.394    33.730  4 54812.25052501 21.973
 75  75.499129  61.069852    33.911    34.065  3 54847.25050613 14.809
 76  75.502781  61.064099    33.418    33.439  4 54882.25052766 12.263
 77  75.495837  61.075259    36.165    36.146  3 54917.25050821  8.641
 78  75.502182  61.064431    35.708    35.730  3 54952.25052112 31.692
 79  75.501307  61.066232    35.605    35.629  4 54987.25054533 28.060
 80  75.501369  61.067094    34.971    34.893  3 55022.25053773 27.925
 81  75.500477  61.067172    32.605    32.385  3 55057.25053377 24.801
 82  75.497093  61.073407    33.086    33.896  3 55092.25048914 28.405
 83  75.502409  61.064177    34.273    34.577  4 55127.25047435 20.798
 84  75.500582  61.070559    31.748    31.715  4 55162.25045107 30.109
 85  75.503889  61.061157    31.817    32.080  3 55197.25046569 14.687
 86  75.498194  61.073547    33.791    33.805  4 55232.25045447 11.523
 87  75.502613  61.064383    33.469    33.454  4 55267.25046009 10.071
 88  75.498253  61.073211    35.981    36.250  4 55302.25043476  5.262
 89  75.500614  61.066889    35.592    35.646  3 55337.25043390 26.881
 90  75.501116  61.066576    36.439    36.370  4 55372.25042397 33.118
 91  75.504034  61.062051    35.662    35.658  3 55407.25044463 28.418
 92  75.500859  61.068045    34.037    34.538  4 55442.25044266 21.078
 93  75.497107  61.073693    33.123    33.653  3 55477.25038283 28.065
