-167464.618    90.866     0.00    4.36
-167094.822    89.396    -3.98    3.77
-166725.092    87.277    -5.73    2.57
-166355.429    85.483    -4.85    2.38
-165985.831    83.659    -4.94    2.57
-165616.301    81.814    -4.99    2.35
-165246.836    79.551    -6.13    2.96
-164877.438    78.199    -3.66    2.60
-164508.106    77.423    -2.10    2.62
-164138.840    76.314    -3.00    3.30
-163769.640    76.159    -0.42    3.14
-163400.507    76.545     1.05    2.94
-163031.439    77.423     2.38    2.94
-162662.438    79.042     4.39    2.48
-162293.503    80.919     5.09    1.64
-161924.633    82.154     3.35    1.53
-161555.830    83.047     2.42    1.39
-161187.092    83.415     1.00    1.66
-160818.421    83.135    -0.76    2.18
-160449.815    82.363    -2.09    2.47
-160081.275    81.355    -2.74    2.33
-159712.801    80.515    -2.28    1.88
-159344.392    79.794    -1.96    1.24
-158976.049    79.537    -0.70    1.11
-158607.772    79.306    -0.63    0.93
-158239.561    79.171    -0.37    0.74
-157871.415    79.891     1.96    1.53
-157503.334    81.385     4.06    2.66
-157135.320    83.559     5.91    2.96
-156767.370    85.659     5.71    2.46
-156399.486    87.179     4.13    1.62
-156031.668    87.885     1.92    1.17
-155663.915    87.981     0.26    1.35
-155296.227    87.928    -0.15    1.45
-154928.605    87.977     0.13    1.29
-154561.048    88.575     1.63    1.21
-154193.556    89.420     2.30    1.23
-153826.129    90.540     3.05    1.56
-153458.768    91.838     3.53    1.51
-153091.471    92.864     2.79    1.25
-152724.240    93.078     0.58    1.27
-152357.074    92.373    -1.92    2.16
-151989.973    91.346    -2.80    2.45
-151622.936    89.924    -3.87    2.46
-151255.965    88.976    -2.58    2.25
-150889.059    87.842    -3.09    1.99
-150522.218    86.952    -2.43    1.60
-150155.441    86.367    -1.60    1.44
-149775.231    86.476     0.29    1.39
-149395.046    86.915     1.15    1.17
-149014.932    87.269     0.93    1.25
-148634.888    87.720     1.19    1.43
-148254.914    88.240     1.37    1.40
-147875.010    88.961     1.90    1.42
-147495.177    89.524     1.48    1.34
-147115.414    90.111     1.55    1.41
-146735.721    90.532     1.11    1.59
-146356.098    90.929     1.05    1.85
-145976.545    91.161     0.61    1.78
-145597.063    91.342     0.48    1.49
-145217.650    91.435     0.24    1.15
-144838.307    91.306    -0.34    0.85
-144459.034    91.037    -0.71    0.80
-144079.831    90.672    -0.96    0.87
-143700.697    90.042    -1.66    0.95
-143321.634    89.513    -1.40    0.96
-142942.640    88.989    -1.38    1.01
-142563.716    88.499    -1.29    1.18
-142184.861    88.067    -1.14    1.46
-141806.077    87.685    -1.01    1.53
-141427.361    87.047    -1.69    1.53
-141048.716    86.472    -1.52    1.32
-140670.139    85.867    -1.60    1.07
-140291.633    85.232    -1.68    0.80
-139913.195    84.682    -1.45    0.83
-139534.827    84.097    -1.55    0.77
-139156.529    83.562    -1.41    0.77
-138778.300    82.985    -1.53    0.84
-138400.140    82.494    -1.30    1.11
-138022.049    82.018    -1.26    1.30
-137644.028    81.437    -1.54    1.40
-137266.075    80.769    -1.77    1.35
-136888.192    80.269    -1.32    0.85
-136510.378    80.050    -0.58    0.52
-136132.633    80.129     0.21    0.59
-135754.957    80.330     0.53    0.75
-135377.350    80.376     0.12    0.83
-134999.812    80.468     0.25    0.90
-134622.342    80.536     0.18    1.04
-134244.942    80.623     0.23    1.13
-133867.611    80.822     0.53    1.24
-133490.348    81.480     1.74    1.58
-133113.154    82.199     1.91    1.64
-132736.029    82.840     1.70    1.54
-132358.972    83.353     1.36    1.13
-131981.984    83.385     0.09    0.99
-131605.065    83.297    -0.23    0.87
-131228.214    83.098    -0.53    0.69
-130851.432    82.964    -0.36    0.52
-130474.718    82.802    -0.43    0.51
-130098.072    82.635    -0.44    0.51
-129721.496    82.515    -0.32    0.42
-129344.987    82.586     0.19    0.35
-128968.547    82.695     0.29    0.42
-128592.175    82.830     0.36    0.46
-128215.871    82.903     0.19    0.47
-127839.636    82.660    -0.65    0.65
-127463.469    82.330    -0.88    0.71
-127087.370    81.794    -1.43    0.73
-126711.339    81.294    -1.33    0.63
-126335.376    80.706    -1.56    0.71
-125959.481    80.184    -1.39    0.76
-125583.654    79.502    -1.81    0.78
-125207.895    79.040    -1.23    0.57
-124832.204    78.768    -0.73    0.34
-124456.581    78.684    -0.22    0.22
-124081.026    78.907     0.59    0.45
-123705.539    79.167     0.69    0.50
-123330.119    79.541     1.00    0.55
-122954.768    79.968     1.14    0.50
-122579.483    80.245     0.74    0.49
-122204.267    80.271     0.07    0.74
-121829.118    79.906    -0.98    1.37
-121454.037    79.148    -2.02    2.11
-121079.023    77.912    -3.30    3.14
-120704.077    76.827    -2.89    3.44
-120329.199    76.745    -0.22    3.22
-119954.388    77.038     0.78    3.14
-119579.644    77.550     1.37    2.17
-119204.968    77.661     0.30    1.71
-118830.359    76.659    -2.67    2.41
-118455.817    75.289    -3.66    2.62
-118081.343    74.861    -1.14    2.24
-117706.935    74.306    -1.48    2.10
-117332.595    73.413    -2.39    2.20
-116958.323    72.185    -3.28    2.11
-116584.117    70.870    -3.51    1.52
-116209.978    70.215    -1.75    1.26
-115835.907    70.197    -0.05    1.49
-115461.902    70.403     0.55    1.59
-115087.965    70.867     1.24    1.55
-114714.094    71.450     1.56    1.30
-114340.291    72.055     1.62    0.85
-113966.554    72.660     1.62    0.76
-113592.884    73.330     1.79    1.11
-113219.281    74.203     2.34    1.67
-112845.744    75.452     3.34    2.01
-112472.275    77.005     4.16    2.17
-112098.872    77.842     2.24    1.64
-111725.535    78.220     1.01    0.96
-111352.266    77.976    -0.65    0.95
-110979.063    77.425    -1.48    0.65
-110605.926    77.255    -0.46    0.82
-110232.856    76.867    -1.04    1.35
-109859.853    76.141    -1.95    1.99
-109486.916    74.794    -3.61    2.53
-109114.045    73.208    -4.25    2.74
-108741.241    71.067    -5.74    2.42
-108368.503    69.537    -4.10    1.96
-107995.831    68.154    -3.71    1.53
-107623.226    66.976    -3.16    1.15
-107250.686    65.610    -3.67    1.66
-106878.214    64.310    -3.49    2.07
-106505.807    62.903    -3.78    1.96
-106133.466    61.464    -3.87    1.59
-105761.192    60.413    -2.82    1.41
-105388.983    59.822    -1.59    1.60
-105016.841    59.462    -0.97    1.94
-104644.764    59.499     0.10    2.30
-104272.753    59.745     0.66    2.67
-103900.809    59.860     0.31    2.79
-103528.930    60.085     0.61    2.82
-103157.117    60.074    -0.03    2.82
-102785.370    60.042    -0.09    2.96
-102413.689    59.513    -1.42    3.29
-102042.073    58.745    -2.07    3.81
-101670.523    57.610    -3.05    4.23
-101299.039    56.513    -2.95    4.26
-100927.620    54.894    -4.36    4.07
-100556.268    53.574    -3.56    3.42
-100184.980    52.268    -3.52    2.35
 -99813.758    51.536    -1.97    1.41
 -99442.602    51.269    -0.72    1.04
 -99071.511    51.123    -0.39    0.85
 -98700.485    51.055    -0.18    0.76
 -98329.525    51.205     0.40    1.07
 -97958.631    51.573     0.99    1.53
 -97587.801    51.928     0.96    1.99
 -97217.037    51.879    -0.13    1.60
 -96846.338    51.847    -0.08    1.25
 -96475.705    52.010     0.44    1.25
 -96105.136    52.079     0.19    1.08
 -95734.633    52.062    -0.05    0.89
 -95364.194    51.919    -0.39    0.69
 -94993.821    51.907    -0.03    0.84
 -94623.513    51.947     0.11    1.46
 -94253.270    52.111     0.44    2.20
 -93883.092    52.787     1.83    3.22
 -93512.979    53.900     3.01    4.13
 -93142.931    55.462     4.22    4.53
 -92772.947    57.385     5.20    4.22
 -92403.029    58.771     3.75    3.05
 -92033.175    59.094     0.87    2.35
 -91663.386    58.847    -0.67    2.29
 -91293.662    58.684    -0.44    2.72
 -90924.002    58.882     0.53    3.26
 -90554.408    59.903     2.76    3.17
 -90184.877    61.453     4.19    1.93
 -89815.412    62.489     2.80    1.27
 -89446.011    62.872     1.04    0.99
 -89076.674    62.720    -0.41    1.03
 -88707.402    62.201    -1.41    1.27
 -88338.195    61.459    -2.01    1.24
 -87969.051    60.885    -1.55    1.06
 -87599.973    60.550    -0.91    1.00
 -87230.958    60.096    -1.23    1.12
 -86862.008    59.233    -2.34    1.62
 -86493.123    57.947    -3.49    2.19
 -86124.301    55.964    -5.38    2.69
 -85755.544    53.947    -5.47    2.54
 -85386.851    51.894    -5.57    2.33
 -85018.222    50.322    -4.26    2.00
 -84649.657    48.849    -4.00    2.30
 -84281.157    47.697    -3.13    2.47
 -83912.720    45.972    -4.68    2.91
 -83544.347    44.472    -4.07    3.09
 -83176.039    42.734    -4.72    2.73
 -82807.794    41.376    -3.69    2.42
 -82439.613    40.050    -3.60    2.62
 -82071.497    39.027    -2.78    3.46
 -81703.444    38.020    -2.74    4.35
 -81335.455    36.968    -2.86    4.96
 -80967.529    35.437    -4.16    5.24
 -80599.668    34.720    -1.95    4.80
 -80231.870    33.410    -3.56    4.55
 -79864.136    32.160    -3.40    4.26
 -79496.465    32.018    -0.39    4.11
 -79128.858    32.069     0.14    4.13
 -78761.315    32.344     0.75    4.33
 -78393.835    33.363     2.77    5.00
 -78026.419    34.464     3.00    5.66
 -77659.066    36.475     5.47    6.37
 -77291.777    39.250     7.56    7.38
 -76924.551    41.536     6.23    7.99
 -76557.389    42.102     1.54    8.47
 -76190.290    40.872    -3.35    8.48
 -75823.254    39.205    -4.54    8.21
 -75456.282    36.274    -7.99    7.64
 -75079.271    33.340    -7.78    6.13
 -74699.227    31.440    -5.00    5.53
 -74319.252    29.477    -5.17    5.18
 -73939.346    28.233    -3.28    4.74
 -73559.508    27.725    -1.34    5.02
 -73179.738    27.972     0.65    6.21
 -72800.037    29.141     3.08    7.54
 -72420.404    31.397     5.94    8.29
 -72040.839    33.010     4.25    7.37
 -71661.342    33.403     1.04    5.67
 -71281.914    31.697    -4.50    5.22
 -70902.554    29.746    -5.14    4.99
 -70523.262    29.272    -1.25    5.95
 -70144.038    29.674     1.06    6.96
 -69764.882    29.257    -1.10    7.61
 -69385.794    27.856    -3.70    7.97
 -69006.774    25.783    -5.47    6.52
 -68627.822    23.142    -6.97    4.50
 -68248.938    22.647    -1.30    4.41
 -67870.122    24.289     4.33    5.06
 -67491.374    26.322     5.37    5.35
 -67112.693    29.230     7.68    4.95
 -66734.080    31.785     6.75    2.88
 -66355.535    33.078     3.42    3.99
 -65977.058    33.191     0.30    5.29
 -65598.648    33.623     1.14    5.69
 -65220.306    33.435    -0.50    6.04
 -64842.031    30.935    -6.61    7.15
 -64463.824    27.687    -8.59    7.53
 -64085.684    26.310    -3.64    6.70
 -63707.612    27.544     3.26    7.44
 -63329.608    31.707    11.01    8.04
 -62951.670    37.293    14.78    4.45
 -62573.800    40.367     8.13    3.29
 -62195.998    41.964     4.23    2.81
 -61818.263    42.269     0.81    2.44
 -61440.594    41.154    -2.95    3.75
 -61062.994    37.501    -9.68    5.95
 -60685.460    32.035   -14.48    6.95
 -60307.993    27.060   -13.18    6.75
 -59930.594    23.888    -8.40    5.04
 -59553.262    24.013     0.33    6.42
 -59175.996    26.079     5.48    8.25
 -58798.798    29.172     8.20    7.91
 -58421.667    31.172     5.30    6.32
 -58044.602    31.141    -0.08    6.56
 -57667.605    30.141    -2.65    6.73
 -57290.674    27.116    -8.03    6.62
 -56913.810    23.857    -8.65    5.51
 -56537.013    21.392    -6.54    4.43
 -56160.283    18.265    -8.30    4.62
 -55783.619    15.986    -6.05    4.74
 -55407.022    13.635    -6.24    4.98
 -55030.492    11.648    -5.28    4.27
 -54654.028    10.586    -2.82    3.13
 -54277.631     9.791    -2.11    2.01
 -53901.300     9.622    -0.45    1.29
 -53525.036     9.866     0.65    2.10
 -53148.839    11.208     3.57    4.15
 -52772.708    14.559     8.91    6.90
 -52396.643    18.485    10.44    7.85
 -52020.644    21.289     7.46    6.58
 -51644.712    21.053    -0.63    5.68
 -51268.846    19.376    -4.46    5.11
 -50893.047    18.524    -2.27    4.26
 -50517.313    18.845     0.85    4.37
 -50141.646    20.141     3.45    3.96
 -49766.045    19.947    -0.52    4.32
 -49390.510    19.154    -2.11    4.66
 -49015.041    20.277     2.99    5.05
 -48639.639    22.293     5.37    5.81
 -48264.302    25.400     8.28    5.57
 -47889.031    28.206     7.48    3.69
 -47513.826    29.772     4.17    1.00
 -47138.687    29.898     0.33    0.47
 -46763.614    29.410    -1.30    1.34
 -46388.607    27.451    -5.22    3.71
 -46013.665    24.326    -8.33    4.94
 -45638.789    21.372    -7.88    4.17
 -45263.979    20.499    -2.33    3.48
 -44889.235    21.214     1.91    4.57
 -44514.556    24.228     8.04    4.10
 -44139.943    26.445     5.92    2.95
 -43765.396    27.210     2.04    2.15
 -43390.914    27.414     0.55    1.47
 -43016.498    26.808    -1.62    1.40
 -42642.147    25.724    -2.90    1.15
 -42267.861    24.806    -2.45    1.05
 -41893.641    23.926    -2.35    0.95
 -41519.487    23.197    -1.95    0.95
 -41145.398    22.366    -2.22    0.91
 -40771.374    21.822    -1.45    0.84
 -40397.415    21.326    -1.33    0.68
 -40023.522    20.907    -1.12    0.63
 -39649.693    20.549    -0.96    0.67
 -39275.930    20.284    -0.71    0.64
 -38902.232    19.989    -0.79    0.80
 -38528.600    19.771    -0.59    1.33
 -38155.032    19.462    -0.83    1.79
 -37781.529    19.030    -1.16    2.41
 -37408.091    18.391    -1.71    3.02
 -37034.719    17.571    -2.20    3.63
 -36661.411    16.072    -4.01    4.23
 -36288.168    15.281    -2.12    4.32
 -35914.990    13.709    -4.21    4.40
 -35541.877    11.876    -4.91    3.78
 -35168.828    10.347    -4.10    2.68
 -34795.845     9.314    -2.77    1.28
 -34422.926     8.860    -1.22    0.42
 -34050.072     9.496     1.71    2.16
 -33677.282    10.936     3.86    4.03
 -33304.557    12.888     5.24    5.47
 -32931.897    16.122     8.68    6.70
 -32559.301    19.109     8.01    7.52
 -32186.770    21.947     7.62    7.48
 -31814.304    25.199     8.73    6.72
 -31441.901    26.820     4.35    6.53
 -31069.564    28.546     4.64    7.31
 -30697.290    33.885    14.34   11.09
 -30325.081    40.596    18.03   12.72
 -29952.936    44.997    11.83   11.59
 -29580.856    47.276     6.12   11.07
 -29208.840    44.660    -7.03   10.85
 -28836.888    42.557    -5.65    9.69
 -28465.000    49.882    19.70   15.62
 -28093.177    61.582    31.47   18.83
 -27721.417    75.512    37.47   17.27
 -27349.722    85.990    28.19   10.42
 -26978.091    87.002     2.72    9.57
 -26606.523    84.990    -5.41   12.25
 -26235.020    84.228    -2.05   14.03
 -25863.581    86.780     6.87   16.81
 -25492.205    94.314    20.29   15.38
 -25120.894   102.043    20.82    5.60
 -24749.646    99.879    -5.83    8.22
 -24378.462    93.780   -16.43   11.85
 -24007.342    82.610   -30.10   15.66
 -23636.286    71.755   -29.26   12.37
 -23265.294    68.141    -9.74    9.81
 -22894.365    70.622     6.69   13.52
 -22523.500    82.293    31.47   17.52
 -22152.698    93.398    29.95   10.86
 -21781.960    94.573     3.17    7.95
 -21411.286    91.515    -8.25   11.66
 -21040.675    82.810   -23.49   15.29
 -20670.128    74.973   -21.15   12.10
 -20299.644    73.496    -3.99   10.93
 -19929.223    75.622     5.74   12.17
 -19558.866    82.086    17.45   12.15
 -19188.572    84.830     7.41   10.44
 -18818.342    81.235    -9.71   12.81
 -18448.175    73.135   -21.88   16.58
 -18078.071    59.192   -37.67   20.03
 -17708.031    48.404   -29.15   18.57
 -17338.053    36.785   -31.41   15.47
 -16968.139    27.999   -23.75    9.97
 -16598.288    23.422   -12.37    6.76
 -16228.500    21.012    -6.52    3.88
 -15858.775    20.710    -0.82    2.15
 -15489.113    22.913     5.96    4.00
 -15119.515    27.260    11.76    5.79
 -14749.979    32.738    14.82    8.41
 -14380.506    41.172    22.83   11.92
 -14011.096    48.340    19.40   11.46
 -13641.749    55.522    19.45    6.89
 -13272.465    58.141     7.09    4.07
 -12903.243    55.747    -6.48    8.28
 -12534.084    52.597    -8.54   11.10
 -12164.988    48.897   -10.02   10.95
 -11795.955    47.225    -4.53    9.81
 -11426.985    48.432     3.27    9.38
 -11058.077    52.260    10.38   11.67
 -10689.232    57.795    15.01   12.50
 -10320.449    63.060    14.28   10.01
  -9951.729    67.122    11.02    6.97
  -9583.071    69.597     6.71    7.74
  -9214.476    70.481     2.40    8.48
  -8845.943    72.922     6.62    8.44
  -8477.473    75.499     6.99    7.55
  -8109.065    78.372     7.80    4.92
  -7740.720    80.007     4.44    1.42
  -7372.437    80.160     0.42    1.24
  -7004.216    79.879    -0.76    1.29
  -6636.057    78.572    -3.55    4.40
  -6267.961    75.800    -7.53    7.88
  -5899.927    72.230    -9.70   11.55
  -5531.955    68.835    -9.23   13.01
  -5164.045    67.422    -3.84   13.03
  -4796.197    67.527     0.28   11.74
  -4428.412    67.166    -0.98   10.60
  -4060.688    66.382    -2.13    9.13
  -3693.027    63.129    -8.85    7.63
  -3325.427    59.727    -9.25    6.97
  -2957.889    55.735   -10.86    5.85
  -2590.414    53.027    -7.37    6.08
  -2223.000    50.947    -5.66    7.60
  -1855.648    46.448   -12.25   10.47
  -1488.358    40.382   -16.52   11.35
  -1121.129    30.319   -27.40   15.16
   -753.963    17.360   -35.29   16.56
   -379.878     8.359   -24.06   13.87
      0.024     1.585   -17.83    6.01
    379.859    -0.365    -5.13    0.00
    759.627    -0.365     0.00    0.00
   1139.329    -0.365     0.00    0.00
   1518.964    -0.365     0.00    0.00
   1898.533    -0.365     0.00    0.00
   2278.035    -0.365     0.00    0.00
   2657.471    -0.365     0.00    0.00
   3036.840    -0.365     0.00    0.00
   3416.143    -0.365     0.00    0.00
   3795.379    -0.238     0.33    0.67
   4174.550    -0.162     0.20    0.87
   4553.654    -0.154     0.02    0.88
   4932.691    -0.203    -0.13    0.82
   5311.663     0.878     2.85    2.75
   5690.568     3.560     7.08    4.63
   6069.407     6.784     8.51    4.37
   6448.180     9.394     6.89    2.12
   6826.887    10.225     2.19    0.75
   7205.528     9.838    -1.02    1.11
   7584.103     9.232    -1.60    1.37
   7962.612     8.366    -2.29    1.57
   8341.055     6.357    -5.31    3.01
   8719.432     4.926    -3.78    3.15
   9097.743     4.910    -0.04    3.26
   9475.989     5.738     2.19    3.34
   9854.168     7.310     4.16    2.37
  10232.282     8.392     2.86    0.43
  10610.330     8.561     0.45    0.26
  10988.312     8.635     0.20    0.00
  11366.229     8.635     0.00    0.00
  11744.080     8.635     0.00    0.00
  12121.866     8.635     0.00    0.00
  12499.586     8.635     0.00    0.00
  12877.240     8.635     0.00    0.00
  13254.829     8.635     0.00    0.00
  13632.352     8.635     0.00    0.00
  14009.810     8.635     0.00    0.00
  14387.203     8.635     0.00    0.00
  14764.530     8.635     0.00    0.00
  15141.792     8.635     0.00    0.00
  15518.989     8.497    -0.36    0.35
  15896.120     8.135    -0.96    0.70
  16273.187     6.797    -3.55    2.52
  16650.188     4.488    -6.13    3.56
  17027.124     2.167    -6.16    3.36
  17403.994     0.040    -5.64    1.42
  17780.800    -0.365    -1.08    0.00
  18157.541     0.608     2.58    2.90
  18534.216     3.547     7.80    5.31
  18910.827     7.556    10.64    5.83
  19287.373    11.255     9.82    4.33
  19663.853    13.711     6.52    1.99
  20040.269    14.347     1.69    1.89
  20416.620    14.077    -0.72    2.73
  20792.907    12.064    -5.35    5.22
  21169.128    10.053    -5.34    5.32
  21545.285     8.635    -3.77    4.66
  21921.377     8.180    -1.21    4.19
  22297.404     8.306     0.33    4.01
  22673.367     8.344     0.10    3.93
  23049.265     8.702     0.95    3.77
  23425.098     8.835     0.35    3.62
  23800.867     9.216     1.01    3.21
  24176.572     9.191    -0.07    2.96
  24552.212     9.108    -0.22    2.54
  24927.787     8.518    -1.57    2.32
  25303.299     8.102    -1.11    2.08
  25678.745     7.972    -0.34    1.92
  26054.128     8.306     0.89    2.06
  26429.446     8.847     1.44    2.26
  26804.700     9.385     1.43    2.51
  27179.889     9.901     1.37    2.61
  27555.015    10.141     0.64    2.68
  27930.076    10.197     0.15    2.64
  28305.073    10.065    -0.35    2.61
  28680.006     9.570    -1.32    2.83
  29054.875     9.544    -0.07    2.82
  29429.680     9.846     0.80    2.74
  29804.421    10.494     1.73    2.41
  30179.097    11.007     1.37    1.93
  30553.710    11.660     1.74    0.75
  30928.259    11.800     0.37    0.61
  31302.744    11.904     0.28    0.64
  31677.166    12.043     0.37    0.57
  32051.523    12.010    -0.09    0.66
  32425.817    11.928    -0.22    0.75
  32800.047    11.835    -0.25    0.80
  33174.213    11.608    -0.61    0.83
  33548.316    11.310    -0.80    0.77
  33922.355    10.378    -2.49    1.89
  34296.330     9.035    -3.59    2.27
  34670.242     8.297    -1.97    2.02
  35044.090     8.285    -0.03    1.77
  35417.874     9.297     2.71    1.32
  35791.596    10.122     2.21    0.78
  36165.253    10.703     1.55    0.56
  36538.848    11.090     1.03    0.50
  36912.378    11.297     0.56    0.48
  37285.846    11.293    -0.01    0.48
  37659.250    11.182    -0.30    0.55
  38032.591    11.035    -0.39    0.65
  38405.869    10.968    -0.18    0.78
  38779.083    10.956    -0.03    0.93
  39152.235    11.225     0.72    1.24
  39525.323    11.686     1.24    1.58
  39898.348    12.366     1.82    1.87
  40271.310    13.097     1.96    2.31
  40644.209    13.401     0.82    2.67
  41017.044    13.091    -0.83    2.89
  41389.817    11.999    -2.93    2.96
  41762.527    11.443    -1.49    2.42
  42135.174    11.585     0.38    1.98
  42507.758    12.997     3.79    2.63
  42880.279    15.379     6.39    2.85
  43252.737    17.700     6.23    3.02
  43625.133    20.302     6.99    2.96
  43997.466    22.464     5.81    2.76
  44369.736    24.827     6.35    2.57
  44741.943    26.699     5.03    2.20
  45114.087    28.410     4.60    1.98
  45486.169    29.340     2.50    1.68
  45858.189    29.154    -0.50    1.74
  46230.146    27.964    -3.20    2.38
  46602.040    26.179    -4.80    2.60
  46973.872    25.038    -3.07    1.73
  47345.641    24.787    -0.67    1.11
  47717.348    25.349     1.51    1.34
  48088.992    26.546     3.22    1.55
  48460.574    27.686     3.07    1.36
  48832.093    28.814     3.04    1.20
  49203.551    29.635     2.21    1.17
  49574.946    30.222     1.58    1.21
  49946.278    30.582     0.97    1.36
  50317.549    30.673     0.24    1.49
  50688.757    30.661    -0.03    1.51
  51059.903    30.404    -0.69    1.44
  51430.987    30.306    -0.27    1.38
  51802.009    30.570     0.71    1.23
  52172.969    30.955     1.04    1.29
  52543.867    31.722     2.07    1.33
  52914.703    32.398     1.82    1.22
  53285.476    33.147     2.02    1.35
  53656.188    33.995     2.29    1.27
  54026.838    34.544     1.48    1.14
  54397.426    34.825     0.76    1.24
  54767.952    34.532    -0.79    1.51
  55138.417    33.995    -1.45    1.66
  55508.819    32.939    -2.85    1.81
  55879.160    31.755    -3.20    1.62
  56249.439    30.710    -2.82    1.30
  56619.657    29.835    -2.36    0.84
  56989.812    29.212    -1.68    0.78
  57359.906    28.712    -1.35    0.73
  57729.939    28.116    -1.61    0.82
  58099.910    27.622    -1.33    0.74
  58469.819    27.141    -1.30    0.75
  58839.667    26.635    -1.37    0.68
  59209.454    26.247    -1.05    0.58
  59579.178    25.982    -0.72    0.48
  59948.842    25.789    -0.52    0.36
  60318.444    25.648    -0.38    0.11
  60687.985    25.635    -0.04    0.00
  61057.464    25.596    -0.11    0.19
  61426.883    25.404    -0.52    0.42
  61796.239    25.248    -0.42    0.49
  62165.535    25.410     0.44    0.91
  62534.770    25.924     1.39    1.53
  62903.943    27.179     3.40    2.23
  63273.055    28.531     3.66    2.14
  63642.106    29.817     3.48    1.38
  64011.096    30.531     1.94    0.35
  64380.025    30.622     0.25    0.20
  64748.893    30.622     0.00    0.20
  65117.700    30.736     0.31    0.38
  65486.446    30.885     0.40    0.47
  65855.131    31.205     0.87    0.71
  66223.755    31.596     1.06    0.99
  66592.318    32.122     1.43    1.26
  66960.821    32.660     1.46    1.40
  67329.262    33.154     1.34    1.35
  67697.643    33.545     1.06    1.25
  68065.963    33.789     0.66    1.12
  68434.223    33.917     0.35    1.01
  68802.422    33.003    -2.48    2.28
  69170.560    31.289    -4.66    3.74
  69538.637    27.791    -9.50    5.33
  69906.654    24.258    -9.60    4.88
  70274.610    21.192    -8.33    2.74
  70642.506    20.135    -2.87    1.28
  71010.342    20.154     0.05    1.02
  71378.116    20.327     0.47    0.81
  71745.831    20.542     0.58    0.89
  72113.485    20.610     0.19    0.98
  72481.078    20.742     0.36    0.89
  72848.612    20.787     0.12    0.77
  73216.085    20.648    -0.38    0.48
  73583.497    20.336    -0.85    0.65
  73950.850    19.946    -1.06    0.89
  74322.250    19.193    -2.03    1.35
  74702.014    18.293    -2.37    1.33
  75081.712    17.572    -1.90    1.03
  75461.346    17.122    -1.18    0.62
  75840.915    17.069    -0.14    0.57
  76220.419    16.817    -0.67    0.68
  76599.859    16.414    -1.06    0.98
  76979.234    15.898    -1.36    1.00
  77358.544    15.819    -0.21    1.03
  77737.789    15.832     0.03    1.01
  78116.970    16.176     0.90    0.91
  78496.086    16.622     1.18    0.72
  78875.137    16.848     0.60    0.72
  79254.124    17.285     1.15    0.78
  79633.047    17.977     1.83    1.00
  80011.905    18.635     1.74    0.95
  80390.699    19.404     2.03    0.92
  80769.428    20.103     1.85    0.96
  81148.093    20.964     2.27    1.11
  81526.693    21.688     1.91    1.03
  81905.229    22.391     1.86    0.87
  82283.701    23.022     1.67    0.68
  82662.109    22.910    -0.30    0.94
  83040.452    22.649    -0.69    1.20
  83418.732    22.205    -1.17    1.24
  83796.947    22.502     0.79    1.37
  84175.098    23.253     1.99    1.51
  84553.185    23.843     1.56    1.41
  84931.208    24.148     0.81    1.09
  85309.166    24.362     0.57    0.77
  85687.061    24.188    -0.46    0.74
  86064.892    24.007    -0.48    0.77
  86442.659    23.688    -0.84    0.99
  86820.363    23.293    -1.04    1.02
  87198.002    22.875    -1.11    0.94
  87575.578    22.271    -1.60    0.74
  87953.089    21.927    -0.91    0.68
  88330.537    22.038     0.29    1.02
  88707.922    22.635     1.58    1.64
  89085.242    23.726     2.89    1.92
  89462.499    24.730     2.66    1.70
  89839.693    25.110     1.01    1.61
  90216.822    24.819    -0.77    1.92
  90593.889    24.141    -1.80    1.96
  90970.891    23.401    -1.96    1.49
  91347.830    23.058    -0.91    1.00
  91724.706    23.084     0.07    1.00
  92101.519    23.385     0.80    1.18
  92478.267    23.427     0.11    1.23
  92854.953    23.395    -0.09    1.20
  93231.575    23.091    -0.81    1.26
  93608.134    22.496    -1.58    0.98
  93984.630    22.147    -0.93    0.84
  94361.062    21.757    -1.04    0.76
  94737.432    21.404    -0.94    0.84
  95113.738    20.824    -1.54    0.92
  95489.981    20.174    -1.73    0.94
  95866.161    19.622    -1.47    0.84
  96242.278    19.180    -1.17    0.75
  96618.331    18.793    -1.03    0.75
  96994.322    18.323    -1.25    1.13
  97370.250    17.035    -3.43    1.80
  97746.115    16.161    -2.32    1.75
  98121.917    15.544    -1.64    1.44
  98497.656    15.306    -0.63    1.40
  98873.332    15.362     0.15    1.59
  99248.946    15.090    -0.73    1.58
  99624.496    14.795    -0.78    1.63
  99999.984    15.035     0.64    1.71
 100375.409    15.267     0.62    1.62
 100750.772    15.635     0.98    1.50
 101126.072    16.053     1.11    1.36
 101501.309    16.593     1.44    1.53
 101876.484    17.698     2.94    2.08
 102251.596    18.977     3.41    2.06
 102626.645    20.414     3.83    2.20
 103001.632    21.808     3.72    1.79
 103376.557    22.902     2.92    1.42
 103751.419    23.582     1.82    1.07
 104126.219    23.688     0.28    0.89
 104500.956    23.372    -0.84    1.08
 104875.631    22.960    -1.10    1.11
 105250.244    22.048    -2.43    1.48
 105624.794    21.109    -2.51    1.69
 105999.283    20.398    -1.90    1.37
 106373.709    20.069    -0.88    1.11
 106748.073    20.258     0.51    1.05
 107122.374    20.531     0.73    0.74
 107496.614    20.648     0.31    0.65
 107870.791    20.701     0.14    0.84
 108244.907    20.451    -0.67    1.14
 108618.960    20.338    -0.30    1.31
 108992.952    20.483     0.39    1.53
 109366.881    21.663     3.15    2.83
 109740.749    23.797     5.71    3.60
 110114.554    26.107     6.18    3.36
 110488.298    27.672     4.19    2.20
 110861.980    28.457     2.10    1.36
 111235.600    28.872     1.11    0.95
 111609.159    29.135     0.70    0.93
 111982.655    29.846     1.90    1.67
 112356.090    31.035     3.18    2.19
 112729.463    31.507     1.26    2.04
 113102.775    31.581     0.20    1.96
 113476.025    30.825    -2.03    2.43
 113849.213    29.622    -3.22    2.00
 114222.340    29.230    -1.05    1.50
 114595.406    29.938     1.90    1.92
 114968.409    31.297     3.64    2.34
 115341.352    33.297     5.36    2.56
 115714.233    34.310     2.72    2.62
 116087.052    34.250    -0.16    3.73
 116459.810    33.921    -0.88    3.92
 116832.507    33.596    -0.87    3.87
 117205.142    34.142     1.46    3.96
 117577.717    35.622     3.97    4.15
 117950.230    37.168     4.15    3.09
 118322.681    37.981     2.18    1.62
 118695.072    37.674    -0.82    1.51
 119067.401    37.866     0.51    1.67
 119439.670    38.715     2.28    2.13
 119811.877    40.069     3.64    2.26
 120184.023    41.115     2.81    1.86
 120556.108    41.608     1.33    1.56
 120928.132    40.846    -2.05    2.60
 121300.095    38.699    -5.77    4.06
 121671.997    36.892    -4.86    3.77
 122043.838    37.167     0.74    3.86
 122415.619    39.432     6.09    4.28
 122787.338    41.897     6.63    3.29
 123158.997    43.306     3.79    1.83
 123530.595    42.109    -3.22    3.29
 123902.132    40.060    -5.51    3.66
 124273.608    39.267    -2.13    3.03
 124645.024    38.949    -0.85    2.56
 125016.379    39.411     1.24    2.60
 125387.673    40.567     3.11    2.62
 125758.907    42.359     4.83    2.34
 126130.080    43.218     2.32    1.95
 126501.193    43.285     0.18    2.11
 126872.245    42.927    -0.97    2.41
 127243.236    41.812    -3.00    2.16
 127614.168    41.024    -2.13    1.35
 127985.038    41.411     1.04    1.34
 128355.849    42.128     1.93    1.76
 128726.599    43.569     3.89    2.04
 129097.288    45.206     4.42    1.91
 129467.917    47.109     5.13    2.10
 129838.486    48.923     4.89    2.71
 130208.995    49.832     2.45    2.74
 130579.444    51.135     3.52    3.82
 130949.832    51.572     1.18    4.49
 131320.160    52.443     2.35    4.51
 131690.428    53.947     4.06    4.18
 132060.636    56.457     6.78    4.09
 132430.784    59.713     8.80    3.42
 132800.872    62.224     6.78    3.05
 133170.900    65.043     7.62    4.18
 133540.867    69.135    11.06    5.38
 133910.775    72.782     9.86    5.32
 134280.623    75.046     6.12    4.02
 134650.411    74.848    -0.53    3.56
 135020.140    73.176    -4.52    3.70
 135389.808    72.173    -2.71    3.27
 135759.416    72.000    -0.47    2.63
 136128.965    71.547    -1.22    3.04
 136498.454    70.054    -4.04    4.59
 136867.884    66.391    -9.91    6.16
 137237.253    61.662   -12.80    6.23
 137606.563    57.062   -12.46    5.24
 137975.813    53.621    -9.32    3.79
 138345.004    50.846    -7.52    3.13
 138714.135    48.297    -6.90    3.29
 139083.207    46.135    -5.86    3.26
 139452.219    45.635    -1.35    3.49
 139821.172    47.359     4.67    4.81
 140190.065    49.732     6.43    4.48
 140558.898    52.930     8.67    3.77
 140927.673    54.677     4.74    3.34
 141296.388    56.147     3.99    4.01
 141665.043    57.982     4.98    4.69
 142033.640    59.267     3.48    5.39
 142402.177    59.703     1.19    5.08
 142770.655    59.069    -1.72    4.15
 143139.073    58.678    -1.06    3.36
 143507.433    57.542    -3.08    2.42
 143875.733    56.635    -2.46    1.44
 144243.974    56.411    -0.61    0.79
 144612.156    56.471     0.16    1.30
 144980.279    56.793     0.88    1.58
 145348.343    56.927     0.36    1.67
 145716.347    56.470    -1.24    1.60
 146084.293    56.177    -0.80    1.13
 146452.180    56.597     1.14    1.79
 146820.008    57.510     2.48    2.47
 147187.777    58.780     3.45    3.06
 147555.487    59.539     2.06    3.34
 147923.139    61.368     4.97    3.46
 148290.731    62.774     3.82    3.77
 148658.265    64.675     5.17    3.64
 149027.218    65.854     3.20    3.51
 149406.846    66.740     2.33    4.13
 149786.411    68.816     5.47    7.21
 150165.913    74.240    14.29   10.89
 150545.352    81.375    18.80   10.82
 150924.727    84.763     8.93    8.60
 151304.040    83.621    -3.01    9.11
 151683.290    78.411   -13.74   10.57
 152062.476    71.267   -18.84    9.26
 152441.600    65.253   -15.86    6.76
 152820.660    61.323   -10.37    4.16
 153199.658    59.378    -5.13    2.13
 153578.593    59.174    -0.54    1.14
 153957.465    59.464     0.76    0.98
 154336.274    59.262    -0.53    1.10
 154715.021    58.676    -1.55    1.12
 155093.705    58.915     0.63    1.80
 155472.326    61.755     7.50    5.30
 155850.884    67.713    15.74    8.77
 156229.380    74.582    18.15    8.29
 156607.813    78.688    10.85    6.05
 156986.183    79.673     2.60    5.84
 157364.491    77.621    -5.42    6.83
 157742.737    73.545   -10.78    6.56
 158120.920    69.923    -9.58    5.28
 158499.040    66.806    -8.24    3.76
 158877.098    65.191    -4.27    2.91
 159255.094    64.148    -2.76    2.37
 159633.027    63.468    -1.80    2.09
 160010.898    62.991    -1.26    1.78
 160388.707    62.081    -2.41    1.43
 160766.453    61.003    -2.85    1.80
 161144.137    59.154    -4.89    2.43
 161521.759    57.568    -4.20    2.20
 161899.319    56.154    -3.74    1.44
 162276.817    55.757    -1.05    1.06
 162654.252    55.763     0.02    1.06
 163031.626    55.513    -0.66    1.10
 163408.937    55.219    -0.78    1.30
 163786.187    54.357    -2.29    1.24
 164163.374    53.464    -2.37    1.09
 164540.499    52.676    -2.09    0.86
 164917.563    52.008    -1.77    0.83
 165294.565    51.594    -1.10    0.85
 165671.504    51.169    -1.13    0.80
 166048.382    50.568    -1.59    0.86
 166425.198    49.973    -1.58    1.08
 166801.953    49.332    -1.70    1.13
 167178.645    48.674    -1.75    1.16
 167555.276    47.853    -2.18    1.28
 167931.845    47.251    -1.60    1.41
 168308.353    46.496    -2.01    1.41
 168684.799    45.885    -1.62    1.31
 169061.183    45.838    -0.13    1.30
 169437.506    45.524    -0.83    1.18
 169813.767    44.582    -2.50    1.82
 170189.967    43.443    -3.03    2.16
 170566.105    42.448    -2.64    1.77
 170942.182    41.770    -1.80    1.24
 171318.198    41.690    -0.21    1.36
 171694.152    41.488    -0.54    1.38
 172070.044    41.302    -0.50    1.42
 172445.876    41.424     0.33    1.48
 172821.646    41.648     0.60    1.39
 173197.355    41.530    -0.32    1.38
 173573.003    41.088    -1.17    1.45
 173948.589    40.250    -2.23    1.55
 174324.114    39.512    -1.97    1.41
 174699.578    39.306    -0.55    1.38
 175074.982    40.079     2.06    2.15
 175450.324    40.926     2.26    2.13
 175825.605    41.691     2.04    1.67
 176200.825    41.302    -1.04    1.45
 176575.984    40.524    -2.07    1.08
 176951.082    39.635    -2.37    1.28
 177326.119    39.108    -1.41    1.26
 177701.095    39.114     0.02    1.28
 178076.010    39.408     0.78    1.32
 178450.865    39.770     0.97    1.02
 178825.659    39.622    -0.40    1.13
 179200.392    38.635    -2.63    1.69
 179575.064    37.017    -4.32    1.88
 179949.675    35.609    -3.76    1.82
 180324.226    34.025    -4.23    1.82
 180698.716    32.806    -3.25    1.78
 181073.146    31.934    -2.33    1.28
 181447.515    31.731    -0.54    1.30
 181821.823    31.521    -0.56    1.68
 182196.071    31.189    -0.89    1.88
 182570.259    30.359    -2.22    1.84
 182944.386    29.987    -0.99    1.81
 183318.452    29.990     0.01    1.65
 183692.458    30.438     1.20    1.63
 184066.404    30.740     0.81    1.05
 184440.289    30.889     0.40    0.58
 184814.114    30.555    -0.89    0.63
 185187.879    30.293    -0.70    0.69
 185561.584    29.868    -1.14    0.83
 185935.228    29.224    -1.72    1.03
 186308.812    28.555    -1.79    1.18
 186682.336    27.848    -1.89    1.07
 187055.800    27.306    -1.45    1.05
 187429.203    26.902    -1.08    1.14
 187802.547    26.582    -0.86    1.15
 188175.830    25.932    -1.74    1.29
 188549.054    25.311    -1.67    1.50
 188922.217    24.995    -0.85    1.96
 189295.321    25.419     1.14    2.91
 189668.364    25.440     0.06    3.46
 190041.348    25.128    -0.84    3.47
 190414.272    24.492    -1.71    3.16
 190787.136    23.865    -1.68    2.73
 191159.940    23.742    -0.33    2.50
 191532.684    23.399    -0.92    2.25
 191905.369    23.795     1.06    2.35
 192277.994    24.421     1.68    2.68
 192650.559    23.728    -1.86    3.05
 193023.064    23.006    -1.94    3.36
 193395.510    21.201    -4.85    2.09
 193767.896    20.432    -2.06    0.98
 194140.223    20.780     0.93    1.32
 194512.490    20.874     0.25    1.48
 194884.698    21.115     0.65    1.56
 195256.846    20.954    -0.43    1.55
 195628.934    20.789    -0.44    1.38
 196000.963    20.919     0.35    1.13
 196372.933    21.090     0.46    1.09
 196744.843    21.060    -0.08    0.96
 197116.694    21.173     0.31    1.02
 197488.486    21.027    -0.39    1.06
 197860.219    21.271     0.66    1.18
 198231.892    21.716     1.20    1.31
 198603.506    21.964     0.67    1.45
 198975.060    22.770     2.17    1.86
 199346.556    25.081     6.22    4.56
 199717.992    27.568     6.70    5.35
 200089.369    29.342     4.77    5.01
 200460.687    30.595     3.37    4.00
 200831.946    29.528    -2.87    2.94
 201203.146    28.648    -2.37    1.32
 201574.288    29.056     1.10    1.31
 201945.370    29.556     1.35    1.25
 202316.393    30.216     1.78    1.19
 202687.357    31.088     2.35    1.24
 203058.262    31.715     1.69    1.26
 203429.109    32.227     1.38    1.15
 203799.896    32.703     1.28    1.01
 204170.625    33.188     1.31    0.90
 204541.295    33.297     0.30    0.86
 204911.906    33.583     0.77    0.94
 205282.459    34.094     1.38    0.98
 205652.952    34.778     1.84    1.05
 206023.388    35.275     1.34    0.94
 206393.764    35.479     0.55    0.93
 206764.082    35.216    -0.71    1.18
 207134.341    34.635    -1.57    1.24
 207504.542    34.156    -1.29    1.04
 207874.684    33.662    -1.33    0.23
 208244.768    33.635    -0.07    0.00
 208614.794    33.635     0.00    0.00
 208984.760    33.635     0.00    0.00
 209354.669    33.797     0.44    0.47
 209724.519    33.857     0.16    0.65
 210094.311    33.302    -1.50    1.47
 210464.044    32.567    -1.99    1.77
 210833.719    31.595    -2.63    1.55
 211203.336    30.745    -2.30    0.49
 211572.895    30.635    -0.30    0.00
 211942.395    30.635     0.00    0.00
 212311.837    32.263     4.41    4.26
 212681.221    33.347     2.93    5.17
 213050.547    33.518     0.46    5.14
 213419.815    33.784     0.72    4.74
 213789.025    33.135    -1.76    3.54
 214158.177    33.334     0.54    3.28
 214527.270    33.398     0.17    3.15
 214896.306    32.191    -3.27    1.60
 215265.284    31.568    -1.69    0.89
 215634.203    31.396    -0.47    0.85
 216003.065    31.355    -0.11    0.92
 216371.869    31.635     0.76    1.03
 216740.616    31.865     0.62    1.03
 217109.304    31.776    -0.24    1.05
 217477.934    31.422    -0.96    1.18
 217846.507    30.804    -1.68    1.21
 218215.022    29.928    -2.38    1.25
 218583.480    29.164    -2.08    1.18
 218951.879    28.338    -2.24    1.11
 219320.221    27.635    -1.91    1.09
 219688.506    27.328    -0.83    1.01
 220056.732    27.279    -0.13    1.06
 220424.902    27.515     0.64    1.27
 220793.013    28.087     1.55    1.62
 221161.067    28.323     0.64    1.85
 221529.064    28.717     1.07    1.91
 221897.003    29.214     1.35    2.12
 222264.885    29.635     1.14    2.55
 222632.709    30.135     1.36    2.83
 223000.476    30.468     0.91    3.10
 223368.186    29.661    -2.19    2.97
 223735.838    28.347    -3.57    2.12
 224114.405    27.025    -3.49    1.66
 224493.839    26.198    -2.18    1.32
 224873.213    25.661    -1.42    1.39
 225252.524    24.748    -2.41    1.59
 225631.774    23.968    -2.05    1.70
 226010.963    23.216    -1.98    1.38
 226390.091    22.757    -1.21    0.86
 226769.157    22.919     0.43    1.38
 227148.162    23.189     0.71    2.12
 227527.105    23.087    -0.27    2.22
 227905.987    22.593    -1.30    2.45
 228284.809    21.742    -2.25    2.90
 228663.569    20.721    -2.69    3.13
 229042.267    20.088    -1.67    2.63
 229420.905    20.041    -0.13    2.43
 229799.482    19.959    -0.22    3.46
 230177.997    19.019    -2.48    4.21
 230556.451    17.905    -2.94    4.48
 230934.845    16.324    -4.18    3.73
 231313.177    15.743    -1.54    3.15
 231691.449    15.875     0.35    3.62
 232069.660    16.471     1.57    4.04
 232447.809    19.332     7.57    6.26
 232825.898    23.649    11.41    7.15
 233203.927    24.554     2.39    6.60
 233581.894    22.843    -4.52    7.17
 233959.800    19.141    -9.79    6.10
 234337.646    16.107    -8.03    1.26
 234715.431    15.977    -0.34    0.96
 235093.156    16.176     0.53    0.89
 235470.820    16.284     0.29    0.77
 235848.423    16.162    -0.32    0.97
 236225.965    17.689     4.04    3.84
 236603.448    20.017     6.16    5.85
 236980.869    21.142     2.98    6.29
 237358.230    20.302    -2.23    5.97
 237735.531    17.311    -7.92    3.54
 238112.771    16.332    -2.59    0.98
 238489.951    16.532     0.53    0.92
 238867.070    16.635     0.27    1.05
 239244.129    16.964     0.87    1.25
 239621.128    16.991     0.07    1.31
 239998.066    17.005     0.04    1.20
 240374.944    17.000    -0.01    1.08
 240751.762    17.554     1.47    2.26
 241128.520    19.073     4.03    4.16
 241505.218    21.402     6.18    4.74
 241881.855    24.288     7.66    4.62
 242258.433    26.676     6.34    2.94
 242634.950    27.794     2.97    2.40
 243011.407    28.595     2.13    2.67
 243387.804    29.635     2.76    2.96
 243764.141    30.567     2.48    3.12
 244140.419    30.452    -0.31    3.04
 244516.636    29.715    -1.96    3.31
 244892.793    28.128    -4.22    3.63
 245268.891    26.555    -4.18    3.04
 245644.929    25.297    -3.34    2.01
 246020.907    25.786     1.30    2.29
 246396.825    27.822     5.41    3.99
 246772.683    29.649     4.86    4.17
 247148.482    30.235     1.56    3.80
 247524.220    29.649    -1.56    3.94
 247899.900    28.288    -3.62    3.41
 248275.519    26.788    -3.99    1.91
 248651.079    28.513     4.59    5.27
 249026.580    30.399     5.02    6.91
 249402.020    31.488     2.90    7.17
 249777.402    31.046    -1.18    6.82
 250152.724    28.780    -6.04    5.10
 250527.986    26.909    -4.98    2.05
 250903.189    26.556    -0.94    0.91
 251278.332    26.512    -0.12    0.87
 251653.416    26.395    -0.31    0.91
 252028.441    26.338    -0.15    0.82
 252403.407    26.013    -0.86    0.86
 252778.313    25.448    -1.51    1.05
 253153.160    24.936    -1.37    1.14
 253527.947    24.230    -1.89    1.13
 253902.676    23.776    -1.21    0.95
 254277.345    23.919     0.38    2.01
 254651.955    25.135     3.25    4.31
 255026.506    27.328     5.85    5.51
 255400.998    28.856     4.08    5.25
 255775.430    29.968     2.97    4.65
 256149.804    31.206     3.31    4.22
 256524.119    31.432     0.60    4.52
 256898.375    31.760     0.88    4.12
 257272.572    31.813     0.14    4.11
 257646.709    32.212     1.07    3.85
 258020.788    32.279     0.18    3.64
 258394.809    32.892     1.64    3.02
 258768.770    32.811    -0.22    2.69
 259142.672    32.986     0.47    2.72
 259516.516    33.635     1.73    2.86
 259890.301    34.094     1.23    2.75
 260264.027    33.758    -0.90    2.28
 260637.695    33.635    -0.33    1.72
 261011.303    34.087     1.21    1.92
 261384.854    35.743     4.43    2.77
 261758.345    37.206     3.92    3.16
 262131.778    38.284     2.88    2.81
 262505.153    38.547     0.70    2.52
 262878.469    38.359    -0.50    2.73
 263251.726    38.164    -0.52    2.63
 263624.925    38.222     0.15    2.65
 263998.066    38.321     0.27    2.69
 264371.148    37.168    -3.09    3.00
 264744.171    35.802    -3.66    2.56
 265117.137    34.951    -2.28    1.67
 265490.044    34.457    -1.32    1.17
 265862.892    34.075    -1.02    1.15
 266235.683    33.784    -0.78    1.24
 266608.415    33.351    -1.16    1.10
 266981.089    33.176    -0.47    1.17
 267353.705    35.162     5.33    3.53
 267726.262    35.973     2.18    3.64
 268098.762    35.973     0.00    3.51
 268471.203    35.540    -1.16    3.49
 268843.586    34.243    -3.48    2.24
 269215.912    33.753    -1.31    0.83
 269588.179    34.040     0.77    0.91
 269960.388    34.635     1.60    1.04
 270332.539    34.996     0.97    1.01
 270704.632    35.515     1.39    0.90
 271076.668    35.854     0.91    0.71
 271448.645    35.986     0.36    0.67
 271820.565    35.954    -0.09    0.62
 272192.427    35.982     0.07    0.65
 272564.231    36.100     0.32    0.75
 272935.977    36.302     0.54    0.78
 273307.665    36.606     0.82    0.91
 273679.296    36.915     0.83    0.89
 274050.869    37.194     0.75    0.76
 274422.385    37.182    -0.03    0.76
 274793.842    37.113    -0.18    0.85
 275165.242    36.955    -0.43    0.92
 275536.585    36.821    -0.36    0.92
 275907.870    36.824     0.01    0.90
 276279.097    36.804    -0.05    0.77
 276650.267    36.865     0.16    0.75
 277021.380    36.941     0.20    0.68
 277392.435    36.895    -0.12    0.67
 277763.433    36.399    -1.34    0.94
 278134.373    35.813    -1.58    1.17
 278505.256    35.402    -1.11    1.36
 278876.081    35.500     0.26    1.82
 279246.849    35.784     0.77    2.12
 279617.560    35.824     0.11    2.24
 279988.214    34.964    -2.32    2.40
 280358.810    33.784    -3.18    2.19
 280729.350    33.279    -1.36    1.93
 281099.832    33.580     0.81    2.19
 281470.257    34.827     3.36    2.55
 281840.624    36.019     3.22    2.41
 282210.935    36.473     1.23    1.86
 282581.189    36.347    -0.34    1.93
 282951.385    36.013    -0.90    1.65
 283321.525    35.594    -1.13    1.42
 283691.607    35.854     0.70    1.26
 284061.633    36.121     0.72    1.23
 284431.602    36.443     0.87    1.44
 284801.514    36.846     1.09    1.74
 285171.368    36.827    -0.05    2.05
 285541.167    36.480    -0.94    2.27
 285910.908    35.621    -2.32    2.00
 286280.592    35.156    -1.26    1.60
 286650.220    34.895    -0.71    1.18
 287019.791    35.029     0.36    0.85
 287389.305    35.375     0.93    0.73
 287758.763    35.621     0.67    0.71
 288128.163    36.005     1.04    0.70
 288497.508    36.353     0.94    0.64
 288866.795    36.649     0.80    0.59
 289236.026    36.818     0.46    0.54
 289605.201    37.073     0.69    0.67
 289974.319    37.381     0.83    0.65
 290343.380    37.635     0.69    0.67
 290712.385    37.917     0.76    0.68
 291081.334    38.162     0.66    0.65
 291450.226    38.410     0.67    0.66
 291819.061    38.621     0.57    0.69
 292187.841    38.921     0.81    0.80
 292556.564    39.216     0.80    0.72
 292925.230    39.406     0.52    0.75
 293293.841    39.635     0.62    0.74
 293662.395    39.992     0.97    0.83
 294030.893    40.554     1.52    1.02
 294399.334    41.092     1.46    1.15
 294767.720    41.365     0.74    1.00
 295136.049    41.678     0.85    0.82
 295504.322    41.878     0.54    0.81
 295872.539    42.249     1.01    0.91
 296240.700    42.730     1.30    1.00
 296608.805    43.316     1.59    0.99
 296976.854    43.824     1.38    0.87
 297344.847    44.374     1.49    0.92
 297712.784    45.081     1.92    1.46
 298080.665    45.992     2.48    2.07
 298448.490    46.581     1.60    2.21
 298824.738    47.017     1.16    2.14
 299204.045    47.288     0.71    2.13
 299583.292    47.988     1.84    2.30
 299962.478    49.365     3.63    2.86
 300341.605    51.553     5.77    3.60
 300720.673    53.419     4.92    3.52
 301099.680    55.210     4.73    2.78
 301478.628    56.799     4.19    2.51
 301857.516    58.156     3.58    3.39
 302236.345    59.913     4.64    4.57
 302615.114    61.784     4.94    4.78
 302993.823    63.561     4.69    5.21
 303372.473    64.955     3.68    4.42
 303751.063    65.331     0.99    3.95
 304129.593    67.416     5.51    4.82
 304508.065    69.635     5.86    4.68
 304886.476    71.581     5.14    4.48
 305264.829    73.620     5.39    3.60
 305643.121    74.250     1.67    2.79
