# NaN NaN NaN ;Mean Elev.(m), Avg Gradient(m/km), RMS Gradient(m/km) - SRTM1     
#   21.023   1.595   9.272 ;Mean Elev.(m), Avg Gradient(m/km), RMS Gradient(m/km) - ASTER GDEM
#   24.247   0.818  10.000 ;Mean Elev.(m), Avg Gradient(m/km), RMS Gradient(m/km) - GMTED2010 
  8    33.161 52492.66892838 27.07  73.421281  61.220807 21.786
  8    33.709 52492.66892903 26.14  73.418931  61.223967 21.786
  8    34.618 52492.66892967 27.24  73.416581  61.227117 21.786
 10    31.068 52562.66895319 23.54  73.408728  61.219448 11.209
 10    31.764 52562.66895384 21.37  73.406388  61.222608 11.209
 12    30.885 52632.66891636 17.97  73.403349  61.220032  3.348
 12    30.195 52632.66891700 17.58  73.400999  61.223192  3.348
 13    32.832 52667.66893382 12.41  73.410324  61.219683  2.201
 13    34.184 52667.66893446 11.92  73.407974  61.222833  2.201
 14    32.833 52702.66890799 12.12  73.409840  61.219372  2.176
 14    35.729 52702.66890864 11.49  73.407490  61.222532  2.176
 16    32.187 52772.66891202 45.95  73.424269  61.221310 21.644
 16    32.208 52772.66891266 46.99  73.421919  61.224460 21.644
 17    32.932 52807.66897192 30.08  73.400752  61.218206 18.736
 17    32.518 52807.66897257 28.62  73.398402  61.221356 18.736
 18    31.803 52842.66903015 23.68  73.404369  61.218619 11.581
 18    32.217 52842.66903080 24.31  73.402029  61.221769 11.581
 19    27.296 52877.66906881 30.49  73.405979  61.220269 14.110
 19    28.598 52877.66906946 32.91  73.403633  61.223428 12.581
 20    31.000 52912.66902622 21.03  73.427919  61.218886 22.977
 20    31.744 52912.66902686 24.03  73.425579  61.222046 22.977
 20    26.993 52912.66902750 36.37  73.423229  61.225206 22.977
 21    26.791 52947.66898431 43.89  73.403362  61.219237 13.978
 21    26.544 52947.66898495 36.05  73.401012  61.222387 13.978
 23    32.680 53017.66901351 12.47  73.418091  61.219992  2.089
 23    34.468 53017.66901415 11.97  73.415741  61.223142  2.089
 24    31.947 53052.66899441 12.65  73.406205  61.220123  2.221
 24    33.496 53052.66899506 12.88  73.403855  61.223283  2.221
 25    33.202 53087.66903104 11.88  73.411608  61.219821  2.155
 25    35.847 53087.66903169 11.31  73.409258  61.222971  2.155
 27    32.336 53157.66905784 28.09  73.403221  61.217293 30.082
 27    32.160 53157.66905849 27.92  73.400881  61.220453 30.082
 30    32.587 53262.66902309 22.97  73.418912  61.221131 13.332
 30    27.930 53262.66902374 31.58  73.416572  61.224281 13.332
 30    35.487 53262.66902438 25.44  73.414223  61.227445 13.148
 31    30.838 53297.66906103 17.72  73.398503  61.217823  6.246
 31    30.005 53297.66906167 19.29  73.396153  61.220973  6.246
 33    30.516 53367.66897639 17.08  73.425918  61.219192  3.016
 33    31.764 53367.66897703 15.73  73.423568  61.222352  3.016
 33    32.330 53367.66897768 15.04  73.421218  61.225512  3.016
 34    30.994 53402.66900589 16.93  73.407634  61.219712  2.901
 34    32.756 53402.66900653 15.60  73.405284  61.222862  2.901
 35    31.734 53437.66899413 12.56  73.422260  61.218640  2.213
 35    33.845 53437.66899478 11.81  73.419910  61.221800  2.213
 35    35.222 53437.66899542 11.40  73.417560  61.224950  2.213
 36    27.128 53472.66904924 34.42  73.403153  61.218916 12.392
 36    27.106 53472.66904988 33.29  73.400803  61.222076 12.392
 37    32.442 53507.66907676 41.88  73.410731  61.218502 21.767
 37    32.403 53507.66907741 43.53  73.408381  61.221662 21.767
 38    32.083 53542.66908569 29.55  73.409281  61.220132 21.218
 38    32.204 53542.66908633 37.21  73.406931  61.223282 21.218
 39    31.736 53577.66907081 20.80  73.416328  61.220195 11.082
 39    32.428 53577.66907145 20.30  73.413978  61.223355 11.082
 42    26.998 53682.66904391 47.88  73.409466  61.219548 19.423
 42    27.000 53682.66904456 47.08  73.407126  61.222698 19.423
 43    29.829 53717.66897078 24.46  73.424087  61.219446  6.091
 43    29.601 53717.66897142 22.57  73.421747  61.222606  6.091
 43    28.527 53717.66897207 22.08  73.419397  61.225756  6.091
 44    31.494 53752.66889137 14.01  73.408700  61.219481  2.503
 44    33.014 53752.66889201 13.82  73.406350  61.222641  2.503
 45    33.641 53787.66892150 11.66  73.418115  61.221079  2.175
 45    35.346 53787.66892214 11.08  73.415775  61.224229  2.175
 46    32.634 53822.66887609 14.43  73.400411  61.218335  2.481
 46    33.439 53822.66887674 13.74  73.398061  61.221495  2.481
 47    27.439 53857.66896802 29.20  73.404096  61.218692  8.319
 47    27.412 53857.66896867 33.13  73.401746  61.221842  8.319
 48    32.287 53892.66898209 25.03  73.412716  61.220230 20.713
 48    32.553 53892.66898273 42.39  73.410366  61.223380 20.713
 49    32.220 53927.66904156 29.91  73.400938  61.219088 16.558
 49    32.292 53927.66904220 30.77  73.398588  61.222238 16.558
 50    31.379 53962.66902456 23.03  73.411124  61.219845 17.677
 50    28.747 53962.66902521 26.94  73.408774  61.222995 17.677
 51    31.334 53997.66897056 22.93  73.399274  61.216839 11.927
 51    33.367 53997.66897121 22.03  73.396924  61.219989 11.927
 51    33.873 53997.66897185 25.02  73.394574  61.223149 11.927
 52    27.453 54032.66902097 42.64  73.408577  61.220153 18.282
 52    27.258 54032.66902162 37.10  73.406237  61.223313 18.282
 54    30.099 54102.66897417 14.98  73.420746  61.221113  2.483
 54    30.312 54102.66897481 15.23  73.418396  61.224263  2.483
 54    35.418 54102.66897546 14.73  73.416055  61.227426  2.486
 55    31.660 54137.66894356 13.58  73.405512  61.219632  2.347
 55    33.206 54137.66894420 12.91  73.403172  61.222782  2.347
 57    27.974 54207.66894888 27.34  73.404575  61.218298  8.451
 57    27.753 54207.66894953 30.01  73.402235  61.221458  8.451
 60    33.344 54312.66899534 30.53  73.413726  61.220192 19.734
 60    33.636 54312.66899598 37.61  73.411376  61.223352 19.734
 61    32.079 54347.66896674 34.10  73.422898  61.218448 16.745
 61    33.456 54347.66896738 19.34  73.420548  61.221608 16.745
 61    33.842 54347.66896803 25.73  73.418198  61.224758 16.745
 62    28.229 54382.66893272 42.30  73.407388  61.219599 12.698
 62    29.011 54382.66893336 35.32  73.405038  61.222749 12.698
 64    28.351 54452.66890246 39.04  73.403147  61.219129  7.928
 64    28.031 54452.66890310 26.52  73.400797  61.222279  7.928
 66    33.224 54522.66891546 11.26  73.409347  61.219379  2.957
 66    34.300 54522.66891611 10.78  73.406997  61.222539  2.957
 67    33.285 54557.66892428 22.04  73.417734  61.220859  8.831
 67    34.572 54557.66892492 21.86  73.415394  61.224019  8.831
 68    30.132 54592.66891186 27.89  73.409642  61.220093 14.533
 68    30.239 54592.66891251 37.41  73.407302  61.223253 14.533
 70    31.123 54662.66893442 31.31  73.408775  61.219528  5.909
 70    31.413 54662.66893506 30.91  73.406425  61.222688  5.909
 71    28.013 54697.66890863 37.90  73.421561  61.218723 16.009
 71    28.008 54697.66890928 40.00  73.419206  61.221878 20.386
 71    28.123 54697.66890992 45.26  73.416866  61.225038 20.386
 72    27.162 54732.66889135 26.70  73.405373  61.219273 16.593
 72    27.365 54732.66889200 29.68  73.403023  61.222433 16.593
 73    32.751 54767.66888814 22.02  73.414105  61.219659  7.038
 73    33.245 54767.66888878 24.53  73.411755  61.222819  7.038
 74    29.718 54802.66888487 35.97  73.405148  61.217739  8.138
 74    29.704 54802.66888551 35.68  73.402798  61.220899  8.138
 75    28.743 54837.66888134 21.31  73.412688  61.220160  3.524
 75    28.658 54837.66888199 20.79  73.410338  61.223320  3.524
 76    30.975 54872.66888407 14.50  73.406346  61.219214  2.539
 76    32.949 54872.66888472 14.07  73.403996  61.222374  2.539
 77    32.969 54907.66888836 12.13  73.419213  61.220192  3.196
 77    34.255 54907.66888900 11.82  73.416863  61.223352  3.196
 77    36.118 54907.66888965 11.37  73.414523  61.226502  3.196
 78    28.232 54942.66887709 27.78  73.405498  61.218859 14.186
 78    28.067 54942.66887773 31.95  73.403148  61.222019 14.186
 79    32.254 54977.66890474 24.46  73.410466  61.220247 11.916
 79    32.324 54977.66890538 39.66  73.408116  61.223407 11.916
 80    32.054 55012.66891167 24.40  73.413029  61.219991 10.352
 80    32.113 55012.66891231 35.07  73.410679  61.223151 10.352
 81    31.654 55047.66890428 21.70  73.411380  61.220063 11.601
 81    30.199 55047.66890492 29.40  73.409040  61.223223 11.601
 82    31.687 55082.66887470 29.06  73.423231  61.218765 13.131
 82    27.847 55082.66887534 28.28  73.420883  61.221921 22.234
 82    28.197 55082.66887599 34.51  73.418533  61.225071 22.234
 83    30.905 55117.66883585 20.08  73.407494  61.219032 12.407
 83    29.203 55117.66883650 28.37  73.405144  61.222192 12.407
 84    28.509 55152.66883322 29.94  73.413909  61.219877  6.173
 84    28.393 55152.66883387 29.23  73.411559  61.223037  6.173
 85    28.107 55187.66882351 20.04  73.404986  61.218743  3.336
 85    28.115 55187.66882415 19.70  73.402636  61.221903  3.336
 86    33.195 55222.66883209 12.06  73.414045  61.220059  2.273
 86    34.987 55222.66883273 11.26  73.411695  61.223219  2.273
 87    32.462 55257.66881922 11.86  73.410546  61.219013  1.914
 87    33.785 55257.66881987 10.37  73.408196  61.222173  1.914
 88    33.613 55292.66881950 11.72  73.421453  61.218232  1.845
 88    34.677 55292.66882014 11.90  73.419104  61.221396  2.875
 88    36.029 55292.66882079 11.74  73.416754  61.224556  2.875
 88    37.872 55292.66882143 11.66  73.414414  61.227706  2.875
 89    31.601 55327.66880307 51.28  73.410619  61.218006 15.515
 89    31.652 55327.66880371 50.67  73.408266  61.221169 15.820
 91    33.036 55397.66880707 31.35  73.406048  61.218742 11.093
 91    32.984 55397.66880771 30.46  73.403698  61.221902 11.093
 93    27.690 55467.66877228 26.05  73.425715  61.219327 13.551
 93    32.144 55467.66877292 25.20  73.423371  61.222483 12.756
 93    32.153 55467.66877357 27.62  73.421021  61.225633 12.756
