-262022.075    84.540     0.00    2.38
-261646.001    84.568     0.07    2.55
-261269.868    84.483    -0.23    2.97
-260893.676    84.287    -0.52    3.47
-260517.426    83.301    -2.62    3.61
-260141.117    82.050    -3.32    4.44
-259764.750    80.767    -3.41    4.98
-259388.323    78.153    -6.94    5.40
-259011.838    75.878    -6.04    4.93
-258635.294    75.931     0.14    4.83
-258258.692    76.556     1.66    4.50
-257882.030    78.864     6.13    2.32
-257505.310    79.006     0.38    2.10
-257128.530    78.077    -2.47    2.88
-256751.692    77.123    -2.53    2.58
-256374.795    76.233    -2.36    2.55
-255997.839    75.671    -1.49    2.64
-255620.823    76.493     2.18    2.65
-255243.749    77.145     1.73    2.62
-254866.615    77.602     1.21    2.42
-254489.423    77.713     0.29    2.27
-254112.171    76.301    -3.74    3.77
-253734.860    75.137    -3.09    4.01
-253357.490    73.545    -4.22    3.43
-252980.061    72.614    -2.46    3.02
-252602.573    72.561    -0.14    2.57
-252225.025    72.526    -0.09    2.65
-251847.418    73.577     2.78    3.02
-251469.751    73.307    -0.72    3.75
-251092.026    73.369     0.17    4.37
-250714.240    72.753    -1.63    4.95
-250336.396    70.873    -4.97    5.55
-249958.492    70.864    -0.02    5.44
-249580.528    69.834    -2.72    5.42
-249202.505    69.072    -2.01    5.33
-248824.423    68.175    -2.37    5.32
-248446.280    67.697    -1.27    5.36
-248068.079    65.006    -7.11    5.74
-247689.817    62.537    -6.53    5.92
-247311.496    59.293    -8.57    5.43
-246933.116    56.415    -7.61    4.27
-246554.675    54.388    -5.36    3.24
-246176.175    52.100    -6.04    2.74
-245797.615    50.406    -4.47    3.00
-245418.995    49.104    -3.44    2.48
-245040.316    48.295    -2.14    2.19
-244661.577    48.767     1.25    2.20
-244282.777    49.670     2.38    2.76
-243903.918    50.193     1.38    3.56
-243524.999    50.010    -0.48    4.33
-243146.020    48.888    -2.96    4.61
-242766.981    47.631    -3.31    4.10
-242387.882    46.226    -3.71    2.69
-242008.722    45.273    -2.51    1.95
-241629.503    44.961    -0.82    1.93
-241250.224    44.561    -1.05    1.85
-240871.886    44.184    -1.00    1.73
-240504.142    44.037    -0.40    1.58
-240136.343    43.642    -1.07    1.50
-239768.487    43.037    -1.64    1.27
-239400.575    42.378    -1.79    1.26
-239032.607    41.915    -1.26    1.06
-238664.583    41.964     0.13    1.23
-238296.502    42.375     1.11    1.69
-237928.365    43.147     2.10    1.76
-237560.172    43.685     1.46    1.71
-237191.922    44.246     1.52    1.66
-236823.616    44.580     0.91    1.62
-236455.253    44.753     0.47    1.74
-236086.835    44.593    -0.43    1.90
-235718.359    43.576    -2.76    2.27
-235349.827    43.406    -0.46    2.30
-234981.239    43.915     1.38    2.76
-234612.594    45.620     4.62    3.42
-234243.893    48.268     7.18    2.96
-233875.135    51.153     7.82    4.93
-233506.320    55.165    10.88    6.26
-233137.449    58.926    10.20    6.04
-232768.521    62.385     9.37    3.62
-232399.536    63.166     2.12    1.99
-232030.494    62.679    -1.32    2.20
-231661.396    62.220    -1.25    2.12
-231292.241    61.753    -1.26    2.14
-230923.030    61.726    -0.07    2.17
-230553.761    61.459    -0.72    1.95
-230184.435    61.220    -0.65    2.03
-229815.053    61.929     1.92    2.02
-229445.614    62.180     0.68    2.16
-229076.118    62.562     1.03    2.07
-228706.564    62.900     0.91    1.81
-228336.954    63.159     0.70    1.67
-227967.287    63.886     1.97    1.59
-227597.563    64.695     2.19    1.46
-227227.781    65.553     2.32    1.22
-226857.943    66.139     1.58    1.11
-226488.047    66.820     1.84    1.14
-226118.095    67.253     1.17    0.96
-225748.085    67.380     0.34    0.94
-225378.017    67.405     0.07    0.98
-225007.893    67.342    -0.17    0.94
-224637.711    67.559     0.58    1.00
-224267.472    67.835     0.75    0.92
-223897.176    68.003     0.45    0.78
-223526.823    68.274     0.73    0.78
-223156.412    68.602     0.89    0.86
-222785.943    68.835     0.63    0.88
-222415.417    69.054     0.59    0.76
-222044.834    68.835    -0.59    0.92
-221674.193    68.109    -1.96    1.41
-221303.495    67.091    -2.75    1.82
-220932.739    65.888    -3.24    1.82
-220561.926    65.684    -0.55    1.84
-220191.055    65.767     0.22    2.12
-219820.126    65.821     0.15    2.38
-219449.140    65.821     0.00    2.34
-219078.096    65.104    -1.93    2.24
-218706.994    64.540    -1.52    1.84
-218335.835    64.684     0.39    1.50
-217964.618    64.726     0.11    1.76
-217593.343    64.657    -0.19    1.94
-217222.010    64.388    -0.72    2.00
-216850.619    64.931     1.46    2.26
-216479.171    66.046     3.00    2.98
-216107.664    67.645     4.30    3.29
-215736.100    70.046     6.46    2.79
-215364.478    71.517     3.96    2.02
-214992.798    71.633     0.31    2.05
-214621.059    71.461    -0.46    2.25
-214249.263    70.648    -2.19    2.11
-213877.409    69.602    -2.81    1.53
-213505.496    69.848     0.66    1.42
-213133.526    70.434     1.57    1.20
-212761.497    71.091     1.77    1.13
-212389.410    71.753     1.78    1.20
-212017.265    72.361     1.63    1.18
-211645.061    73.147     2.11    1.09
-211272.800    73.606     1.23    1.00
-210900.480    74.119     1.38    1.06
-210528.102    74.846     1.95    1.05
-210155.665    75.267     1.13    1.05
-209783.170    75.740     1.27    0.89
-209410.617    76.003     0.71    0.88
-209038.005    76.402     1.07    1.01
-208665.335    76.808     1.09    0.97
-208292.606    77.077     0.72    0.83
-207919.819    77.226     0.40    0.73
-207546.973    76.996    -0.62    0.89
-207174.069    76.658    -0.91    1.01
-206801.106    76.286    -1.00    1.04
-206428.084    75.929    -0.96    1.19
-206055.004    75.684    -0.65    1.26
-205681.865    75.424    -0.70    1.25
-205308.668    75.147    -0.74    1.13
-204935.411    74.616    -1.42    1.33
-204562.096    74.142    -1.27    1.87
-204188.722    73.834    -0.82    2.46
-203815.290    73.624    -0.56    3.17
-203441.798    73.700     0.20    3.33
-203068.247    73.885     0.50    3.19
-202694.638    73.793    -0.25    3.48
-202320.970    74.194     1.07    3.39
-201947.242    74.060    -0.36    3.39
-201573.456    74.110     0.14    3.07
-201199.611    73.966    -0.38    2.69
-200825.706    74.239     0.73    2.48
-200451.743    72.026    -5.92    6.03
-200077.720    69.410    -6.99    7.15
-199703.639    68.820    -1.58    7.11
-199329.498    69.361     1.45    7.34
-198955.298    71.172     4.84    6.76
-198581.039    74.064     7.73    4.53
-198206.720    75.672     4.30    1.98
-197832.342    76.437     2.04    2.01
-197457.905    76.577     0.37    2.37
-197083.409    77.016     1.17    2.77
-196708.853    75.100    -5.11    5.68
-196334.238    73.688    -3.77    6.41
-195959.563    72.457    -3.28    6.30
-195584.829    71.860    -1.59    4.61
-195210.035    73.021     3.10    3.62
-194835.182    72.860    -0.43    4.02
-194460.269    72.139    -1.92    4.59
-194085.297    71.193    -2.52    4.94
-193710.265    71.309     0.31    4.62
-193335.174    71.671     0.97    3.93
-192960.023    72.630     2.56    3.19
-192584.812    73.604     2.60    2.28
-192209.542    73.273    -0.88    2.99
-191834.211    71.353    -5.11    5.73
-191458.821    69.550    -4.80    6.31
-191083.372    68.178    -3.66    6.85
-190707.862    68.589     1.09    6.56
-190332.292    70.864     6.06    5.51
-189956.663    71.293     1.14    3.96
-189580.974    70.710    -1.55    3.62
-189205.224    69.713    -2.65    3.75
-188829.415    68.797    -2.44    3.35
-188453.546    69.529     1.95    3.19
-188077.617    70.224     1.85    2.83
-187701.627    70.780     1.48    2.52
-187325.578    70.328    -1.20    2.75
-186949.468    70.292    -0.10    3.21
-186573.298    69.483    -2.15    4.52
-186197.069    68.726    -2.01    5.52
-185820.778    68.388    -0.90    6.06
-185444.428    67.672    -1.90    6.16
-185068.017    67.371    -0.80    6.30
-184691.546    66.517    -2.27    6.56
-184315.015    64.883    -4.34    7.05
-183938.423    64.190    -1.84    7.08
-183561.771    64.553     0.96    6.76
-183185.059    64.281    -0.72    7.34
-182808.286    65.646     3.62    5.93
-182431.453    62.835    -7.46    8.18
-182054.559    60.540    -6.09    9.22
-181677.604    59.109    -3.79    9.18
-181300.589    58.996    -0.30    8.67
-180923.514    61.699     7.17    8.30
-180546.378    65.029     8.83    6.14
-180169.181    66.766     4.60    4.68
-179791.923    67.808     2.76    4.68
-179414.605    68.958     3.05    3.69
-179037.226    68.978     0.05    2.87
-178659.786    69.913     2.48    2.54
-178282.286    70.482     1.51    2.65
-177904.724    71.300     2.17    2.32
-177527.102    72.288     2.62    1.77
-177149.419    72.713     1.12    1.43
-176771.674    72.375    -0.90    1.64
-176393.869    71.953    -1.12    2.10
-176016.003    70.537    -3.75    2.82
-175638.076    68.375    -5.72    3.58
-175260.088    67.259    -2.95    3.21
-174882.039    66.561    -1.85    2.52
-174503.929    66.220    -0.90    3.08
-174125.757    66.461     0.64    2.79
-173747.524    66.298    -0.43    2.71
-173369.231    66.322     0.06    2.48
-172990.876    65.266    -2.79    2.76
-172612.459    64.479    -2.08    2.94
-172233.982    63.636    -2.23    2.69
-171855.443    61.956    -4.44    3.24
-171476.843    59.780    -5.75    5.02
-171098.181    56.595    -8.41    7.37
-170719.458    53.616    -7.86    8.00
-170340.673    54.145     1.40    9.57
-169961.827    56.302     5.69   10.72
-169582.920    58.180     4.95   10.94
-169203.951    61.539     8.86    9.38
-168824.920    63.820     6.02    6.86
-168445.828    65.315     3.94    3.90
-168066.674    66.520     3.18    2.68
-167687.459    67.091     1.50    1.95
-167308.182    66.673    -1.10    2.76
-166928.843    66.016    -1.73    2.90
-166549.443    65.673    -0.90    2.76
-166169.980    66.285     1.61    2.52
-165800.451    67.000     1.93    2.65
-165432.828    67.389     1.06    2.32
-165065.149    67.253    -0.37    2.51
-164697.411    66.477    -2.11    2.76
-164329.616    65.878    -1.63    2.71
-163961.764    64.740    -3.09    4.01
-163593.853    63.685    -2.87    4.63
-163225.885    62.766    -2.50    4.96
-162857.860    62.513    -0.69    4.96
-162489.776    62.332    -0.49    5.71
-162121.635    62.456     0.34    5.52
-161753.436    62.953     1.35    4.93
-161385.179    62.863    -0.25    3.92
-161016.864    62.753    -0.30    2.89
-160648.491    61.496    -3.41    5.28
-160280.060    59.150    -6.37    8.31
-159911.571    54.780   -11.86   10.61
-159543.025    51.388    -9.20   11.37
-159174.420    46.643   -12.87   10.92
-158805.757    42.253   -11.91    7.86
-158437.036    39.486    -7.50    4.56
-158068.257    39.029    -1.24    2.31
-157699.420    39.113     0.23    1.91
-157330.525    39.319     0.56    2.08
-156961.572    39.064    -0.69    2.26
-156592.560    38.661    -1.09    2.19
-156223.490    37.902    -2.06    2.24
-155854.362    36.977    -2.51    2.39
-155485.175    36.402    -1.56    2.27
-155115.931    36.227    -0.47    2.19
-154746.628    36.393     0.45    2.29
-154377.266    36.963     1.54    1.85
-154007.846    37.060     0.26    1.78
-153638.368    36.727    -0.90    2.10
-153268.831    36.164    -1.52    1.95
-152899.235    37.010     2.29    2.67
-152529.582    38.145     3.07    3.04
-152159.869    38.643     1.35    2.62
-151790.098    38.239    -1.09    2.73
-151420.268    37.388    -2.30    2.55
-151050.380    36.631    -2.05    1.53
-150680.433    36.977     0.93    1.60
-150310.428    37.433     1.23    1.22
-149940.363    37.649     0.58    1.02
-149570.240    37.645    -0.01    1.00
-149200.058    37.324    -0.87    1.16
-148829.817    36.780    -1.47    1.29
-148459.518    36.792     0.03    1.77
-148089.159    36.961     0.46    2.19
-147718.742    37.317     0.96    2.58
-147348.266    37.712     1.07    2.56
-146977.731    37.857     0.39    2.63
-146607.136    37.807    -0.13    2.83
-146236.483    37.300    -1.37    3.03
-145865.771    36.461    -2.26    3.13
-145495.000    35.402    -2.86    2.61
-145124.169    34.330    -2.89    1.72
-144753.280    35.420     2.94    3.18
-144382.331    36.767     3.63    3.64
-144011.323    37.963     3.22    3.95
-143640.256    39.304     3.61    4.10
-143269.130    39.266    -0.10    4.77
-142897.944    37.415    -4.99    5.42
-142526.699    34.993    -6.52    4.86
-142155.395    33.892    -2.97    3.51
-141784.031    34.330     1.18    3.06
-141412.608    35.614     3.46    2.86
-141041.126    36.125     1.37    2.72
-140669.584    37.281     3.11    2.53
-140297.983    39.477     5.91    4.22
-139926.322    41.274     4.84    4.88
-139554.602    43.166     5.09    4.01
-139182.822    44.642     3.97    2.95
-138810.982    44.820     0.48    2.44
-138439.083    43.942    -2.36    2.09
-138067.124    43.698    -0.66    2.03
-137695.106    44.185     1.31    2.43
-137323.028    43.561    -1.68    3.05
-136950.890    42.287    -3.42    4.01
-136578.692    39.885    -6.45    4.20
-136206.435    38.595    -3.46    3.49
-135834.117    39.376     2.10    3.59
-135461.740    39.606     0.62    3.48
-135089.303    40.200     1.59    3.22
-134716.806    41.456     3.37    3.51
-134344.250    42.645     3.19    2.95
-133971.633    44.233     4.26    2.47
-133598.956    45.380     3.08    2.46
-133226.219    45.648     0.72    2.23
-132853.422    45.529    -0.32    2.43
-132480.565    43.885    -4.41    3.18
-132107.648    41.672    -5.93    2.84
-131734.671    40.589    -2.90    1.99
-131361.633    40.929     0.91    2.04
-130988.535    41.875     2.54    2.61
-130615.377    42.309     1.16    3.21
-130242.159    41.300    -2.70    4.00
-129868.881    39.447    -4.96    3.94
-129495.542    37.174    -6.09    3.02
-129122.143    36.197    -2.62    2.12
-128748.683    36.612     1.11    2.47
-128375.163    37.475     2.31    3.11
-128001.583    38.728     3.35    3.11
-127627.942    40.191     3.92    3.12
-127254.241    41.381     3.18    3.23
-126880.479    41.010    -0.99    3.26
-126506.656    39.870    -3.05    3.58
-126132.773    37.348    -6.75    4.63
-125758.829    34.300    -8.15    6.34
-125384.825    31.942    -6.30    6.81
-125010.760    32.966     2.74    9.26
-124636.634    38.924    15.92   12.70
-124262.448    45.727    18.18   11.00
-123888.200    50.016    11.46    6.87
-123513.892    49.621    -1.05    6.82
-123139.523    47.195    -6.48    6.82
-122765.094    44.069    -8.35    4.41
-122390.603    41.817    -6.01    3.98
-122016.051    40.095    -4.60    4.98
-121641.439    37.740    -6.29    4.75
-121266.765    35.972    -4.72    3.88
-120892.030    34.661    -3.50    2.84
-120517.235    33.878    -2.09    2.18
-120142.378    33.621    -0.68    2.81
-119767.460    33.556    -0.17    4.05
-119392.481    33.661     0.28    4.30
-119017.441    32.668    -2.65    4.15
-118642.340    30.753    -5.11    3.14
-118267.177    30.604    -0.40    2.25
-117891.954    30.727     0.33    2.39
-117516.668    31.819     2.91    2.83
-117141.322    33.143     3.53    2.10
-116765.914    33.593     1.20    1.83
-116390.445    33.406    -0.50    1.77
-116014.915    33.150    -0.68    1.68
-115639.323    33.888     1.96    2.93
-115263.669    36.073     5.82    4.97
-114887.954    37.523     3.86    4.36
-114512.178    36.503    -2.71    5.38
-114136.339    33.424    -8.19    6.30
-113760.440    31.148    -6.06    4.37
-113384.478    30.182    -2.57    3.36
-113008.455    30.753     1.52    3.40
-112632.371    30.364    -1.03    4.01
-112256.224    28.180    -5.81    5.62
-111880.016    25.606    -6.84    5.81
-111503.746    25.522    -0.22    6.86
-111127.415    29.206     9.79   10.13
-110751.021    33.319    10.92    9.50
-110374.566    34.672     3.59    7.39
-109998.048    32.140    -6.72    7.52
-109621.469    28.484    -9.71    6.40
-109244.828    26.713    -4.70    4.00
-108868.125    27.285     1.52    4.42
-108491.359    29.433     5.70    4.37
-108114.532    32.779     8.88    3.93
-107737.643    34.053     3.38    3.67
-107360.691    31.766    -6.07    7.07
-106983.677    27.614   -11.01    9.69
-106606.601    21.673   -15.75    9.05
-106229.463    16.553   -13.57    4.83
-105852.263    15.227    -3.51    2.90
-105475.000    15.966     1.96    2.74
-105097.675    17.473     3.99    3.06
-104720.288    18.806     3.53    3.22
-104342.839    19.473     1.77    3.08
-103965.326    20.548     2.85    2.77
-103587.752    20.620     0.19    2.62
-103210.115    19.473    -3.04    2.41
-102832.416    19.342    -0.35    2.52
-102454.654    19.233    -0.29    2.46
-102076.829    18.924    -0.82    2.37
-101698.942    18.871    -0.14    3.40
-101320.992    18.861    -0.03    4.47
-100942.980    17.558    -3.45    4.68
-100564.905    16.187    -3.63    4.19
-100186.767    15.371    -2.16    2.88
 -99808.566    15.580     0.55    2.36
 -99430.303    16.606     2.71    2.64
 -99051.977    16.214    -1.04    2.52
 -98673.588    15.846    -0.97    2.11
 -98295.136    16.069     0.59    2.09
 -97916.621    16.137     0.18    2.31
 -97538.043    15.450    -1.81    3.50
 -97159.403    13.524    -5.09    4.03
 -96780.699    11.398    -5.62    3.58
 -96401.932    10.135    -3.33    2.65
 -96023.102    10.519     1.02    2.42
 -95644.209    10.542     0.06    2.37
 -95265.253    10.940     1.05    2.95
 -94886.234    11.635     1.83    2.99
 -94507.152    12.010     0.99    2.80
 -94128.006    12.240     0.61    2.79
 -93748.797    11.821    -1.11    2.52
 -93369.525    10.753    -2.81    2.30
 -92990.189     9.878    -2.31    2.19
 -92610.791     9.266    -1.61    1.60
 -92231.328     9.309     0.11    2.94
 -91851.803    10.766     3.84    4.37
 -91472.214    12.020     3.30    5.49
 -91099.637    13.610     4.27    5.89
 -90732.197    15.266     4.51    6.50
 -90364.697    17.535     6.17    7.65
 -89997.139    21.929    11.95    7.14
 -89629.522    24.266     6.36    4.74
 -89261.846    24.380     0.31    3.73
 -88894.110    22.984    -3.80    4.11
 -88526.316    21.526    -3.96    3.16
 -88158.462    20.779    -2.03    2.84
 -87790.549    20.660    -0.33    2.93
 -87422.577    19.406    -3.41    3.92
 -87054.545    16.483    -7.94    3.67
 -86686.455    14.593    -5.13    2.74
 -86318.304    14.456    -0.37    2.65
 -85950.095    16.035     4.29    3.89
 -85581.826    16.835     2.17    3.76
 -85213.498    16.240    -1.61    3.95
 -84845.110    14.156    -5.66    4.44
 -84476.663    11.856    -6.24    3.80
 -84108.156    10.184    -4.54    2.09
 -83739.590    10.095    -0.24    2.10
 -83370.964    10.892     2.16    2.47
 -83002.278    11.819     2.51    2.17
 -82633.533    12.796     2.65    1.64
 -82264.728    12.200    -1.61    2.13
 -81895.864    11.520    -1.84    2.12
 -81526.940    11.304    -0.59    2.07
 -81157.956    11.295    -0.03    2.74
 -80788.912    11.958     1.80    3.12
 -80419.809    12.628     1.81    2.95
 -80050.646    12.428    -0.54    2.57
 -79681.422    12.821     1.06    2.08
 -79312.139    12.845     0.07    1.85
 -78942.796    13.072     0.62    1.79
 -78573.393    14.108     2.80    2.01
 -78203.931    14.739     1.71    1.39
 -77834.408    13.950    -2.13    2.33
 -77464.825    13.037    -2.47    2.49
 -77095.182    12.189    -2.29    2.24
 -76725.479    12.239     0.14    2.47
 -76355.715    13.588     3.65    3.35
 -75985.892    15.697     5.70    3.77
 -75616.008    17.315     4.37    3.15
 -75246.064    17.821     1.37    2.58
 -74876.060    16.056    -4.77    3.94
 -74505.996    13.434    -7.09    4.56
 -74135.871    11.161    -6.14    3.52
 -73765.686    10.211    -2.56    2.74
 -73395.441    10.937     1.96    2.77
 -73025.135    12.942     5.41    3.11
 -72654.769    16.503     9.61    5.32
 -72284.342    20.628    11.14    6.09
 -71913.855    24.394    10.16    5.51
 -71543.308    26.545     5.80    3.98
 -71172.699    26.053    -1.33    3.11
 -70802.031    23.861    -5.91    3.98
 -70431.301    21.200    -7.18    4.07
 -70060.511    19.978    -3.30    3.23
 -69689.660    20.069     0.24    3.84
 -69318.749    20.821     2.03    4.33
 -68947.777    22.082     3.40    3.45
 -68576.744    22.191     0.29    2.12
 -68205.650    21.303    -2.39    2.18
 -67834.496    18.836    -6.65    4.07
 -67463.280    16.015    -7.60    4.02
 -67092.004    14.199    -4.89    3.02
 -66720.667    13.272    -2.49    2.09
 -66349.269    12.564    -1.91    2.10
 -65977.810    12.542    -0.06    2.01
 -65606.290    13.260     1.93    2.29
 -65234.709    14.273     2.73    2.35
 -64863.067    15.490     3.27    1.58
 -64491.363    15.086    -1.09    2.21
 -64119.599    14.193    -2.40    2.90
 -63747.773    12.449    -4.69    3.43
 -63375.887    10.595    -4.99    2.56
 -63003.939     9.497    -2.95    1.54
 -62631.930     8.806    -1.86    1.32
 -62259.859     8.674    -0.36    1.70
 -61887.727     9.937     3.39    3.79
 -61515.534    15.073    13.80   10.13
 -61143.280    23.376    22.30   13.64
 -60770.964    31.130    20.82   12.15
 -60398.586    35.832    12.63    7.42
 -60026.148    33.556    -6.11    8.08
 -59653.647    27.292   -16.81    8.88
 -59281.086    21.353   -15.94    7.90
 -58908.462    15.493   -15.72    4.71
 -58535.777    12.844    -7.11    4.04
 -58163.031    11.227    -4.34    2.48
 -57790.223    10.556    -1.80    1.69
 -57417.353    10.516    -0.11    1.71
 -57044.421    10.246    -0.72    1.67
 -56671.428     9.471    -2.08    1.92
 -56298.373     9.193    -0.75    1.96
 -55925.256     9.019    -0.47    1.93
 -55552.077     8.766    -0.68    1.38
 -55178.836     8.766    -0.00    1.48
 -54805.534     8.766     0.00    1.63
 -54432.169     8.169    -1.60    1.42
 -54058.743     7.547    -1.66    0.96
 -53685.255     7.454    -0.25    1.00
 -53311.704     8.142     1.84    1.39
 -52938.092     8.911     2.06    1.41
 -52564.417     9.861     2.54    1.38
 -52190.681    10.816     2.56    2.05
 -51816.882    11.684     2.32    2.02
 -51443.021    12.128     1.19    1.69
 -51069.098    12.523     1.06    1.52
 -50695.112    13.099     1.54    1.83
 -50321.065    13.078    -0.06    2.64
 -49946.955    13.513     1.16    2.68
 -49572.782    14.415     2.41    3.08
 -49198.547    15.389     2.60    3.19
 -48824.250    15.779     1.04    3.06
 -48449.891    15.182    -1.60    3.23
 -48075.469    14.056    -3.01    2.80
 -47700.984    13.593    -1.24    2.71
 -47326.437    12.896    -1.86    4.62
 -46951.828    12.311    -1.56    5.76
 -46577.156    10.963    -3.60    5.79
 -46202.421    10.143    -2.19    5.00
 -45827.623    11.519     3.67    5.38
 -45452.763    13.069     4.13    5.16
 -45077.840    13.561     1.31    4.73
 -44702.855    13.429    -0.35    4.33
 -44327.806    13.315    -0.30    4.69
 -43952.695    14.253     2.50    5.99
 -43577.521    17.115     7.63    6.42
 -43202.284    19.199     5.55    5.63
 -42826.985    19.621     1.13    5.14
 -42451.622    20.446     2.20    5.18
 -42076.196    22.140     4.51    4.61
 -41700.707    23.727     4.23    3.54
 -41325.156    25.279     4.13    2.93
 -40949.541    26.174     2.38    3.85
 -40573.863    26.650     1.27    4.25
 -40198.122    27.326     1.80    3.89
 -39822.318    27.714     1.03    3.26
 -39446.450    25.343    -6.31    5.68
 -39070.520    22.246    -8.24    6.53
 -38694.526    17.779   -11.88    6.43
 -38318.468    14.324    -9.19    4.82
 -37942.348    12.343    -5.27    3.84
 -37566.164    10.780    -4.15    3.22
 -37189.917     9.765    -2.70    2.67
 -36813.606     9.003    -2.03    2.31
 -36437.232    10.315     3.49    4.52
 -36060.794    12.266     5.18    6.47
 -35684.293    12.832     1.50    6.74
 -35307.729    12.286    -1.45    6.49
 -34931.100    10.713    -4.18    5.64
 -34554.408     8.503    -5.87    3.43
 -34177.653     8.022    -1.28    2.57
 -33800.834     9.086     2.82    2.80
 -33423.951    10.279     3.17    2.53
 -33047.004    11.156     2.32    2.41
 -32669.993    11.714     1.48    2.03
 -32292.919    10.896    -2.17    2.71
 -31915.781     9.432    -3.88    2.98
 -31538.579     8.213    -3.23    2.37
 -31161.313     7.220    -2.63    1.68
 -30783.983     7.335     0.31    1.61
 -30406.589     8.054     1.91    1.89
 -30029.131     8.953     2.38    1.96
 -29651.610     9.397     1.18    1.64
 -29274.024     8.766    -1.67    2.11
 -28896.374     8.135    -1.67    2.29
 -28518.659     7.571    -1.49    2.04
 -28140.881     6.663    -2.40    2.16
 -27763.038     5.881    -2.07    2.51
 -27385.131     5.227    -1.73    2.39
 -27007.160     4.200    -2.72    1.63
 -26629.125     3.778    -1.12    2.11
 -26251.025     4.020     0.64    3.38
 -25872.861     5.753     4.58    5.19
 -25494.632     6.996     3.29    5.95
 -25116.339     7.766     2.03    6.62
 -24737.982     6.114    -4.37    7.74
 -24359.560     2.065   -10.70    8.06
 -23981.074    -0.834    -7.66    7.48
 -23602.522    -2.893    -5.44    6.93
 -23223.907    -2.119     2.04    8.03
 -22845.226     1.905    10.63    8.90
 -22466.481     5.753    10.16    8.28
 -22087.672     8.702     7.78    7.63
 -21708.797    10.061     3.59    9.94
 -21329.858     8.638    -3.76   10.59
 -20950.854     7.932    -1.86    9.30
 -20571.785     7.033    -2.37    6.11
 -20192.651     7.965     2.46    4.48
 -19813.453     9.322     3.58    2.95
 -19434.189     8.628    -1.83    2.73
 -19054.861     6.753    -4.94    2.80
 -18675.467     5.638    -2.94    2.74
 -18296.009     5.009    -1.66    2.56
 -17916.485     3.943    -2.81    2.34
 -17536.896     3.279    -1.75    2.71
 -17157.242     3.266    -0.03    2.78
 -16777.523     3.500     0.62    2.79
 -16401.632     3.082    -1.11    2.66
 -16034.381     3.171     0.24    2.46
 -15667.070     2.467    -1.92    2.18
 -15299.698     1.689    -2.12    1.64
 -14932.266     0.573    -3.04    2.67
 -14564.773    -1.324    -5.16    3.85
 -14197.219    -0.909     1.13    4.33
 -13829.605     0.561     4.00    5.52
 -13461.930     2.279     4.67    5.05
 -13094.194     4.169     5.14    2.67
 -12726.398     3.130    -2.82    2.48
 -12358.541     2.095    -2.81    2.19
 -11990.623     1.550    -1.48    1.94
 -11622.644     2.474     2.51    3.65
 -11254.605     6.065     9.75    8.46
 -10886.504    13.437    20.03   14.60
 -10518.343    20.120    18.15   17.63
 -10150.121    29.039    24.22   19.46
  -9781.837    31.133     5.69   17.35
  -9413.493    36.990    15.90   17.21
  -9045.088    44.945    21.59   17.04
  -8676.622    50.932    16.25   14.35
  -8308.094    54.791    10.47   10.12
  -7939.506    57.420     7.13    7.56
  -7570.856    56.540    -2.38    6.44
  -7202.145    56.046    -1.34    4.48
  -6833.373    55.228    -2.22    3.64
  -6464.539    55.523     0.80    4.37
  -6095.645    55.022    -1.36    5.10
  -5726.689    53.078    -5.27    5.87
  -5357.671    48.702   -11.86    6.08
  -4988.593    43.010   -15.42    7.20
  -4619.453    37.465   -15.02    7.02
  -4250.251    30.906   -17.77    8.50
  -3880.988    22.403   -23.03   11.29
  -3511.664    14.739   -20.75   10.99
  -3142.278     8.246   -17.58    8.98
  -2772.830     3.104   -13.92    3.99
  -2403.321     2.376    -1.97    4.00
  -2033.750     3.010     1.71    4.59
  -1664.118     5.503     6.75    4.72
  -1294.423     7.295     4.85    3.06
   -924.668     5.103    -5.93    4.44
   -554.850     2.091    -8.14    3.92
   -184.971     0.922    -3.16    3.05
    184.971     0.631    -0.79    2.48
    554.974     2.532     5.14    3.57
    925.039     5.753     8.70    4.66
   1295.165     9.240     9.42    5.13
   1665.354    12.628     9.15    4.35
   2035.605    15.015     6.45    3.03
   2405.918    17.037     5.46    2.44
   2776.292    18.675     4.42    1.90
   3146.729    19.145     1.27    1.93
   3517.228    19.156     0.03    1.82
   3887.789    18.915    -0.65    1.59
   4258.412    18.665    -0.67    1.69
   4629.097    19.003     0.91    1.81
   4999.845    20.003     2.70    2.25
   5370.655    21.402     3.77    3.07
   5741.527    24.039     7.11    4.15
   6112.461    27.429     9.14    3.85
   6483.458    30.867     9.27    4.26
   6854.517    34.064     8.62    3.47
   7225.639    36.153     5.63    3.01
   7596.823    37.572     3.82    2.83
   7968.069    38.065     1.33    2.73
   8339.378    37.902    -0.44    2.36
   8710.750    36.350    -4.18    3.05
   9082.184    34.239    -5.68    4.40
   9453.680    31.040    -8.61    5.24
   9825.240    28.523    -6.77    4.13
  10196.862    28.617     0.25    3.55
  10568.546    30.361     4.69    3.77
  10940.294    30.703     0.92    3.36
  11312.104    28.726    -5.32    5.35
  11683.977    24.818   -10.51    5.64
  12055.913    21.793    -8.13    3.59
  12427.911    21.378    -1.12    3.78
  12799.973    22.388     2.71    4.45
  13172.097    24.690     6.19    4.45
  13544.285    27.726     8.16    4.91
  13916.535    31.323     9.66    4.90
  14288.848    34.095     7.45    3.60
  14661.225    35.420     3.56    2.43
  15033.664    36.060     1.72    2.01
  15406.167    36.626     1.52    1.68
  15778.733    36.806     0.48    1.35
  16151.362    37.153     0.93    1.64
  16524.054    37.779     1.68    1.75
  16896.809    38.107     0.88    1.75
  17269.628    38.044    -0.17    1.81
  17642.510    38.202     0.42    1.62
  18015.456    37.432    -2.06    1.74
  18388.464    36.943    -1.31    1.83
  18761.536    36.700    -0.65    2.38
  19134.672    36.586    -0.31    2.63
  19507.871    36.548    -0.10    2.90
  19881.134    36.628     0.21    3.86
  20254.460    37.428     2.14    4.07
  20627.849    37.740     0.84    4.29
  21001.303    38.471     1.96    4.20
  21374.820    38.121    -0.94    3.54
  21748.400    37.272    -2.27    2.90
  22122.044    36.896    -1.01    2.33
  22495.752    35.930    -2.58    2.22
  22869.524    35.474    -1.22    2.00
  23243.360    35.930     1.22    2.15
  23617.259    36.700     2.06    2.22
  23991.223    37.328     1.68    2.10
  24365.250    37.819     1.31    1.93
  24739.341    37.690    -0.34    1.77
  25113.496    37.483    -0.56    1.80
  25487.715    38.506     2.74    2.07
  25861.998    39.077     1.53    2.23
  26236.345    39.378     0.80    2.40
  26610.757    39.510     0.35    2.85
  26985.232    38.691    -2.19    3.11
  27359.772    38.145    -1.46    2.97
  27734.375    37.253    -2.38    3.00
  28109.043    35.977    -3.41    3.45
  28483.776    36.031     0.15    3.16
  28858.572    36.206     0.47    2.97
  29233.433    37.403     3.19    3.55
  29608.358    38.792     3.71    2.81
  29983.348    39.019     0.60    3.39
  30358.402    39.753     1.96    2.92
  30733.521    39.953     0.53    2.43
  31108.704    40.003     0.13    2.49
  31483.951    40.407     1.08    3.02
  31859.264    40.428     0.06    3.99
  32234.640    40.174    -0.68    4.20
  32610.082    41.445     3.39    3.59
  32985.588    42.240     2.12    3.04
  33361.159    43.003     2.03    2.94
  33736.794    44.202     3.19    2.36
  34112.494    45.335     3.02    2.22
  34488.259    45.240    -0.25    2.25
  34864.089    45.215    -0.06    2.06
  35239.984    45.496     0.75    1.90
  35615.944    45.383    -0.30    1.58
  35991.968    44.793    -1.57    1.80
  36368.058    44.653    -0.37    2.69
  36744.212    44.766     0.30    3.25
  37120.432    45.603     2.22    3.23
  37496.717    46.635     2.74    2.92
  37873.067    46.778     0.38    2.44
  38249.481    46.817     0.10    1.85
  38625.962    46.940     0.33    1.63
  39002.507    47.221     0.75    1.45
  39379.117    47.189    -0.09    1.84
  39755.793    46.402    -2.09    2.60
  40132.534    46.285    -0.31    2.51
  40509.341    47.343     2.81    3.73
  40886.213    48.373     2.73    4.79
  41263.150    48.654     0.75    4.30
  41640.153    48.086    -1.51    2.26
  42017.221    47.740    -0.92    1.98
  42394.355    47.687    -0.14    2.23
  42771.554    48.037     0.93    2.24
  43148.819    48.131     0.25    2.08
  43526.149    47.840    -0.77    2.19
  43903.546    47.819    -0.06    2.36
  44281.007    47.247    -1.52    2.66
  44658.535    46.937    -0.82    2.93
  45036.128    47.278     0.90    2.56
  45413.787    47.091    -0.50    2.21
  45791.512    46.639    -1.20    1.91
  46169.303    46.543    -0.25    1.90
  46547.160    46.228    -0.83    2.70
  46925.082    45.522    -1.87    3.47
  47303.071    43.688    -4.85    4.20
  47681.126    42.440    -3.30    3.77
  48059.246    42.069    -0.98    3.38
  48437.433    42.578     1.35    4.06
  48815.686    43.950     3.63    4.30
  49194.005    44.889     2.48    4.18
  49572.390    45.550     1.75    3.78
  49950.841    45.290    -0.69    3.33
  50329.359    45.148    -0.38    2.52
  50707.943    45.228     0.21    2.13
  51086.593    45.424     0.52    1.53
  51465.309    45.665     0.64    1.30
  51844.092    45.133    -1.41    1.79
  52222.941    44.958    -0.46    1.98
  52601.857    44.178    -2.06    2.44
  52980.839    43.561    -1.63    2.76
  53359.888    43.953     1.04    2.97
  53739.004    44.454     1.32    3.01
  54118.186    45.490     2.73    2.67
  54497.434    45.429    -0.16    2.98
  54876.749    43.990    -3.79    3.07
  55256.131    42.513    -3.89    2.74
  55635.580    41.353    -3.06    2.26
  56015.095    41.639     0.75    2.40
  56394.678    42.203     1.49    2.28
  56774.327    42.843     1.69    1.68
  57154.043    42.948     0.28    2.21
  57533.826    42.728    -0.58    2.50
  57913.675    42.663    -0.17    2.55
  58293.175    42.690     0.07    3.10
  58660.230    42.918     0.62    3.55
  59027.348    42.365    -1.50    5.04
  59394.528    42.804     1.20    5.02
  59761.770    43.153     0.95    5.02
  60129.074    43.497     0.94    4.59
  60496.440    44.578     2.94    3.39
  60863.868    45.778     3.27    2.01
  61231.358    46.603     2.25    2.11
  61598.911    47.971     3.72    2.81
  61966.525    50.130     5.87    3.34
  62334.202    51.614     4.04    3.00
  62701.942    51.918     0.83    2.56
  63069.744    50.716    -3.27    2.88
  63437.608    50.259    -1.24    2.53
  63805.534    50.053    -0.56    2.30
  64173.523    50.182     0.35    2.11
  64541.574    50.290     0.30    1.65
  64909.688    49.885    -1.10    1.69
  65277.865    48.728    -3.14    3.05
  65646.104    47.766    -2.61    3.96
  66014.405    48.074     0.84    4.22
  66382.770    49.145     2.91    4.28
  66751.196    50.864     4.67    3.87
  67119.686    51.753     2.41    3.50
  67488.238    51.765     0.03    3.15
  67856.853    51.727    -0.10    2.25
  68225.531    52.346     1.68    2.08
  68594.272    53.456     3.01    2.16
  68963.075    54.103     1.76    1.77
  69331.942    54.020    -0.23    1.77
  69700.871    54.203     0.50    2.07
  70069.863    54.844     1.74    2.28
  70438.919    55.990     3.11    2.38
  70808.037    57.143     3.12    2.60
  71177.218    57.865     1.96    2.34
  71546.463    57.948     0.22    2.19
  71915.770    57.828    -0.32    2.08
  72285.141    57.335    -1.33    1.65
  72654.575    57.015    -0.87    2.24
  73024.072    56.573    -1.20    2.56
  73393.632    55.290    -3.47    3.29
  73763.256    54.221    -2.89    2.91
  74132.942    54.025    -0.53    2.45
  74502.693    55.115     2.95    3.02
  74872.506    56.543     3.86    2.69
  75242.383    57.625     2.92    2.09
  75612.324    57.628     0.01    2.03
  75982.328    56.816    -2.19    1.73
  76352.395    56.615    -0.54    1.43
  76722.526    56.913     0.81    1.65
  77092.721    57.704     2.13    2.40
  77462.979    58.163     1.24    2.91
  77833.301    57.652    -1.38    3.44
  78203.686    56.515    -3.07    3.76
  78574.135    54.428    -5.64    2.67
  78944.648    52.889    -4.15    1.59
  79315.225    51.926    -2.60    1.16
  79685.865    51.335    -1.59    0.89
  80056.570    51.246    -0.24    1.00
  80427.338    52.415     3.15    2.95
  80798.170    55.605     8.60    4.82
  81169.066    57.309     4.59    4.36
  81540.026    57.802     1.33    4.27
  81911.050    56.548    -3.38    4.70
  82282.138    55.432    -3.01    4.28
  82653.290    56.074     1.73    4.78
  83024.507    58.049     5.32    5.28
  83395.787    61.025     8.01    4.49
  83767.132    62.518     4.02    2.75
  84138.540    61.981    -1.45    2.26
  84510.013    61.214    -2.06    2.03
  84881.551    61.543     0.88    2.73
  85253.152    61.667     0.33    3.34
  85624.818    62.099     1.16    3.85
  85996.548    62.889     2.13    3.89
  86368.343    63.639     2.02    3.01
  86740.202    64.073     1.17    1.84
  87112.126    63.111    -2.59    2.11
  87484.114    61.790    -3.55    2.37
  87856.167    60.353    -3.86    2.06
  88228.284    58.487    -5.01    1.64
  88600.466    57.625    -2.32    1.77
  88972.712    57.044    -1.56    1.61
  89345.023    56.950    -0.25    1.60
  89717.399    57.481     1.43    1.51
  90089.840    58.111     1.69    1.23
  90462.345    57.279    -2.23    4.82
  90834.915    55.112    -5.82    7.82
  91207.550    51.346   -10.11    9.87
  91580.250    49.395    -5.23   10.04
  91953.015    47.111    -6.13    9.91
  92325.845    45.165    -5.22    9.57
  92698.740    42.528    -7.07    8.39
  93071.700    40.057    -6.63    6.47
  93444.724    37.777    -6.11    3.13
  93817.814    37.272    -1.35    1.49
  94190.969    37.333     0.16    1.37
  94564.190    37.265    -0.18    1.15
  94937.475    37.353     0.23    1.16
  95310.826    37.590     0.64    1.29
  95684.242    38.049     1.23    1.43
  96057.723    38.310     0.70    1.47
  96431.269    38.469     0.43    1.44
  96804.881    37.870    -1.60    2.15
  97178.558    36.628    -3.32    2.97
  97552.301    35.601    -2.75    3.20
  97926.109    35.180    -1.13    2.85
  98299.983    35.561     1.02    2.48
  98673.922    36.290     1.95    2.07
  99047.927    36.779     1.31    1.41
  99421.997    36.375    -1.08    1.75
  99796.133    35.845    -1.42    2.00
 100170.335    35.321    -1.40    1.97
 100544.602    34.832    -1.31    1.96
 100918.935    34.926     0.25    2.10
 101293.334    35.433     1.35    2.64
 101667.799    35.558     0.33    2.77
 102042.329    35.337    -0.59    2.84
 102416.926    34.204    -3.03    2.51
 102791.588    32.909    -3.46    0.93
 103166.317    32.753    -0.42    0.00
 103541.111    32.753     0.00    0.00
 103915.971    32.753     0.00    0.00
 104290.897    32.753     0.00    0.00
 104665.890    32.753     0.00    0.00
 105040.948    32.753     0.00    0.00
 105416.073    32.753     0.00    0.00
 105791.264    33.985     3.28    2.67
 106166.521    36.185     5.86    3.91
 106541.845    37.887     4.54    3.47
 106917.234    38.918     2.75    2.35
 107292.691    38.728    -0.50    1.66
 107668.213    38.328    -1.07    1.40
 108043.802    38.253    -0.20    1.23
 108419.457    38.677     1.13    1.87
 108795.179    39.062     1.02    2.22
 109170.967    39.000    -0.16    2.26
 109546.822    38.778    -0.59    2.07
 109922.743    38.487    -0.77    1.83
 110298.732    37.863    -1.66    0.61
 110674.786    37.753    -0.29    0.00
 111050.908    37.753     0.00    0.00
 111427.096    37.753     0.00    0.00
 111803.351    37.753     0.00    0.00
 112179.672    37.753     0.00    0.00
 112556.061    37.753     0.00    0.00
 112932.516    37.753     0.00    0.00
 113309.039    37.790     0.10    0.34
 113685.628    38.178     1.03    0.98
 114062.284    38.163    -0.04    1.22
 114439.007    37.990    -0.46    1.78
 114815.797    37.240    -1.99    2.57
 115192.655    37.653     1.09    3.12
 115569.579    37.889     0.63    3.13
 115946.571    37.948     0.16    3.14
 116323.630    37.407    -1.43    3.22
 116700.756    36.432    -2.59    3.44
 117077.949    35.285    -3.04    3.38
 117455.210    33.938    -3.57    2.57
 117832.538    33.095    -2.24    1.35
 118209.933    32.838    -0.68    0.55
 118587.396    32.766    -0.19    0.11
 118964.926    32.975     0.55    0.84
 119342.524    33.450     1.26    1.60
 119720.189    33.864     1.10    2.00
 120097.922    34.740     2.32    2.63
 120475.722    34.838     0.26    2.68
 120853.590    34.363    -1.26    2.64
 121231.526    34.253    -0.29    2.66
 121609.529    33.938    -0.83    2.33
 121987.600    34.025     0.23    2.44
 122365.739    34.521     1.31    2.73
 122743.946    34.012    -1.35    2.63
 123122.220    33.665    -0.92    2.42
 123500.562    33.494    -0.45    1.87
 123878.973    33.464    -0.08    1.69
 124257.451    32.766    -1.84    2.36
 124635.997    31.753    -2.68    2.88
 125014.612    30.674    -2.85    2.82
 125393.294    30.192    -1.27    2.82
 125772.044    30.561     0.97    2.91
 126150.863    31.506     2.50    3.08
 126529.750    32.195     1.82    3.20
 126908.705    33.740     4.08    3.59
 127287.728    34.901     3.06    3.62
 127666.819    35.753     2.25    3.11
 128045.979    37.065     3.46    3.01
 128425.207    37.802     1.94    3.31
 128804.504    38.453     1.72    3.29
 129183.869    38.265    -0.49    3.43
 129563.303    37.241    -2.70    3.57
 129942.805    35.905    -3.52    3.36
 130322.375    36.197     0.77    3.56
 130702.014    37.661     3.86    3.36
 131081.722    37.972     0.82    2.47
 131461.499    38.039     0.17    1.49
 131841.344    37.558    -1.27    1.47
 132221.258    37.125    -1.14    1.13
 132601.240    36.915    -0.55    1.18
 132981.292    36.654    -0.69    1.26
 133351.506    36.729     0.20    1.70
 133718.427    37.145     1.14    2.61
 134085.412    38.778     4.45    3.94
 134452.460    39.779     2.73    4.30
 134819.571    39.838     0.16    4.25
 135186.747    39.636    -0.55    4.11
 135553.986    39.802     0.45    4.67
 135921.288    40.061     0.70    5.50
 136288.655    40.802     2.02    5.86
 136656.085    41.332     1.44    5.90
 137023.579    42.259     2.52    5.93
 137391.137    43.323     2.89    6.01
 137758.759    44.778     3.96    5.72
 138126.445    46.407     4.43    4.21
 138494.195    46.765     0.97    2.85
 138862.008    46.031    -2.00    3.03
 139229.886    46.367     0.91    3.03
 139597.828    46.852     1.32    2.99
 139965.834    46.568    -0.77    3.07
 140333.904    45.802    -2.08    3.20
 140702.038    45.185    -1.68    3.35
 141070.237    45.229     0.12    3.50
 141438.499    44.424    -2.19    3.08
 141806.826    44.741     0.86    3.14
 142175.218    44.988     0.67    3.10
 142543.673    45.643     1.78    3.24
 142912.193    46.000     0.97    3.27
 143280.777    46.340     0.92    3.12
 143649.426    46.753     1.12    2.92
 144018.139    46.527    -0.61    2.70
 144386.917    46.317    -0.57    2.30
 144755.759    46.082    -0.64    2.14
 145124.666    45.516    -1.53    2.34
 145493.637    44.668    -2.30    2.33
 145862.673    44.195    -1.28    2.41
 146231.774    43.680    -1.39    2.33
 146600.940    43.714     0.09    2.27
 146970.170    44.851     3.08    3.04
 147339.465    46.766     5.19    3.48
 147708.825    48.622     5.03    2.97
 148078.249    49.091     1.27    2.47
 148447.739    48.021    -2.89    3.20
 148817.293    46.766    -3.40    3.51
 149186.912    45.387    -3.73    3.20
 149556.597    44.361    -2.78    2.39
 149926.346    44.592     0.63    2.14
 150296.160    46.035     3.90    2.65
 150666.040    48.012     5.35    2.64
 151035.984    49.702     4.57    1.88
 151405.994    50.235     1.44    1.63
 151776.069    49.851    -1.04    1.93
 152146.209    48.765    -2.93    2.13
 152516.414    47.988    -2.10    1.70
 152886.685    48.094     0.29    1.81
 153257.021    48.901     2.18    1.97
 153627.422    49.938     2.80    1.90
 153997.889    50.716     2.10    1.48
 154368.421    51.302     1.58    1.37
 154739.019    51.346     0.12    2.17
 155109.682    51.314    -0.09    2.69
 155480.411    51.185    -0.35    2.89
 155851.205    51.216     0.08    3.06
 156222.065    51.460     0.66    3.24
 156592.990    51.607     0.39    3.51
 156963.982    51.913     0.83    3.77
 157335.038    52.019     0.28    3.73
 157706.161    52.351     0.89    3.65
 158077.350    52.555     0.55    3.61
 158448.604    52.387    -0.45    3.50
 158819.924    52.953     1.52    3.26
 159191.310    52.825    -0.34    3.41
 159562.762    52.765    -0.16    3.64
 159934.279    52.680    -0.23    3.71
 160305.863    52.728     0.13    4.05
 160677.513    53.115     1.04    3.94
 161049.229    52.704    -1.11    4.43
 161421.011    53.168     1.25    4.77
 161792.859    54.216     2.82    4.73
 162164.773    55.452     3.32    4.50
 162536.754    56.913     3.93    2.52
 162908.800    56.790    -0.33    2.67
 163280.913    56.025    -2.06    3.34
 163653.093    56.033     0.02    3.27
 164025.338    55.901    -0.36    2.98
 164397.650    55.512    -1.05    3.23
 164770.029    54.777    -1.97    3.79
 165142.474    54.204    -1.54    3.91
 165514.985    54.378     0.47    3.23
 165887.563    54.852     1.27    2.26
 166260.208    55.037     0.50    1.16
 166632.919    54.741    -0.79    0.88
 167005.696    55.049     0.83    1.10
 167378.541    55.173     0.33    1.26
 167751.452    54.578    -1.60    2.99
 168124.429    54.216    -0.97    3.69
 168497.474    53.863    -0.95    3.79
 168870.585    54.326     1.24    3.40
 169243.764    55.481     3.10    2.03
 169617.009    55.887     1.09    1.20
 169990.321    55.716    -0.46    1.46
 170363.700    55.387    -0.88    1.72
 170737.146    54.901    -1.30    1.85
 171110.659    53.936    -2.58    2.32
 171484.239    52.668    -3.40    2.92
 171857.886    51.668    -2.68    2.92
 172231.600    51.387    -0.75    3.01
 172605.381    51.631     0.65    3.37
 172979.230    52.594     2.58    2.71
 173353.146    53.753     3.10    1.60
 173727.129    54.170     1.11    1.43
 174101.180    54.314     0.39    1.38
 174475.297    54.348     0.09    1.56
 174849.483    54.145    -0.54    1.74
 175223.735    54.193     0.13    1.85
 175598.055    54.358     0.44    1.87
 175972.443    54.555     0.53    1.83
 176346.898    55.015     1.23    1.45
 176721.421    55.212     0.52    1.33
 177096.011    54.975    -0.63    1.29
 177470.669    54.691    -0.76    1.44
 177845.395    54.815     0.33    1.69
 178220.188    54.729    -0.23    1.95
 178595.049    54.145    -1.56    2.08
 178969.978    53.716    -1.15    2.16
 179344.975    53.138    -1.54    2.10
 179720.039    53.932     2.12    2.74
 180095.172    55.013     2.88    2.98
 180470.372    56.669     4.41    2.70
 180845.641    57.997     3.54    1.41
 181220.977    57.825    -0.46    1.57
 181596.382    57.843     0.05    1.77
 181971.854    57.582    -0.69    1.94
 182347.395    57.298    -0.76    2.29
 182723.004    56.836    -1.23    2.47
 183098.681    56.519    -0.84    2.45
 183474.426    56.872     0.94    2.15
 183850.239    57.625     2.00    1.85
 184226.121    58.485     2.29    1.82
 184602.071    59.120     1.69    1.81
 184978.090    59.527     1.08    1.83
 185354.177    58.852    -1.80    2.80
 185730.333    57.657    -3.18    3.65
 186106.556    55.863    -4.77    3.76
 186482.849    55.509    -0.94    3.67
 186859.210    57.082     4.18    4.34
 187235.640    58.950     4.96    4.46
 187612.138    61.277     6.18    3.00
 187988.705    62.326     2.79    1.49
 188365.341    62.336     0.03    1.54
 188742.045    62.241    -0.25    1.45
 189118.818    62.114    -0.34    1.35
 189495.661    61.981    -0.35    1.77
 189872.572    62.598     1.64    2.13
 190249.551    63.714     2.96    1.86
 190626.600    64.326     1.62    1.41
 191003.718    63.958    -0.98    1.91
 191380.905    63.536    -1.12    2.10
 191758.161    62.535    -2.65    2.28
 192135.486    61.692    -2.23    2.43
 192512.880    61.727     0.09    2.55
 192890.343    62.024     0.79    2.94
 193267.876    63.728     4.52    3.50
 193645.478    65.383     4.38    3.26
 194023.149    67.040     4.39    2.21
 194400.889    67.440     1.06    1.66
 194778.699    67.302    -0.37    1.95
 195156.578    67.090    -0.56    2.00
 195534.526    66.497    -1.57    2.32
 195912.545    66.424    -0.19    2.57
 196290.632    66.527     0.27    2.89
 196668.789    67.307     2.06    2.91
 197047.016    68.455     3.04    2.54
 197425.312    69.411     2.53    1.80
 197803.678    70.018     1.60    1.93
 198182.114    70.563     1.44    1.94
 198560.620    71.199     1.68    1.76
 198939.195    72.163     2.55    1.74
 199317.840    73.432     3.35    2.06
 199696.555    74.621     3.14    1.95
 200075.340    74.861     0.63    2.96
 200454.195    75.057     0.52    3.56
 200833.120    74.898    -0.42    3.48
 201212.115    74.692    -0.54    3.38
 201591.179    74.372    -0.84    2.70
 201970.314    73.924    -1.18    2.03
 202349.520    73.460    -1.22    2.16
 202728.795    73.331    -0.34    2.01
 203108.140    73.889     1.47    2.08
 203487.556    74.551     1.74    2.14
 203867.042    75.210     1.74    1.52
 204246.598    75.617     1.07    1.30
 204626.225    74.975    -1.69    1.70
 205005.922    74.506    -1.24    1.83
 205385.690    73.817    -1.81    1.85
 205765.528    73.211    -1.60    1.70
 206145.437    72.356    -2.25    1.57
 206525.416    71.565    -2.08    1.55
 206905.466    71.197    -0.97    1.65
 207285.586    71.037    -0.42    1.66
 207665.777    71.338     0.79    1.90
 208039.866    72.379     2.78    2.37
 208406.582    73.667     3.51    2.55
 208773.363    74.099     1.18    2.33
 209140.209    74.216     0.32    2.17
 209507.121    73.859    -0.97    2.08
 209874.098    73.272    -1.60    1.72
 210241.140    72.375    -2.44    1.82
 210608.247    71.086    -3.51    2.21
 210975.419    70.614    -1.29    2.45
