# NaN NaN NaN ;Mean Elev.(m), Avg Gradient(m/km), RMS Gradient(m/km) - SRTM1     
#   -6.767  -1.916  12.190 ;Mean Elev.(m), Avg Gradient(m/km), RMS Gradient(m/km) - ASTER GDEM
#    1.031  -2.854   5.510 ;Mean Elev.(m), Avg Gradient(m/km), RMS Gradient(m/km) - GMTED2010 
  7  65.847054  65.782526    -5.676    -5.550 11 52447.67989824 24.196
  8  65.854213  65.788774     8.250     8.208 13 52482.67988833 39.604
  9  65.859021  65.796978     7.170     7.289 16 52517.67984589 27.104
 10  65.841648  65.783082     5.365     5.912 11 52552.67989326 34.322
 11  65.857353  65.792251     4.834     4.832 14 52587.67987298 48.227
 12  65.859183  65.794777     3.679     3.902 15 52622.67983444 18.061
 15  65.854874  65.789270     3.570     3.449 13 52727.67986864 11.797
 16  65.855947  65.790604     4.599     4.533 13 52762.67988266 15.934
 17  65.849135  65.786764     6.682     6.833 12 52797.67984850 24.514
 18  65.849128  65.786057     6.280     6.381 12 52832.67991965 23.390
 19  65.855432  65.790635     5.006     4.893 13 52867.67996305 28.009
 20  65.854806  65.791727     4.773     5.253 14 52902.67998171 36.367
 21  65.859551  65.798284     2.474     2.077 15 52937.67992122 41.667
 22  65.848336  65.786273     1.866     1.683 12 52972.67995104 26.960
 23  65.850556  65.788119     3.378     3.062 12 53007.67996130 11.769
 24  65.844818  65.781724     3.940     4.337 11 53042.67991598 10.127
 25  65.852917  65.789950     4.635     4.625 13 53077.67995030 13.149
 26  65.842973  65.780552     5.340     5.540 11 53112.67991934 10.341
 27  65.848540  65.787381     5.245     5.243 12 53147.67996469 35.471
 28  65.854889  65.792176     6.782     6.869 14 53182.67996657 23.756
 29  65.853819  65.789202     5.568     5.589 13 53217.67998994 22.343
 30  65.859052  65.793052     4.592     5.039 15 53252.67996840 29.938
 31  65.842504  65.780289     3.998     3.465 11 53287.67996571 22.193
 32  65.857296  65.792042     2.630     2.719 15 53322.67994336 24.320
 34  65.844268  65.784831     2.930     2.852 11 53392.67992312 16.772
 35  65.859841  65.794428     3.786     3.707 15 53427.67991933 14.169
 36  65.847987  65.786037     3.084     2.861 12 53462.67993530 10.909
 37  65.847461  65.785237     4.431     4.466 11 53497.68000801 19.031
 38  65.857197  65.793122     6.910     6.934 14 53532.67999038 22.662
 40  65.859743  65.796311     4.533     4.517 16 53602.67995600 29.038
 41  65.843552  65.784641     3.969     3.522 11 53637.67995228 23.953
 42  65.848226  65.786659     2.694     2.406 12 53672.67997307 24.003
 43  65.855913  65.803405     2.752     2.796 14 53707.67990749 18.990
 44  65.853821  65.813735     3.459     3.346 13 53742.67982088 16.587
 45  65.855154  65.790069     3.696     3.471 13 53777.67984256 14.499
 46  65.853707  65.809715     4.879     4.943 14 53812.67982244 11.759
 47  65.844703  65.784983     4.308     4.529 11 53847.67987240 10.162
 49  65.847730  65.787183     6.595     6.573 12 53917.67995475 20.690
 50  65.848561  65.787500     5.477     5.774 12 53952.67995870 30.209
 52  65.847725  65.785745     3.875     3.666 11 54022.67993744 18.800
 53  65.856304  65.792099     3.277     3.186 14 54057.67993048 19.054
 54  65.859587  65.795742     3.944     4.009 16 54092.67991278 15.396
 55  65.844766  65.784779     4.882     4.588 11 54127.67984700 16.581
 56  65.854093  65.791042     5.445     5.613 14 54162.67988122 12.791
 57  65.847454  65.785907    19.394    24.600 12 54197.67984939  4.656
 58  65.850663  65.789250     6.845     6.812 13 54232.67989453 31.177
 59  65.853583  65.790296     7.087     7.203 13 54267.67991312 22.798
 60  65.854459  65.790083     7.228     7.267 13 54302.67991701 25.702
 61  65.857228  65.792218     6.929     7.247 14 54337.67990341 25.482
 62  65.849006  65.788338     5.177     5.361 12 54372.67984987 31.335
 63  65.855339  65.789879     3.764     3.324 13 54407.67984826 50.517
 64  65.845891  65.782408     2.157     2.192 11 54442.67980900 22.591
 65  65.853902  65.790464     3.339     2.925 13 54477.67983732 14.662
 66  65.846787  65.784267     4.185     4.353 11 54512.67982456 13.271
 67  65.857087  65.791437     4.012     4.077 14 54547.67985131 11.859
 68  65.852388  65.789880     3.289     2.898 13 54582.67982127 11.225
 69  65.852428  65.790787     6.909     6.944 13 54617.67984204 25.092
 70  65.852205  65.789275     6.737     6.771 13 54652.67985391 22.771
 71  65.856798  65.792139     5.157     5.696 15 54687.67984444 34.076
 72  65.845350  65.785237     4.207     4.201 11 54722.67980046 33.918
 73  65.854624  65.789912     3.530     3.099 13 54757.67981943 25.896
 74  65.844129  65.783427     3.107     3.176 11 54792.67979342 31.268
 75  65.851216  65.789595     4.030     3.640 13 54827.67981751 12.094
 76  65.848175  65.785148     4.466     4.564 11 54862.67978767 11.117
 77  65.855269  65.790620     4.487     4.472 14 54897.67981754 10.822
 78  65.848441  65.786119     5.160     4.919 12 54932.67978335 12.055
 79  65.850952  65.791718     5.865     5.837 12 54967.67981906 35.239
 80  65.852043  65.787595     6.941     6.867 12 55002.67983803 21.927
 81  65.854436  65.790024     6.450     6.438 13 55037.67982499 46.458
 82  65.857694  65.792720     5.023     5.283 14 55072.67981171 23.860
 83  65.847117  65.784546     4.377     3.988 11 55107.67975639 33.175
 84  65.854941  65.790283     2.936     2.985 14 55142.67976216 39.647
 85  65.845072  65.783941     3.005     2.897 11 55177.67972789 17.047
 86  65.853463  65.790030     3.423     3.342 13 55212.67975682 14.077
 87  65.849042  65.786728     3.769     3.361 12 55247.67972978 12.471
 88  65.856152  65.791020     4.306     3.964 14 55282.67975073 11.817
 89  65.852447  65.790000     3.510     3.424 13 55317.67972000 36.196
 90  65.854644  65.792294     6.776     6.786 14 55352.67972344 22.767
 91  65.844127  65.787182     5.617     5.997 10 55387.67971943 31.089
 92  65.851119  65.793677     5.482     5.581 11 55422.67974166 24.516
 93  65.859047  65.793190     4.546     4.541 14 55457.67971426 28.486
