-212962.940    56.974     0.00    1.76
-212594.973    57.098     0.34    2.02
-212226.950    57.735     1.73    2.13
-211858.870    58.522     2.14    1.75
-211490.734    59.247     1.97    1.55
-211122.542    59.562     0.86    1.55
-210754.294    59.392    -0.46    1.75
-210385.989    59.063    -0.89    1.83
-210017.628    58.738    -0.88    1.64
-209649.210    58.257    -1.31    1.09
-209280.736    58.192    -0.18    1.24
-208912.205    58.224     0.09    1.92
-208543.618    58.165    -0.16    2.28
-208174.974    58.238     0.20    2.53
-207806.274    58.698     1.25    2.58
-207437.518    58.407    -0.79    2.43
-207068.704    58.280    -0.34    2.22
-206699.834    58.576     0.80    2.11
-206330.908    58.889     0.85    2.32
-205961.924    58.675    -0.58    2.57
-205592.884    58.551    -0.34    2.69
-205223.787    58.886     0.91    2.88
-204854.634    59.064     0.48    2.64
-204485.423    59.139     0.20    2.67
-204116.156    58.916    -0.61    2.84
-203746.832    57.440    -3.99    2.29
-203377.451    56.740    -1.90    1.83
-203008.013    56.331    -1.11    2.10
-202638.519    56.248    -0.22    2.40
-202268.967    55.757    -1.33    2.60
-201899.358    56.125     1.00    2.81
-201529.693    55.729    -1.07    3.34
-201159.970    55.577    -0.41    3.46
-200790.190    57.590     5.44    5.31
-200420.353    58.043     1.22    5.94
-200050.459    58.449     1.10    5.84
-199680.508    58.865     1.12    5.55
-199310.500    57.815    -2.84    5.10
-198940.434    57.248    -1.53    3.86
-198570.312    58.466     3.29    4.25
-198200.132    60.810     6.33    5.73
-197829.894    62.341     4.13    6.75
-197459.600    63.551     3.27    7.35
-197089.248    65.317     4.77    7.88
-196718.838    65.307    -0.03    7.74
-196348.372    65.550     0.65    7.94
-195977.848    67.699     5.80    8.85
-195607.266    71.098     9.17    8.36
-195236.627    73.057     5.28    6.38
-194865.931    74.358     3.51    3.43
-194495.177    73.029    -3.58    2.98
-194124.365    70.673    -6.35    3.30
-193753.496    68.997    -4.52    4.42
-193382.569    68.443    -1.49    4.62
-193011.585    68.882     1.18    5.02
-192640.542    71.192     6.22    4.22
-192269.443    72.813     4.37    2.31
-191898.285    72.513    -0.81    2.07
-191527.070    71.837    -1.82    1.84
-191155.797    71.395    -1.19    1.10
-190784.466    71.743     0.94    1.06
-190413.077    72.338     1.60    1.01
-190041.631    73.057     1.93    1.00
-189670.127    73.845     2.12    1.19
-189298.564    74.520     1.82    1.02
-188926.944    75.112     1.59    0.96
-188555.266    75.674     1.51    0.96
-188183.530    76.226     1.49    1.14
-187811.735    76.632     1.09    1.03
-187439.883    76.660     0.07    1.18
-187067.973    76.368    -0.78    1.31
-186696.004    75.821    -1.47    1.26
-186323.978    75.385    -1.17    1.30
-185951.893    74.737    -1.74    1.35
-185579.750    74.276    -1.24    1.24
-185207.549    74.000    -0.74    1.19
-184835.289    74.024     0.06    1.16
-184462.971    74.079     0.15    1.16
-184090.595    74.070    -0.02    1.11
-183718.161    73.952    -0.32    0.99
-183345.668    73.865    -0.23    1.00
-182973.117    73.978     0.30    1.04
-182600.508    74.180     0.54    1.00
-182227.840    74.495     0.85    0.87
-181855.114    74.821     0.87    0.74
-181482.329    74.970     0.40    0.75
-181109.485    74.983     0.04    0.73
-180736.583    75.235     0.67    0.83
-180363.623    75.618     1.03    0.87
-179990.603    75.947     0.88    0.78
-179617.526    76.235     0.77    0.86
-179244.389    76.661     1.14    0.91
-178871.194    77.338     1.81    1.16
-178497.940    78.090     2.01    1.03
-178124.627    78.432     0.92    0.98
-177751.256    78.604     0.46    0.91
-177377.826    78.525    -0.21    0.95
-177004.337    78.647     0.33    1.04
-176630.789    78.943     0.79    1.04
-176257.182    79.083     0.38    1.07
-175883.516    79.267     0.49    1.16
-175509.791    79.317     0.13    1.14
-175136.007    79.564     0.66    1.18
-174762.165    80.085     1.39    1.14
-174388.263    80.418     0.89    1.21
-174014.302    80.821     1.08    1.12
-173640.282    81.159     0.90    1.02
-173266.203    81.365     0.55    0.95
-172892.065    81.294    -0.19    0.94
-172517.868    81.178    -0.31    0.89
-172143.611    80.929    -0.67    0.83
-171769.295    80.921    -0.02    0.80
-171394.920    80.952     0.08    0.89
-171020.486    81.224     0.73    1.12
-170645.992    81.424     0.53    1.17
-170271.439    81.818     1.05    1.15
-169896.827    82.104     0.76    1.02
-169522.155    81.925    -0.48    1.01
-169147.423    81.970     0.12    1.15
-168772.633    81.245    -1.94    1.54
-168397.782    80.495    -2.00    1.68
-168022.873    80.696     0.54    2.47
-167647.903    81.172     1.27    2.79
-167272.874    81.592     1.12    3.08
-166897.786    82.742     3.06    3.61
-166522.638    83.159     1.11    3.72
-166147.430    84.253     2.92    3.91
-165772.162    84.029    -0.60    3.97
-165396.835    82.810    -3.25    3.84
-165021.448    82.035    -2.06    3.77
-164646.001    82.713     1.81    4.00
-164270.494    83.548     2.22    4.06
-163894.928    84.392     2.25    3.59
-163519.302    84.861     1.25    3.39
-163143.615    84.658    -0.54    3.37
-162767.869    84.304    -0.94    3.05
-162392.063    84.835     1.41    3.04
-162016.197    85.098     0.70    2.87
-161640.271    85.912     2.16    2.78
-161264.285    85.285    -1.67    3.42
-160888.238    84.618    -1.77    4.21
-160512.132    83.767    -2.26    4.24
-160135.965    82.687    -2.87    3.61
-159759.739    82.952     0.70    3.50
-159383.452    84.043     2.90    2.67
-159007.105    85.514     3.91    3.95
-158630.697    87.659     5.70    5.18
-158254.229    91.184     9.36    6.36
-157877.701    95.285    10.89    5.07
-157501.113    97.485     5.84    4.72
-157124.464    99.216     4.59    3.84
-156747.755    99.411     0.52    2.90
-156370.986    99.307    -0.27    2.72
-155994.156    97.512    -4.77    3.16
-155617.265    94.253    -8.64    4.92
-155240.314    91.112    -8.33    5.35
-154863.303    87.855    -8.64    4.34
-154486.230    86.470    -3.67    4.02
-154109.098    86.221    -0.66    3.67
-153731.904    86.577     0.94    4.00
-153354.650    87.138     1.49    3.96
-152977.335    85.661    -3.91    4.30
-152599.960    85.552    -0.29    4.06
-152222.524    84.775    -2.06    3.48
-151845.027    84.794     0.05    3.00
-151467.469    85.235     1.17    2.64
-151089.850    85.821     1.55    2.76
-150712.170    85.889     0.18    3.22
-150334.430    84.965    -2.44    3.77
-149956.628    84.498    -1.24    4.12
-149578.766    84.192    -0.81    4.08
-149200.842    84.229     0.10    3.50
-148822.858    84.427     0.52    3.28
-148444.812    83.750    -1.79    3.25
-148066.706    83.410    -0.90    2.89
-147688.538    82.151    -3.33    3.26
-147310.309    81.280    -2.30    3.29
-146932.019    79.411    -4.94    4.61
-146553.668    77.105    -6.09    5.51
-146175.255    76.039    -2.82    5.52
-145796.782    75.085    -2.52    5.09
-145418.246    76.125     2.75    5.86
-145039.650    79.210     8.15    6.15
-144660.992    82.510     8.71    3.59
-144282.273    84.138     4.30    2.48
-143903.492    85.343     3.18    2.58
-143524.650    86.365     2.70    2.90
-143145.747    87.604     3.27    2.46
-142766.782    87.672     0.18    2.29
-142387.755    88.405     1.93    2.57
-142008.667    89.186     2.06    2.39
-141629.517    88.845    -0.90    2.70
-141250.306    88.226    -1.63    3.23
-140871.033    86.199    -5.34    3.47
-140491.698    84.186    -5.31    3.41
-140112.301    82.538    -4.34    3.41
-139732.843    80.097    -6.43    3.59
-139361.379    79.272    -2.22    3.36
-138993.758    79.674     1.09    3.20
-138626.080    80.816     3.11    3.24
-138258.344    82.202     3.77    2.33
-137890.550    82.259     0.16    2.43
-137522.699    81.479    -2.12    2.51
-137154.790    80.177    -3.54    2.79
-136786.823    78.294    -5.12    3.21
-136418.799    75.925    -6.44    3.29
-136050.717    73.632    -6.23    3.56
-135682.577    69.698   -10.68    5.93
-135314.379    65.729   -10.78    6.53
-134946.123    61.872   -10.47    5.49
-134577.810    60.918    -2.59    4.21
-134209.439    63.794     7.81    6.00
-133841.009    66.928     8.51    5.75
-133472.522    69.005     5.64    4.74
-133103.977    69.266     0.71    4.80
-132735.374    67.064    -5.97    5.61
-132366.713    65.466    -4.34    5.55
-131997.993    65.538     0.20    5.67
-131629.216    67.358     4.93    6.46
-131260.380    71.045    10.00    5.12
-130891.487    73.742     7.31    3.26
-130522.535    75.462     4.66    3.20
-130153.525    77.166     4.62    3.00
-129784.457    78.359     3.23    2.98
-129415.330    78.889     1.44    3.10
-129046.146    78.423    -1.26    3.43
-128676.902    77.317    -3.00    3.58
-128307.601    75.800    -4.11    4.09
-127938.241    73.892    -5.16    5.88
-127568.823    71.752    -5.79    7.77
-127199.346    68.564    -8.63    8.20
-126829.811    68.632     0.18    7.78
-126460.218    70.591     5.30    8.47
-126090.566    74.902    11.66    8.73
-125720.855    79.914    13.56    5.24
-125351.086    82.925     8.14    3.96
-124981.258    84.520     4.31    3.03
-124611.372    85.645     3.04    2.49
-124241.426    86.379     1.98    2.21
-123871.423    86.352    -0.07    2.09
-123501.360    86.271    -0.22    2.22
-123131.239    86.205    -0.18    2.35
-122761.059    85.365    -2.27    2.77
-122390.820    83.748    -4.37    3.29
-122020.523    82.271    -3.99    3.32
-121650.166    82.036    -0.63    3.70
-121279.751    82.202     0.45    4.27
-120909.277    83.099     2.42    4.29
-120538.743    83.716     1.66    3.94
-120168.151    84.684     2.61    3.11
-119797.500    84.933     0.67    2.33
-119426.790    85.105     0.47    2.10
-119056.021    84.318    -2.12    3.06
-118685.192    82.498    -4.91    4.07
-118314.305    80.818    -4.53    5.48
-117943.358    79.645    -3.16    8.14
-117572.353    77.290    -6.35    9.76
-117201.288    76.045    -3.35    9.71
-116830.164    74.463    -4.26    8.48
-116458.980    72.872    -4.29    6.52
-116087.737    73.916     2.81    5.68
-115716.435    74.171     0.69    5.45
-115345.074    73.906    -0.71    6.10
-114973.653    70.964    -7.92    7.32
-114602.173    66.728   -11.40    6.96
-114230.634    64.709    -5.43    5.25
-113859.035    65.091     1.03    5.06
-113487.376    67.067     5.32    5.05
-113115.658    69.553     6.69    3.47
-112743.880    70.105     1.49    3.73
-112372.043    70.298     0.52    3.94
-112000.147    69.803    -1.33    3.64
-111628.190    67.472    -6.27    5.18
-111256.174    64.298    -8.53    6.59
-110884.098    59.672   -12.43    6.46
-110511.963    55.832   -10.32    5.73
-110139.768    52.053   -10.15    5.47
-109767.513    49.092    -7.95    4.52
-109395.198    46.724    -6.36    2.52
-109022.823    45.421    -3.50    1.73
-108650.389    44.696    -1.95    1.34
-108277.894    44.686    -0.03    1.33
-107905.340    45.475     2.12    1.64
-107532.726    46.226     2.02    1.18
-107160.051    46.242     0.04    1.11
-106787.317    45.974    -0.72    1.16
-106414.523    45.709    -0.71    1.13
-106041.668    45.780     0.19    1.38
-105668.754    46.872     2.93    1.73
-105295.779    47.548     1.81    1.53
-104922.744    48.592     2.80    2.49
-104549.649    50.390     4.82    3.44
-104176.494    54.672    11.47    6.75
-103803.279    59.861    13.90    6.88
-103430.003    63.895    10.80    6.85
-103056.667    66.783     7.74    5.07
-102683.270    66.712    -0.19    4.34
-102309.814    65.767    -2.53    3.56
-101936.297    65.080    -1.84    2.48
-101562.719    64.591    -1.31    2.07
-101189.081    64.216    -1.01    2.42
-100815.382    63.172    -2.79    2.86
-100441.623    60.605    -6.87    5.17
-100067.804    55.698   -13.13    8.41
 -99693.923    50.224   -14.64    8.67
 -99319.983    45.395   -12.91    6.91
 -98945.981    42.487    -7.77    4.88
 -98571.919    40.832    -4.42    4.57
 -98197.796    40.805    -0.07    4.24
 -97823.613    41.824     2.72    3.58
 -97449.368    42.970     3.06    3.21
 -97075.063    45.392     6.47    3.88
 -96700.697    48.943     9.48    4.53
 -96326.270    54.298    14.30    7.12
 -95951.783    59.716    14.46    7.13
 -95577.234    64.074    11.64    5.33
 -95202.625    67.285     8.57    2.34
 -94827.954    67.947     1.77    2.08
 -94453.223    67.896    -0.14    2.30
 -94078.430    67.259    -1.70    2.56
 -93703.577    66.307    -2.54    2.81
 -93328.662    64.164    -5.72    4.64
 -92953.686    60.632    -9.42    5.41
 -92578.649    58.018    -6.97    4.25
 -92203.551    56.338    -4.48    2.47
 -91828.392    55.192    -3.06    3.05
 -91453.171    54.268    -2.46    4.27
 -91077.889    52.566    -4.53    4.93
 -90702.546    49.881    -7.15    4.56
 -90327.142    48.338    -4.11    3.25
 -89951.676    48.323    -0.04    2.54
 -89576.149    48.769     1.19    2.22
 -89200.560    51.018     5.99    3.33
 -88824.910    53.341     6.18    2.75
 -88449.198    55.390     5.46    2.70
 -88073.425    57.285     5.04    1.93
 -87697.590    58.710     3.79    2.07
 -87321.694    60.221     4.02    2.45
 -86945.736    60.992     2.05    2.70
 -86569.717    60.997     0.01    3.10
 -86193.635    61.194     0.52    2.73
 -85817.493    61.645     1.20    2.48
 -85441.288    63.460     4.82    3.99
 -85065.021    66.566     8.25    4.72
 -84688.693    69.552     7.93    3.78
 -84312.303    71.904     6.25    1.86
 -83935.851    72.725     2.18    0.88
 -83559.338    73.208     1.28    0.89
 -83182.762    73.767     1.48    1.08
 -82806.124    74.195     1.14    1.16
 -82429.425    74.563     0.98    1.43
 -82052.663    73.289    -3.38    2.66
 -81675.839    72.577    -1.89    2.85
 -81298.954    72.289    -0.76    2.58
 -80922.006    71.510    -2.07    1.92
 -80544.996    71.481    -0.08    1.61
 -80167.924    70.778    -1.86    1.95
 -79790.789    69.237    -4.09    2.44
 -79413.593    68.151    -2.88    2.04
 -79036.334    67.258    -2.37    1.72
 -78659.013    67.285     0.07    1.97
 -78281.629    68.307     2.71    2.72
 -77904.183    69.833     4.04    3.05
 -77526.675    70.916     2.87    2.41
 -77149.104    70.592    -0.86    2.11
 -76771.471    68.674    -5.08    2.75
 -76393.776    65.697    -7.88    3.58
 -76016.018    63.057    -6.99    3.01
 -75638.197    62.072    -2.61    2.60
 -75260.314    62.352     0.74    2.53
 -74882.368    63.553     3.18    1.97
 -74504.360    64.066     1.36    1.46
 -74126.288    63.982    -0.22    1.13
 -73748.155    65.073     2.88    2.81
 -73369.958    66.474     3.70    3.28
 -72991.699    68.720     5.94    3.19
 -72613.377    70.618     5.02    2.19
 -72234.992    71.770     3.04    2.11
 -71856.544    72.549     2.06    1.62
 -71478.033    72.881     0.88    1.20
 -71099.460    72.965     0.22    1.29
 -70720.823    72.938    -0.07    1.49
 -70342.123    72.285    -1.73    2.00
 -69963.361    70.631    -4.37    4.34
 -69584.535    66.566   -10.73    6.20
 -69205.647    62.436   -10.90    6.48
 -68826.695    58.541   -10.28    4.59
 -68447.680    56.778    -4.65    3.06
 -68068.602    55.947    -2.19    1.99
 -67689.460    55.507    -1.16    2.59
 -67310.256    52.631    -7.58    4.48
 -66930.988    48.702   -10.36    5.80
 -66551.657    44.349   -11.47    6.22
 -66172.262    41.005    -8.81    3.84
 -65792.804    40.684    -0.85    3.07
 -65413.283    43.216     6.67    4.82
 -65033.698    46.151     7.73    4.60
 -64659.240    48.868     7.26    2.98
 -64291.801    49.618     2.04    2.91
 -63924.302    48.709    -2.47    3.16
 -63556.745    47.885    -2.24    2.52
 -63189.129    47.005    -2.39    2.99
 -62821.453    45.658    -3.66    4.23
 -62453.718    44.192    -3.99    4.42
 -62085.925    42.750    -3.92    4.35
 -61718.072    40.671    -5.65    4.61
 -61350.160    39.447    -3.33    4.43
 -60982.188    39.487     0.11    4.41
 -60614.158    41.105     4.40    5.03
 -60246.068    43.803     7.33    5.39
 -59877.918    46.500     7.33    4.75
 -59509.710    48.526     5.50    4.25
 -59141.442    48.721     0.53    3.54
 -58773.115    48.579    -0.39    2.42
 -58404.728    49.074     1.34    2.09
 -58036.282    48.925    -0.40    3.12
 -57667.776    47.849    -2.92    4.39
 -57299.210    46.485    -3.70    5.18
 -56930.586    45.904    -1.58    5.14
 -56561.901    45.145    -2.06    4.09
 -56193.157    45.312     0.45    2.00
 -55824.353    44.152    -3.15    2.36
 -55455.490    43.392    -2.06    2.54
 -55086.567    42.276    -3.02    2.52
 -54717.584    40.311    -5.33    3.54
 -54348.542    36.780    -9.57    5.71
 -53979.439    33.833    -7.98    6.16
 -53610.277    30.821    -8.16    5.09
 -53241.055    29.112    -4.63    3.14
 -52871.773    29.564     1.22    2.47
 -52502.432    31.960     6.49    3.95
 -52133.030    35.245     8.89    4.23
 -51763.568    38.250     8.13    3.63
 -51394.047    41.521     8.85    3.10
 -51024.465    43.763     6.07    2.52
 -50654.823    45.552     4.84    2.09
 -50285.121    46.514     2.60    1.37
 -49915.359    45.943    -1.55    2.07
 -49545.537    43.331    -7.06    4.96
 -49175.655    40.537    -7.55    5.52
 -48805.713    39.087    -3.92    4.93
 -48435.710    38.753    -0.90    4.58
 -48065.647    40.487     4.68    5.28
 -47695.524    43.325     7.67    6.95
 -47325.340    46.118     7.55    8.15
 -46955.096    49.037     7.88    8.24
 -46584.792    50.858     4.92    6.84
 -46214.427    52.338     4.00    6.05
 -45844.002    56.157    10.31    6.09
 -45473.516    60.497    11.71    5.35
 -45102.970    64.543    10.92    5.40
 -44732.363    67.389     7.68    5.62
 -44361.696    68.811     3.84    5.62
 -43990.968    67.872    -2.53    6.24
 -43620.180    65.216    -7.16    5.95
 -43249.331    63.112    -5.67    4.75
 -42878.421    63.498     1.04    7.02
 -42507.450    67.118     9.76    9.34
 -42136.419    73.475    17.13   11.28
 -41765.327    76.592     8.40    9.76
 -41394.174    76.311    -0.76   10.12
 -41022.961    74.487    -4.91   11.11
 -40651.686    70.285   -11.32    9.82
 -40280.351    67.381    -7.82    9.09
 -39908.954    66.943    -1.18    9.57
 -39537.497    68.060     3.01    9.41
 -39165.978    68.921     2.32   10.45
 -38794.399    73.216    11.56   10.79
 -38422.759    77.826    12.41    9.66
 -38051.057    79.372     4.16   10.35
 -37679.295    78.644    -1.96   11.09
 -37307.471    76.085    -6.88   12.15
 -36935.586    73.938    -5.77   10.80
 -36563.640    73.579    -0.97    8.88
 -36191.633    73.632     0.14    7.51
 -35819.564    69.904   -10.02   10.39
 -35447.434    64.813   -13.68   13.74
 -35075.243    57.865   -18.67   12.88
 -34702.991    53.372   -12.07   10.02
 -34330.677    51.066    -6.19    8.54
 -33958.301    52.605     4.13    8.56
 -33585.864    54.682     5.58    8.60
 -33213.366    52.921    -4.73   10.56
 -32840.806    48.011   -13.18   11.76
 -32468.185    44.138   -10.39   10.94
 -32095.502    43.087    -2.82    9.98
 -31722.758    46.402     8.89   10.75
 -31349.952    53.013    17.73    9.47
 -30977.084    57.443    11.88    6.54
 -30604.154    59.787     6.29    5.43
 -30231.163    61.947     5.79    4.84
 -29858.110    63.974     5.43    5.44
 -29484.995    63.537    -1.17    7.28
 -29111.819    60.893    -7.08    9.52
 -28738.580    58.146    -7.36    9.89
 -28365.280    57.796    -0.94    9.58
 -27991.918    57.618    -0.47    9.57
 -27618.494    60.657     8.14    8.04
 -27245.008    62.537     5.03    7.66
 -26871.459    63.735     3.21    7.52
 -26497.849    66.421     7.19    7.62
 -26124.177    65.540    -2.36    9.22
 -25750.443    62.512    -8.10   11.10
 -25376.646    57.099   -14.48   11.77
 -25002.788    49.421   -20.54   12.13
 -24628.867    45.289   -11.05   12.70
 -24254.884    39.697   -14.95   10.50
 -23880.838    37.255    -6.53    8.69
 -23506.731    32.631   -12.36    6.68
 -23132.561    29.298    -8.91    6.85
 -22758.329    24.099   -13.89    7.66
 -22384.034    20.657    -9.19    5.75
 -22009.677    20.307    -0.94    4.55
 -21635.257    21.447     3.05    4.62
 -21260.775    23.682     5.97    3.64
 -20886.231    24.925     3.32    2.71
 -20511.624    26.302     3.68    2.30
 -20136.954    27.632     3.55    3.02
 -19762.222    29.605     5.27    3.79
 -19387.427    30.799     3.18    3.85
 -19012.570    30.151    -1.73    4.74
 -18637.649    25.892   -11.36    8.35
 -18262.666    20.939   -13.21    9.17
 -17887.621    17.646    -8.78    7.65
 -17512.512    20.318     7.12    8.37
 -17137.341    25.178    12.95    7.11
 -16762.107    29.542    11.63    3.44
 -16386.810    31.218     4.47    2.07
 -16011.450    30.943    -0.73    3.38
 -15636.027    30.501    -1.18    5.25
 -15260.541    31.826     3.53    6.11
 -14884.992    33.849     5.39    5.31
 -14509.380    34.398     1.46    4.90
 -14133.705    32.346    -5.46    6.57
 -13757.966    30.237    -5.61    6.34
 -13382.165    27.213    -8.05    4.38
 -13006.300    26.645    -1.51    3.66
 -12630.373    27.080     1.16    3.29
 -12254.382    28.213     3.01    2.76
 -11878.327    29.839     4.32    3.34
 -11502.210    31.194     3.60    4.35
 -11126.029    31.460     0.71    4.64
 -10749.785    31.307    -0.41    5.31
 -10373.477    28.181    -8.31    5.00
  -9997.106    27.037    -3.04    4.28
  -9620.671    29.758     7.23    6.30
  -9244.173    33.338     9.51    6.23
  -8867.611    34.618     3.40    5.34
  -8490.986    25.990   -22.91   13.17
  -8114.297    16.504   -25.18   14.81
  -7737.545     8.695   -20.73   11.45
  -7360.729     4.216   -11.89    5.54
  -6983.849     3.277    -2.49    3.19
  -6606.905     3.670     1.04    2.93
  -6229.898     3.918     0.66    2.77
  -5852.827     3.497    -1.12    2.78
  -5475.692     4.452     2.53    5.98
  -5098.493     5.522     2.84    8.88
  -4721.230     4.774    -1.98    9.04
  -4343.904     3.276    -3.97    7.25
  -3966.513     1.891    -3.67    2.08
  -3589.059     1.821    -0.19    1.64
  -3211.540     2.231     1.09    1.62
  -2833.957     3.026     2.11    1.63
  -2456.311     2.579    -1.18    2.02
  -2078.600     2.221    -0.95    2.02
  -1700.825     1.530    -1.83    1.78
  -1322.985     0.593    -2.48    1.33
   -945.082     0.125    -1.24    0.97
   -567.114    -0.305    -1.14    0.35
   -189.082    -0.302     0.01    0.49
    189.014     0.831     3.00    3.07
    567.175     3.632     7.41    5.74
    945.400     7.168     9.35    6.36
   1323.689    10.889     9.83    4.85
   1702.043    13.447     6.76    3.28
   2080.462    14.203     2.00    3.73
   2458.945    14.436     0.62    3.14
   2837.492    14.553     0.31    2.77
   3216.104    13.501    -2.78    2.71
   3594.781    12.175    -3.50    2.28
   3973.522    10.696    -3.91    2.69
   4352.328     9.049    -4.35    2.64
   4731.199     8.352    -1.84    2.21
   5110.135     9.462     2.93    3.44
   5489.135    10.456     2.62    3.14
   5868.200    10.829     0.98    2.77
   6247.330    10.659    -0.45    2.88
   6626.525     8.821    -4.85    2.40
   7005.785     8.003    -2.16    1.91
   7385.110     8.618     1.62    2.56
   7764.500     9.657     2.74    3.01
   8143.954    10.516     2.26    2.72
   8523.474    11.759     3.28    2.22
   8903.059    12.259     1.32    2.42
   9282.709    12.029    -0.61    2.55
   9662.425    11.845    -0.48    2.62
  10040.142    11.231    -1.63    2.42
  10407.393    10.535    -1.89    2.09
  10774.703     9.731    -2.19    2.10
  11142.075     9.205    -1.43    2.07
  11509.507     8.605    -1.63    2.34
  11876.999     7.593    -2.76    2.49
  12244.552     6.346    -3.39    1.88
  12612.166     6.053    -0.80    1.85
  12979.840     6.289     0.64    1.98
  13347.575     7.131     2.29    2.14
  13715.371     8.112     2.67    2.03
  14083.227     8.816     1.91    1.92
  14451.144     9.346     1.44    1.80
  14819.122     9.087    -0.70    2.11
  15187.161     9.023    -0.17    2.10
  15555.261     8.631    -1.07    2.28
  15923.422     8.151    -1.30    2.40
  16291.643     7.724    -1.16    2.67
  16659.926     7.145    -1.57    2.74
  17028.269     5.836    -3.55    2.39
  17396.674     6.541     1.91    3.09
  17765.139     9.003     6.68    6.09
  18133.666    13.479    12.15    7.30
  18502.254    16.593     8.45    6.22
  18870.903    19.255     7.22    3.32
  19239.613    19.466     0.57    2.49
  19608.384    18.579    -2.41    2.04
  19977.216    17.517    -2.88    2.49
  20346.110    16.724    -2.15    2.71
  20715.065    17.813     2.95    3.66
  21084.082    19.272     3.95    4.12
  21453.159    21.375     5.70    3.73
  21822.299    21.631     0.70    3.73
  22191.499    19.682    -5.28    4.79
  22560.761    16.436    -8.79    5.39
  22930.085    14.406    -5.50    4.44
  23299.470    13.485    -2.49    4.38
  23668.916    14.759     3.45    4.94
  24038.424    16.977     6.00    5.00
  24407.994    18.516     4.16    4.95
  24777.625    19.072     1.50    6.46
  25147.319    19.669     1.62    8.15
  25517.073    19.538    -0.35    8.85
  25886.890    19.193    -0.93    7.79
  26256.768    19.237     0.12    5.90
  26626.708    19.157    -0.22    5.03
  26996.710    17.079    -5.62    7.03
  27366.774    13.400    -9.94    7.57
  27736.899     9.138   -11.52    4.34
  28107.087     6.843    -6.20    2.56
  28477.336     6.832    -0.03    2.70
  28847.648     6.731    -0.27    3.03
  29218.021     6.553    -0.48    3.33
  29588.457     6.811     0.70    3.43
  29958.954     7.047     0.64    3.00
  30329.514     7.375     0.88    3.17
  30700.136     8.010     1.71    2.99
  31070.820     9.581     4.24    5.14
  31441.566    13.565    10.75    7.71
  31812.375    19.043    14.77    9.09
  32183.245    24.987    16.03    7.62
  32554.178    27.182     5.92    5.32
  32925.174    27.034    -0.40    4.07
  33296.231    26.964    -0.19    3.76
  33667.351    26.738    -0.61    4.09
  34038.534    26.843     0.28    4.25
  34409.779    26.184    -1.78    4.41
  34781.086    24.656    -4.12    4.09
  35152.456    23.005    -4.45    3.65
  35523.889    22.011    -2.68    3.62
  35895.384    20.909    -2.96    3.50
  36266.942    20.213    -1.87    3.09
  36638.562    20.434     0.59    2.99
  37010.245    21.618     3.19    3.09
  37381.991    24.053     6.55    5.02
  37753.800    30.125    16.33    8.94
  38125.671    35.487    14.42    7.86
  38497.605    36.403     2.46    6.50
  38869.602    37.213     2.18    5.72
  39241.662    36.503    -1.91    4.93
  39613.785    35.934    -1.53    3.39
  39985.970    36.056     0.33    3.12
  40358.219    35.073    -2.64    3.63
  40730.531    33.175    -5.10    4.30
  41102.905    31.170    -5.39    3.41
  41475.343    29.656    -4.06    3.31
  41847.844    27.981    -4.50    3.52
  42220.408    27.021    -2.58    3.41
  42593.035    26.862    -0.43    3.01
  42965.725    27.289     1.15    2.96
  43338.479    28.164     2.35    3.11
  43711.296    28.349     0.50    2.68
  44084.176    27.531    -2.19    2.43
  44457.119    26.431    -2.95    3.14
  44830.126    25.529    -2.42    3.33
  45203.196    25.969     1.18    3.92
  45576.330    26.998     2.76    3.61
  45949.527    27.735     1.98    3.30
  46322.788    27.099    -1.70    3.54
  46696.112    25.182    -5.13    3.33
  47069.499    24.378    -2.15    4.14
  47442.951    24.977     1.61    5.15
  47816.466    28.428     9.24    7.78
  48190.044    32.898    11.97    8.44
  48563.686    37.143    11.36    5.83
  48937.392    40.118     7.96    2.86
  49311.162    40.768     1.74    2.41
  49684.995    39.342    -3.82    2.83
  50058.893    37.170    -5.81    3.66
  50432.854    36.024    -3.06    3.88
  50806.879    33.856    -5.80    3.74
  51180.968    33.493    -0.97    4.68
  51555.121    34.043     1.47    5.29
  51929.337    35.524     3.96    5.97
  52303.618    38.365     7.59    5.74
  52677.963    40.294     5.15    5.29
  53052.372    42.285     5.32    3.49
  53426.845    43.145     2.30    2.45
  53801.383    42.731    -1.10    2.31
  54175.984    42.307    -1.13    1.84
  54550.650    42.239    -0.18    1.98
  54925.380    41.990    -0.66    1.80
  55300.174    42.318     0.88    1.89
  55675.032    43.049     1.95    2.66
  56049.955    44.029     2.61    3.56
  56424.942    45.987     5.22    4.05
  56799.994    47.527     4.11    4.33
  57175.110    48.336     2.16    3.66
  57550.291    47.859    -1.27    3.90
  57925.536    46.706    -3.07    3.60
  58300.846    45.041    -4.44    3.19
  58676.220    43.315    -4.60    2.60
  59051.659    41.776    -4.10    2.62
  59427.162    39.956    -4.85    2.68
  59802.730    38.658    -3.45    2.30
  60178.363    37.504    -3.07    1.78
  60554.061    37.085    -1.12    1.70
  60929.823    36.606    -1.27    1.55
  61305.651    36.118    -1.30    1.71
  61681.543    35.518    -1.60    2.27
  62057.500    34.672    -2.25    2.08
  62433.522    34.669    -0.01    3.24
  62809.608    40.529    15.58   12.03
  63185.760    48.843    22.11   15.05
  63561.977    56.708    20.91   12.07
  63938.259    60.530    10.16    8.23
  64314.606    55.526   -13.30   12.39
  64691.018    49.298   -16.55   12.96
  65067.496    43.426   -15.60   11.56
  65444.038    39.818    -9.58    9.44
  65820.646    36.443    -8.96    5.46
  66197.319    34.411    -5.40    1.65
  66574.057    33.818    -1.57    1.50
  66950.861    33.908     0.24    1.76
  67327.730    34.593     1.82    2.35
  67704.664    35.199     1.61    2.70
  68081.664    34.047    -3.06    3.79
  68458.729    32.974    -2.85    4.71
  68835.860    30.568    -6.38    3.96
  69213.056    29.240    -3.52    2.72
  69590.318    28.768    -1.25    2.52
  69967.645    28.514    -0.67    2.46
  70345.038    27.289    -3.25    2.80
  70722.497    25.985    -3.45    2.16
  71100.022    25.068    -2.43    2.53
  71477.612    24.441    -1.66    2.48
  71855.268    24.411    -0.08    2.44
  72232.990    24.985     1.52    2.29
  72610.777    24.939    -0.12    2.41
  72988.631    25.568     1.66    2.50
  73366.550    25.644     0.20    2.66
  73744.536    25.881     0.63    2.83
  74122.587    25.078    -2.12    3.21
  74500.704    24.289    -2.09    3.26
  74878.888    23.740    -1.45    2.79
  75257.137    24.865     2.98    3.35
  75635.453    26.336     3.89    2.80
  76013.835    27.758     3.76    2.49
  76392.283    29.164     3.72    1.67
  76770.797    29.340     0.47    1.79
  77149.378    28.171    -3.09    3.12
  77528.024    27.036    -3.00    3.76
  77906.737    26.118    -2.42    3.99
  78285.517    26.264     0.38    3.94
  78664.363    27.081     2.16    3.88
  79043.275    28.092     2.67    3.42
  79422.254    29.356     3.34    2.75
  79801.299    30.064     1.87    3.00
  80180.411    30.347     0.75    3.85
  80559.590    31.539     3.15    4.28
  80938.835    31.720     0.48    4.11
  81318.146    32.268     1.45    3.75
  81697.525    33.831     4.12    3.65
  82076.970    35.683     4.88    4.10
  82456.482    36.960     3.36    3.85
  82836.060    37.356     1.04    3.69
  83215.706    37.188    -0.44    3.84
  83595.418    35.643    -4.07    3.59
  83975.197    35.131    -1.35    3.69
  84355.043    34.756    -0.99    3.75
  84734.956    34.672    -0.22    3.51
  85103.361    33.779    -2.43    3.32
  85470.480    32.908    -2.37    2.63
  85837.661    32.731    -0.48    2.06
  86204.904    33.342     1.66    1.80
  86572.209    33.806     1.26    2.08
  86939.576    34.657     2.32    1.62
  87307.005    35.481     2.24    2.43
  87674.497    36.454     2.65    2.80
  88042.050    37.443     2.69    2.86
  88409.666    38.580     3.09    2.86
  88777.344    39.935     3.68    2.45
  89145.085    40.503     1.55    2.20
  89512.888    41.011     1.38    2.05
  89880.753    41.456     1.21    1.91
  90248.680    42.532     2.92    1.50
  90616.670    42.931     1.08    1.72
  90984.722    43.439     1.38    1.41
  91352.837    43.618     0.49    1.57
  91721.014    43.378    -0.65    2.01
  92089.254    43.268    -0.30    2.48
  92457.557    43.352     0.23    2.39
  92825.922    43.431     0.21    2.21
  93194.350    43.878     1.21    2.01
  93562.840    44.431     1.50    2.04
  93931.393    44.930     1.35    2.31
  94300.009    46.347     3.84    2.29
  94668.688    47.164     2.22    2.04
  95037.429    47.431     0.72    1.88
  95406.233    47.497     0.18    2.04
  95775.101    47.393    -0.28    2.34
  96144.031    47.510     0.32    2.30
  96513.024    48.026     1.40    2.05
  96882.080    48.131     0.29    1.98
  97251.199    48.236     0.28    1.56
  97620.381    48.362     0.34    1.55
  97989.626    49.433     2.90    2.45
  98358.934    50.402     2.62    2.28
  98728.305    51.396     2.69    2.33
  99097.740    52.000     1.63    2.10
  99467.237    52.256     0.69    1.92
  99836.798    52.713     1.24    2.06
 100206.422    53.318     1.64    2.27
 100576.110    53.683     0.99    2.25
 100945.861    54.704     2.76    2.01
 101315.675    55.182     1.29    2.20
 101685.552    56.742     4.22    2.45
 102055.493    57.921     3.19    2.18
 102425.498    59.043     3.03    1.64
 102795.566    59.774     1.98    1.38
 103165.697    60.343     1.54    1.81
 103535.892    61.150     2.18    2.14
 103906.151    61.729     1.57    1.88
 104276.473    61.527    -0.55    2.07
 104646.859    61.418    -0.29    1.87
 105017.308    61.195    -0.60    1.69
 105387.822    61.968     2.09    2.77
 105758.399    62.770     2.16    2.79
 106129.040    63.717     2.55    2.75
 106499.744    64.340     1.68    2.40
 106870.513    64.931     1.59    1.81
 107241.345    64.871    -0.16    1.80
 107612.241    64.706    -0.45    1.47
 107983.202    64.289    -1.12    1.64
 108354.226    64.841     1.49    2.25
 108725.314    65.580     1.99    2.99
 109096.467    66.381     2.16    2.96
 109467.683    66.504     0.33    2.37
 109838.964    66.013    -1.32    2.13
 110210.308    64.796    -3.28    2.03
 110581.717    63.433    -3.67    2.05
 110953.190    62.593    -2.26    1.85
 111324.728    62.143    -1.21    1.76
 111696.330    62.112    -0.08    2.06
 112067.996    62.826     1.92    2.21
 112439.726    63.796     2.61    2.23
 112811.521    64.256     1.24    2.17
 113183.380    63.973    -0.76    1.78
 113555.304    64.418     1.20    1.90
 113927.292    64.935     1.39    1.68
 114299.344    64.826    -0.29    1.41
 114671.462    63.985    -2.26    2.13
 115043.643    61.456    -6.80    5.63
 115415.890    59.112    -6.30    7.35
 115788.201    59.093    -0.05    6.18
 116160.577    60.670     4.23    4.73
 116533.017    61.667     2.68    4.12
 116905.522    61.137    -1.42    4.22
 117278.093    60.421    -1.92    4.52
 117650.727    60.053    -0.99    4.43
 118023.427    59.631    -1.13    4.08
 118396.192    59.926     0.79    3.98
 118769.022    59.964     0.10    3.81
 119141.916    58.909    -2.83    3.04
 119514.876    57.056    -4.97    4.33
 119887.900    56.151    -2.43    4.50
 120260.990    55.801    -0.94    3.93
 120634.145    55.527    -0.73    3.53
 121007.365    55.431    -0.26    3.25
 121380.650    54.485    -2.53    3.62
 121754.000    52.581    -5.10    3.82
 122127.416    51.672    -2.44    3.50
 122500.897    52.100     1.15    4.12
 122874.443    51.336    -2.04    4.92
 123248.054    50.668    -1.79    5.19
 123621.731    50.713     0.12    4.81
 123995.473    52.680     5.26    5.74
 124369.281    55.862     8.51    5.91
 124743.154    58.322     6.58    4.18
 125117.093    58.307    -0.04    4.15
 125491.097    56.009    -6.15    4.45
 125865.167    54.592    -3.79    4.91
 126239.303    53.531    -2.84    5.13
 126613.504    52.644    -2.37    4.56
 126987.771    52.545    -0.26    4.76
 127362.103    52.618     0.20    4.12
 127736.501    53.026     1.09    3.26
 128110.966    53.554     1.41    3.51
 128485.496    54.199     1.72    4.20
 128860.091    54.768     1.52    5.28
 129234.753    56.902     5.70    6.39
 129609.481    60.293     9.05    7.89
 129984.274    63.770     9.28    7.50
 130359.134    65.311     4.11    6.56
 130734.060    62.915    -6.39    8.89
 131109.051    56.927   -15.97   10.19
 131484.109    50.618   -16.82    8.78
 131859.233    45.347   -14.05    5.45
 132234.423    45.388     0.11    5.41
 132609.680    48.964     9.53    7.17
 132985.002    52.492     9.40    6.60
 133360.391    55.704     8.56    4.90
 133735.847    57.018     3.50    4.85
 134111.368    57.706     1.83    5.52
 134486.956    58.605     2.40    5.21
 134862.611    57.199    -3.75    6.13
 135238.331    53.487    -9.88    8.54
 135614.119    47.766   -15.22    8.38
 135989.973    43.316   -11.84    5.35
 136365.893    40.902    -6.42    1.00
 136741.880    40.631    -0.72    0.11
 137117.934    40.655     0.06    0.25
 137494.054    40.618    -0.10    0.00
 137870.242    40.655     0.10    0.25
 138246.495    41.008     0.94    1.49
 138622.816    42.507     3.98    3.74
 138999.203    47.479    13.21    8.59
 139375.658    53.972    17.25    9.87
 139752.179    59.893    15.73    7.47
 140128.767    64.365    11.88    4.40
 140505.422    67.243     7.64    4.16
 140882.144    69.228     5.27    3.02
 141258.933    69.915     1.82    2.63
 141635.790    69.236    -1.80    3.65
 142012.713    68.468    -2.04    3.70
 142389.703    68.234    -0.62    4.04
 142766.761    69.408     3.12    3.88
 143143.886    70.722     3.48    3.70
 143521.078    70.211    -1.36    3.84
 143898.337    70.298     0.23    3.43
 144275.664    71.143     2.24    3.43
 144653.058    71.145     0.01    2.57
 145030.519    71.716     1.51    3.82
 145408.048    72.080     0.96    4.76
 145785.644    71.989    -0.24    5.06
 146163.308    71.479    -1.35    5.74
 146541.040    70.791    -1.82    4.90
 146918.839    70.756    -0.09    4.56
 147296.705    71.606     2.25    4.18
 147674.639    72.322     1.89    3.09
 148052.641    71.378    -2.50    3.06
 148430.711    71.087    -0.77    3.09
 148808.848    72.231     3.02    2.73
 149187.053    72.859     1.66    2.29
 149565.326    71.989    -2.30    2.62
 149943.667    70.706    -3.39    2.90
 150322.076    69.032    -4.42    3.46
 150700.552    66.976    -5.43    3.67
 151079.097    65.747    -3.25    4.47
 151457.710    65.862     0.31    5.79
 151836.390    66.580     1.90    6.23
 152215.139    66.297    -0.75    5.79
 152593.956    65.542    -1.99    4.90
 152972.841    65.544     0.00    4.83
 153351.795    66.223     1.79    4.50
 153730.816    66.796     1.51    4.57
 154109.906    67.853     2.79    4.25
 154489.064    69.297     3.81    3.52
 154868.290    70.581     3.39    3.08
 155247.585    72.087     3.97    3.71
 155626.948    74.418     6.14    4.05
 156006.380    76.312     4.99    2.98
 156385.880    76.729     1.10    2.56
 156765.449    76.323    -1.07    3.56
 157145.086    71.082   -13.81    9.33
 157524.792    63.977   -18.71   11.04
 157904.567    56.766   -18.99    8.67
 158284.410    51.481   -13.92    1.98
 158664.322    52.421     2.47    4.44
 159044.303    56.960    11.95    8.52
 159424.352    63.973    18.46   11.01
 159796.256    68.594    12.43    9.80
 160163.176    67.460    -3.09   10.06
 160530.160    62.569   -13.33   10.98
 160897.207    56.421   -16.75    7.49
 161264.318    55.781    -1.74    6.60
 161631.493    61.680    16.07   10.94
 161998.731    66.378    12.79   11.88
 162366.033    66.233    -0.39   12.52
 162733.399    63.056    -8.65   12.89
 163100.828    58.056   -13.61   10.87
 163468.321    57.447    -1.66   10.68
 163835.878    62.557    13.90   15.41
 164203.499    66.952    11.96   15.86
 164571.184    71.038    11.12   13.56
 164938.933    75.947    13.35    9.26
 165306.746    77.130     3.22    7.48
 165674.623    78.708     4.29    7.20
 166042.564    80.353     4.47    7.72
 166410.569    80.831     1.30    6.53
 166778.638    80.306    -1.43    4.91
 167146.771    78.318    -5.40    4.97
 167514.969    76.100    -6.02    3.04
 167883.230    76.731     1.71    3.53
 168251.556    77.045     0.85    3.93
 168619.946    77.318     0.74    3.83
 168988.401    77.495     0.48    4.17
 169356.919    76.569    -2.51    4.28
 169725.503    75.606    -2.61    3.78
 170094.150    77.557     5.29    4.06
 170462.862    79.211     4.49    3.82
 170831.639    79.667     1.24    4.12
 171200.480    81.043     3.73    3.93
 171569.386    81.245     0.55    4.09
 171938.356    80.692    -1.50    4.62
 172307.391    78.594    -5.69    5.90
 172676.490    75.281    -8.98    5.72
 173045.654    72.995    -6.19    3.88
 173414.883    72.243    -2.04    3.10
 173784.177    73.100     2.32    3.21
 174153.535    74.118     2.76    2.86
 174522.959    73.416    -1.90    2.98
 174892.447    72.579    -2.26    2.60
 175262.000    72.326    -0.69    1.86
 175631.618    71.579    -2.02    2.54
 176001.301    69.691    -5.11    4.65
 176371.049    67.682    -5.43    4.88
 176740.862    66.233    -3.92    4.23
 177110.740    65.144    -2.94    3.03
 177480.683    64.510    -1.71    2.46
 177850.691    64.158    -0.95    3.01
 178220.764    64.118    -0.11    3.09
 178590.903    64.930     2.19    3.13
 178961.107    64.033    -2.42    3.12
 179331.376    63.336    -1.88    3.17
 179701.710    62.654    -1.84    3.04
 180072.110    62.151    -1.36    2.53
 180442.575    63.362     3.27    3.26
 180813.106    65.054     4.57    3.24
 181183.702    65.594     1.46    3.04
 181554.364    65.618     0.07    3.42
 181925.091    65.980     0.98    3.39
 182295.883    65.964    -0.04    3.37
 182666.741    66.779     2.20    3.01
 183037.665    66.692    -0.23    3.62
 183408.655    66.642    -0.14    3.88
 183779.710    66.556    -0.23    3.81
 184150.831    66.149    -1.10    3.40
 184522.017    65.557    -1.60    3.45
 184893.270    64.582    -2.63    3.11
 185264.588    63.390    -3.21    1.89
 185635.972    63.667     0.74    1.90
 186007.422    64.248     1.56    1.54
 186378.938    63.679    -1.53    1.89
 186750.520    63.193    -1.31    1.97
 187122.168    61.920    -3.43    2.20
 187493.882    61.310    -1.64    2.57
 187865.662    61.445     0.37    3.05
 188237.508    62.013     1.53    3.35
 188609.421    62.899     2.38    3.51
 188981.399    63.939     2.80    2.52
 189353.444    64.013     0.20    2.25
 189725.555    63.458    -1.49    2.24
 190097.732    63.301    -0.42    2.17
 190469.976    63.408     0.29    2.28
 190842.286    64.204     2.14    2.06
 191214.662    64.557     0.95    1.88
 191587.105    64.401    -0.42    2.41
 191959.614    64.026    -1.01    2.85
 192332.190    64.702     1.81    3.02
 192704.832    65.248     1.47    3.01
 193077.541    64.984    -0.71    3.33
 193450.317    64.816    -0.45    3.43
 193823.159    65.438     1.67    4.11
 194196.068    66.545     2.97    4.77
 194569.043    68.803     6.06    4.50
 194942.086    71.026     5.96    3.40
 195315.195    72.377     3.62    3.73
 195688.371    73.347     2.60    3.83
 196061.614    74.655     3.51    4.12
 196434.923    76.484     4.90    4.47
 196808.300    78.197     4.59    4.38
 197181.744    79.993     4.81    2.73
 197555.254    79.359    -1.70    2.88
 197928.832    77.137    -5.95    3.17
 198302.477    74.317    -7.55    3.56
 198676.189    72.264    -5.50    3.15
 199049.968    71.094    -3.13    2.25
 199423.814    70.118    -2.61    1.83
 199797.727    69.211    -2.43    2.61
 200171.708    68.213    -2.67    2.66
 200545.756    68.285     0.19    2.95
 200919.871    69.231     2.53    4.14
 201294.054    71.557     6.22    4.10
 201668.304    73.540     5.30    2.42
 202042.622    73.190    -0.94    2.64
 202417.007    72.298    -2.38    2.61
 202791.459    71.269    -2.75    2.00
 203165.979    70.982    -0.77    1.56
 203540.567    70.830    -0.41    2.11
 203915.222    70.605    -0.60    2.91
 204289.945    70.124    -1.28    3.07
 204664.736    69.849    -0.73    2.86
 205039.594    69.928     0.21    2.54
 205414.520    70.475     1.46    2.22
 205789.514    71.509     2.76    1.85
 206164.576    72.378     2.32    1.44
 206539.706    72.475     0.26    1.48
 206914.904    72.530     0.14    1.63
 207290.169    72.740     0.56    1.74
 207665.503    73.144     1.08    2.11
 208040.905    73.160     0.04    2.58
 208416.374    72.947    -0.57    2.54
 208791.912    72.380    -1.51    2.31
 209167.518    72.013    -0.98    1.90
 209543.192    71.438    -1.53    1.28
 209918.934    71.216    -0.59    1.49
 210294.745    70.923    -0.78    1.46
 210670.624    70.984     0.16    1.64
 211046.571    71.362     1.01    1.97
 211422.587    71.679     0.84    1.83
 211798.671    71.155    -1.39    2.33
 212174.823    70.440    -1.90    2.59
 212551.044    70.317    -0.33    2.27
 212927.334    70.547     0.61    2.33
 213303.691    70.631     0.22    2.36
 213680.118    70.932     0.80    2.10
 214056.613    70.732    -0.53    2.13
 214433.177    70.460    -0.72    1.88
 214809.810    70.400    -0.16    1.31
 215186.511    70.702     0.80    1.23
 215563.281    70.862     0.43    1.56
 215940.120    71.197     0.89    1.60
 216317.028    72.016     2.17    1.65
 216694.004    73.035     2.70    1.56
 217071.050    73.644     1.62    1.60
 217448.164    74.063     1.11    2.14
 217825.348    75.068     2.67    2.60
 218202.601    76.525     3.86    2.93
 218579.922    77.149     1.65    2.73
 218957.313    77.236     0.23    2.42
 219334.773    77.717     1.28    2.03
 219712.302    77.859     0.38    2.18
 220089.900    78.057     0.52    2.41
 220467.568    78.185     0.34    2.84
 220845.305    78.064    -0.32    3.32
 221223.111    78.240     0.47    3.35
 221600.987    78.392     0.40    3.00
 221978.932    79.094     1.86    3.48
 222356.947    80.028     2.47    3.42
 222735.031    81.356     3.51    3.73
 223113.184    82.559     3.18    3.49
 223491.408    83.157     1.58    3.35
 223869.700    83.874     1.90    2.71
 224248.063    84.157     0.75    2.14
 224626.495    84.844     1.82    1.87
 225004.997    85.682     2.21    1.82
 225383.568    86.495     2.15    1.39
 225762.210    86.766     0.72    1.15
 226140.921    86.759    -0.02    1.17
 226519.702    86.594    -0.44    1.29
 226898.553    86.932     0.89    1.94
 227277.474    87.448     1.36    2.38
 227656.466    88.070     1.64    2.47
 228035.527    88.630     1.48    2.15
 228414.658    88.691     0.16    1.65
 228793.859    88.583    -0.28    1.83
 229173.131    88.368    -0.57    2.11
 229552.472    88.853     1.28    2.34
 229931.884    89.302     1.18    2.16
 230311.366    89.818     1.36    2.19
 230690.919    90.708     2.34    2.08
 231070.541    91.582     2.30    2.92
 231450.235    92.390     2.13    3.29
 231829.998    94.035     4.33    3.71
 232209.832    94.846     2.14    3.39
 232589.737    91.811    -7.99    7.54
 232969.712    85.142   -17.55   10.72
 233349.758    78.691   -16.98    9.74
 233729.874    73.221   -14.40    4.54
 234110.061    71.631    -4.18    0.11
 234485.771    71.643     0.03    0.22
 234852.487    72.021     1.03    1.84
 235219.268    73.100     2.94    3.46
 235586.115    76.173     8.38    6.53
 235953.027    80.535    11.89    7.57
 236320.004    84.249    10.12    5.82
 236687.046    87.023     7.56    1.41
 237054.153    86.871    -0.41    1.31
 237421.326    86.943     0.20    1.57
 237788.564    87.368     1.16    1.65
 238155.868    87.822     1.24    1.42
