# NaN NaN NaN ;Mean Elev.(m), Avg Gradient(m/km), RMS Gradient(m/km) - SRTM1     
#    4.063  -0.413  15.780 ;Mean Elev.(m), Avg Gradient(m/km), RMS Gradient(m/km) - ASTER GDEM
#   20.365   0.767  14.572 ;Mean Elev.(m), Avg Gradient(m/km), RMS Gradient(m/km) - GMTED2010 
  7  67.988763  61.588186    25.407    25.430  4 52466.27243884 19.821
  8  67.984087  61.590129    48.924    48.924  2 52501.27243203  1.849
  9  67.998912  61.583566    59.941    59.941  2 52536.27241939  0.184
 11  67.985350  61.589156    18.563    18.392  4 52606.27241911 40.122
 12  67.995867  61.588340    20.078    20.191  3 52641.27241174 16.591
 13  67.985136  61.588856    18.971    18.968  3 52676.27240135 15.192
 14  67.995215  61.588433    16.863    16.909  3 52711.27242731 16.590
 16  67.999255  61.587450    59.157    57.313  4 52781.27239286  9.506
 17  67.997873  61.587873    25.651    25.697  4 52816.27247353 29.867
 18  67.995567  61.586716    22.251    22.670  3 52851.27252510 18.169
 19  67.983829  61.586302    17.782    17.782  2 52886.27256009 19.428
 21  68.002147  61.585370    15.831    15.564  3 52956.27248003 41.422
 22  67.997689  61.588109    16.553    16.599  3 52991.27249699 33.050
 23  67.990476  61.588608    17.587    17.535  3 53026.27246319 12.073
 24  67.999299  61.587657    17.206    17.224  3 53061.27247294 12.825
 25  67.976923  61.591848    20.123    20.482  4 53096.27250101  9.315
 26  68.001153  61.586141    17.146    17.182  3 53131.27247398 30.284
 28  67.989981  61.588163    22.355    22.322  3 53201.27254953 41.890
 29  67.990511  61.588130    20.993    20.072  4 53236.27251899 20.386
 30  68.005331  61.587249    37.477    37.477  2 53271.27247806  8.497
 31  67.988584  61.588118    17.229    17.114  4 53306.27254218 47.933
 32  67.984774  61.589852    18.738    18.573  3 53341.27250966 35.412
 33  67.981793  61.589886    17.775    17.772  4 53376.27244048 19.381
 34  67.994420  61.588370    16.529    16.498  3 53411.27248462 16.697
 36  67.987813  61.587079    16.555    16.555  2 53481.27255233 36.562
 39  67.987785  61.589099    20.549    20.742  3 53586.27253254 45.404
 41  67.993595  61.587763    36.752    34.582  4 53656.27252292 18.576
 42  67.984993  61.590068    15.373    15.167  3 53691.27251152 49.531
 43  67.980567  61.591039    17.286    17.225  4 53726.27243525 34.919
 44  68.003740  61.584607    17.087    17.074  3 53761.27238572 16.093
 45  67.986902  61.590008    16.011    16.177  3 53796.27239978 15.954
 49  67.980872  61.589775    22.247    22.290  3 53936.27252567 16.397
 50  67.979416  61.588625    18.915    18.154  3 53971.27249261 24.272
 52  67.998603  61.586998    17.139    17.132  4 54041.27250124 49.858
 53  67.985856  61.588833    19.322    19.303  4 54076.27249568 27.237
 54  67.977349  61.592495    18.008    18.400  3 54111.27243667 24.197
 56  67.980010  61.592149    20.585    20.983  3 54181.27242355  8.456
 57  67.993430  61.587941    22.226    21.196  4 54216.27244453 27.667
 59  67.989196  61.589043    25.014    24.764  3 54286.27247688 20.330
 60  67.989855  61.587941    25.452    25.394  4 54321.27247410 19.294
 61  67.980772  61.589589    22.610    22.649  3 54356.27243462 16.156
 62  67.991788  61.589076    33.336    23.171  3 54391.27241454 19.540
 63  67.986428  61.589266    17.123    17.202  4 54426.27238470 29.548
 64  67.996427  61.588037    17.164    17.124  4 54461.27239149 21.716
 65  67.986824  61.589818    16.866    16.829  3 54496.27239145 18.351
 66  67.995039  61.587880    22.233    22.544  3 54531.27240464  4.502
 67  67.980488  61.590571    17.523    17.449  4 54566.27239703 10.877
 68  67.991391  61.588612    60.963    56.748  3 54601.27239982 10.387
 69  67.988591  61.589709    70.969    70.969  2 54636.27241168  2.928
 70  67.986825  61.589620    21.862    21.833  4 54671.27241550 47.119
 73  67.987353  61.589741    16.624    16.321  3 54776.27235778 42.253
 74  67.996914  61.586743    19.056    19.159  3 54811.27237340 41.653
 76  67.992603  61.589260    18.062    18.008  3 54881.27237644 13.445
 77  67.978603  61.590047    16.800    16.800  2 54916.27236095 12.342
 79  67.986448  61.585025    43.117    43.117  2 54986.27239514 19.926
 80  67.990631  61.590647    42.945    43.113  3 55021.27238694 10.372
 81  67.987822  61.589309    20.649    20.687  3 55056.27238411 15.183
 82  67.981050  61.590299    28.100    21.053  4 55091.27234194 15.000
 85  67.995210  61.586755    18.072    17.949  3 55196.27231412 13.559
 86  67.981450  61.590210    16.245    16.247  4 55231.27230664 13.492
 87  67.991193  61.587539    16.332    16.397  4 55266.27230919 11.561
 88  67.980270  61.587672    17.956    17.956  2 55301.27228824  3.075
 90  67.988484  61.588544    22.893    22.882  4 55371.27227465 17.100
 91  67.994471  61.587628    22.839    22.746  3 55406.27229365 16.235
 92  67.986072  61.587550    19.999    19.999  2 55441.27229369 16.730
