# NaN NaN NaN ;Mean Elev.(m), Avg Gradient(m/km), RMS Gradient(m/km) - SRTM1     
#   10.004  -0.171   3.500 ;Mean Elev.(m), Avg Gradient(m/km), RMS Gradient(m/km) - ASTER GDEM
#   24.265  -0.183   2.026 ;Mean Elev.(m), Avg Gradient(m/km), RMS Gradient(m/km) - GMTED2010 
  8  68.175080  61.498836    24.269    24.269  2 52485.68298690 27.461
  9  68.179628  61.498918    21.163    21.163  2 52520.68295262 32.194
 10  68.157734  61.501076    22.723    22.662  4 52555.68300473 25.212
 11  68.170809  61.499522    18.001    18.001  2 52590.68299373 40.272
 12  68.190472  61.494375    19.718    19.718  2 52625.68291884 26.989
 14  68.158223  61.502508    20.047    20.065  4 52695.68293919 16.219
 15  68.179093  61.497821    20.663    20.663  2 52730.68296688  8.503
 16  68.178319  61.497986    19.583    19.583  2 52765.68297706 32.932
 17  68.159731  61.502082    22.991    23.024  4 52800.68297293 33.486
 18  68.165816  61.499675    22.945    22.891  4 52835.68303967 25.479
 19  68.172616  61.499055    17.623    17.623  2 52870.68308049 30.226
 20  68.176890  61.498204    16.148    16.148  2 52905.68307975 37.457
 21  68.157703  61.502738    20.073    20.153  4 52940.68301289 22.174
 22  68.163315  61.500231    15.776    15.758  4 52975.68305927 28.718
 23  68.168445  61.501242    15.764    15.764  2 53010.68306318 18.968
 24  68.158632  61.502481    17.136    16.694  4 53045.68302686 17.718
 25  68.168248  61.500561    15.519    15.535  3 53080.68306032 17.017
 26  68.154635  61.503105    23.156    23.249  5 53115.68303175  5.898
 27  68.164597  61.499572    21.962    21.975  4 53150.68307822 31.273
 28  68.177386  61.498861    23.001    23.001  2 53185.68306657 45.096
 29  68.176768  61.498001    20.598    20.598  2 53220.68309235 22.187
 30  68.178013  61.498886    21.206    21.206  2 53255.68306916 15.034
 32  68.179429  61.496911    18.641    18.641  2 53325.68305481 37.930
 33  68.185825  61.496583    11.575    11.575  2 53360.68301340 22.901
 34  68.159952  61.502458    17.054    17.074  4 53395.68303434 21.354
 35  68.185249  61.495747    16.066    16.066  2 53430.68302490 17.071
 36  68.160161  61.502138    20.343    20.349  4 53465.68305585  9.349
 37  68.163526  61.500916    22.087    22.084  4 53500.68311533 51.310
 38  68.175628  61.499656    23.035    23.035  2 53535.68310338 48.322
 39  68.168132  61.500500    20.779    20.779  2 53570.68311322 43.431
 40  68.186499  61.496148    20.182    20.182  2 53605.68305957 19.156
 41  68.157029  61.502129    18.565    17.865  4 53640.68306113 18.502
 42  68.165119  61.499946    18.826    18.562  4 53675.68308007 16.710
 43  68.188200  61.496585    16.304    16.304  2 53710.68300869 41.084
 44  68.158924  61.500731    16.626    16.637  4 53745.68292005 23.650
 45  68.177157  61.498333    15.674    15.674  2 53780.68295045 16.918
 46  68.194750  61.493486    23.278    21.135  3 53815.68291831  9.536
 47  68.157331  61.501854    16.989    16.934  4 53850.68298723 17.713
 48  68.177970  61.498780    21.984    21.984  2 53885.68299603 18.279
 49  68.159362  61.502665    21.993    22.028  4 53920.68306629 19.085
 50  68.163862  61.501124    19.926    19.460  4 53955.68306379 19.485
 51  68.193156  61.494543    19.756    19.756  2 53990.68298060 20.822
 52  68.162358  61.500858    16.912    16.918  4 54025.68304790 22.731
 53  68.178652  61.498494    19.065    19.065  2 54060.68304010 38.480
 55  68.158525  61.502731    20.844    20.832  4 54130.68296202 12.619
 56  68.176646  61.498067    16.761    16.761  2 54165.68298628 11.373
 57  68.161744  61.501984    22.132    22.213  4 54200.68296470 14.372
 58  68.168903  61.500546    22.875    22.875  2 54235.68300176 22.091
 59  68.174572  61.498633    24.281    24.281  2 54270.68302175 35.559
 60  68.170720  61.500745    24.142    24.142  2 54305.68302490 26.364
 61  68.179551  61.498595    22.353    22.353  2 54340.68300652 20.387
 63  68.172045  61.500801    21.524    21.524  2 54410.68295353 17.671
 64  68.161167  61.500062    19.815    19.792  4 54445.68292305 22.165
 65  68.172293  61.500911    16.843    16.843  2 54480.68294477 21.361
 66  68.162345  61.500715    16.114    16.105  5 54515.68293739 23.290
 67  68.179222  61.497984    21.415    21.415  2 54550.68295716 13.937
 68  68.169449  61.500317    18.079    18.067  3 54585.68293300 24.140
 69  68.170813  61.500398    22.442    22.442  2 54620.68295210 21.980
 70  68.170431  61.500296    22.564    22.564  2 54655.68296244 23.663
 71  68.176587  61.498156    21.941    21.941  2 54690.68294747 21.904
 72  68.163514  61.500200    20.909    21.974  4 54725.68291343 18.145
 73  68.171987  61.500098    17.305    17.305  2 54760.68292444 53.218
 74  68.158035  61.501083    17.088    17.105  4 54795.68290686 39.558
 75  68.171062  61.500601    18.322    18.322  2 54830.68292481 24.517
 76  68.163850  61.499460    17.153    17.167  4 54865.68290145 19.138
 77  68.174668  61.499950    16.230    16.230  2 54900.68292348 18.491
 78  68.165989  61.501118    16.355    16.368  3 54935.68289316 16.250
 79  68.169552  61.501135    21.885    21.885  2 54970.68292583 17.003
 80  68.170188  61.499562    21.685    21.685  2 55005.68294495 21.240
 81  68.172246  61.500455    21.261    21.261  2 55040.68293299 15.295
 82  68.177575  61.499039    17.671    17.671  2 55075.68291456 30.147
 83  68.165236  61.500048    19.609    19.533  4 55110.68286557 16.008
 84  68.171854  61.499655    16.431    16.431  2 55145.68286785 38.984
 85  68.159148  61.501871    17.509    17.507  4 55180.68284311 28.380
 86  68.174509  61.499146    16.633    16.633  3 55215.68286230 15.536
 87  68.165604  61.500877    17.370    16.754  3 55250.68283954 12.908
 88  68.177446  61.498446    21.324    21.324  2 55285.68285588 11.127
 89  68.170613  61.500372    20.473    19.778  3 55320.68282995 41.618
 90  68.171928  61.500973    22.919    22.919  2 55355.68283047 18.592
 91  68.164545  61.499507    22.563    22.554  4 55390.68283070 22.544
 92  68.171426  61.501122    21.102    21.102  2 55425.68284744 15.584
 93  68.182848  61.496154    17.249    17.249  2 55460.68281426 39.640
