# NaN NaN NaN ;Mean Elev.(m), Avg Gradient(m/km), RMS Gradient(m/km) - SRTM1     
#   -9.844  -4.387   9.794 ;Mean Elev.(m), Avg Gradient(m/km), RMS Gradient(m/km) - ASTER GDEM
#    0.658  -3.594  11.845 ;Mean Elev.(m), Avg Gradient(m/km), RMS Gradient(m/km) - GMTED2010 
  6  67.898098  66.570283     4.587     4.626  4 52441.67207681 39.643
  7  67.902586  66.570405     4.571     4.603  4 52476.67207295 39.654
  8  67.929474  66.566104     4.420     4.350  4 52511.67202011 23.343
  9  67.896563  66.570352     3.670     3.613  4 52546.67204928 23.741
 10  67.907130  66.569132     2.604     2.601  4 52581.67206534 30.033
 11  67.918727  66.568739     2.990     3.231  4 52616.67203587 17.048
 12  67.909265  66.570455     2.858     2.905  4 52651.67201253 13.500
 13  67.925279  66.567076     2.485     2.475  4 52686.67200457 11.483
 14  67.907983  66.568986     2.449     2.486  4 52721.67205407  9.930
 15  67.905634  66.570815     3.417     3.405  4 52756.67207742  8.772
 17  67.900581  66.570216     4.276     4.246  4 52826.67209664 27.780
 18  67.902753  66.571473     3.649     3.821  4 52861.67214226 30.480
 19  67.910256  66.570497     2.854     2.823  4 52896.67217195 28.661
 20  67.924263  66.567096     2.779     2.620  4 52931.67211830 24.895
 21  67.897797  66.571182     1.002     1.009  4 52966.67211948 20.583
 22  67.903540  66.570683     1.616     1.634  3 53001.67214768 15.114
 23  67.922527  66.567042     1.721     1.623  4 53036.67209566 13.162
 24  67.909039  66.569440     1.843     1.838  3 53071.67211948 11.072
 25  67.927215  66.566684     1.384     1.407  4 53106.67209643  9.487
 26  67.901156  66.570660     3.161     3.210  4 53141.67212791 15.987
 27  67.909222  66.569183     4.470     4.491  4 53176.67215486 29.846
 28  67.908824  66.569833     3.674     3.719  4 53211.67217441 23.741
 29  67.919998  66.568094     3.543     3.361  3 53246.67214217 19.379
 30  67.890592  66.572014     1.397     1.412  4 53281.67213053 40.948
 31  67.905449  66.570983     1.742     1.652  4 53316.67213839 27.448
 32  67.923070  66.567836     1.716     1.728  4 53351.67210295 18.907
 33  67.892365  66.572513     2.183     1.964  4 53386.67209244 15.471
 34  67.920761  66.567279     1.343     1.326  4 53421.67209330 13.114
 35  67.897466  66.570108     2.158     2.204  4 53456.67209992 11.190
 36  67.898599  66.570001     3.202     3.214  4 53491.67218519  8.098
 37  67.915011  66.568538     4.566     4.642  3 53526.67216604 23.110
 38  67.909026  66.568922     3.816     3.802  4 53561.67219484 20.195
 39  67.926443  66.567923     2.854     2.343  4 53596.67213328 25.814
 40  67.886167  66.571226     2.366     1.739  4 53631.67212965 29.984
 41  67.902665  66.570513     3.448     3.523  4 53666.67215173 23.036
 42  67.921939  66.567134     1.546     1.572  4 53701.67209955 25.893
 43  67.940584  66.564263     1.369     1.379  4 53736.67200861 14.951
 44  67.911425  66.569008     1.608     1.619  4 53771.67201671 12.591
 45  67.927935  66.567638     1.810     1.942  4 53806.67200629 10.802
 47  67.906751  66.569847     3.060     3.028  3 53876.67207541 42.585
 49  67.902500  66.571245     3.818     3.800  4 53946.67214272 24.966
 50  67.921568  66.567225     2.023     2.077  4 53981.67208560 43.310
 51  67.896495  66.570738     2.647     2.598  4 54016.67211084 30.952
 52  67.917688  66.568298     2.545     2.542  3 54051.67210769 21.460
 53  67.917830  66.569042     2.679     2.674  4 54086.67209982 17.538
 54  67.941206  66.562719     4.289     4.344  4 54121.67202309 13.442
 55  67.910063  66.568899     3.660     3.687  4 54156.67206034 12.798
 56  67.929732  66.567106     4.098     4.041  4 54191.67202254  9.301
 57  67.904755  66.570972     3.501     3.504  4 54226.67207246 18.090
 59  67.912952  66.569091     4.543     4.515  4 54296.67209586 25.228
 60  67.921569  66.566980     4.440     4.527  4 54331.67208642 25.207
 61  67.929154  66.566545     3.277     3.023  3 54366.67202859 23.152
 62  67.913711  66.569033     3.280     3.414  4 54401.67202937 24.909
 63  67.924306  66.566741     1.274     1.275  4 54436.67198586 22.011
 64  67.903834  66.571273     2.345     2.323  4 54471.67201469 12.575
 65  67.927281  66.566928     1.990     1.910  4 54506.67199806 12.567
 66  67.914275  66.568256     2.454     2.464  4 54541.67202856 10.048
 68  67.912651  66.569220     3.997     4.052  4 54611.67202031 29.144
 69  67.910964  66.569046     4.394     4.364  4 54646.67202745 26.635
 70  67.915013  66.568624     3.655     3.642  4 54681.67202826 31.990
 71  67.929420  66.567178     2.040     2.043  4 54716.67197651 49.855
 72  67.903898  66.570463     3.456     3.502  4 54751.67200044 26.854
 73  67.921763  66.568512     1.745     1.750  4 54786.67196656 37.153
 74  67.903788  66.570647     2.432     2.558  4 54821.67199434 14.713
 75  67.923463  66.567026     1.714     1.712  4 54856.67196246 12.689
 76  67.912619  66.569481     1.961     1.890  3 54891.67199706 10.403
 77  67.929560  66.565738     2.740     2.733  4 54926.67196051 10.753
 78  67.905256  66.570244     3.324     3.128  3 54961.67199642 27.965
 79  67.908780  66.570092     6.147     6.041  3 54996.67201738 21.053
 80  67.912704  66.568717     3.884     3.886  4 55031.67200663 22.747
 81  67.920876  66.567036     2.727     2.297  4 55066.67199560 23.011
 82  67.931243  66.565286     2.577     2.150  4 55101.67193566 22.843
 83  67.906085  66.570626     1.841     1.862  4 55136.67194247 48.075
 84  67.925759  66.566577     1.509     1.527  4 55171.67190346 20.139
 85  67.904004  66.571159     1.549     1.571  4 55206.67193652 13.822
 86  67.926845  66.566905     2.036     2.073  4 55241.67190875 10.684
 87  67.916410  66.568431     2.182     2.196  4 55276.67192959 10.968
 88  67.927084  66.566915     1.541     1.579  3 55311.67189376 40.067
 89  67.914447  66.569448     4.885     4.882  4 55346.67189949 27.627
 90  67.917601  66.569124     3.905     3.970  4 55381.67189122 23.522
 91  67.902862  66.571406     3.628     3.671  4 55416.67191945 24.075
 92  67.922767  66.567757     3.156     3.121  4 55451.67190142 23.065
 93  67.934431  66.565529     2.082     2.013  4 55486.67182378 23.965
