-130128.572    42.889     0.00    3.03
-129751.495    47.651    12.63    7.53
-129374.503    52.365    12.51    9.19
-128997.595    56.734    11.59    8.29
-128620.771    60.544    10.11    6.22
-128244.032    60.900     0.95    4.04
-127867.377    60.604    -0.79    3.51
-127490.805    59.959    -1.71    3.46
-127114.318    59.703    -0.68    3.19
-126737.915    60.132     1.14    3.21
-126361.596    58.604    -4.06    3.43
-125985.360    58.594    -0.03    4.30
-125609.209    60.614     5.37    6.07
-125233.141    62.877     6.02    6.77
-124857.157    64.871     5.31    5.23
-124481.256    66.396     4.06    4.08
-124105.440    65.404    -2.64    3.86
-123729.706    65.440     0.09    4.37
-123354.056    66.665     3.26    4.12
-122978.490    68.198     4.08    4.47
-122603.007    71.463     8.69    6.94
-122227.607    72.231     2.05    7.73
-121852.291    70.504    -4.60    9.33
-121477.058    65.978   -12.06   10.11
-121101.908    60.339   -15.03    7.36
-120726.841    57.574    -7.37    5.20
-120351.857    56.646    -2.48    5.01
-119976.956    55.360    -3.43    4.97
-119602.138    53.531    -4.88    3.74
-119227.403    52.594    -2.50    2.49
-118852.751    54.142     4.13    4.43
-118478.182    54.974     2.22    4.84
-118103.695    55.551     1.54    4.64
-117729.291    55.390    -0.43    4.01
-117354.970    55.924     1.43    4.70
-116980.731    56.114     0.51    4.50
-116606.575    55.972    -0.38    4.09
-116232.501    54.069    -5.09    5.81
-115858.509    51.480    -6.92    5.95
-115484.600    53.917     6.52   15.50
-115110.774    58.524    12.32   22.34
-114737.029    62.980    11.92   24.03
-114363.367    64.951     5.28   22.98
-113989.787    61.594    -8.99   22.61
-113616.288    51.849   -26.09   17.09
-113242.872    43.476   -22.43   12.07
-112869.538    38.309   -13.84    7.13
-112496.286    35.073    -8.67    4.60
-112123.116    33.504    -4.20    5.88
-111750.027    32.522    -2.63    6.90
-111377.020    30.535    -5.33    7.87
-111004.095    27.676    -7.67    6.89
-110631.252    25.053    -7.03    4.48
-110258.490    25.324     0.73    5.95
-109885.810    27.685     6.34    8.77
-109513.211    29.574     5.07    8.68
-109140.694    30.460     2.38    7.74
-108768.258    29.804    -1.76    7.13
-108395.904    28.392    -3.79    5.98
-108023.630    26.364    -5.45    4.00
-107651.438    25.105    -3.38    3.18
-107279.327    29.094    10.72    8.67
-106907.298    33.636    12.21   10.69
-106535.349    38.849    14.02    9.75
-106163.481    41.043     5.90    7.16
-105791.695    40.778    -0.71    5.27
-105419.989    39.233    -4.16    3.50
-105048.364    38.860    -1.01    3.09
-104676.820    37.958    -2.43    3.81
-104305.357    35.992    -5.29    4.93
-103933.974    34.360    -4.40    4.47
-103562.673    32.964    -3.76    4.06
-103191.451    33.274     0.84    3.91
-102820.311    34.895     4.37    4.07
-102449.250    36.974     5.60    4.90
-102078.271    37.594     1.67    5.17
-101707.371    36.666    -2.50    5.10
-101336.552    35.204    -3.94    4.41
-100965.813    33.675    -4.13    3.91
-100595.155    33.737     0.17    4.23
-100224.577    33.563    -0.47    4.28
 -99854.079    33.796     0.63    5.01
 -99483.661    35.246     3.92    5.89
 -99113.323    36.796     4.19    5.48
 -98743.065    38.839     5.52    4.94
 -98372.886    39.814     2.63    4.62
 -98002.788    40.784     2.62    5.63
 -97632.770    42.513     4.67    8.97
 -97262.831    45.421     7.86   12.22
 -96892.973    49.625    11.37   15.50
 -96523.193    55.502    15.89   18.55
 -96153.494    61.722    16.82   19.24
 -95783.874    66.329    12.47   16.27
 -95414.334    72.158    15.78   13.92
 -95044.873    79.798    20.68   11.73
 -94675.491    84.429    12.54    9.47
 -94306.189    86.594     5.86    7.34
 -93936.966    84.469    -5.76    8.05
 -93567.823    80.166   -11.66    6.76
 -93198.758    77.768    -6.50    5.18
 -92829.773    78.078     0.84    5.65
 -92460.867    79.564     4.03    5.56
 -92092.040    80.986     3.85    6.24
 -91723.292    81.756     2.09    5.45
 -91354.624    83.110     3.67    5.21
 -90986.034    86.857    10.17    7.02
 -90617.522    92.057    14.11    9.12
 -90249.090   101.770    26.36   12.50
 -89880.737   109.696    21.52   14.45
 -89512.462   118.110    22.85   13.97
 -89144.266   126.288    22.21   12.35
 -88776.148   134.725    22.92   11.35
 -88408.109   145.258    28.62   15.70
 -88040.149   157.476    33.21   19.03
 -87672.267   170.788    36.19   18.59
 -87304.463   180.574    26.61   13.04
 -86936.738   185.068    12.22    5.45
 -86569.091   184.043    -2.79    4.91
 -86201.523   180.761    -8.93    5.80
 -85834.033   177.655    -8.45    5.22
 -85466.620   175.431    -6.05    4.65
 -85099.286   173.473    -5.33    4.09
 -84732.031   172.052    -3.87    4.30
 -84364.853   171.074    -2.66    3.95
 -83997.753   171.676     1.64    4.07
 -83630.731   174.084     6.56    5.15
 -83263.787   177.615     9.62    5.72
 -82896.920   180.768     8.60    5.01
 -82530.132   183.534     7.54    4.16
 -82163.421   186.572     8.29    4.41
 -81796.788   190.004     9.36    5.48
 -81430.233   192.646     7.21    6.46
 -81063.755   195.468     7.70    6.77
 -80697.354   197.451     5.41    7.28
 -80331.032   200.584     8.55    7.99
 -79964.786   203.958     9.21    7.90
 -79598.618   207.257     9.01    8.10
 -79232.528   211.978    12.90    8.48
 -78866.514   216.289    11.78    7.99
 -78500.578   220.574    11.71    6.87
 -78134.719   224.543    10.85    4.94
 -77768.938   226.201     4.53    3.44
 -77403.233   226.023    -0.49    3.67
 -77037.605   225.105    -2.51    3.92
 -76672.055   223.860    -3.41    3.66
 -76306.581   224.885     2.80    4.39
 -75941.184   227.604     7.44    6.03
 -75575.864   231.986    11.99    6.80
 -75210.621   237.289    14.52    6.13
 -74834.407   240.705     9.08    5.70
 -74453.117   244.563    10.12    6.06
 -74071.912   246.811     5.90    6.51
 -73690.793   248.068     3.30    5.82
 -73309.758   247.982    -0.23    4.57
 -72928.808   246.068    -5.02    4.00
 -72547.943   244.217    -4.86    4.30
 -72167.162   241.295    -7.67    3.98
 -71786.467   240.264    -2.71    3.09
 -71405.856   241.048     2.06    4.59
 -71025.329   242.482     3.77    6.39
 -70644.887   244.068     4.17    8.56
 -70264.530   245.188     2.94    9.74
 -69884.257   245.254     0.17   10.35
 -69504.068   245.141    -0.30    9.76
 -69123.964   243.532    -4.23    9.26
 -68743.944   242.938    -1.56    8.65
 -68364.008   241.815    -2.96    7.71
 -67984.157   241.842     0.07    7.40
 -67604.389   241.347    -1.30    6.79
 -67224.706   239.038    -6.08    6.95
 -66845.106   234.928   -10.83    7.44
 -66465.591   231.157    -9.94    6.59
 -66086.159   228.036    -8.22    3.20
 -65706.811   227.064    -2.56    2.84
 -65327.547   224.130    -7.73    5.08
 -64948.367   220.924    -8.46    5.30
 -64569.270   218.657    -5.98    4.59
 -64190.257   217.924    -1.93    4.68
 -63811.327   216.142    -4.70    7.54
 -63432.481   212.166   -10.50   10.14
 -63053.719   205.803   -16.80   11.33
 -62675.040   199.355   -17.03   10.45
 -62296.444   192.015   -19.39    9.66
 -61917.931   186.264   -15.19    7.66
 -61539.502   179.401   -18.14    8.06
 -61161.156   171.645   -20.50    9.95
 -60782.892   162.027   -25.43   12.25
 -60404.712   150.678   -30.01   13.42
 -60026.615   140.219   -27.66   12.34
 -59648.601   128.655   -30.59   12.38
 -59270.670   120.089   -22.67    9.23
 -58892.822   122.695     6.90   12.14
 -58515.057   130.573    20.85   19.45
 -58137.374   144.180    36.03   20.71
 -57759.774   158.236    37.22   15.10
 -57382.256   167.914    25.64   10.97
 -57004.821   175.066    18.95   10.03
 -56627.469   182.965    20.93    9.80
 -56250.199   189.051    16.13    7.47
 -55873.012   193.978    13.06    5.55
 -55495.907   198.312    11.49    5.83
 -55118.884   202.677    11.58    7.04
 -54741.944   207.139    11.84    7.46
 -54365.085   211.094    10.50    7.48
 -53988.309   213.905     7.46    7.97
 -53611.615   214.914     2.68    8.32
 -53235.003   215.328     1.10    7.87
 -52858.473   215.655     0.87    7.22
 -52482.025   214.551    -2.93    8.05
 -52105.659   212.309    -5.96    9.44
 -51729.375   210.487    -4.84   10.08
 -51353.172   206.934    -9.44    9.85
 -50977.051   203.842    -8.22    8.86
 -50601.012   200.240    -9.58    8.10
 -50225.055   197.342    -7.71    7.13
 -49849.179   194.347    -7.97    5.63
 -49473.385   192.457    -5.03    5.11
 -49097.672   190.605    -4.93    5.02
 -48722.040   189.615    -2.63    5.84
 -48346.490   187.215    -6.39    7.99
 -47971.021   184.254    -7.89    8.72
 -47595.634   181.773    -6.61    7.31
 -47220.328   180.278    -3.98    5.37
 -46845.102   180.188    -0.24    3.91
 -46469.958   181.170     2.62    3.68
 -46094.895   181.770     1.60    3.99
 -45719.913   181.375    -1.05    4.32
 -45345.012   180.228    -3.06    4.19
 -44970.192   179.064    -3.11    4.26
 -44595.453   177.573    -3.98    5.29
 -44220.794   175.104    -6.59    6.53
 -43846.217   170.972   -11.03    7.32
 -43471.720   164.388   -17.58   10.32
 -43097.303   157.573   -18.20   10.37
 -42722.967   150.339   -19.32   10.40
 -42348.712   143.073   -19.41   10.13
 -41974.537   134.209   -23.69   14.70
 -41600.443   126.121   -21.62   16.51
 -41226.429   115.417   -28.62   16.47
 -40852.495   108.310   -19.01   15.32
 -40478.642   101.625   -17.88   14.71
 -40104.869    96.121   -14.73   13.59
 -39731.176    89.764   -17.01   11.84
 -39357.563    90.027     0.70   10.94
 -38984.030    95.670    15.11   15.41
 -38610.577   107.543    31.79   19.88
 -38237.205   120.444    34.55   19.06
 -37863.912   126.776    16.96   18.36
 -37490.699   129.539     7.40   19.81
 -37117.566   129.388    -0.40   17.72
 -36744.512   128.901    -1.31   12.49
 -36371.539   126.172    -7.32   10.41
 -35998.645   120.852   -14.27   12.16
 -35625.831   110.773   -27.04   14.08
 -35253.096   101.771   -24.15   10.52
 -34880.441    95.907   -15.74    7.96
 -34507.865    95.264    -1.72    7.95
 -34135.369    97.880     7.02    8.72
 -33762.952    99.357     3.97    7.27
 -33390.614    99.584     0.61    7.85
 -33018.356    96.852    -7.34   12.04
 -32646.176    92.486   -11.73   13.45
 -32274.076    88.271   -11.33   14.12
 -31902.056    80.372   -21.23   14.68
 -31530.114    68.978   -30.63   16.92
 -31158.251    58.844   -27.25   15.24
 -30786.467    50.409   -22.69   15.10
 -30414.762    43.225   -19.33   11.95
 -30043.136    35.996   -19.45    9.92
 -29671.589    31.363   -12.47    7.32
 -29300.121    29.636    -4.65    5.58
 -28928.731    29.521    -0.31    7.19
 -28557.420    29.910     1.05    8.33
 -28186.188    28.594    -3.54    7.84
 -27815.034    27.390    -3.24    6.80
 -27443.959    26.053    -3.60    6.17
 -27072.962    25.465    -1.58    6.45
 -26702.044    24.645    -2.21    6.29
 -26331.204    24.116    -1.43    6.31
 -25960.442    24.063    -0.14    7.05
 -25589.759    25.203     3.08    7.45
 -25219.153    28.904     9.99    6.63
 -24848.626    31.403     6.75    5.32
 -24478.178    33.731     6.29    5.16
 -24107.807    34.271     1.46    7.39
 -23737.514    31.542    -7.37   14.16
 -23367.299    26.945   -12.42   18.70
 -22997.163    20.594   -17.16   20.04
 -22627.104    13.731   -18.55   15.70
 -22257.123     8.703   -13.59   11.54
 -21887.219     3.213   -14.84    5.09
 -21517.394     1.358    -5.01    3.93
 -21147.646     0.125    -3.33    2.12
 -20777.976    -0.406    -1.44    0.00
 -20408.383    -0.406     0.00    0.00
 -20038.868    -0.406     0.00    0.00
 -19669.431     0.163     1.54    2.11
 -19300.071     1.910     4.73    3.90
 -18930.788     3.272     3.69    4.48
 -18561.583     4.440     3.16    4.43
 -18192.455     5.464     2.77    4.00
 -17823.404     6.281     2.21    3.59
 -17454.430     7.228     2.57    2.68
 -17085.534     8.015     2.14    1.31
 -16716.715     7.949    -0.18    1.29
 -16347.972     7.594    -0.96    1.59
 -15979.307     7.509    -0.23    1.83
 -15610.719     7.381    -0.35    1.93
 -15242.208     7.378    -0.01    1.96
 -14873.773     7.056    -0.87    1.71
 -14505.416     6.678    -1.02    1.52
 -14137.135     6.405    -0.74    1.20
 -13768.931     6.219    -0.51    1.50
 -13400.804     5.967    -0.69    1.68
 -13032.753     5.973     0.02    1.75
 -12664.779     6.247     0.74    1.78
 -12296.881     5.860    -1.05    1.80
 -11929.060     5.678    -0.50    1.74
 -11561.315     5.084    -1.61    1.72
 -11193.647     4.344    -2.01    1.59
 -10826.055     4.083    -0.71    1.22
 -10458.540     4.647     1.54    1.66
 -10091.100     5.560     2.48    2.04
  -9723.737     6.511     2.59    2.19
  -9356.450     7.175     1.81    2.27
  -8989.240     7.679     1.37    2.83
  -8622.105     7.480    -0.54    3.79
  -8255.046     6.836    -1.75    4.56
  -7888.064     6.450    -1.05    5.06
  -7521.157     6.383    -0.18    5.19
  -7154.326     6.770     1.05    4.66
  -6787.571     7.877     3.02    3.40
  -6420.891     8.794     2.50    1.37
  -6054.288     8.390    -1.10    0.94
  -5687.760     8.594     0.56    1.03
  -5321.308     8.743     0.41    0.97
  -4954.931     8.679    -0.17    0.86
  -4588.630     8.636    -0.12    0.78
  -4222.405     9.116     1.31    1.66
  -3856.255    10.219     3.01    2.34
  -3490.180    11.894     4.58    2.34
  -3124.181    11.980     0.23    3.95
  -2758.257     9.530    -6.69    6.36
  -2392.409     6.084    -9.42    6.91
  -2026.635     4.752    -3.64    6.14
  -1660.937     6.453     4.65    6.17
  -1295.314     8.115     4.55    5.64
   -929.766     7.333    -2.14    6.05
   -564.293     3.563   -10.32    5.71
   -193.006     0.431    -8.43    3.02
    188.118    -0.406    -2.20    0.00
    569.160     0.052     1.20    2.70
    950.119     7.852    20.48   13.53
   1330.996    17.461    25.23   15.98
   1711.790    28.871    29.96   15.45
   2092.501    40.985    31.82   11.66
   2473.129    47.158    16.22   10.27
   2853.675    51.469    11.33    7.08
   3234.139    51.015    -1.19    5.73
   3614.520    47.650    -8.85    5.96
   3994.819    44.996    -6.98    6.88
   4375.036    41.877    -8.20    8.04
   4755.170    37.481   -11.56    8.38
   5135.222    34.628    -7.51    8.27
   5515.192    31.605    -7.96    8.81
   5895.080    27.479   -10.86    8.42
   6274.886    25.339    -5.64    7.85
   6654.610    24.697    -1.69    6.66
   7034.252    24.521    -0.46    5.49
   7413.812    25.961     3.79    5.32
   7793.290    26.893     2.46    3.86
   8172.687    27.358     1.22    2.70
   8552.001    27.447     0.24    1.42
   8931.234    27.725     0.73    1.97
   9310.386    27.973     0.66    3.35
   9689.456    26.794    -3.11    5.65
  10068.444    23.136    -9.65    7.98
  10447.351    18.715   -11.67    8.84
  10826.177    14.219   -11.87    7.71
  11204.921    10.550    -9.69    5.73
  11583.584     9.142    -3.72    3.66
  11962.166     9.094    -0.13    2.60
  12340.666     9.573     1.27    1.93
  12719.085     9.863     0.77    1.24
  13097.424     9.384    -1.27    1.29
  13475.681     8.772    -1.62    0.74
  13853.857     9.110     0.89    1.13
  14231.952     9.726     1.63    1.44
  14609.966    10.053     0.86    1.45
  14987.900     9.716    -0.89    2.56
  15365.753     8.711    -2.66    3.44
  15743.524     7.628    -2.87    3.90
  16121.216     7.105    -1.38    3.86
  16498.826     7.018    -0.23    3.81
  16876.356     7.131     0.30    4.17
  17253.806     7.748     1.63    4.04
  17631.175     8.678     2.46    3.40
  18008.464     9.796     2.97    1.76
  18385.672     9.179    -1.64    1.45
  18762.800     8.318    -2.28    1.46
  19139.847     7.764    -1.47    1.11
  19516.815     7.721    -0.12    0.91
  19893.702     7.540    -0.48    0.96
  20270.509     7.493    -0.13    0.91
  20647.236     7.192    -0.80    0.76
  21023.883     7.183    -0.02    0.76
  21400.450     7.264     0.22    0.84
  21776.937     7.316     0.14    0.89
  22153.344     7.240    -0.20    0.85
  22529.671     6.886    -0.94    0.86
  22905.919     6.818    -0.18    0.83
  23282.086     6.698    -0.32    0.79
  23658.175     6.489    -0.55    0.92
  24034.183     6.021    -1.24    1.24
  24410.112     5.541    -1.28    1.29
  24785.961     5.682     0.38    1.50
  25161.731     6.233     1.46    1.63
  25537.422     6.374     0.38    1.93
  25913.033     6.215    -0.42    2.49
  26288.565     5.942    -0.73    2.78
  26664.017     6.163     0.59    3.29
  27039.391     7.986     4.86    2.47
  27414.685     8.657     1.79    1.85
  27789.900     8.977     0.85    1.07
  28165.036     8.779    -0.53    0.82
  28540.092     8.573    -0.55    0.70
  28915.070     8.745     0.46    0.72
  29289.969     8.637    -0.29    0.79
  29664.789     8.583    -0.14    0.88
  30039.530     8.573    -0.03    1.05
  30414.193     8.616     0.11    1.01
  30788.777     8.573    -0.11    1.00
  31163.282     8.605     0.09    1.03
  31537.708     8.352    -0.68    0.99
  31912.056     8.693     0.91    1.37
  32286.325    10.041     3.60    3.05
  32660.516    10.728     1.83    3.54
  33034.628     9.531    -3.20    4.58
  33408.662     7.572    -5.24    5.32
  33782.618     5.386    -5.85    4.35
  34156.495     3.628    -4.70    2.24
  34530.294     2.831    -2.13    1.49
  34904.015     3.072     0.64    1.81
  35277.657     3.026    -0.12    1.80
  35651.222     3.139     0.30    1.64
  36024.708     3.616     1.28    1.44
  36398.117     3.847     0.62    1.30
  36771.447     3.836    -0.03    1.62
  37144.700     3.605    -0.62    1.68
  37517.875     3.153    -1.21    1.38
  37890.972     3.328     0.47    2.20
  38263.991     4.264     2.51    3.23
  38636.932     4.647     1.03    3.95
  39009.796     3.945    -1.88    3.10
  39382.582     3.003    -2.53    1.64
  39755.291     2.852    -0.40    1.05
  40127.922     2.967     0.31    1.11
  40500.476     2.913    -0.14    1.08
  40872.952     2.839    -0.20    1.12
  41245.351     2.572    -0.72    1.10
  41617.672     2.426    -0.39    1.04
  41989.916     2.450     0.06    1.06
  42362.083     2.233    -0.58    1.07
  42734.173     2.140    -0.25    1.00
  43106.186     2.142     0.01    1.08
  43478.121     2.166     0.06    1.11
  43849.980     2.530     0.98    1.17
  44221.761     2.616     0.23    1.20
  44593.465     2.508    -0.29    1.10
  44965.093     2.488    -0.05    1.20
  45336.644     2.866     1.02    1.45
  45708.118     3.089     0.60    1.44
  46079.515     3.572     1.30    1.21
  46450.835     3.552    -0.05    1.11
  46822.079     3.399    -0.41    0.95
  47193.246     3.476     0.21    0.95
  47564.337     3.494     0.05    0.92
  47935.351     3.169    -0.88    1.11
  48306.288     2.753    -1.12    1.14
  48677.149     2.637    -0.31    1.06
  49047.934     2.790     0.41    1.16
  49418.643     2.792     0.01    1.13
  49789.275     2.671    -0.33    0.91
  50159.830     2.540    -0.35    0.91
  50530.310     2.445    -0.26    0.96
  50900.714     2.381    -0.17    0.91
  51271.041     2.552     0.46    1.02
  51641.292     2.828     0.75    0.92
  52011.467     3.268     1.19    1.07
  52381.567     3.715     1.21    0.98
  52751.590     3.900     0.50    1.18
  53121.538     4.272     1.01    1.22
  53491.409     4.143    -0.35    1.18
  53861.205     4.203     0.16    1.14
  54230.925     3.690    -1.39    0.94
  54600.570     3.361    -0.89    0.91
  54970.139     3.325    -0.10    1.00
  55339.632     3.377     0.14    1.14
  55709.049     3.775     1.08    1.15
  56078.392     4.420     1.75    1.13
  56447.658     5.186     2.07    1.46
  56816.850     5.917     1.98    1.35
  57185.965     6.715     2.16    1.31
  57555.006     6.435    -0.76    1.87
  57923.971     5.422    -2.74    2.43
  58292.861     3.960    -3.96    2.64
  58661.676     2.433    -4.14    1.68
  59030.416     1.913    -1.41    0.78
  59399.080     2.298     1.04    1.29
  59767.670     3.488     3.23    1.89
  60136.185     4.516     2.79    1.66
  60504.624     5.971     3.95    1.59
  60872.989     6.844     2.37    2.22
  61241.279     6.325    -1.41    3.17
  61609.494     5.350    -2.65    3.62
  61977.634     3.707    -4.46    3.31
  62345.699     2.745    -2.61    2.26
  62713.690     2.469    -0.75    1.93
  63081.606     3.275     2.19    4.53
  63449.448    10.166    18.73   14.12
  63817.215    20.831    29.00   17.46
  64184.907    30.363    25.92   15.55
  64552.525    38.981    23.44    6.34
  64920.069    41.583     7.08    3.40
  65287.538    43.777     5.97    3.26
  65654.933    45.158     3.76    2.94
  66022.253    45.515     0.97    3.88
  66389.499    43.788    -4.70    5.91
  66756.672    41.284    -6.82    5.89
  67123.770    36.924   -11.88    6.32
  67490.793    31.694   -14.25    6.75
  67857.743    29.812    -5.13    5.96
  68224.619    29.745    -0.18    6.14
  68591.421    31.520     4.84    6.11
  68958.149    33.877     6.43    4.31
  69324.803    34.572     1.90    4.62
  69691.383    35.999     3.89    4.80
  70057.889    36.804     2.20    4.79
  70424.322    36.366    -1.19    4.67
  70790.681    35.616    -2.05    4.74
  71156.966    32.669    -8.05    5.74
  71523.178    30.949    -4.70    5.63
  71889.316    31.290     0.93    5.96
  72255.380    32.041     2.05    5.91
  72621.371    34.801     7.54    4.75
  72987.289    34.453    -0.95    4.61
  73353.133    32.548    -5.21    5.29
  73718.904    32.207    -0.93    6.23
  74084.601    29.469    -7.49    7.46
  74451.340    22.745   -18.33   10.66
  74832.302    16.694   -15.88   10.39
  75213.183    13.137    -9.34    7.71
  75593.984    10.049    -8.11    6.33
  75974.705     7.366    -7.05    6.22
  76355.345     5.315    -5.39    5.91
  76735.904     2.399    -7.66    3.54
  77116.383     1.048    -3.55    0.92
  77496.782     2.949     5.00    3.80
  77877.100     6.838    10.23    6.88
  78257.339    12.067    13.75    7.55
  78637.497    16.100    10.61    4.70
  79017.575    17.786     4.44    2.94
  79397.572    17.515    -0.71    3.09
  79777.490    16.892    -1.64    3.51
  80157.328    15.549    -3.54    4.70
  80537.085    14.801    -1.97    5.28
  80916.763    14.100    -1.85    5.48
  81296.361    13.279    -2.16    6.02
  81675.879    11.276    -5.28    6.64
  82055.318     8.239    -8.00    6.88
  82434.677     7.280    -2.53    5.99
  82813.956     7.413     0.35    5.49
  83193.155     9.799     6.29    6.36
  83572.275    12.820     7.97    6.09
  83951.316    15.560     7.23    4.58
  84330.277    17.852     6.05    4.48
  84709.158    20.083     5.89    4.39
  85087.961    21.906     4.81    5.62
  85466.683    23.920     5.32    5.39
  85845.327    22.282    -4.32    7.29
  86223.892    20.239    -5.40    7.52
  86602.377    19.945    -0.78    8.67
  86980.783    20.056     0.29    9.39
  87359.110    21.754     4.49    9.06
  87737.358    18.486    -8.64   10.71
  88115.528    14.143   -11.48    9.93
  88493.618     9.181   -13.12    7.07
  88871.629     6.801    -6.30    4.73
  89249.562     7.573     2.04    5.34
  89627.416     9.517     5.15    6.47
  90005.191    11.616     5.55    6.13
  90382.887    13.572     5.18    5.32
  90760.505    14.445     2.31    5.39
  91138.044    13.239    -3.20    5.89
  91515.505    11.647    -4.22    6.68
  91892.887     8.972    -7.09    5.94
  92270.191     5.799    -8.41    3.18
  92647.417     6.336     1.42    3.33
  93024.564     9.207     7.61    4.47
  93401.633    11.183     5.24    4.42
  93778.623    14.236     8.10    3.39
  94155.536    14.950     1.89    3.29
  94532.370    13.116    -4.87    5.53
  94909.126    11.528    -4.22    6.64
  95285.804    10.279    -3.31    6.90
  95662.404    10.616     0.90    7.63
  96038.927    12.863     5.97    7.35
  96415.371    14.583     4.57    7.65
  96791.737    17.659     8.17    7.47
  97168.026    21.050     9.01    7.87
  97544.237    25.799    12.62    6.96
  97920.370    28.372     6.84    5.76
  98296.426    30.003     4.34    4.30
  98672.403    30.694     1.84    3.25
  99048.304    29.723    -2.58    3.06
  99424.127    28.957    -2.04    2.55
  99799.872    28.132    -2.20    3.29
 100175.540    28.034    -0.26    3.48
 100551.131    25.530    -6.67    5.49
 100926.644    18.550   -18.59   10.56
 101302.080    11.390   -19.07   11.69
 101677.438     5.529   -15.61    8.38
 102052.720     1.986    -9.44    2.39
 102427.924     2.420     1.16    2.20
 102803.052     3.144     1.93    2.38
 103178.102     3.627     1.29    2.38
 103553.075     3.739     0.30    2.19
 103927.972     5.573     4.89    4.07
 104302.791     8.439     7.65    4.93
 104677.533    10.323     5.03    4.53
 105052.199    12.828     6.69    3.53
 105426.788    15.541     7.24    6.12
 105801.300    20.106    12.19    8.78
 106175.736    24.701    12.27    7.72
 106550.095    28.192     9.33    4.98
 106924.377    26.164    -5.42    6.85
 107298.583    21.036   -13.70    7.87
 107672.713    19.551    -3.97    7.17
 108046.766    19.304    -0.66    6.58
 108420.742    22.713     9.11    7.62
 108794.642    26.410     9.89    6.41
 109168.466    29.745     8.92    4.61
 109542.214    32.378     7.05    2.68
 109915.885    31.648    -1.95    3.04
 110289.480    29.961    -4.52    4.55
 110663.000    28.562    -3.75    5.24
 111036.443    29.016     1.22    6.56
 111409.810    28.964    -0.14    7.68
 111783.101    27.869    -2.93    8.90
 112156.316    27.279    -1.58    8.66
 112529.455    26.637    -1.72    7.62
 112902.519    26.814     0.47    5.57
 113275.506    27.214     1.07    4.96
 113648.418    26.850    -0.98    4.33
 114021.254    27.888     2.78    4.75
 114394.015    30.707     7.56    5.89
 114766.700    33.309     6.98    4.83
 115139.309    35.106     4.82    3.73
 115511.843    35.331     0.60    4.12
 115884.301    34.799    -1.43    4.03
 116256.684    34.638    -0.43    3.55
 116628.992    33.491    -3.08    3.47
 117001.224    31.440    -5.51    5.01
 117373.381    30.164    -3.43    4.96
 117745.463    29.159    -2.70    4.96
 118117.469    29.664     1.36    5.51
 118489.400    29.725     0.16    6.06
 118861.257    29.373    -0.94    6.03
 119233.038    27.228    -5.77    7.29
 119604.744    21.111   -16.45   10.03
 119976.375    14.803   -16.97   10.35
 120347.931    11.151    -9.83    9.32
 120719.412    10.293    -2.31   10.11
 121090.819    13.537     8.73   13.27
 121462.151    19.844    16.98   15.10
 121833.408    24.716    13.12   14.97
 122204.590    26.616     5.12   15.41
 122575.697    27.194     1.56   16.11
 122946.730    28.089     2.41   17.02
 123317.689    30.396     6.22   18.15
 123688.572    32.261     5.03   19.33
 124059.382    32.781     1.40   18.64
 124430.117    33.055     0.74   18.36
 124800.777    34.192     3.07   18.03
 125171.363    35.885     4.57   17.59
 125541.875    39.422     9.55   17.11
 125912.313    41.916     6.73   16.30
 126282.676    43.842     5.20   14.34
 126652.965    45.515     4.52   12.77
 127023.180    47.040     4.12   10.48
 127393.321    48.416     3.72    8.12
 127763.388    48.682     0.72    7.24
 128133.381    48.145    -1.45    7.56
 128503.300    43.561   -12.39   14.14
 128873.145    38.704   -13.13   18.22
 129242.916    32.895   -15.71   20.94
 129612.614    27.682   -14.10   22.47
 129982.237    23.739   -10.67   23.08
 130351.787    19.272   -12.09   22.73
 130721.263    16.100    -8.58   21.95
 131090.666    10.377   -15.49   17.85
 131459.995     5.943   -12.00   12.17
 131829.250     2.149   -10.28    2.94
 132198.432     1.594    -1.50    0.00
 132567.540     1.594     0.00    0.00
 132936.575     1.794     0.54    1.34
 133305.537     2.803     2.73    3.96
 133674.425     5.083     6.18    6.89
 134043.240     7.272     5.93    7.97
 134411.982     9.254     5.37    8.40
 134780.650    12.180     7.94    8.25
 135149.246    13.736     4.22    7.44
 135517.768    15.617     5.11    6.34
 135886.217    17.444     4.96    4.99
 136254.593    18.737     3.51    2.81
 136622.896    19.866     3.06    1.84
 136991.126    20.399     1.45    1.20
 137359.283    20.484     0.23    1.09
 137727.367    20.316    -0.46    1.38
 138095.379    20.166    -0.41    1.35
 138463.318    19.971    -0.53    1.43
 138831.184    19.450    -1.42    1.67
 139198.977    19.159    -0.79    1.61
 139566.698    19.117    -0.12    1.47
 139934.346    19.383     0.72    1.46
 140301.921    19.908     1.43    1.31
 140669.424    20.361     1.23    1.03
 141036.854    20.606     0.67    1.32
 141404.212    20.888     0.77    1.31
 141771.498    21.020     0.36    1.23
 142138.711    21.040     0.06    1.37
 142505.852    21.066     0.07    1.73
 142872.921    20.638    -1.16    2.01
 143239.917    20.483    -0.42    1.97
 143606.842    20.606     0.33    1.85
 143973.694    21.056     1.23    1.56
 144340.474    21.089     0.09    1.53
 144707.182    20.728    -0.98    1.52
 145073.818    19.653    -2.93    2.19
 145440.382    18.044    -4.39    2.37
 145806.874    16.698    -3.67    2.48
 146173.294    15.205    -4.07    2.19
 146539.642    14.697    -1.39    2.02
 146905.919    13.594    -3.01    2.02
 147272.124    13.216    -1.03    1.78
 147638.257    12.772    -1.21    1.59
 148004.318    12.616    -0.43    1.53
 148370.308    13.134     1.42    1.45
 148736.226    13.272     0.37    1.49
 149102.072    13.362     0.25    1.29
 149479.553    13.462     0.27    1.46
 149860.274    13.571     0.29    2.72
 150240.918    12.639    -2.45    4.88
 150621.482    11.943    -1.83    6.49
 151001.969    10.145    -4.73    7.43
 151382.377     7.900    -5.90    7.44
 151762.707     6.221    -4.42    6.97
 152142.958     3.778    -6.42    4.85
 152523.132     2.792    -2.59    3.41
 152903.227     2.295    -1.31    2.84
 153283.244     3.272     2.57    4.83
 153663.183     2.886    -1.01    4.25
 154043.044     2.261    -1.65    3.02
 154422.827     1.594    -1.76    0.00
 154802.532     1.594     0.00    0.00
 155182.160     1.639     0.12    0.42
 155561.709     1.912     0.72    1.71
 155941.181     2.539     1.65    3.59
 156320.575     3.060     1.37    4.61
 156699.892     3.946     2.33    5.79
 157079.130     4.031     0.22    5.77
 157458.292     3.363    -1.76    4.96
 157837.375     2.231    -2.99    2.99
 158216.382     1.616    -1.62    0.21
 158595.310     1.617     0.00    0.21
 158974.162     1.888     0.72    1.75
 159352.936     3.169     3.38    5.99
 159731.633     6.214     8.04   11.59
 160110.252     9.222     7.94   14.98
 160488.794    13.323    10.83   17.59
 160867.260    16.966     9.63   19.50
 161245.648    21.920    13.09   22.05
 161623.959    25.225     8.73   22.75
 162002.193    24.250    -2.58   22.09
 162380.350    21.011    -8.56   20.73
 162758.430    14.352   -17.61   17.86
 163136.433     9.416   -13.06   14.23
 163514.360     4.414   -13.23    8.48
 163892.209     2.070    -6.20    2.86
 164269.982     1.628    -1.17    0.32
 164647.678     1.594    -0.09    0.00
 165025.298     2.316     1.91    3.30
 165402.841     3.338     2.71    4.94
 165780.307     4.225     2.35    5.90
 166157.697     5.847     4.30    7.43
 166535.011     7.001     3.06    8.29
 166912.248    10.089     8.18   12.08
 167289.409    14.385    11.39   15.97
 167666.493    18.740    11.55   17.96
 168043.501    23.339    12.20   18.81
 168420.433    24.853     4.02   19.86
 168797.289    22.990    -4.94   19.74
 169174.068    21.640    -3.58   19.36
 169550.772    18.309    -8.84   17.95
 169927.399    16.606    -4.52   16.48
 170303.951    14.232    -6.30   16.08
 170680.426    12.790    -3.83   16.25
 171056.826    10.145    -7.03   15.34
 171433.149     7.492    -7.05   12.91
 171809.397     4.931    -6.80    9.34
 172185.570     3.594    -3.55    6.97
 172561.666     2.473    -2.98    3.97
 172937.687     1.985    -1.30    2.14
 173313.632     2.682     1.85    4.35
 173689.501     3.083     1.07    5.64
 174065.295     3.650     1.51    7.16
 174441.014     3.235    -1.10    6.56
 174816.657     2.283    -2.53    3.57
 175192.224     1.650    -1.68    0.38
 175567.717     1.594    -0.15    0.00
 175943.133     1.594     0.00    0.00
 176318.475     1.594     0.00    0.00
 176693.741     1.594     0.00    0.00
 177068.933     1.594     0.00    0.00
 177444.049     1.827     0.62    1.52
 177819.090     2.516     1.84    3.52
 178194.056     3.441     2.47    5.00
 178568.947     4.325     2.36    5.74
 178943.763     5.385     2.83    6.33
 179318.504     6.028     1.71    6.70
 179693.170     7.100     2.86    7.22
 180067.761     7.495     1.06    7.44
 180442.278     8.083     1.57    8.05
 180816.720     8.265     0.49    8.36
 181191.087     8.330     0.17    8.72
 181565.379     8.473     0.38    9.04
 181939.597     8.297    -0.47    8.94
 182313.740     8.407     0.30    8.88
 182687.809     8.535     0.34    8.76
 183061.803     8.134    -1.07    8.52
 183435.723     8.570     1.17    8.81
 183809.569     8.883     0.84    9.07
 184183.340     9.451     1.52    9.12
 184557.037    10.010     1.49    9.24
 184930.659    10.880     2.33    9.30
 185304.208    11.805     2.48    8.84
 185677.682    12.273     1.25    8.51
 186051.082    12.693     1.13    7.68
 186424.408    12.827     0.36    7.57
 186797.660    13.083     0.69    7.79
 187170.838    13.162     0.21    8.06
 187543.942    13.825     1.78    8.46
 187916.972    14.026     0.54    8.84
 188289.929    15.361     3.58    9.23
 188662.811    16.123     2.04    9.47
 189035.620    17.972     4.96    9.67
 189408.355    18.356     1.03    9.66
 189781.016    18.032    -0.87    8.88
 190153.604    16.525    -4.04    8.32
 190526.118    15.583    -2.53    7.71
 190898.558    15.628     0.12    7.90
 191270.925    16.808     3.17    7.70
 191643.219    18.100     3.47    7.09
 192015.439    20.527     6.52    3.82
 192387.585    21.026     1.34    1.32
 192759.659    19.698    -3.57    4.02
 193131.659    18.044    -4.45    6.18
 193503.585    14.974    -8.25    7.86
 193875.439    12.594    -6.40    8.32
 194247.219    10.276    -6.23    7.78
 194618.927     7.328    -7.93    5.90
 194990.561     5.307    -5.44    3.06
 195362.122     4.594    -1.92    0.00
 195733.610     4.630     0.10    0.33
 196105.025     5.347     1.93    2.11
 196476.368     6.924     4.24    3.17
 196847.637     9.403     6.68    4.12
 197218.834    11.118     4.62    3.50
 197589.957    12.561     3.89    2.18
 197961.009    13.362     2.16    1.49
 198331.987    12.928    -1.17    2.05
 198702.893    11.652    -3.44    3.65
 199073.726     9.718    -5.21    4.39
 199444.486     8.639    -2.91    4.19
 199815.174     7.605    -2.79    3.81
 200185.790     7.390    -0.58    3.73
 200556.333     7.628     0.64    3.70
 200926.803     7.201    -1.15    3.44
 201297.202     7.401     0.54    3.34
 201667.528     8.239     2.26    3.51
 202037.781     9.504     3.42    3.37
 202407.963     9.920     1.12    3.61
 202778.072     9.491    -1.16    4.36
 203148.109     9.205    -0.77    4.76
 203518.074     8.947    -0.70    5.29
 203887.967     8.875    -0.19    5.63
 204257.788     8.666    -0.57    5.91
 204627.537     8.650    -0.04    5.75
 204997.214     8.332    -0.86    5.40
 205366.819     8.808     1.29    4.82
 205736.352    10.744     5.24    3.81
 206105.814    13.005     6.12    2.87
 206475.203    12.767    -0.65    4.82
 206844.521    10.416    -6.36    6.90
 207213.767     7.901    -6.81    7.42
 207582.942     4.841    -8.29    6.05
 207952.045     3.909    -2.53    4.29
 208321.076     4.731     2.23    4.53
 208690.036     4.272    -1.24    4.03
 209058.924     4.043    -0.62    3.83
 209427.741     4.407     0.99    3.88
 209796.487     4.315    -0.25    3.70
 210165.161     3.799    -1.40    3.47
 210533.764     3.305    -1.34    3.06
 210902.295     3.089    -0.59    2.72
 211270.756     3.028    -0.16    2.59
 211639.145     3.856     2.25    3.05
 212007.463     4.721     2.35    3.19
 212375.709     5.731     2.74    3.11
 212743.885     6.728     2.71    2.68
 213111.990     7.416     1.87    1.87
 213480.024     7.969     1.50    0.86
 213847.986     7.856    -0.31    0.47
 214215.878     7.878     0.06    0.45
 214583.699     8.037     0.43    0.50
 214951.450     8.219     0.49    0.57
 215319.129     8.171    -0.13    0.94
 215686.738     7.505    -1.81    1.47
 216054.276     6.761    -2.03    1.72
 216421.743     6.916     0.42    1.69
 216789.139     7.118     0.55    1.62
 217156.466     7.268     0.41    1.67
 217523.721     7.341     0.20    1.69
 217890.906     7.100    -0.66    1.73
 218258.021     7.503     1.10    2.08
 218625.065     8.401     2.45    2.12
 218992.038     9.226     2.25    1.66
 219358.942     9.387     0.44    1.52
 219725.775     8.799    -1.60    1.52
 220092.538     8.559    -0.65    1.61
 220459.230     9.089     1.44    1.80
 220825.853     9.785     1.90    2.00
 221192.405    10.111     0.89    1.87
 221558.887     9.804    -0.84    1.74
 221925.299    10.050     0.67    2.07
 222291.641    11.629     4.31    2.94
 222657.914    13.083     3.97    2.51
 223024.116    14.201     3.05    2.14
 223390.248    15.197     2.72    1.78
 223756.310    16.276     2.95    2.49
 224129.534    17.433     3.10    2.63
 224510.100    18.364     2.45    2.31
 224890.589    19.192     2.17    2.24
 225271.001    20.560     3.60    2.67
 225651.337    23.140     6.78    4.80
 226031.597    25.174     5.35    4.70
 226411.781    27.663     6.55    3.49
 226791.889    29.234     4.13    3.24
 227171.920    30.435     3.16    3.65
 227551.876    32.722     6.02    3.99
 227931.755    34.972     5.92    3.52
 228311.559    36.501     4.03    3.92
 228691.286    39.172     7.03    4.48
 229070.938    41.166     5.25    4.77
 229450.513    43.695     6.66    4.52
 229830.013    46.192     6.58    4.93
 230209.438    49.606     9.00    5.80
 230588.786    51.838     5.88    4.83
 230968.059    52.140     0.79    4.38
 231347.256    51.830    -0.82    4.36
 231726.377    51.111    -1.89    3.54
 232105.423    51.001    -0.29    3.20
 232484.394    50.947    -0.14    3.47
 232863.289    49.652    -3.42    4.47
 233242.108    48.201    -3.83    4.99
 233620.852    47.295    -2.39    4.27
 233999.521    46.997    -0.79    3.99
 234378.115    45.778    -3.22    5.02
 234756.633    44.882    -2.37    5.65
 235135.077    45.594     1.88    5.51
 235513.445    46.844     3.30    4.77
 235891.738    48.341     3.96    4.63
 236269.956    47.479    -2.28    6.88
 236648.099    45.435    -5.40    8.08
 237026.167    44.479    -2.53    7.11
 237404.160    43.650    -2.19    5.34
 237782.078    45.129     3.91    4.02
 238159.921    46.640     4.00    4.29
 238537.690    47.943     3.45    5.33
 238915.383    45.969    -5.23    7.06
 239293.002    45.582    -1.02    6.94
 239670.547    47.890     6.11    7.49
 240048.017    51.865    10.53    7.61
 240425.412    59.003    18.91    8.37
 240802.733    65.935    18.37    9.80
 241179.979    74.572    22.89   11.51
 241557.151    83.951    24.86   10.90
 241934.248    91.901    21.08    9.79
 242311.271    98.704    18.04    6.83
 242688.220   103.698    13.25    4.18
 243065.094   107.314     9.59    4.02
 243441.895   110.174     7.59    4.71
 243818.621   113.273     8.22    5.11
 244195.273   115.716     6.49    5.41
 244571.851   117.533     4.82    5.47
 244948.354   119.605     5.50    4.65
 245324.784   121.438     4.87    5.35
 245701.140   123.571     5.67    4.76
 246077.422   125.387     4.82    3.82
 246453.630   125.606     0.58    3.53
 246829.764   125.016    -1.57    3.46
 247205.825   124.935    -0.21    3.61
 247581.812   125.951     2.70    4.14
 247957.725   127.839     5.02    4.69
 248333.564   130.382     6.77    5.45
 248709.330   133.117     7.28    5.27
 249085.022   134.785     4.44    5.14
 249460.641   135.810     2.73    4.65
 249836.186   135.309    -1.34    4.24
 250211.657   134.219    -2.90    4.15
 250587.056   133.594    -1.66    3.60
 250962.381   134.412     2.18    3.69
 251337.632   136.300     5.03    3.60
 251712.811   137.151     2.27    3.36
 252087.916   136.987    -0.44    4.16
 252462.948   136.867    -0.32    4.73
 252837.907   136.059    -2.16    4.74
 253212.792   135.912    -0.39    4.70
 253587.605   135.024    -2.37    5.24
 253962.345   133.242    -4.76    6.25
 254337.011   131.088    -5.75    7.39
 254711.605   129.089    -5.34    6.42
 255086.126   128.261    -2.21    4.92
 255460.574   128.412     0.40    4.21
 255834.949   129.499     2.90    4.04
 256209.251   129.981     1.29    3.36
 256583.481   129.877    -0.28    2.76
 256957.638   130.774     2.40    2.75
 257331.722   131.749     2.61    2.54
 257705.734   132.560     2.17    2.94
 258079.673   133.763     3.22    3.51
 258453.540   134.594     2.22    3.59
 258827.334   136.189     4.27    3.78
 259201.056   138.276     5.58    4.99
 259574.706   141.773     9.36    6.04
 259948.283   144.861     8.26    5.34
 260321.787   146.106     3.33    4.21
 260695.220   147.344     3.31    3.17
 261068.580   147.265    -0.21    3.05
 261441.868   148.479     3.25    3.24
 261815.084   150.421     5.20    2.25
 262188.228   150.878     1.22    2.13
 262561.300   150.594    -0.76    2.67
 262934.300   149.939    -1.76    2.67
 263307.228   149.302    -1.71    2.50
 263680.084   148.492    -2.17    3.04
 264052.868   147.289    -3.23    4.64
 264425.580   145.479    -4.86    4.83
 264798.220   144.375    -2.96    4.05
 265170.789   143.870    -1.35    3.73
 265543.286   145.106     3.32    4.02
 265915.711   144.394    -1.91    4.29
 266288.065   143.535    -2.31    4.01
 266660.347   143.992     1.23    4.64
 267032.557   144.523     1.43    5.01
 267404.696   146.089     4.21    5.03
 267776.763   148.292     5.92    5.57
 268148.759   149.280     2.66    5.63
 268520.684   150.853     4.23    4.67
 268892.537   151.785     2.51    4.33
 269264.319   152.862     2.89    4.88
 269636.030   154.699     4.94    5.08
 270007.669   156.629     5.19    5.47
 270379.238   159.218     6.97    5.36
 270750.735   160.912     4.56    4.18
 271122.161   161.469     1.50    3.02
 271493.516   160.830    -1.72    2.70
 271864.799   160.501    -0.88    2.67
 272236.012   159.943    -1.50    2.50
 272607.154   159.920    -0.06    2.08
 272978.225   160.503     1.57    2.00
 273349.226   160.273    -0.62    1.91
 273720.155   159.962    -0.84    2.35
 274091.014   159.865    -0.26    2.56
 274461.801   160.698     2.25    3.27
 274832.519   162.161     3.95    3.29
 275203.165   163.997     4.95    3.81
 275573.741   166.411     6.51    4.21
 275944.246   169.538     8.44    5.03
 276314.681   172.119     6.96    4.58
 276685.045   173.686     4.23    4.98
 277055.339   174.728     2.81    5.03
 277425.562   174.997     0.72    4.86
 277795.715   174.920    -0.21    4.68
 278165.798   174.310    -1.65    4.16
 278535.810   173.987    -0.87    3.59
 278905.752   173.966    -0.06    3.18
 279275.624   174.548     1.57    2.85
 279645.426   175.502     2.58    2.29
 280015.157   175.757     0.69    2.25
 280384.819   176.778     2.76    2.59
 280754.410   176.806     0.08    2.82
 281123.931   176.318    -1.32    3.14
 281493.382   175.164    -3.12    3.93
 281862.764   172.897    -6.14    4.01
 282232.075   171.128    -4.79    3.44
 282601.317   170.558    -1.54    2.45
 282970.489   170.905     0.94    2.38
 283339.591   171.844     2.55    3.04
 283708.623   172.330     1.32    3.93
 284077.585   172.216    -0.31    4.21
 284446.478   171.765    -1.22    3.84
 284815.302   171.643    -0.33    3.63
 285184.055   172.447     2.18    3.41
 285552.739   173.679     3.34    3.54
 285921.354   174.708     2.79    3.75
 286289.899   175.630     2.50    3.35
 286658.375   177.106     4.01    3.13
 287026.781   178.129     2.78    2.97
 287395.118   178.935     2.19    2.49
 287763.385   179.418     1.31    2.28
 288131.584   178.709    -1.92    2.85
 288499.713   176.935    -4.82    3.97
 288867.773   174.761    -5.91    3.51
 289235.763   173.466    -3.52    2.59
 289603.685   172.312    -3.14    2.19
 289971.538   170.560    -4.76    3.69
 290339.321   167.643    -7.93    4.15
 290707.036   165.537    -5.72    3.55
 291074.681   163.826    -4.65    3.66
 291442.258   162.433    -3.79    4.98
 291809.765   159.679    -7.49    6.37
 292177.204   154.787   -13.31    7.30
 292544.574   151.001   -10.30    6.23
 292911.875   148.338    -7.25    4.49
 293279.108   147.962    -1.02    3.96
 293646.272   149.958     5.43    4.87
 294013.367   153.582     9.87    7.18
 294380.394   159.203    15.31    8.77
 294747.351   164.905    15.53    8.50
 295114.241   170.088    14.13    7.92
 295481.062   172.901     7.67    8.01
 295847.814   174.868     5.36    7.56
 296214.498   177.350     6.77    5.90
 296581.114   180.424     8.38    6.05
 296947.661   185.652    14.26    7.86
 297314.140   191.277    15.35    7.01
 297680.551   196.176    13.37    4.85
 298046.893   197.408     3.36    3.31
 298413.168   194.513    -7.90    6.06
 298782.474   190.943    -9.66    6.60
 299162.883   187.897    -8.01    4.32
 299543.217   187.277    -1.63    2.42
 299923.477   187.652     0.98    2.20
 300303.663   186.908    -1.96    3.11
 300683.774   183.031   -10.20    6.10
 301063.811   178.212   -12.68    6.85
 301443.774   173.026   -13.64    6.94
 301823.663   168.207   -12.68    4.20
 302203.478   165.674    -6.67    3.13
 302583.219   163.984    -4.45    2.02
 302962.886   162.151    -4.83    3.42
 303342.479   160.213    -5.10    3.92
 303721.998   158.469    -4.59    3.29
 304101.443   156.712    -4.63    2.38
 304480.814   155.208    -3.96    3.09
 304860.112   152.994    -5.83    3.59
 305239.335   151.135    -4.90    3.18
 305618.486   149.219    -5.05    2.46
 305997.562   147.904    -3.47    2.90
 306376.565   146.036    -4.93    3.77
 306755.494   144.199    -4.85    3.38
 307134.350   142.376    -4.81    2.35
 307513.132   141.197    -3.11    2.07
 307891.841   139.031    -5.72    4.24
 308270.477   134.522   -11.91    8.03
 308649.039   129.445   -13.41    9.87
 309027.528   126.792    -7.01    9.58
 309405.943   127.606     2.15    8.26
 309784.286   129.850     5.93    6.76
 310162.555   130.640     2.09    5.85
 310540.751   128.594    -5.41    6.05
 310918.874   125.675    -7.72    6.34
 311296.924   121.802   -10.24    6.02
 311674.901   114.226   -20.04   12.38
 312052.805   102.257   -31.67   17.72
 312430.636    88.077   -37.52   19.50
 312808.394    73.594   -38.33   14.37
 313186.079    64.373   -24.41   10.11
 313563.692    57.827   -17.33    6.97
 313941.231    55.536    -6.07    6.73
 314318.698    54.768    -2.03    7.00
