# NaN NaN NaN ;Mean Elev.(m), Avg Gradient(m/km), RMS Gradient(m/km) - SRTM1     
#   44.269  -0.845   4.579 ;Mean Elev.(m), Avg Gradient(m/km), RMS Gradient(m/km) - ASTER GDEM
#   43.959  -0.850   3.849 ;Mean Elev.(m), Avg Gradient(m/km), RMS Gradient(m/km) - GMTED2010 
  7  81.286409  59.062458    53.806    53.806  2 52452.23105050 29.659
  8  81.289565  59.059977    51.479    51.479  2 52487.23103231 29.975
  9  81.286004  59.063030    49.815    49.815  2 52522.23100250 33.939
 11  81.288574  59.064710    49.010    49.010  2 52592.23104836 49.548
 12  81.307475  59.054397    48.963    49.002  3 52627.23096690 18.557
 13  81.291061  59.062120    49.984    49.984  2 52662.23101193 15.077
 14  81.304806  59.056229    49.286    49.405  3 52697.23098957 13.231
 15  81.296012  59.057552    48.269    48.269  2 52732.23101301 17.388
 16  81.281313  59.067597    53.133    53.133  2 52767.23102039 34.300
 17  81.302207  59.056955    53.430    53.430  2 52802.23103090 32.090
 18  81.299215  59.056610    48.753    48.753  2 52837.23109629 48.475
 19  81.296458  59.058839    47.678    47.678  2 52872.23113633 48.137
 20  81.291780  59.060994    48.712    48.712  2 52907.23112596 31.765
 21  81.305752  59.055216    46.391    46.452  3 52942.23105511 34.224
 23  81.287418  59.063023    48.845    48.845  2 53012.23110990 15.950
 24  81.296771  59.057119    47.862    47.862  2 53047.23107771 17.157
 25  81.285059  59.064230    51.201    51.109  3 53082.23111163 12.165
 26  81.294457  59.059562    49.616    49.616  2 53117.23108248 18.311
 27  81.289393  59.060989    53.374    53.374  2 53152.23113137 28.753
 28  81.299592  59.056663    52.255    52.255  2 53187.23111894 28.883
 29  81.289958  59.060295    51.246    51.246  2 53222.23114125 22.894
 30  81.282014  59.065507    50.415    50.970  3 53257.23111655 23.767
 31  81.292209  59.059278    49.410    49.410  2 53292.23113473 25.138
 35  81.289272  59.062404    49.443    49.443  2 53432.23107665 14.823
 36  81.299185  59.058253    51.228    51.228  2 53467.23111209 10.487
 37  81.287995  59.063400    52.852    52.852  2 53502.23116407 31.472
 38  81.290054  59.059996    51.472    51.472  2 53537.23115725 30.133
 39  81.285849  59.062818    51.102    51.102  2 53572.23116135 22.027
 40  81.283846  59.065119    49.890    50.773  3 53607.23110974 25.127
 41  81.297791  59.057733    48.853    48.853  2 53642.23111141 17.326
 42  81.287991  59.062640    50.154    50.154  2 53677.23112984 18.016
 43  81.288573  59.062466    48.843    48.843  2 53712.23105890 22.805
 44  81.305949  59.055634    48.574    48.574  2 53747.23097173 19.317
 45  81.293658  59.058320    48.776    48.776  2 53782.23100260 16.212
 46  81.283740  59.063779    49.698    49.563  3 53817.23096748 13.512
 47  81.294458  59.059390    48.218    48.218  2 53852.23104040 22.663
 48  81.301185  59.058398    53.505    53.505  2 53887.23104624 52.459
 49  81.286366  59.063869    52.254    52.238  3 53922.23111705 28.933
 50  81.284825  59.065707    51.070    51.628  3 53957.23111173 23.482
 51  81.307793  59.055990    48.107    48.046  3 53992.23103614 42.661
 52  81.300717  59.058250    49.901    49.901  2 54027.23109948 22.318
 53  81.294833  59.058619    49.047    49.047  2 54062.23109332 32.250
 55  81.300747  59.057181    48.809    48.870  3 54132.23101530 16.380
 56  81.287327  59.063489    49.800    49.800  2 54167.23103644 13.379
 57  81.298267  59.058476    47.929    47.929  2 54202.23101867 23.976
 58  81.294703  59.058954    54.047    54.047  2 54237.23105412 33.856
 59  81.291714  59.059866    54.713    54.713  2 54272.23107360 48.462
 60  81.294637  59.061143    52.001    52.001  2 54307.23107565 31.987
 61  81.287877  59.061923    48.672    48.672  2 54342.23105574 50.127
 62  81.295367  59.057630    47.322    47.322  2 54377.23101134 42.200
 63  81.291880  59.062626    50.626    50.626  2 54412.23100279 26.895
 64  81.299548  59.057571    48.518    48.518  2 54447.23097645 20.433
 66  81.300271  59.058665    48.953    48.953  2 54517.23099024 17.125
 67  81.286935  59.061913    48.758    48.758  2 54552.23100802  9.037
 68  81.295297  59.059850    53.459    53.459  2 54587.23098560 43.041
 69  81.291195  59.059942    52.777    52.777  2 54622.23100428 42.057
 70  81.289841  59.059555    51.384    51.384  2 54657.23101394 25.819
 71  81.288866  59.060546    49.152    49.152  2 54692.23099693 31.970
 72  81.297806  59.056972    50.115    50.115  2 54727.23096662 19.777
 73  81.291254  59.060974    47.709    47.709  2 54762.23097429 52.625
 74  81.299124  59.056561    50.397    50.397  2 54797.23096010 27.497
 75  81.291881  59.061457    49.651    49.651  2 54832.23096353 15.786
 76  81.299427  59.056772    49.043    49.043  2 54867.23095572 16.030
 77  81.286752  59.063574    49.881    49.881  2 54902.23097364 14.439
 78  81.296845  59.059081    50.496    50.496  2 54937.23094511 30.522
 79  81.294806  59.060611    53.274    53.274  2 54972.23097769 36.181
 80  81.289524  59.061359    52.643    52.643  2 55007.23099531 26.741
 81  81.293855  59.061232    50.931    50.931  2 55042.23098379 42.797
 82  81.289022  59.063777    51.095    51.095  2 55077.23096310 23.905
 83  81.296110  59.058375    50.221    50.221  2 55112.23091695 18.848
 84  81.291249  59.062456    50.076    50.076  2 55147.23091787 29.987
 85  81.299148  59.056336    49.000    49.000  2 55182.23089686 19.363
 86  81.289419  59.061126    49.327    49.327  2 55217.23091393 14.773
 87  81.298641  59.057286    48.731    48.731  2 55252.23089327 13.436
 88  81.286829  59.063902    51.079    51.079  2 55287.23090560 15.242
 89  81.290861  59.061355    52.758    52.758  2 55322.23088128 34.342
 90  81.290947  59.061716    54.531    54.531  2 55357.23088092 36.180
 91  81.294999  59.057855    53.350    53.350  2 55392.23088349 50.858
 92  81.293720  59.060601    50.852    50.852  2 55427.23089723 30.174
 93  81.287746  59.061966    51.672    51.672  2 55462.23086279 24.507
