-254627.000    70.327     0.00    2.12
-254253.079    71.109     2.09    2.18
-253879.104    72.246     3.04    2.28
-253505.076    74.368     5.67    2.85
-253130.994    76.014     4.40    2.97
-252756.859    78.014     5.34    3.09
-252382.671    80.157     5.72    2.95
-252008.429    80.797     1.71    2.86
-251634.134    80.534    -0.70    2.93
-251259.785    79.803    -1.95    3.04
-250885.383    78.304    -4.00    2.49
-250510.927    77.662    -1.72    2.27
-250136.417    76.779    -2.35    2.14
-249761.854    76.088    -1.84    1.67
-249387.238    75.739    -0.93    1.67
-249012.568    74.676    -2.84    1.31
-248637.844    74.700     0.06    2.08
-248263.066    75.667     2.58    2.98
-247888.235    77.328     4.43    3.54
-247513.350    80.000     7.12    3.66
-247138.411    81.515     4.04    3.44
-246763.419    82.957     3.85    3.62
-246388.372    83.308     0.93    3.88
-246013.272    82.353    -2.54    3.87
-245638.118    81.453    -2.40    3.53
-245262.910    79.603    -4.93    2.73
-244887.649    78.394    -3.22    1.98
-244512.333    78.343    -0.14    2.06
-244136.964    79.118     2.06    2.84
-243761.540    80.174     2.81    3.04
-243386.062    80.232     0.15    3.17
-243010.531    79.400    -2.21    3.42
-242634.945    78.371    -2.74    3.38
-242259.306    77.343    -2.74    2.51
-241883.612    76.853    -1.30    1.79
-241507.864    77.016     0.43    2.10
-241132.062    76.412    -1.61    2.33
-240756.206    75.203    -3.21    2.55
-240380.296    74.352    -2.26    2.28
-240004.331    73.353    -2.66    1.86
-239628.312    72.900    -1.20    2.01
-239252.239    72.269    -1.68    2.32
-238876.112    71.261    -2.68    2.13
-238499.930    70.357    -2.40    2.14
-238123.694    69.868    -1.30    2.52
-237747.404    70.290     1.12    2.83
-237371.059    70.721     1.14    3.20
-236994.660    71.691     2.58    3.43
-236618.207    71.848     0.42    3.75
-236241.699    70.606    -3.30    5.14
-235865.136    66.529   -10.82    7.83
-235488.519    61.324   -13.82    8.51
-235111.848    56.618   -12.49    6.91
-234735.122    54.486    -5.66    3.99
-234358.341    54.729     0.64    3.40
-233981.506    55.250     1.38    3.14
-233604.616    56.058     2.14    2.55
-233227.671    56.044    -0.04    2.41
-232850.672    56.456     1.09    2.27
-232473.618    57.333     2.33    1.80
-232096.510    57.271    -0.16    1.55
-231719.346    57.627     0.94    2.28
-231342.128    58.056     1.14    2.71
-230964.855    58.343     0.76    2.86
-230587.527    59.471     2.99    3.12
-230210.145    60.606     3.00    3.38
-229832.707    62.250     4.36    3.63
-229455.215    65.329     8.15    3.12
-229077.668    67.046     4.55    2.61
-228700.065    67.750     1.86    2.17
-228322.408    68.354     1.60    2.40
-227944.696    68.643     0.77    2.64
-227566.929    68.768     0.33    2.88
-227189.106    69.676     2.40    2.02
-226811.229    69.632    -0.12    1.79
-226433.297    69.060    -1.51    1.65
-226055.309    68.268    -2.10    1.72
-225677.266    67.691    -1.52    1.98
-225299.168    67.100    -1.56    2.77
-224921.015    66.576    -1.39    2.91
-224542.807    66.882     0.81    3.09
-224164.543    67.426     1.44    3.11
-223786.224    67.162    -0.70    3.47
-223407.850    66.971    -0.50    3.41
-223029.421    67.451     1.27    3.82
-222650.936    68.141     1.82    3.69
-222272.396    69.493     3.57    1.94
-221893.800    70.000     1.34    1.67
-221515.149    69.939    -0.16    1.45
-221136.443    69.592    -0.92    1.63
-220757.681    69.328    -0.69    1.85
-220378.863    69.159    -0.45    1.67
-219999.990    69.243     0.22    1.54
-219621.062    69.638     1.04    1.53
-219242.077    69.623    -0.04    1.69
-218865.117    69.206    -1.11    1.75
-218496.825    68.800    -1.10    1.92
-218128.482    68.441    -0.97    1.77
-217760.086    68.352    -0.24    1.87
-217391.639    67.493    -2.33    2.57
-217023.139    66.704    -2.14    2.57
-216654.586    66.206    -1.35    2.40
-216285.982    65.915    -0.79    2.16
-215917.325    65.910    -0.01    2.21
-215548.615    64.647    -3.43    3.00
-215179.853    62.868    -4.82    4.31
-214811.039    59.397    -9.41    5.23
-214442.173    56.000    -9.21    5.55
-214073.254    52.521    -9.43    5.50
-213704.282    49.455    -8.31    4.89
-213335.258    46.932    -6.83    3.34
-212966.182    45.682    -3.39    2.88
-212597.053    44.133    -4.19    3.64
-212227.871    42.121    -5.45    3.22
-211858.637    41.116    -2.72    2.25
-211489.350    41.224     0.29    2.35
-211120.011    42.985     4.77    3.13
-210750.618    45.062     5.62    2.92
-210381.174    47.382     6.28    3.24
-210011.676    49.773     6.47    3.85
-209642.126    51.197     3.85    3.43
-209272.523    52.594     3.78    2.57
-208902.867    53.141     1.48    2.11
-208533.159    53.435     0.79    1.70
-208163.397    54.986     4.19    2.62
-207793.583    56.706     4.65    2.82
-207423.716    58.324     4.37    2.74
-207053.796    60.362     5.51    2.73
-206683.823    62.155     4.84    3.12
-206313.797    64.159     5.42    2.98
-205943.718    65.412     3.38    2.67
-205573.587    67.348     5.23    2.91
-205203.402    68.186     2.26    2.86
-204833.164    68.943     2.04    2.63
-204462.873    69.843     2.43    1.82
-204092.529    70.211     0.99    1.91
-203722.132    70.735     1.41    1.87
-203351.682    71.211     1.28    1.66
-202981.178    71.304     0.25    1.59
-202610.622    70.845    -1.24    1.77
-202240.012    70.362    -1.30    1.92
-201869.349    70.366     0.01    1.89
-201498.633    70.162    -0.55    1.75
-201127.863    69.985    -0.48    1.72
-200757.040    69.892    -0.25    1.91
-200386.164    70.087     0.52    2.23
-200015.235    70.353     0.72    2.33
-199644.252    71.254     2.43    1.91
-199273.216    71.303     0.13    1.70
-198902.126    70.716    -1.58    1.73
-198530.983    69.606    -2.99    2.39
-198159.786    68.014    -4.29    3.21
-197788.536    67.725    -0.78    3.18
-197417.233    68.592     2.33    3.30
-197045.876    70.597     5.40    2.64
-196674.465    72.014     3.81    2.17
-196303.001    73.171     3.12    2.01
-195931.483    74.014     2.27    1.69
-195559.911    74.629     1.65    1.54
-195188.286    74.914     0.77    1.56
-194816.607    75.366     1.22    1.64
-194444.875    75.457     0.24    1.30
-194073.089    75.042    -1.12    1.69
-193701.249    74.348    -1.87    2.14
-193329.355    73.577    -2.07    2.42
-192957.407    72.754    -2.21    2.77
-192585.406    72.057    -1.87    2.99
-192213.351    70.676    -3.71    3.35
-191841.241    68.229    -6.58    3.80
-191469.078    66.262    -5.28    3.24
-191096.861    65.029    -3.31    2.55
-190724.591    64.156    -2.35    2.20
-190352.266    64.609     1.21    3.08
-189979.887    65.882     3.42    4.38
-189607.454    68.479     6.97    5.25
-189234.967    71.449     7.97    4.56
-188862.426    73.732     6.13    3.84
-188489.831    75.652     5.15    2.62
-188117.182    77.000     3.62    2.22
-187744.478    77.754     2.02    1.91
-187371.721    77.972     0.59    1.60
-186998.909    78.186     0.57    1.54
-186626.043    77.943    -0.65    1.80
-186253.123    78.464     1.40    2.06
-185880.148    79.300     2.24    1.80
-185507.120    78.743    -1.49    2.23
-185134.036    77.279    -3.92    3.05
-184760.899    76.268    -2.71    2.72
-184387.707    75.821    -1.20    2.52
-184014.461    76.274     1.21    2.17
-183641.161    76.712     1.17    1.72
-183267.806    77.000     0.77    1.65
-182894.396    75.612    -3.72    3.79
-182520.932    74.296    -3.52    4.55
-182147.414    73.899    -1.06    4.53
-181773.841    73.929     0.08    4.02
-181400.213    74.714     2.10    2.55
-181026.531    73.329    -3.71    4.06
-180652.794    71.129    -5.89    4.50
-180279.003    69.643    -3.97    4.05
-179905.157    69.200    -1.18    3.70
-179531.256    70.188     2.64    3.68
-179157.301    70.886     1.86    4.10
-178783.290    72.725     4.92    4.68
-178409.226    75.384     7.11    3.86
-178035.106    77.833     6.55    2.86
-177660.931    79.120     3.44    2.34
-177286.702    80.000     2.35    2.32
-176912.418    79.635    -0.97    2.93
-176538.079    78.942    -1.85    2.92
-176163.685    78.380    -1.50    3.04
-175789.236    77.275    -2.95    3.16
-175414.732    75.887    -3.71    3.00
-175040.173    74.743    -3.06    2.28
-174665.559    74.157    -1.56    0.99
-174290.890    74.371     0.57    0.71
-173916.166    74.514     0.38    0.76
-173541.387    74.857     0.91    1.00
-173166.553    75.221     0.97    1.21
-172791.663    75.671     1.20    1.25
-172416.719    75.955     0.76    1.16
-172041.719    75.987     0.09    1.06
-171666.664    75.727    -0.69    1.02
-171291.554    75.486    -0.64    1.05
-170916.389    75.217    -0.72    1.22
-170541.168    75.127    -0.24    1.50
-170165.892    75.169     0.11    1.96
-169790.561    75.257     0.23    2.10
-169415.174    75.571     0.84    2.18
-169039.732    76.700     3.01    2.91
-168664.234    77.211     1.36    3.06
-168288.681    77.913     1.87    3.11
-167913.073    79.056     3.04    3.22
-167537.409    79.706     1.73    3.16
-167161.690    80.342     1.69    2.68
-166785.915    79.652    -1.84    2.92
-166410.084    78.257    -3.71    2.87
-166034.198    77.580    -1.80    2.46
-165658.256    77.514    -0.18    2.62
-165282.259    78.261     1.99    2.75
-164906.206    79.268     2.68    2.70
-164530.097    79.732     1.24    2.58
-164153.933    80.225     1.31    2.35
-163777.713    80.268     0.11    1.81
-163401.437    79.882    -1.02    1.85
-163025.105    79.662    -0.59    1.73
-162648.717    79.246    -1.10    1.79
-162272.274    78.768    -1.27    1.82
-161895.775    77.985    -2.08    1.68
-161519.220    76.761    -3.25    2.11
-161142.608    75.652    -2.94    2.06
-160765.941    75.197    -1.21    1.91
-160389.218    73.671    -4.05    2.63
-160012.439    70.486    -8.45    5.42
-159635.604    65.444   -13.38    7.00
-159258.713    63.143    -6.11    5.73
-158881.766    63.944     2.12    5.95
-158504.763    67.176     8.57    6.21
-158127.703    71.271    10.86    4.69
-157750.588    74.324     8.09    2.57
-157373.416    75.457     3.01    2.03
-156996.188    76.471     2.69    1.91
-156618.904    76.829     0.95    1.98
-156241.563    75.831    -2.64    2.70
-155864.166    73.757    -5.49    5.24
-155486.713    68.901   -12.86    7.96
-155109.204    64.957   -10.45    6.90
-154731.638    64.662    -0.78    6.67
-154354.016    67.500     7.51    7.38
-153976.337    71.627    10.92    5.54
-153598.602    74.606     7.89    2.47
-153220.811    76.014     3.73    2.40
-152842.963    77.357     3.56    1.92
-152465.058    78.324     2.56    1.54
-152087.097    78.408     0.22    1.70
-151709.079    78.592     0.48    1.94
-151331.005    77.873    -1.90    2.34
-150952.874    76.855    -2.69    2.63
-150574.687    76.493    -0.96    2.45
-150196.442    76.785     0.77    2.54
-149818.142    76.812     0.07    2.72
-149439.784    76.824     0.03    2.70
-149061.369    77.380     1.47    2.62
-148682.898    77.514     0.35    2.47
-148304.370    78.694     3.12    3.12
-147925.785    78.889     0.51    3.63
-147547.144    78.275    -1.62    4.03
-147168.445    77.041    -3.26    3.86
-146789.690    75.179    -4.92    1.67
-146410.877    75.107    -0.19    1.06
-146032.008    75.182     0.20    1.09
-145653.081    75.178    -0.01    1.15
-145274.098    75.130    -0.13    1.10
-144895.057    75.417     0.76    1.51
-144515.960    75.789     0.98    1.53
-144136.805    75.972     0.48    1.42
-143768.332    76.141     0.46    1.28
-143400.153    76.357     0.59    1.76
-143031.921    76.423     0.18    1.89
-142663.635    76.268    -0.42    2.08
-142295.295    76.310     0.11    2.03
-141926.902    76.514     0.55    2.28
-141558.455    77.042     1.43    2.96
-141189.955    77.377     0.91    3.56
-140821.400    76.493    -2.40    4.00
-140452.793    75.529    -2.62    4.03
-140084.131    75.507    -0.06    4.18
-139715.416    75.696     0.51    3.91
-139346.647    77.247     4.21    3.82
-138977.824    77.900     1.77    3.48
-138608.947    77.577    -0.87    3.78
-138240.017    76.116    -3.96    3.76
-137871.032    75.542    -1.56    3.31
-137501.994    76.029     1.32    2.92
-137132.902    76.324     0.80    3.14
-136763.756    75.275    -2.84    3.69
-136394.555    74.058    -3.30    3.88
-136025.301    73.152    -2.45    4.41
-135655.993    72.275    -2.37    4.60
-135286.631    71.103    -3.17    5.56
-134917.215    68.729    -6.43    6.63
-134547.745    65.588    -8.50    7.71
-134178.220    63.233    -6.37    6.89
-133808.642    60.868    -6.40    5.89
-133439.009    59.413    -3.93    4.99
-133069.322    58.500    -2.47    4.50
-132699.581    57.373    -3.05    4.43
-132329.785    57.182    -0.52    4.20
-131959.936    58.068     2.39    4.57
-131590.032    60.418     6.35    5.33
-131220.074    63.095     7.23    4.56
-130850.061    64.304     3.27    3.13
-130479.994    65.139     2.25    2.28
-130109.873    66.159     2.76    2.55
-129739.697    66.789     1.70    3.07
-129369.467    66.928     0.37    3.20
-128999.183    67.111     0.50    2.97
-128628.843    68.057     2.55    3.19
-128258.450    67.972    -0.23    2.85
-127888.002    68.493     1.41    3.20
-127517.499    68.169    -0.87    3.36
-127146.942    67.127    -2.81    3.34
-126776.330    66.028    -2.96    2.55
-126405.663    64.958    -2.89    0.75
-126034.942    64.761    -0.53    0.80
-125664.166    64.583    -0.48    0.73
-125293.336    64.514    -0.19    0.74
-124922.451    64.306    -0.56    0.72
-124551.511    64.070    -0.63    0.83
-124180.516    63.945    -0.34    0.86
-123809.466    63.714    -0.62    0.89
-123438.362    63.333    -1.03    0.98
-123067.202    63.000    -0.90    1.09
-122695.988    62.986    -0.04    0.96
-122324.719    63.314     0.88    1.11
-121953.395    63.676     0.97    1.12
-121582.016    63.897     0.60    1.08
-121210.582    63.797    -0.27    1.02
-120839.093    63.646    -0.41    1.05
-120467.549    63.386    -0.70    1.30
-120095.950    63.074    -0.84    1.52
-119724.296    63.652     1.56    3.10
-119352.586    63.441    -0.57    3.70
-118980.822    62.535    -2.44    3.94
-118609.002    61.300    -3.32    3.29
-118237.127    59.625    -4.50    1.12
-117865.197    59.086    -1.45    1.30
-117493.212    58.583    -1.35    1.60
-117121.172    57.743    -2.26    1.50
-116749.076    57.000    -2.00    1.82
-116376.925    56.225    -2.08    1.96
-116004.718    55.197    -2.76    1.51
-115632.457    54.542    -1.76    1.52
-115260.139    53.662    -2.36    2.18
-114887.767    52.676    -2.65    2.29
-114515.339    51.486    -3.20    2.56
-114142.855    51.324    -0.43    2.68
-113770.316    50.887    -1.17    2.63
-113397.722    50.775    -0.30    2.44
-113025.072    50.657    -0.32    2.63
-112652.366    50.304    -0.95    2.35
-112279.605    49.368    -2.51    3.28
-111906.788    47.786    -4.24    3.87
-111533.915    46.044    -4.67    3.26
-111160.987    44.333    -4.59    2.10
-110788.003    43.765    -1.52    1.81
-110414.964    44.451     1.84    2.98
-110041.868    47.371     7.83    5.70
-109668.717    51.648    11.46    6.00
-109295.510    56.886    14.03    4.90
-108922.248    60.014     8.38    3.44
-108548.929    62.592     6.90    2.90
-108175.555    64.493     5.09    2.02
-107802.124    65.125     1.69    1.85
-107428.638    65.254     0.34    1.85
-107055.096    63.548    -4.57    3.66
-106681.497    61.029    -6.74    4.12
-106307.843    60.164    -2.31    3.77
-105934.133    60.754     1.58    4.31
-105560.367    63.986     8.65    4.74
-105186.544    66.868     7.71    2.77
-104812.666    67.595     1.94    2.48
-104438.731    67.162    -1.16    2.86
-104064.740    65.930    -3.29    2.71
-103690.693    64.957    -2.60    2.39
-103316.590    64.225    -1.96    2.09
-102942.430    63.814    -1.10    1.61
-102568.215    63.743    -0.19    1.32
-102193.943    63.833     0.24    1.33
-101819.614    63.648    -0.50    1.22
-101445.229    63.380    -0.71    0.88
-101070.788    63.306    -0.20    0.91
-100696.291    63.361     0.15    0.89
-100321.737    63.366     0.01    0.90
 -99947.127    63.222    -0.38    0.72
 -99572.460    63.200    -0.06    0.73
 -99197.736    63.284     0.22    0.73
 -98822.957    63.441     0.42    0.66
 -98448.120    63.427    -0.04    0.81
 -98073.227    63.507     0.22    0.96
 -97698.277    63.338    -0.45    1.04
 -97323.271    63.057    -0.75    1.15
 -96948.208    62.699    -0.96    1.13
 -96573.089    62.028    -1.79    1.06
 -96197.912    61.972    -0.15    1.95
 -95822.679    62.764     2.11    2.78
 -95447.389    62.972     0.55    3.03
 -95072.043    62.606    -0.98    3.38
 -94696.639    61.029    -4.20    2.86
 -94321.179    59.361    -4.44    1.58
 -93945.662    58.643    -1.91    0.89
 -93570.088    58.408    -0.62    0.98
 -93194.457    58.162    -0.66    0.94
 -92818.769    57.913    -0.66    0.97
 -92443.024    57.926     0.04    1.04
 -92067.222    57.625    -0.80    1.49
 -91691.363    57.243    -1.02    1.95
 -91315.447    56.716    -1.40    2.04
 -90939.474    56.639    -0.21    1.90
 -90563.444    57.873     3.28    2.70
 -90187.356    58.778     2.40    2.58
 -89811.212    59.667     2.36    2.44
 -89435.010    61.181     4.02    3.02
 -89058.751    61.944     2.03    3.15
 -88682.435    62.945     2.66    2.61
 -88306.061    63.029     0.22    2.41
 -87929.630    61.973    -2.81    2.52
 -87553.142    60.559    -3.76    3.05
 -87176.597    60.068    -1.30    2.89
 -86799.994    59.343    -1.92    2.57
 -86423.334    59.219    -0.33    2.50
 -86046.616    58.694    -1.39    2.12
 -85669.841    58.155    -1.43    1.60
 -85293.008    59.233     2.86    2.68
 -84916.118    60.887     4.39    3.18
 -84539.170    62.753     4.95    3.03
 -84162.165    64.176     3.77    2.42
 -83785.102    64.676     1.32    1.96
 -83407.981    65.088     1.09    2.00
 -83030.803    65.351     0.70    2.00
 -82653.567    65.143    -0.55    2.47
 -82276.274    65.155     0.03    2.77
 -81898.922    64.750    -1.07    2.69
 -81521.513    62.847    -5.04    3.72
 -81144.046    61.746    -2.92    3.47
 -80766.522    62.514     2.03    3.75
 -80388.939    63.806     3.42    3.89
 -80011.299    65.271     3.88    3.16
 -79633.601    66.257     2.61    2.32
 -79255.844    66.507     0.66    1.69
 -78878.030    65.757    -1.99    1.71
 -78500.158    64.972    -2.08    1.85
 -78122.228    64.479    -1.30    1.81
 -77744.240    64.194    -0.75    1.70
 -77366.193    64.139    -0.15    1.69
 -76988.089    63.931    -0.55    1.85
 -76609.927    64.194     0.70    2.21
 -76231.706    64.778     1.54    2.48
 -75853.427    65.056     0.74    2.44
 -75475.090    64.905    -0.40    2.83
 -75096.695    64.485    -1.11    2.87
 -74718.241    64.270    -0.57    2.60
 -74339.730    64.800     1.40    1.98
 -73961.159    64.521    -0.74    1.96
 -73582.531    63.443    -2.85    2.10
 -73203.844    62.233    -3.19    2.83
 -72825.099    59.958    -6.01    4.06
 -72446.295    58.014    -5.13    5.04
 -72067.433    56.918    -2.89    5.51
 -71688.513    56.338    -1.53    6.03
 -71309.534    55.640    -1.84    6.73
 -70930.496    55.522    -0.31    7.14
 -70551.400    55.274    -0.66    7.41
 -70172.245    54.871    -1.06    7.53
 -69793.032    51.292    -9.44   10.13
 -69413.760    46.096   -13.70   11.04
 -69042.810    41.803   -11.57   10.22
 -68674.802    37.208   -12.48    8.94
 -68306.738    32.254   -13.46    8.79
 -67938.619    26.472   -15.70    8.96
 -67570.446    22.099   -11.88    7.82
 -67202.217    18.889    -8.72    4.52
 -66833.934    17.958    -2.53    3.18
 -66465.595    17.296    -1.80    2.95
 -66097.202    16.861    -1.18    2.54
 -65728.754    17.069     0.57    2.25
 -65360.250    16.931    -0.38    2.09
 -64991.691    16.699    -0.63    2.48
 -64623.077    17.315     1.67    2.97
 -64254.409    18.903     4.31    3.24
 -63885.684    20.082     3.20    2.98
 -63516.905    21.028     2.56    2.61
 -63148.071    21.375     0.94    1.93
 -62779.181    21.625     0.68    1.76
 -62410.236    22.836     3.28    2.67
 -62041.235    24.689     5.02    3.99
 -61672.180    27.361     7.24    4.67
 -61303.069    30.712     9.08    4.11
 -60933.902    33.236     6.84    3.12
 -60564.680    34.125     2.41    2.55
 -60195.403    33.817    -0.83    2.67
 -59826.070    32.708    -3.00    2.72
 -59456.682    31.620    -2.95    2.01
 -59087.238    31.254    -0.99    0.81
 -58717.739    31.569     0.85    0.77
 -58348.184    31.685     0.31    0.66
 -57978.574    31.875     0.51    0.75
 -57608.908    31.878     0.01    0.88
 -57239.186    31.900     0.06    0.90
 -56869.409    31.878    -0.06    1.02
 -56499.576    31.914     0.10    1.05
 -56129.687    32.041     0.34    1.01
 -55759.743    32.232     0.52    1.16
 -55389.742    32.973     2.00    2.09
 -55019.686    33.642     1.81    2.57
 -54649.575    34.547     2.44    2.78
 -54279.407    36.343     4.85    4.22
 -53909.183    40.480    11.17    6.80
 -53538.904    43.939     9.34    6.59
 -53168.569    46.600     7.18    5.77
 -52798.177    48.269     4.50    4.78
 -52427.730    49.333     2.87    4.98
 -52057.227    51.382     5.53    4.13
 -51686.667    53.160     4.80    3.61
 -51316.052    54.485     3.58    2.42
 -50945.380    55.432     2.56    2.20
 -50574.653    55.681     0.67    1.93
 -50203.869    55.568    -0.31    1.90
 -49833.029    54.557    -2.72    2.38
 -49462.133    52.932    -4.38    3.04
 -49091.181    52.194    -1.99    3.26
 -48720.173    52.375     0.49    4.72
 -48349.108    52.514     0.37    5.62
 -47977.987    53.301     2.12    6.06
 -47606.810    54.403     2.97    5.92
 -47235.576    53.792    -1.65    4.85
 -46864.286    53.569    -0.60    4.29
 -46492.939    51.042    -6.81    5.25
 -46121.536    48.389    -7.14    4.87
 -45750.077    47.083    -3.51    4.20
 -45378.561    46.722    -0.97    4.60
 -45006.989    46.861     0.37    5.37
 -44635.360    47.164     0.82    5.66
 -44263.675    46.000    -3.13    6.25
 -43891.933    43.467    -6.81    7.09
 -43520.134    40.417    -8.20    7.19
 -43148.279    39.054    -3.66    6.78
 -42776.367    40.352     3.49    8.47
 -42404.399    43.806     9.28    9.31
 -42032.374    48.507    12.64    8.02
 -41660.292    52.236    10.02    4.64
 -41288.153    53.549     3.53    3.69
 -40915.957    55.057     4.05    2.85
 -40543.705    55.472     1.12    2.64
 -40171.396    55.286    -0.50    2.50
 -39799.030    54.254    -2.77    2.80
 -39426.607    52.521    -4.65    2.93
 -39054.127    51.722    -2.14    3.58
 -38681.590    49.608    -5.67    5.23
 -38308.996    48.521    -2.92    5.88
 -37936.345    47.760    -2.04    6.18
 -37563.637    45.890    -5.02    6.30
 -37190.872    44.905    -2.64    6.65
 -36818.050    43.233    -4.49    6.44
 -36445.171    42.192    -2.79    6.35
 -36072.235    43.630     3.86    6.47
 -35699.241    45.493     4.99    6.22
 -35326.191    47.027     4.11    7.49
 -34953.083    48.411     3.71    8.24
 -34579.918    48.740     0.88    8.04
 -34206.695    45.930    -7.53    9.45
 -33833.416    41.000   -13.21   10.22
 -33460.079    36.845   -11.13    8.85
 -33086.684    35.575    -3.40    7.26
 -32713.232    39.435    10.33   10.03
 -32339.723    42.932     9.36    9.80
 -31966.157    44.441     4.04    8.46
 -31592.532    43.351    -2.92    7.88
 -31218.851    42.941    -1.10    8.13
 -30845.112    43.027     0.23    8.70
 -30471.315    42.394    -1.69    9.44
 -30097.461    39.658    -7.32   10.08
 -29723.549    35.125   -12.12    8.23
 -29349.580    31.671    -9.24    5.82
 -28975.552    29.458    -5.92    3.76
 -28601.468    28.264    -3.19    1.31
 -28227.325    27.806    -1.22    0.64
 -27853.125    27.653    -0.41    0.72
 -27478.867    27.603    -0.13    0.74
 -27104.551    27.292    -0.83    0.88
 -26730.177    27.411     0.32    1.18
 -26355.746    27.479     0.18    1.32
 -25981.257    28.203     1.93    1.62
 -25606.709    29.147     2.52    1.72
 -25232.104    29.680     1.42    1.76
 -24857.441    30.162     1.29    2.06
 -24482.720    29.703    -1.23    3.60
 -24107.941    26.826    -7.68    5.97
 -23733.103    23.297    -9.41    6.89
 -23358.208    19.375   -10.46    4.63
 -22983.255    17.699    -4.47    2.72
 -22608.243    19.027     3.54    3.59
 -22233.174    19.781     2.01    3.58
 -21858.046    20.384     1.61    3.20
 -21482.860    20.486     0.27    2.95
 -21107.616    20.365    -0.32    2.53
 -20732.313    20.110    -0.68    2.79
 -20356.952    18.671    -3.83    3.56
 -19981.533    16.286    -6.35    3.87
 -19606.056    14.351    -5.15    3.32
 -19230.520    13.706    -1.72    3.13
 -18854.925    12.587    -2.98    4.33
 -18479.273    11.515    -2.85    5.64
 -18103.562     9.378    -5.69    6.11
 -17727.792     6.592    -7.42    4.76
 -17351.964     5.178    -3.76    3.13
 -16976.077     4.694    -1.29    1.42
 -16600.132     5.233     1.43    1.02
 -16224.128     5.274     0.11    1.03
 -15848.065     5.764     1.30    2.39
 -15471.944     7.767     5.33    5.01
 -15095.765    10.096     6.19    6.25
 -14719.526    11.230     3.01    5.79
 -14343.229    11.333     0.28    4.91
 -13966.873    10.880    -1.20    3.60
 -13590.458    10.706    -0.46    2.80
 -13213.984    10.040    -1.77    2.73
 -12837.452     9.072    -2.57    3.22
 -12460.860     7.676    -3.71    3.64
 -12084.210     5.603    -5.50    1.98
 -11707.501     4.919    -1.82    1.22
 -11330.732     4.917    -0.01    0.98
 -10953.905     5.329     1.09    1.04
 -10577.019     5.432     0.28    0.98
 -10200.074     5.260    -0.46    1.53
  -9823.069     5.507     0.65    2.48
  -9446.006     6.174     1.77    3.55
  -9068.883     6.400     0.60    3.50
  -8691.702     6.059    -0.90    2.98
  -8314.461     5.514    -1.45    1.62
  -7937.161     5.725     0.56    1.20
  -7559.801     5.726     0.00    1.35
  -7182.382     6.356     1.67    1.60
  -6804.904     6.575     0.58    1.71
  -6427.367     6.658     0.22    2.02
  -6049.770     6.014    -1.70    2.28
  -5672.114     4.865    -3.04    2.14
  -5294.399     4.292    -1.52    1.95
  -4916.624     4.216    -0.20    1.90
  -4538.789     4.353     0.36    1.90
  -4160.895     4.520     0.44    1.79
  -3782.942     4.574     0.14    1.81
  -3404.929     4.068    -1.34    2.41
  -3026.856     3.722    -0.91    2.71
  -2648.724     3.178    -1.44    2.72
  -2270.532     3.068    -0.29    2.86
  -1892.281     3.466     1.05    3.75
  -1513.969     3.068    -1.05    4.27
  -1135.598     3.403     0.88    4.92
   -757.167     3.311    -0.24    5.10
   -378.677     3.235    -0.20    4.68
     -0.126     2.533    -1.85    4.09
    378.484     2.235    -0.79    3.92
    757.154     2.189    -0.12    3.93
   1135.884     2.597     1.08    3.97
   1514.674     3.233     1.68    3.82
   1893.524     3.958     1.91    3.53
   2272.434     4.767     2.13    3.37
   2651.404     5.333     1.49    2.78
   3030.434     5.444     0.29    2.23
   3409.524     5.227    -0.57    2.93
   3788.675     5.348     0.32    3.74
   4167.885     6.293     2.49    5.03
   4547.156     7.423     2.98    5.74
   4926.486     5.853    -4.14    6.33
   5305.877     4.137    -4.52    6.38
   5679.544     2.905    -3.30    4.88
   6047.379     2.781    -0.34    3.01
   6415.271     4.203     3.86    2.55
   6783.219     5.288     2.95    1.39
   7151.223     5.027    -0.71    1.29
   7519.284     4.838    -0.51    1.26
   7887.401     4.533    -0.83    1.45
   8255.574     4.081    -1.23    1.88
   8623.804     3.547    -1.45    2.41
   8992.090     4.081     1.45    3.08
   9360.432     4.750     1.82    3.06
   9728.831     5.770     2.77    2.58
  10097.287     6.408     1.73    1.80
  10465.799     5.676    -1.99    1.90
  10834.368     5.434    -0.66    2.00
  11202.993     5.189    -0.66    1.75
  11571.675     5.316     0.34    1.48
  11940.413     5.338     0.06    0.97
  12309.208     5.507     0.46    1.01
  12678.060     5.514     0.02    1.16
  13046.969     4.747    -2.08    2.01
  13415.934     4.081    -1.80    2.37
  13784.957     3.827    -0.69    2.55
  14154.035     3.740    -0.24    2.80
  14523.171     3.946     0.56    3.01
  14892.364     3.699    -0.67    3.16
  15261.613     3.162    -1.45    3.24
  15630.920     2.082    -2.92    2.96
  16000.283     1.107    -2.64    2.41
  16369.704     0.164    -2.55    0.75
  16739.181     0.240     0.20    1.38
  17108.715     0.514     0.74    1.81
  17478.307     0.973     1.24    2.91
  17847.955     1.288     0.85    3.63
  18217.661     1.027    -0.71    3.32
  18587.424     0.808    -0.59    2.37
  18957.243     1.178     1.00    2.32
  19327.120     2.082     2.44    2.71
  19697.055     2.562     1.30    2.53
  20067.046     3.562     2.70    2.34
  20437.095     4.384     2.22    1.88
  20807.201     4.770     1.04    1.18
  21177.364     4.635    -0.37    1.09
  21547.585     4.581    -0.15    1.07
  21917.863     4.863     0.76    1.21
  22288.199     5.500     1.72    1.45
  22658.592     6.306     2.17    1.32
  23029.042     7.370     2.87    1.74
  23399.550     8.097     1.96    2.20
  23770.115     9.192     2.95    3.27
  24140.738     9.542     0.94    3.39
  24511.419     9.630     0.24    3.55
  24882.157     9.260    -1.00    3.52
  25252.953     9.123    -0.37    3.31
  25623.806     8.863    -0.70    2.90
  25994.717    10.959     5.65    3.92
  26365.686    13.342     6.43    5.54
  26736.712    15.392     5.52    5.86
  27107.796    16.257     2.33    5.63
  27478.938    15.365    -2.40    5.72
  27850.138    14.507    -2.31    5.54
  28221.396    13.243    -3.40    4.67
  28592.711    13.294     0.14    4.40
  28964.085    13.267    -0.07    4.19
  29335.516    14.750     3.99    4.05
  29707.005    14.368    -1.03    3.62
  30078.553    14.028    -0.92    2.92
  30450.158    14.707     1.83    2.55
  30821.821    15.563     2.31    2.74
  31193.543    16.427     2.32    3.12
  31565.322    16.347    -0.21    3.44
  31937.160    16.053    -0.79    3.66
  32309.055    15.836    -0.58    3.40
  32681.009    17.000     3.13    3.83
  33053.021    18.333     3.58    3.95
  33425.092    18.592     0.70    4.05
  33797.220    19.351     2.04    4.05
  34169.407    18.895    -1.23    4.09
  34541.652    17.959    -2.51    3.72
  34913.956    18.054     0.25    4.10
  35286.318    19.230     3.16    5.33
  35658.738    22.411     8.54    5.66
  36031.217    24.589     5.85    4.70
  36403.754    25.205     1.65    3.71
  36776.350    23.280    -5.17    4.59
  37149.004    21.392    -5.07    5.28
  37521.717    21.080    -0.84    4.66
  37894.488    21.603     1.40    4.45
  38267.318    23.288     4.52    4.47
  38640.206    24.000     1.91    4.21
  39013.153    23.784    -0.58    3.74
  39386.159    23.571    -0.57    3.62
  39759.224    20.613    -7.93    8.23
  40132.347    16.942    -9.84   10.19
  40505.529    13.133   -10.21    9.43
  40878.770     9.000   -11.07    5.02
  41252.070     8.387    -1.64    3.43
  41625.428     8.529     0.38    3.16
  41998.846     7.733    -2.13    3.12
  42372.322     7.086    -1.73    3.02
  42745.857     6.514    -1.53    2.84
  43119.451     5.726    -2.11    2.27
  43493.104     5.288    -1.17    2.00
  43866.817     4.767    -1.39    1.15
  44240.588     5.027     0.70    1.20
  44614.418     4.838    -0.51    1.10
  44988.308     4.720    -0.32    1.16
  45362.256     4.880     0.43    1.25
  45736.264     5.836     2.56    2.42
  46110.331     7.027     3.18    2.87
  46484.457     7.324     0.80    2.88
  46858.642     7.066    -0.69    2.94
  47232.887     5.875    -3.18    2.88
  47607.191     5.789    -0.23    2.97
  47981.554     5.797     0.02    2.71
  48355.977     6.600     2.14    2.68
  48730.459     7.250     1.74    2.41
  49105.001     6.811    -1.17    2.74
  49479.602     6.139    -1.79    2.79
  49854.262     5.973    -0.44    2.48
  50228.982     5.918    -0.15    2.94
  50603.762     6.195     0.74    3.54
  50978.601     7.438     3.32    4.25
  51353.499     8.618     3.15    4.60
  51728.457     9.267     1.73    4.33
  52103.475     9.187    -0.21    3.88
  52478.553     8.378    -2.16    3.23
  52853.690     8.392     0.04    2.63
  53228.887    10.338     5.19    3.60
  53604.144    12.521     5.82    4.16
  53979.461    15.849     8.87    3.95
  54354.837    18.493     7.04    2.85
  54730.274    20.253     4.69    2.27
  55105.770    20.614     0.96    2.27
  55481.326    20.453    -0.43    2.36
  55856.942    19.643    -2.16    2.40
  56232.618    17.867    -4.73    3.54
  56608.354    16.056    -4.82    4.16
  56984.150    14.293    -4.69    3.14
  57360.006    13.176    -2.97    1.89
  57735.922    14.776     4.26    3.46
  58111.899    15.703     2.46    3.69
  58487.935    15.581    -0.32    3.90
  58864.032    15.108    -1.26    3.62
  59240.189    14.270    -2.23    2.15
  59616.406    16.421     5.72    3.79
  59992.683    19.222     7.44    4.12
  60369.021    20.474     3.33    3.28
  60745.419    20.847     0.99    2.73
  61121.878    20.263    -1.55    2.65
  61498.396    19.722    -1.44    2.55
  61874.975    19.813     0.24    2.64
  62251.615    19.918     0.28    2.78
  62628.315    20.267     0.93    3.25
  63005.076    20.905     1.70    3.56
  63381.897    21.579     1.79    3.43
  63758.779    19.838    -4.62    3.87
  64135.721    18.693    -3.04    3.54
  64512.724    18.392    -0.80    2.93
  64889.788    18.712     0.85    3.03
  65266.912    19.507     2.11    2.82
  65644.097    20.137     1.67    2.39
  66021.342    20.240     0.27    2.29
  66398.649    19.014    -3.25    2.66
  66776.016    17.893    -2.97    3.12
  67153.444    16.638    -3.33    2.71
  67530.933    16.387    -0.66    2.40
  67908.483    16.892     1.34    2.80
  68286.094    19.513     6.94    4.86
  68663.766    20.824     3.47    4.96
  69041.499    21.013     0.50    4.75
  69419.292    20.645    -0.98    4.42
  69797.147    19.189    -3.85    2.92
  70175.063    19.740     1.46    3.03
  70553.040    20.082     0.90    2.94
  70931.078    20.910     2.19    2.90
  71309.177    22.000     2.88    3.09
  71687.338    22.105     0.28    3.37
  72065.560    23.753     4.36    4.73
  72443.843    24.026     0.72    5.19
  72822.187    25.108     2.86    5.25
  73200.592    24.684    -1.12    5.61
  73579.059    22.773    -5.05    5.17
  73957.588    22.757    -0.04    5.05
  74336.177    22.027    -1.93    4.28
  74714.828    23.945     5.07    4.98
  75093.541    23.680    -0.70    5.05
  75472.315    22.714    -2.55    5.14
  75851.151    22.293    -1.11    5.23
  76230.048    20.414    -4.96    3.48
  76609.007    20.716     0.80    4.39
  76988.027    22.452     4.58    6.32
  77367.109    23.737     3.39    6.53
  77746.253    25.378     4.33    5.89
  78125.458    25.514     0.36    5.34
  78504.725    23.413    -5.54    3.81
  78884.054    24.297     2.33    4.13
  79263.445    26.756     6.48    5.48
  79642.898    27.903     3.02    5.29
  80022.412    27.141    -2.01    5.29
  80399.049    25.778    -3.62    5.00
  80766.703    24.408    -3.73    3.06
  81134.415    24.861     1.23    3.02
  81502.184    25.573     1.94    3.33
  81870.012    25.732     0.43    3.38
  82237.897    25.079    -1.78    3.60
  82605.839    23.971    -3.01    3.03
  82973.840    23.250    -1.96    3.03
  83341.898    22.957    -0.80    3.48
  83710.015    22.280    -1.84    3.09
  84078.189    22.443     0.44    4.53
  84446.421    22.680     0.64    4.33
  84814.711    23.257     1.57    4.61
  85183.058    22.987    -0.73    3.95
  85551.464    23.391     1.10    4.00
  85919.928    22.645    -2.03    4.23
  86288.450    21.366    -3.47    4.16
  86657.030    19.413    -5.30    3.81
  87025.668    17.833    -4.29    3.27
  87394.365    16.325    -4.09    2.20
  87763.119    15.222    -2.99    1.50
  88131.932    14.800    -1.14    1.07
  88500.802    14.708    -0.25    0.93
  88869.731    14.403    -0.83    1.54
  89238.719    13.930    -1.28    1.60
  89607.764    13.760    -0.46    1.60
  89976.868    13.732    -0.07    1.69
  90346.030    14.253     1.41    1.57
  90715.251    14.942     1.87    1.17
  91084.530    15.240     0.81    1.14
  91453.867    15.557     0.86    1.24
  91823.263    15.413    -0.39    1.38
  92192.718    15.471     0.16    2.14
  92562.231    16.347     2.37    2.98
  92931.802    16.929     1.57    3.32
  93301.432    18.237     3.54    3.49
  93671.121    18.931     1.88    3.23
  94040.868    17.827    -2.99    3.63
  94410.674    17.479    -0.94    4.05
  94780.539    17.329    -0.41    4.14
  95150.462    17.625     0.80    3.87
  95520.444    17.910     0.77    3.28
  95890.485    17.667    -0.66    3.02
  96260.585    17.468    -0.54    2.90
  96630.744    17.042    -1.15    2.58
  97000.961    16.303    -2.00    2.23
  97371.237    15.606    -1.88    1.36
  97741.573    15.526    -0.21    1.31
  98111.967    15.414    -0.30    1.16
  98482.420    16.132     1.94    1.34
  98852.932    16.871     2.00    1.39
  99223.503    17.640     2.07    1.25
  99594.133    18.286     1.74    1.16
  99964.823    18.787     1.35    1.47
 100335.571    18.614    -0.46    1.66
 100706.379    18.547    -0.18    1.93
 101077.246    18.319    -0.61    2.01
 101448.172    18.526     0.56    1.92
 101819.157    19.178     1.76    2.22
 102190.201    20.167     2.66    2.75
 102561.305    21.378     3.27    3.42
 102932.468    21.987     1.64    3.32
 103303.691    22.740     2.03    2.82
 103674.973    22.526    -0.58    2.17
 104046.314    21.840    -1.85    1.90
 104417.714    21.390    -1.21    1.71
 104789.175    21.649     0.70    2.02
 105160.694    22.320     1.81    2.52
 105532.273    23.247     2.49    2.07
 105903.912    23.699     1.22    1.59
 106275.611    23.840     0.38    1.23
 106647.368    24.027     0.50    2.22
 107019.186    24.776     2.02    4.09
 107391.063    25.079     0.81    5.67
 107763.000    28.041     7.96    7.62
 108134.997    32.592    12.24    9.12
 108507.053    35.720     8.41    7.98
 108879.170    37.147     3.83    5.09
 109251.346    36.568    -1.56    3.55
 109623.581    32.878    -9.91    5.12
 109995.877    29.263    -9.71    6.32
 110368.233    27.453    -4.86    5.51
 110740.648    26.423    -2.77    4.27
 111113.124    26.253    -0.46    4.32
 111485.660    26.935     1.83    4.94
 111858.255    27.288     0.95    5.66
 112230.911    26.568    -1.93    5.94
 112603.627    26.616     0.13    4.97
 112976.402    25.520    -2.94    2.70
 113349.238    24.437    -2.91    1.95
 113722.135    23.316    -3.01    2.40
 114095.091    22.306    -2.71    2.37
 114468.107    20.737    -4.21    2.69
 114841.184    18.931    -4.84    3.41
 115214.321    18.380    -1.48    3.33
 115587.519    18.111    -0.72    3.37
 115960.777    17.675    -1.17    2.89
 116334.095    18.405     1.96    2.51
 116707.474    19.154     2.00    2.44
 117080.913    19.703     1.47    2.37
 117454.412    20.442     1.98    1.87
 117827.972    21.284     2.25    1.38
 118201.593    20.973    -0.83    1.52
 118575.274    19.932    -2.79    1.50
 118949.015    19.493    -1.17    1.44
 119322.818    19.053    -1.18    1.37
 119696.681    18.558    -1.32    1.59
 120070.604    18.566     0.02    1.84
 120444.589    18.147    -1.12    1.84
 120818.634    17.571    -1.54    1.79
 121192.739    17.373    -0.53    1.51
 121566.906    16.831    -1.45    1.59
 121941.134    16.875     0.12    1.62
 122315.422    16.936     0.16    1.65
 122689.771    16.562    -1.00    1.57
 123064.181    17.303     1.98    2.14
 123438.652    17.583     0.75    2.27
 123813.184    16.789    -2.12    2.60
 124187.778    16.171    -1.65    2.56
 124562.432    17.987     4.85    5.35
 124937.147    19.200     3.24    5.78
 125311.923    20.447     3.33    5.01
 125686.761    21.603     3.08    3.38
 126061.659    21.052    -1.47    2.34
 126436.619    21.827     2.07    2.15
 126811.640    22.551     1.93    2.07
 127186.722    23.013     1.23    1.86
 127561.866    22.560    -1.21    1.89
 127937.071    21.800    -2.03    2.37
 128312.337    22.173     0.99    3.92
 128687.664    21.922    -0.67    3.94
 129063.053    22.513     1.57    3.86
 129438.504    22.545     0.09    3.71
 129814.016    21.813    -1.95    2.52
 130189.589    22.160     0.92    2.58
 130565.224    22.958     2.12    3.47
 130940.920    24.671     4.56    3.96
 131316.678    26.264     4.24    3.17
 131692.498    27.947     4.48    4.74
 132068.379    29.625     4.46    5.68
 132444.322    30.346     1.92    5.28
 132820.327    30.384     0.10    5.28
 133196.394    28.731    -4.40    4.80
 133572.522    26.297    -6.47    3.47
 133948.712    25.355    -2.50    3.40
 134324.964    26.000     1.71    3.60
 134701.278    26.545     1.45    3.32
 135077.653    26.526    -0.05    2.82
 135454.091    26.947     1.12    3.77
 135830.590    26.822    -0.33    3.51
 136207.152    25.838    -2.61    3.44
 136583.775    25.280    -1.48    2.61
 136960.461    24.000    -3.40    2.58
 137337.209    23.579    -1.12    3.27
 137714.019    26.708     8.31    7.79
 138090.890    33.658    18.44   10.94
 138467.825    39.027    14.25    8.50
 138844.821    40.443     3.76    8.47
 139221.880    37.947    -6.62    9.74
 139599.000    33.571   -11.60    9.01
 139976.184    30.882    -7.13    6.55
 140353.429    31.727     2.24    6.60
 140730.737    36.156    11.74   10.29
 141108.107    42.067    15.67   11.93
 141485.540    47.689    14.90   10.34
 141863.035    50.600     7.71    8.55
 142240.593    52.867     6.00    7.84
 142618.213    52.194    -1.78    7.98
 142995.896    51.000    -3.16    7.41
 143373.641    48.028    -7.87    6.76
 143751.449    44.800    -8.54    6.19
 144129.319    40.740   -10.75    8.88
 144507.253    36.282   -11.80    9.96
 144885.249    30.908   -14.22    6.94
 145263.307    28.276    -6.96    2.22
 145641.429    29.169     2.36    2.81
 146019.613    30.645     3.90    3.72
 146397.860    32.890     5.94    5.90
 146776.170    34.973     5.51    6.63
 147154.543    34.600    -0.99    6.37
 147532.979    33.458    -3.02    4.89
 147911.478    31.612    -4.88    1.55
 148290.040    31.264    -0.92    1.41
 148668.664    30.838    -1.13    1.77
 149047.352    29.630    -3.19    2.37
 149426.103    27.526    -5.56    3.97
 149804.917    26.934    -1.56    5.36
 150183.795    31.429    11.86   12.55
 150562.735    41.355    26.20   17.47
 150941.739    50.513    24.17   13.65
 151320.806    55.164    12.27    6.58
 151699.936    53.685    -3.90    6.09
 152079.129    49.934    -9.89    6.59
 152458.386    48.203    -4.57    8.01
 152837.707    46.156    -5.40    8.04
 153217.090    43.851    -6.08    7.47
 153596.537    42.295    -4.10    6.35
 153976.048    40.507    -4.71    4.62
 154355.622    41.513     2.65    4.75
 154735.260    44.455     7.75    7.39
 155114.961    48.039     9.44    8.93
 155482.604    52.934    13.32    7.22
 155850.133    54.662     4.70    5.42
 156217.722    52.182    -6.75    7.75
 156585.369    44.325   -21.37   13.35
 156953.075    33.961   -28.19   14.68
 157320.841    29.147   -13.09   11.44
 157688.666    27.720    -3.88    9.06
 158056.550    29.560     5.00    9.58
 158424.494    33.520    10.76    8.29
 158792.496    37.658    11.25    7.12
 159160.559    42.592    13.41    8.65
 159528.680    48.416    15.82    8.90
 159896.861    55.434    19.07    6.54
 160265.101    57.171     4.72    5.55
 160633.401    54.373    -7.60    7.61
 161001.761    48.645   -15.55    9.32
 161370.179    44.240   -11.96    9.20
 161738.658    43.474    -2.08   10.47
 162107.196    41.368    -5.72   11.97
 162475.794    40.848    -1.41   12.34
 162844.451    39.920    -2.52   11.89
 163213.168    40.392     1.28   13.34
 163581.945    41.267     2.37   12.26
 163950.781    41.718     1.22   10.28
 164319.677    42.105     1.05    9.55
 164688.633    43.320     3.29    9.20
 165057.649    46.427     8.42    9.32
 165426.725    50.613    11.35    8.71
 165795.860    53.907     8.92    7.85
 166165.056    54.410     1.36    7.03
 166534.311    52.041    -6.42    7.69
 166903.626    47.588   -12.06    7.36
 167273.002    43.284   -11.65    5.10
 167642.437    40.924    -6.39    3.15
 168011.933    40.203    -1.95    2.37
 168381.488    41.053     2.30    2.73
 168751.104    42.280     3.32    2.44
 169120.780    43.237     2.59    1.70
 169490.516    43.581     0.93    1.56
 169860.312    43.320    -0.71    1.99
 170230.168    42.541    -2.11    2.22
 170600.085    42.577     0.10    2.20
 170970.062    42.730     0.41    2.09
 171340.099    43.575     2.28    1.83
 171710.197    43.284    -0.79    2.37
 172080.355    41.167    -5.72    3.82
 172450.574    39.054    -5.71    4.04
 172820.853    38.467    -1.59    4.63
 173191.192    38.573     0.29    7.30
 173561.592    40.671     5.66    9.12
 173932.052    43.434     7.46    9.86
 174302.573    45.740     6.22    9.27
 174673.155    47.676     5.22    7.59
 175043.797    49.949     6.14    5.13
 175414.500    51.743     4.84    3.85
 175785.264    48.177    -9.62    8.62
 176156.088    41.293   -18.57   11.83
 176526.973    37.026   -11.51   11.07
 176897.919    35.592    -3.87    9.00
 177268.926    41.257    15.27    9.78
 177639.993    48.566    19.70    6.05
 178011.122    48.355    -0.57    7.20
 178382.311    43.787   -12.31   10.17
 178753.561    38.218   -15.00    9.95
 179124.873    32.329   -15.86    4.86
 179496.245    31.962    -0.99    3.61
 179867.678    36.803    13.04    9.14
 180239.172    41.436    12.47   11.42
 180610.728    44.921     9.38   11.30
 180982.344    42.763    -5.81   13.84
 181354.022    36.169   -17.74   14.11
 181725.761    32.766    -9.15   10.57
 182097.561    34.308     4.15   10.72
 182469.422    40.208    15.87   11.75
 182841.344    44.800    12.35   10.84
 183213.328    45.360     1.51   11.25
 183585.373    43.447    -5.14   11.16
 183957.480    40.240    -8.62   11.10
 184329.648    34.844   -14.50   10.96
 184701.877    32.221    -7.05    9.11
 185074.168    29.714    -6.73    6.86
 185446.520    29.442    -0.73    7.35
 185818.934    29.316    -0.34    6.85
 186191.409    28.338    -2.63    6.56
 186563.946    28.026    -0.84    6.32
 186936.545    29.500     3.96    6.74
 187309.205    32.481     8.00    7.93
 187681.926    33.933     3.90    8.18
 188054.710    33.785    -0.40    9.90
 188427.555    31.514    -6.09   11.02
 188800.462    26.921   -12.32    9.83
 189173.431    23.919    -8.05   10.09
 189546.462    23.416    -1.35   10.70
 189919.554    22.507    -2.44    9.77
 190292.708    20.436    -5.55    6.04
 190665.925    19.288    -3.08    3.06
 191039.203    19.112    -0.47    2.10
 191412.543    19.069    -0.12    3.20
 191785.945    18.688    -1.02    5.71
 192159.410    18.689     0.00    6.59
 192532.936    19.618     2.49    6.57
 192906.524    21.649     5.44    8.18
 193280.175    20.662    -2.64    7.69
 193653.888    17.158    -9.38    6.27
 194027.663    13.923    -8.66    3.65
 194401.500    12.827    -2.93    1.94
 194775.399    13.595     2.06    2.49
 195149.361    15.093     4.01    2.64
 195523.385    16.000     2.42    2.27
 195897.472    17.303     3.48    1.74
 196271.620    17.974     1.80    1.77
 196645.832    19.808     4.90    2.89
 197020.105    21.620     4.84    3.78
 197394.442    23.859     5.98    6.39
 197768.840    28.455    12.28    8.22
 198143.302    34.872    17.14    8.99
 198517.825    40.724    15.63    9.88
 198892.412    47.325    17.63    9.98
 199267.061    50.200     7.68    8.59
 199641.773    49.090    -2.96    9.79
 200016.547    46.108    -7.96    9.63
 200391.384    43.351    -7.36    7.07
 200766.284    41.611    -4.64    6.28
 201141.247    39.947    -4.44    6.18
 201516.273    40.068     0.32    6.85
 201891.361    41.662     4.25    9.58
 202266.512    42.931     3.38   11.17
 202641.727    42.625    -0.81   11.58
 203017.004    43.419     2.12   10.92
 203392.344    46.295     7.66   10.34
 203767.747    46.779     1.29   10.52
 204143.214    36.346   -27.79   22.51
 204518.743    19.962   -43.64   26.24
 204894.336     6.039   -37.07   20.00
 205269.991    -3.829   -26.27    5.64
 205645.710    -3.493     0.89    5.69
 206021.492    -0.141     8.92    7.84
 206397.338     1.566     4.54    7.92
 206773.246     1.051    -1.37    6.35
 207149.218    -0.316    -3.64    5.00
 207525.254    -0.276     0.10    4.79
 207901.352     0.905     3.14    5.31
 208277.515     1.250     0.92    5.12
 208653.740     1.581     0.88    4.95
 209030.029     0.938    -1.71    3.55
 209406.382     0.097    -2.23    2.47
 209782.798    -0.650    -1.99    3.42
 210159.277    -0.757    -0.28    5.38
 210535.821     2.051     7.46   10.95
 210912.427     6.714    12.38   14.14
 211289.098    10.295     9.51   13.48
 211665.832    11.051     2.01   12.75
 212042.630    10.701    -0.93   12.22
 212419.492     5.818   -12.96   12.24
 212796.418     1.724   -10.86   10.91
 213173.407    -3.759   -14.55    9.00
 213550.460    -7.773   -10.65    6.34
 213927.578   -10.000    -5.91    3.67
 214304.759   -11.080    -2.86    1.69
 214682.004   -10.377     1.86    2.51
 215059.313    -7.959     6.41    4.99
 215436.686    -6.400     4.13    5.95
