# NaN NaN NaN ;Mean Elev.(m), Avg Gradient(m/km), RMS Gradient(m/km) - SRTM1     
#   12.009   0.224   9.260 ;Mean Elev.(m), Avg Gradient(m/km), RMS Gradient(m/km) - ASTER GDEM
#   27.136  -0.157   7.766 ;Mean Elev.(m), Avg Gradient(m/km), RMS Gradient(m/km) - GMTED2010 
  7    26.826 52466.68093096 34.19  69.110426  61.205075 16.252
  7    26.558 52466.68093160 30.77  69.108076  61.208235 16.252
  7    26.115 52466.68093224 29.62  69.105726  61.211395 16.252
  8    25.840 52501.68092350 33.59  69.114817  61.205750 19.770
  8    25.546 52501.68092414 34.63  69.112467  61.208900 19.770
  8    25.259 52501.68092479 31.08  69.110127  61.212060 19.770
  9    23.599 52536.68090957 22.07  69.096591  61.202847 16.633
  9    23.327 52536.68091021 22.87  69.094251  61.206007 16.633
 10    22.498 52571.68094593 19.65  69.105382  61.206640 15.723
 10    21.862 52571.68094657 17.16  69.103032  61.209790 15.723
 11    20.544 52606.68090739 29.68  69.117356  61.206503 12.217
 11    20.517 52606.68090803 35.79  69.115006  61.209663 12.217
 11    20.446 52606.68090868 34.69  69.112666  61.212823 12.217
 12    21.071 52641.68090296 15.80  69.101914  61.204649  3.206
 12    20.948 52641.68090361 15.66  69.099574  61.207809  3.206
 13    19.566 52676.68089108 14.72  69.116700  61.207620  3.624
 13    19.543 52676.68089173 14.51  69.114360  61.210780  3.624
 14    23.567 52711.68091929 13.10  69.103628  61.202998  2.828
 14    22.123 52711.68091993 13.22  69.101288  61.206158  2.828
 14    21.232 52711.68092058 13.99  69.098938  61.209318  2.828
 15    24.206 52746.68094659 12.46  69.108331  61.204960 14.107
 15    24.376 52746.68094723 17.12  69.105981  61.208120 14.107
 15    24.642 52746.68094787 13.88  69.103641  61.211270 14.107
 16    25.000 52781.68088518 45.40  69.098381  61.202444 41.496
 16    25.059 52781.68088582 42.76  69.096041  61.205604 41.496
 16    25.067 52781.68088647 45.93  69.093691  61.208764 41.496
 17    26.045 52816.68096553 50.27  69.096719  61.204137 38.202
 17    26.070 52816.68096617 48.72  69.094369  61.207297 38.202
 19    21.483 52886.68105088 16.75  69.105701  61.205723 17.886
 19    21.526 52886.68105152 16.69  69.103361  61.208883 17.886
 20    18.088 52921.68100597 47.71  69.117488  61.206340 28.877
 20    18.213 52921.68100662 51.87  69.115138  61.209500 28.877
 20    18.162 52921.68100726 50.71  69.112798  61.212660 28.877
 21    18.219 52956.68097124 30.17  69.106144  61.206388  9.444
 21    18.264 52956.68097189 30.93  69.103794  61.209548  9.444
 22    18.382 52991.68098980 17.51  69.112831  61.205271  4.516
 22    18.397 52991.68099045 18.62  69.110481  61.208431  4.516
 22    18.370 52991.68099109 18.68  69.108141  61.211591  4.516
 23    20.351 53026.68095622 13.21  69.123897  61.208695  3.259
 23    18.212 53026.68095686 14.33  69.121557  61.211845  3.259
 24    23.104 53061.68096509 11.25  69.115439  61.204851  2.632
 24    22.576 53061.68096573 11.03  69.113099  61.208011  2.632
 24    22.225 53061.68096638 11.20  69.110749  61.211171  2.632
 25    24.641 53096.68099137  8.91  69.112402  61.206571  2.061
 25    24.409 53096.68099202  8.31  69.110052  61.209731  2.061
 25    24.162 53096.68099266  8.75  69.107712  61.212881  2.061
 26    19.702 53131.68096408 39.89  69.114176  61.204628 25.182
 26    19.681 53131.68096473 40.09  69.111836  61.207788 25.182
 26    19.662 53131.68096537 28.31  69.109486  61.210948 25.182
 28    24.685 53201.68104149 53.54  69.107125  61.206825 46.648
 28    24.706 53201.68104214 51.34  69.104785  61.209985 46.648
 29    19.760 53236.68101072 25.36  69.121322  61.209095 28.539
 29    19.787 53236.68101136 24.74  69.118982  61.212255 28.539
 30    20.600 53271.68096819 41.85  69.100132  61.202184 23.603
 30    19.751 53271.68096883 26.48  69.097782  61.205344 23.603
 30    19.636 53271.68096947 24.11  69.095432  61.208504 23.603
 31    19.454 53306.68103285 35.67  69.099277  61.204981 15.126
 31    19.403 53306.68103349 40.38  69.096937  61.208141 15.126
 32    21.099 53341.68099978 30.04  69.115469  61.204775 13.894
 32    21.141 53341.68100042 43.28  69.113119  61.207935 13.894
 32    20.910 53341.68100107 37.67  69.110779  61.211095 13.894
 33    20.165 53376.68093275 30.69  69.122229  61.208283 11.774
 33    20.542 53376.68093339 41.04  69.119879  61.211443 11.774
 34    18.849 53411.68097495 19.63  69.114036  61.204372  4.665
 34    18.799 53411.68097560 24.59  69.111686  61.207532  4.665
 34    18.924 53411.68097624 17.63  69.109346  61.210692  4.665
 35    21.415 53446.68095847 12.09  69.096223  61.203480  3.023
 35    20.112 53446.68095911 13.35  69.093873  61.206630  3.023
 36    19.013 53481.68104404 37.33  69.098567  61.204532 25.339
 36    19.082 53481.68104469 32.94  69.096227  61.207692 25.339
 37    24.957 53516.68104665 48.34  69.113344  61.204556 43.593
 37    24.959 53516.68104729 48.83  69.110994  61.207716 43.593
 37    24.978 53516.68104794 46.27  69.108654  61.210876 43.593
 38    24.416 53551.68106760 25.37  69.105709  61.206645 38.452
 38    24.569 53551.68106825 22.47  69.103369  61.209805 38.452
 39    21.235 53586.68102274 33.60  69.117016  61.208274 30.226
 39    20.834 53586.68102338 28.08  69.114676  61.211434 30.226
 40    20.203 53621.68098633 25.96  69.092787  61.202475 34.831
 40    19.778 53621.68098697 22.01  69.090437  61.205635 34.831
 41    18.819 53656.68101473 20.06  69.102550  61.205582 27.255
 41    20.024 53656.68101537 20.38  69.100210  61.208742 27.255
 42    17.642 53691.68100179 43.94  69.111788  61.206667 16.608
 42    17.706 53691.68100244 41.06  69.109448  61.209827 16.608
 43    19.788 53726.68092519 28.00  69.125260  61.207108  8.051
 43    19.963 53726.68092583 30.88  69.122920  61.210268  8.051
 44    19.131 53761.68087735 13.70  69.107796  61.206592  3.825
 44    19.045 53761.68087799 13.54  69.105446  61.209752  3.825
 45    18.522 53796.68089092 12.55  69.119667  61.208824  3.501
 45    18.311 53796.68089156 12.51  69.117327  61.211984  3.501
 47    20.516 53866.68094861 29.24  69.103011  61.204632 23.594
 47    20.818 53866.68094926 26.42  69.100671  61.207792 23.594
 48    24.692 53901.68097796 43.37  69.108432  61.205571 41.809
 48    24.702 53901.68097860 44.19  69.106082  61.208731 41.809
 48    24.711 53901.68097925 40.63  69.103732  61.211881 41.809
 49    23.946 53936.68101727 21.75  69.099570  61.205464 36.839
 49    24.202 53936.68101791 24.63  69.097230  61.208624 36.839
 50    20.173 53971.68098286 21.68  69.111315  61.207359 22.914
 50    20.223 53971.68098351 22.96  69.108975  61.210519 22.914
 51    21.758 54006.68096567 14.67  69.100573  61.205647 25.711
 51    21.587 54006.68096632 13.41  69.098223  61.208807 25.711
 53    21.505 54076.68098630 36.06  69.114636  61.207409 10.043
 53    21.552 54076.68098695 34.74  69.112296  61.210569 10.043
 54    19.342 54111.68092726 16.54  69.121788  61.208847  4.253
 54    19.419 54111.68092790 15.37  69.119438  61.212007  4.253
 55    24.465 54146.68092760 12.00  69.106408  61.203595  2.544
 55    24.460 54146.68092824 11.76  69.104058  61.206755  2.544
 55    23.374 54146.68092889 11.97  69.101718  61.209915  2.544
 56    23.770 54181.68091434 13.17  69.120220  61.208154  1.999
 56    24.439 54181.68091499 13.20  69.117870  61.211314  1.999
 57    22.301 54216.68093631 32.02  69.104225  61.205290 30.654
 57    22.328 54216.68093695 30.50  69.101875  61.208450 30.654
 58    25.871 54251.68096223 38.48  69.109179  61.203720 35.507
 58    25.648 54251.68096288 29.51  69.106829  61.206880 35.507
 58    25.386 54251.68096352 26.99  69.104489  61.210040 35.507
 59    27.299 54286.68096769 34.38  69.114970  61.204853 13.451
 59    26.700 54286.68096833 27.83  69.112620  61.208013 13.451
 59    26.497 54286.68096898 25.93  69.110280  61.211173 13.451
 60    25.737 54321.68096518 30.00  69.111920  61.206932 14.321
 60    25.563 54321.68096583 26.72  69.109580  61.210092 14.321
 61    22.201 54356.68092544 23.05  69.119779  61.209946 26.560
 61    24.964 54356.68092609 20.49  69.117429  61.213106 26.560
 62    21.436 54391.68090582 17.38  69.109739  61.207067 18.253
 62    22.026 54391.68090647 15.67  69.107399  61.210227 18.253
 63    20.197 54426.68087520 34.40  69.114751  61.208088 12.247
 63    19.973 54426.68087584 30.25  69.112411  61.211248 12.247
 64    21.556 54461.68088304 13.36  69.105666  61.206368  3.652
 64    20.260 54461.68088368 13.48  69.103316  61.209528  3.652
 65    23.286 54496.68088240 14.32  69.115810  61.207627  2.468
 65    23.873 54496.68088305 13.97  69.113470  61.210787  2.468
 66    24.671 54531.68089607 11.82  69.108810  61.206638  2.412
 66    24.582 54531.68089672 11.71  69.106460  61.209798  2.412
 67    18.584 54566.68088793 23.14  69.120240  61.208393 10.582
 67    18.646 54566.68088858 25.01  69.117890  61.211553 10.582
 68    23.956 54601.68089111 46.36  69.109905  61.203844 34.211
 68    23.918 54601.68089175 43.24  69.107555  61.206994 34.211
 68    23.819 54601.68089239 46.26  69.105205  61.210154 34.211
 69    25.587 54636.68090318 47.40  69.109419  61.206949 35.706
 69    25.609 54636.68090382 45.95  69.107069  61.210109 35.706
 70    22.765 54671.68090677 27.61  69.111407  61.206684 20.777
 70    21.837 54671.68090742 27.07  69.109057  61.209844 20.777
 71    21.645 54706.68086732 23.63  69.117373  61.208502 27.157
 71    19.425 54706.68086797 19.56  69.115023  61.211662 27.157
 72    22.297 54741.68087073 17.90  69.108836  61.203694 20.121
 72    20.976 54741.68087137 17.28  69.106486  61.206854 20.121
 72    21.377 54741.68087202 16.15  69.104136  61.210004 20.121
 73    19.777 54776.68084803 21.51  69.116218  61.207063 23.935
 73    19.958 54776.68084867 30.69  69.113868  61.210223 23.935
 74    21.379 54811.68086455 32.63  69.103639  61.204844 14.022
 74    21.425 54811.68086519 35.44  69.101289  61.207994 14.022
 75    20.564 54846.68084857 15.41  69.115055  61.208290  3.877
 75    20.312 54846.68084921 15.49  69.112705  61.211450  3.877
 76    20.151 54881.68086785 12.64  69.106332  61.206032  3.633
 76    19.583 54881.68086849 12.85  69.103982  61.209192  3.633
 77    22.804 54916.68085130 10.82  69.118194  61.207156  3.133
 77    22.379 54916.68085194 11.84  69.115844  61.210316  3.133
 78    21.687 54951.68086170 30.62  69.106754  61.206205 25.078
 78    21.730 54951.68086235 27.06  69.104404  61.209365 25.078
 79    24.387 54986.68088615 26.31  69.106129  61.206199 34.156
 79    24.232 54986.68088680 23.68  69.103779  61.209359 34.156
 80    23.959 55021.68087824 23.91  69.115381  61.204963 33.919
 80    23.471 55021.68087888 20.00  69.113041  61.208113 33.919
 80    23.993 55021.68087953 22.20  69.110691  61.211273 33.919
 81    21.455 55056.68087557 25.34  69.113125  61.207546 26.606
 81    21.156 55056.68087621 23.27  69.110775  61.210706 26.606
 82    19.590 55091.68083287 20.56  69.117079  61.209316 27.433
 82    19.971 55091.68083352 18.16  69.114729  61.212476 27.433
 83    22.261 55126.68081453 19.30  69.109105  61.206116 19.381
 83    20.755 55126.68081518 17.96  69.106755  61.209266 19.381
 84    20.086 55161.68079383 26.60  69.114037  61.207405 10.462
 84    20.139 55161.68079447 26.70  69.111687  61.210555 10.462
 85    20.210 55196.68080555 13.02  69.104075  61.205652  3.570
 85    19.617 55196.68080619 14.39  69.101725  61.208812  3.570
 86    19.739 55231.68079723 12.68  69.117279  61.207775  3.146
 86    19.243 55231.68079788 12.00  69.114929  61.210935  3.146
 87    20.442 55266.68080027 10.60  69.109477  61.206108  3.240
 87    19.909 55266.68080091 11.04  69.107127  61.209268  3.240
 88    18.521 55301.68077881  7.31  69.118986  61.209827  7.729
 88    18.263 55301.68077946  9.55  69.116636  61.212987  7.729
 89    24.031 55336.68077512 29.39  69.113418  61.204661 40.835
 89    23.136 55336.68077576 24.91  69.111078  61.207811 40.835
 89    23.952 55336.68077640 23.51  69.108728  61.210971 40.835
 90    24.871 55371.68076544 25.77  69.112980  61.207315 32.981
 90    24.787 55371.68076608 24.72  69.110630  61.210475 32.981
 91    24.258 55406.68078514 28.27  69.107916  61.206665 29.676
 91    24.565 55406.68078578 25.53  69.105566  61.209825 29.676
 92    22.608 55441.68078413 24.64  69.115757  61.204932 25.701
 92    20.599 55441.68078477 25.07  69.113417  61.208092 25.701
 92    20.395 55441.68078542 24.82  69.111067  61.211242 25.701
 93    19.541 55476.68072655 24.75  69.121253  61.208903 25.608
 93    19.420 55476.68072720 20.52  69.118903  61.212063 25.608
