# NaN NaN NaN ;Mean Elev.(m), Avg Gradient(m/km), RMS Gradient(m/km) - SRTM1     
#    2.000  -1.338  18.236 ;Mean Elev.(m), Avg Gradient(m/km), RMS Gradient(m/km) - ASTER GDEM
#   10.409   0.308  16.755 ;Mean Elev.(m), Avg Gradient(m/km), RMS Gradient(m/km) - GMTED2010 
  8  66.444378  62.372393    22.048    21.815  3 52488.27825706 19.642
  9  66.438396  62.375306    21.112    21.224  4 52523.27823027 22.124
 11  66.440688  62.375538    17.479    17.529  4 52593.27827995 34.341
 13  66.442531  62.372259    15.130    15.142  4 52663.27824271 16.572
 16  66.433390  62.376922    52.819    57.161  3 52768.27824513  4.703
 18  66.450675  62.366697    19.589    19.603  5 52838.27832934 33.932
 19  66.446306  62.366923    14.386    14.386  2 52873.27836938 34.931
 20  66.443495  62.371265    13.696    13.762  4 52908.27835187 27.693
 21  66.458415  62.361875    11.958    11.959  6 52943.27827986 37.317
 23  66.440041  62.374866    12.624    12.576  4 53013.27833660 18.364
 25  66.438020  62.377073    17.120    17.502  3 53083.27834122 10.167
 26  66.448625  62.371385    18.706    18.520  5 53118.27831215  8.534
 27  66.443239  62.372940    21.017    21.002  4 53153.27836233 27.788
 29  66.441943  62.371009    18.451    18.475  3 53223.27836899 20.653
 30  66.436485  62.379397    18.831    19.055  4 53258.27834318 17.192
 31  66.446500  62.372620    18.192    18.250  4 53293.27836549 18.905
 32  66.445920  62.372405    15.686    15.677  4 53328.27833929 33.553
 35  66.444336  62.377582    14.485    14.485  2 53433.27830520 12.735
 36  66.449968  62.367673    18.267    18.579  5 53468.27834571  9.745
 38  66.441331  62.370237    20.772    20.772  2 53538.27838883 15.966
 39  66.439532  62.375747    17.363    17.268  4 53573.27838880 42.284
 40  66.436333  62.377980    14.430    14.122  3 53608.27833789 31.425
 41  66.452288  62.369135    26.624    30.597  5 53643.27834065 28.850
 42  66.441535  62.375957    13.228    12.947  4 53678.27835818 25.687
 43  66.441849  62.375409    15.213    15.147  4 53713.27828687 28.238
 45  66.446670  62.371671    13.447    13.493  4 53783.27823181 12.740
 46  66.436861  62.377282    17.239    17.540  4 53818.27819429  7.049
 47  66.452070  62.376670    13.966    13.966  2 53853.27827050 11.647
 48  66.454762  62.371853    84.663    84.663  2 53888.27827862  0.790
 51  66.456953  62.360652    18.685    15.467  6 53993.27826999 34.402
 52  66.451869  62.366303    13.602    13.589  5 54028.27833020 32.565
 53  66.447121  62.371786    17.397    17.721  4 54063.27832318 28.783
 54  66.439397  62.377319    14.791    14.813  4 54098.27829078 16.342
 55  66.452213  62.367050    15.307    15.196  5 54133.27824698 11.761
 56  66.439414  62.375044    14.760    14.779  3 54168.27826514 10.851
 57  66.449236  62.366318    15.074    14.776  4 54203.27825108 20.160
 59  66.445469  62.372556    22.483    22.338  5 54273.27830325 21.265
 60  66.444959  62.368911    22.232    22.096  4 54308.27830597 28.053
 61  66.440505  62.375399    19.005    18.971  4 54343.27828341 32.314
 62  66.450520  62.371021    30.783    35.883  4 54378.27824090 22.391
 63  66.443582  62.373182    13.780    13.753  4 54413.27823148 42.413
 64  66.450902  62.366865    13.499    13.510  5 54448.27820782 23.437
 65  66.446805  62.370708    14.164    13.218  5 54483.27822522 12.645
 68  66.447579  62.370163    68.328    68.328  2 54588.27821667 21.854
 69  66.445109  62.373878    22.218    22.197  4 54623.27823403 13.343
 70  66.445358  62.374240    19.264    19.210  4 54658.27824302 34.219
 71  66.443586  62.375033    45.354    16.793  3 54693.27822450 16.776
 72  66.447923  62.365634    19.992    20.348  3 54728.27819805 14.018
 73  66.444757  62.372417    14.415    13.977  5 54763.27820281 43.048
 74  66.451992  62.367788    15.246    15.223  5 54798.27819096 46.312
 75  66.445074  62.373773    15.595    15.581  4 54833.27819256 14.976
 76  66.452209  62.367203    16.298    16.611  6 54868.27818729 13.164
 77  66.439370  62.376639    15.766    15.350  4 54903.27820217  8.524
 78  66.448622  62.368888    17.708    17.611  5 54938.27817747  8.031
 79  66.447055  62.371280    21.383    21.238  4 54973.27820882 15.776
 81  66.443562  62.368229    19.164    19.164  2 55043.27821434 18.975
 82  66.440806  62.374976    20.134    20.290  3 55078.27819125 14.145
 83  66.449942  62.371030    38.168    34.186  4 55113.27814623 12.608
 85  66.451457  62.367541    15.726    16.085  5 55183.27812826 16.805
 86  66.440043  62.371053    14.157    14.157  2 55218.27814495  7.237
 87  66.450886  62.367745    14.693    14.866  6 55253.27812449  9.205
 88  66.439729  62.376927    17.907    18.064  4 55288.27813391  4.953
 90  66.444925  62.374920    21.675    21.651  4 55358.27810989 13.909
 91  66.448486  62.369973    19.139    19.164  4 55393.27811378 33.502
 92  66.444292  62.368564    17.307    17.307  2 55428.27812694 19.231
 93  66.439238  62.373654    18.906    19.927  3 55463.27809003 16.433
