# NaN NaN NaN ;Mean Elev.(m), Avg Gradient(m/km), RMS Gradient(m/km) - SRTM1     
#   43.080   0.092   3.625 ;Mean Elev.(m), Avg Gradient(m/km), RMS Gradient(m/km) - ASTER GDEM
#   43.086  -0.054   2.704 ;Mean Elev.(m), Avg Gradient(m/km), RMS Gradient(m/km) - GMTED2010 
  8    50.296 52496.65052197 26.74  81.445347  58.983123 27.765
  8    50.451 52496.65052261 25.26  81.443267  58.986303 27.765
  9    48.501 52531.65050675 32.91  81.429959  58.972624 26.843
  9    48.759 52531.65050739 32.88  81.427879  58.975794 26.843
 10    48.609 52566.65052957 43.64  81.440926  58.978297 17.001
 10    48.704 52566.65053021 36.84  81.438846  58.981477 17.001
 10    48.383 52566.65053086 28.35  81.436766  58.984657 17.001
 11    50.965 52601.65054019 26.52  81.440552  58.979896  7.743
 11    51.821 52601.65054083 25.76  81.438472  58.983066  7.743
 12    48.820 52636.65050496 17.27  81.432472  58.975571  3.344
 12    48.985 52636.65050560 15.66  81.430392  58.978751  3.344
 13    51.517 52671.65051018 12.40  81.441250  58.979663  2.724
 13    51.138 52671.65051083 12.74  81.439170  58.982843  2.724
 13    50.777 52671.65051147 11.72  81.437090  58.986013  2.724
 14    51.473 52706.65050859 12.24  81.437583  58.976484  2.511
 14    51.812 52706.65050923 12.17  81.435503  58.979664  2.511
 15    51.805 52741.65054114 11.74  81.441316  58.977829  3.338
 15    52.713 52741.65054178  9.88  81.439236  58.981009  3.338
 15    52.405 52741.65054243  9.65  81.437156  58.984179  3.338
 16    53.980 52776.65048529 39.44  81.452114  58.984530 41.087
 16    53.791 52776.65048593 37.14  81.450034  58.987710 41.087
 16    53.710 52776.65048658 36.33  81.447954  58.990890 41.087
 16    53.686 52776.65048722 36.63  81.445874  58.994070 41.087
 17    52.702 52811.65056167 52.03  81.432052  58.973571 44.330
 17    52.680 52811.65056232 53.35  81.429972  58.976751 44.330
 20    47.154 52916.65061223 53.06  81.446283  58.984539 30.564
 20    47.191 52916.65061287 51.65  81.444203  58.987719 30.564
 21    48.777 52951.65057174 43.81  81.436312  58.975569 23.613
 21    48.698 52951.65057238 52.69  81.434232  58.978749 23.613
 22    47.874 52986.65059015 16.46  81.443989  58.982646  3.612
 22    48.200 52986.65059079 16.23  81.441909  58.985816  3.612
 23    49.423 53021.65057973 14.63  81.446226  58.984148  3.950
 23    49.936 53021.65058037 13.04  81.444146  58.987328  3.950
 24    51.029 53056.65056962 12.31  81.440883  58.980868  2.828
 24    50.716 53056.65057027 12.36  81.438803  58.984048  2.828
 25    52.750 53091.65060708 11.10  81.441097  58.979324  2.138
 25    52.693 53091.65060773 11.25  81.439027  58.982494  2.138
 25    52.167 53091.65060837 11.27  81.436947  58.985674  2.138
 26    52.166 53126.65057787 31.94  81.436715  58.978634 18.907
 26    52.061 53126.65057851 29.95  81.434635  58.981814 18.907
 27    54.583 53161.65063998 36.96  81.435921  58.974905 37.550
 27    54.220 53161.65064063 30.57  81.433841  58.978085 37.550
 27    54.508 53161.65064127 33.74  81.431761  58.981255 37.550
 28    50.879 53196.65063916 52.27  81.441780  58.979605 29.201
 28    50.874 53196.65063980 48.73  81.439700  58.982775 29.201
 28    50.997 53196.65064045 50.11  81.437620  58.985955 29.201
 29    48.336 53231.65062122 25.55  81.446389  58.984225 26.354
 29    48.536 53231.65062186 27.06  81.444309  58.987405 26.354
 30    47.674 53266.65059059 49.45  81.449056  58.984197 35.203
 30    47.687 53266.65059124 52.55  81.446976  58.987377 35.203
 30    47.614 53266.65059188 41.43  81.444896  58.990557 35.203
 31    47.918 53301.65064120 42.06  81.428741  58.973708 20.855
 31    52.271 53301.65064184 30.65  81.426671  58.976888 20.855
 32    49.188 53336.65061241 26.26  81.441459  58.980258 12.734
 32    49.152 53336.65061306 26.28  81.439379  58.983428 12.734
 32    49.208 53336.65061370 25.95  81.437299  58.986608 12.734
 33    50.050 53371.65054935 17.58  81.450536  58.985008  4.553
 33    50.311 53371.65054999 18.38  81.448456  58.988188  4.553
 33    49.661 53371.65055064 18.54  81.446376  58.991368  4.553
 33    49.440 53371.65055128 18.77  81.444296  58.994548  4.553
 34    50.084 53406.65058497 17.48  81.437998  58.979168  4.629
 34    48.215 53406.65058561 17.08  81.435918  58.982348  4.629
 35    51.120 53441.65057158 11.67  81.448398  58.984329  2.866
 35    50.435 53441.65057222 11.76  81.446318  58.987509  2.866
 35    50.005 53441.65057287 11.68  81.444238  58.990689  2.866
 36    48.520 53476.65063881 17.27  81.433664  58.974443  7.314
 36    48.584 53476.65063946 17.84  81.431584  58.977623  7.314
 37    53.090 53511.65065297 26.96  81.439106  58.979598 34.056
 37    53.103 53511.65065361 26.32  81.437026  58.982778 34.056
 38    50.952 53546.65066962 46.58  81.440790  58.976704 35.228
 38    50.950 53546.65067026 36.65  81.438710  58.979884 35.228
 38    50.848 53546.65067091 25.02  81.436630  58.983054 35.228
 39    49.070 53581.65064193 49.13  81.444365  58.980259 30.106
 39    48.883 53581.65064257 42.21  81.442285  58.983429 30.106
 39    49.027 53581.65064322 52.01  81.440205  58.986609 30.106
 40    48.161 53616.65059741 48.55  81.446870  58.981781 30.710
 40    48.196 53616.65059806 46.84  81.444800  58.984951 30.710
 40    48.115 53616.65059870 47.29  81.442720  58.988131 30.710
 41    48.239 53651.65061265 38.98  81.437347  58.978775 24.040
 41    48.296 53651.65061330 48.27  81.435257  58.981955 24.040
 42    47.737 53686.65061729 43.55  81.439532  58.975964 28.438
 42    47.719 53686.65061793 46.61  81.437452  58.979144 28.438
 42    47.747 53686.65061858 44.94  81.435372  58.982324 28.438
 43    49.261 53721.65054467 21.07  81.449251  58.986353  6.887
 43    49.236 53721.65054532 22.67  81.447171  58.989533  6.887
 43    49.229 53721.65054596 22.25  81.445091  58.992713  6.887
 44    50.453 53756.65047426 15.44  81.439795  58.979895  3.484
 44    50.066 53756.65047491 15.04  81.437715  58.983075  3.484
 45    50.844 53791.65050018 13.29  81.446795  58.980462  2.599
 45    50.754 53791.65050082 12.55  81.444715  58.983632  2.599
 45    50.887 53791.65050147 12.17  81.442635  58.986812  2.599
 46    53.795 53826.65046222  8.01  81.436695  58.975293  2.041
 46    53.106 53826.65046286  8.01  81.434615  58.978473  2.041
 46    52.760 53826.65046351  8.81  81.432535  58.981653  2.041
 47    51.782 53861.65055141 37.23  81.434971  58.975242 25.463
 47    51.584 53861.65055206 27.64  81.432901  58.978422 25.463
 48    54.387 53896.65057269 46.51  81.438532  58.979218 34.869
 48    54.180 53896.65057333 37.40  81.436452  58.982398 34.869
 49    50.780 53931.65062221 28.28  81.434324  58.975240 31.673
 49    53.064 53931.65062285 21.65  81.432244  58.978420 31.673
 50    48.680 53966.65059769 50.10  81.440192  58.976578 31.126
 50    48.550 53966.65059834 54.07  81.438112  58.979758 31.126
 50    48.695 53966.65059898 52.82  81.436032  58.982928 31.126
 51    48.266 54001.65056015 49.46  81.432498  58.974818 27.927
 51    48.183 54001.65056080 50.23  81.430418  58.977998 27.927
 52    47.994 54036.65060053 29.04  81.439360  58.979961 16.536
 52    48.203 54036.65060118 37.48  81.437280  58.983141 16.536
 53    49.418 54071.65059459 27.95  81.442986  58.979717 11.304
 53    49.165 54071.65059524 30.52  81.440906  58.982897 11.304
 53    49.284 54071.65059588 36.00  81.438826  58.986077 11.304
 54    49.546 54106.65054654 16.76  81.448366  58.984584  4.776
 54    50.120 54106.65054718 15.56  81.446296  58.987764  4.776
 54    49.051 54106.65054783 18.24  81.444216  58.990944  4.776
 55    50.733 54141.65052798 12.21  81.437532  58.975688  2.976
 55    51.387 54141.65052862 12.20  81.435462  58.978868  2.976
 55    51.507 54141.65052927 11.91  81.433382  58.982048  2.976
 56    51.529 54176.65052728 11.44  81.446267  58.980002  2.430
 56    50.695 54176.65052792 11.65  81.444187  58.983172  2.430
 56    51.396 54176.65052856 11.06  81.442107  58.986352  2.430
 57    51.404 54211.65053544 32.85  81.436034  58.978035 30.577
 57    51.488 54211.65053608 33.54  81.433954  58.981215 30.577
 58    55.334 54246.65056482 37.73  81.440142  58.976765 39.122
 58    55.031 54246.65056546 31.25  81.438062  58.979945 39.122
 58    55.311 54246.65056611 34.48  81.435982  58.983115 39.122
 60    52.142 54316.65057398 20.65  81.443825  58.980855 27.815
 60    52.686 54316.65057462 18.67  81.441745  58.984025 27.815
 60    52.526 54316.65057527 22.48  81.439665  58.987205 27.815
 61    48.602 54351.65054135 25.89  81.445477  58.983917 28.350
 61    48.741 54351.65054200 30.61  81.443397  58.987097 28.350
 62    47.740 54386.65051304 38.02  81.439451  58.979326 29.952
 62    47.725 54386.65051369 40.80  81.437371  58.982506 29.952
 63    47.608 54421.65049038 40.95  81.445221  58.980638 20.045
 63    47.556 54421.65049103 40.69  81.443141  58.983818 20.045
 63    47.503 54421.65049167 38.34  81.441061  58.986988 20.045
 64    52.193 54456.65048566 16.20  81.435005  58.976067  3.864
 64    52.666 54456.65048630 16.22  81.432925  58.979247  3.864
 65    51.492 54491.65049210 11.01  81.445678  58.980139  2.904
 65    51.588 54491.65049275 10.75  81.443598  58.983319  2.904
 65    51.196 54491.65049339 10.46  81.441518  58.986489  2.904
 66    51.823 54526.65049881 13.92  81.438942  58.978850  2.384
 66    53.219 54526.65049946 10.70  81.436862  58.982030  2.384
 67    48.103 54561.65050053 15.78  81.446638  58.980439  7.390
 67    48.136 54561.65050118 15.86  81.444558  58.983619  7.390
 67    48.033 54561.65050182 15.20  81.442478  58.986799  7.390
 69    52.360 54631.65050830 26.67  81.439648  58.979109 31.111
 69    52.247 54631.65050894 24.39  81.437568  58.982289 31.111
 70    49.850 54666.65051437 28.67  81.439435  58.979213 26.898
 70    49.872 54666.65051501 23.86  81.437355  58.982393 26.898
 71    47.670 54701.65048302 31.33  81.446901  58.984080 24.463
 71    47.808 54701.65048367 32.51  81.444821  58.987260 24.463
 72    48.408 54736.65047385 28.09  81.436586  58.975351 25.471
 72    48.403 54736.65047450 25.43  81.434506  58.978531 25.471
 72    52.428 54736.65047514 24.79  81.432426  58.981711 25.471
 73    48.173 54771.65046271 35.48  81.445574  58.979677 28.009
 73    48.026 54771.65046335 26.71  81.443494  58.982847 28.009
 73    48.162 54771.65046400 29.10  81.441414  58.986027 28.009
 74    50.876 54806.65046727 18.48  81.436066  58.974256  4.932
 74    51.498 54806.65046791 17.87  81.433986  58.977426  4.932
 74    51.701 54806.65046856 17.91  81.431906  58.980606  4.932
 75    51.083 54841.65045907 13.73  81.442648  58.979708  3.455
 75    50.980 54841.65045972 13.45  81.440568  58.982878  3.455
 75    51.235 54841.65046036 13.45  81.438488  58.986058  3.455
 76    51.034 54876.65046948 12.79  81.437566  58.978337  2.769
 76    51.020 54876.65047012 12.14  81.435486  58.981517  2.769
 77    51.425 54911.65046456 12.15  81.444715  58.982864  2.588
 77    50.829 54911.65046520 12.09  81.442635  58.986044  2.588
 78    54.428 54946.65046183 52.47  81.437343  58.975445 48.025
 78    54.414 54946.65046247 52.17  81.435263  58.978625 48.025
 78    54.417 54946.65046312 54.27  81.433183  58.981805 48.025
 79    53.296 54981.65048843 32.38  81.439555  58.979515 37.434
 79    53.318 54981.65048907 29.00  81.437475  58.982695 37.434
 80    52.785 55016.65048856 34.08  81.441453  58.978813 34.404
 80    52.573 55016.65048920 31.43  81.439373  58.981983 34.404
 80    52.815 55016.65048985 32.13  81.437293  58.985163 34.404
 81    49.473 55051.65048372 25.37  81.442699  58.980025 27.712
 81    52.249 55051.65048437 20.37  81.440619  58.983205 27.712
 81    52.749 55051.65048501 18.68  81.438539  58.986385 27.712
 82    49.112 55086.65044884 34.72  81.446511  58.984168 24.810
 82    49.184 55086.65044949 34.39  81.444431  58.987348 24.810
 83    48.589 55121.65041781 30.56  81.437457  58.978556 26.858
 83    48.705 55121.65041845 42.91  81.435377  58.981736 26.858
 84    50.839 55156.65040819 31.50  81.444334  58.979752 13.892
 84    50.846 55156.65040883 32.66  81.442254  58.982932 13.892
 84    50.970 55156.65040947 34.77  81.440174  58.986112 13.892
 85    50.907 55191.65040676 14.42  81.436282  58.974455  3.131
 85    51.437 55191.65040740 13.82  81.434202  58.977635  3.131
 85    51.586 55191.65040804 13.96  81.432122  58.980805  3.131
 86    50.931 55226.65040895 12.74  81.444440  58.979699  2.714
 86    50.416 55226.65040959 13.08  81.442360  58.982879  2.714
 86    50.584 55226.65041024 12.62  81.440280  58.986059  2.714
 87    51.059 55261.65040280 11.18  81.441108  58.978398  2.357
 87    51.188 55261.65040344 11.04  81.439028  58.981578  2.357
 87    50.787 55261.65040409 10.82  81.436948  58.984758  2.357
 88    53.212 55296.65039465  9.36  81.445440  58.983382  2.129
 88    52.639 55296.65039529  9.40  81.443360  58.986562  2.129
 89    54.010 55331.65038350 39.57  81.439877  58.979544 34.210
 89    53.897 55331.65038414 35.90  81.437797  58.982724 34.210
 90    54.957 55366.65037599 42.32  81.444663  58.979814 35.331
 90    54.869 55366.65037663 39.44  81.442583  58.982994 35.331
 90    54.822 55366.65037727 37.63  81.440503  58.986174 35.331
 91    52.740 55401.65038891 33.96  81.437387  58.975129 30.031
 91    52.514 55401.65038956 24.99  81.435307  58.978299 30.031
 91    53.383 55401.65039020 22.07  81.433227  58.981479 30.031
 92    49.424 55436.65039360 31.64  81.444722  58.980336 31.302
 92    49.399 55436.65039424 21.87  81.442642  58.983516 31.302
 92    49.626 55436.65039488 26.46  81.440562  58.986696 31.302
 93    47.865 55471.65034504 32.32  81.448491  58.984128 25.205
 93    48.015 55471.65034568 32.54  81.446411  58.987308 25.205
 93    48.192 55471.65034633 35.71  81.444331  58.990488 25.205
