-228083.727    55.009     0.00    2.16
-227715.963    54.230    -2.12    2.63
-227348.259    52.885    -3.66    3.05
-226980.615    50.863    -5.50    3.40
-226613.032    49.509    -3.69    2.63
-226245.509    50.230     1.96    6.01
-225878.047    49.741    -1.33    6.42
-225510.253    49.166    -1.56    6.91
-225130.368    50.253     2.86    8.18
-224750.548    49.561    -1.82    6.98
-224370.793    49.951     1.03    7.42
-223991.103    51.413     3.85    8.18
-223611.477    51.598     0.49    7.74
-223231.917    52.246     1.71    8.24
-222852.421    53.067     2.16    9.05
-222472.990    55.016     5.14    8.05
-222093.624    58.161     8.29    5.82
-221714.322    59.528     3.61    5.34
-221335.086    60.406     2.31    5.57
-220955.913    60.765     0.95    6.41
-220576.806    61.137     0.98    6.93
-220197.762    60.573    -1.49    7.61
-219818.784    58.197    -6.27    7.68
-219439.870    57.964    -0.61    7.46
-219061.020    57.686    -0.73    7.50
-218682.235    57.488    -0.52    6.55
-218303.514    58.872     3.65    5.68
-217924.858    57.212    -4.39    7.51
-217546.265    51.028   -16.34   10.94
-217167.737    45.107   -15.65   10.68
-216789.274    41.340    -9.96    8.16
-216410.874    40.233    -2.93    8.21
-216032.539    44.080    10.17    9.78
-215654.268    45.757     4.43   10.02
-215276.061    47.178     3.76    9.09
-214897.919    47.163    -0.04    8.63
-214519.840    48.421     3.33    7.16
-214141.825    50.883     6.52    6.56
-213763.874    53.272     6.32    7.42
-213385.987    54.327     2.79    7.41
-213008.165    53.446    -2.33    8.15
-212630.406    50.620    -7.48    9.04
-212252.711    47.774    -7.54    8.54
-211875.079    49.231     3.86    9.79
-211497.512    50.614     3.66    9.43
-211120.008    53.328     7.19    9.83
-210742.568    58.138    12.75    8.60
-210365.192    61.687     9.40    7.77
-209987.879    64.663     7.89    6.48
-209610.630    66.067     3.72    7.41
-209233.445    66.567     1.33    8.24
-208856.323    66.488    -0.21    7.57
-208479.265    66.225    -0.70    8.35
-208102.270    62.547    -9.76   10.49
-207725.339    63.080     1.41   11.40
-207348.471    64.752     4.43   11.99
-206971.667    66.118     3.63   11.49
-206594.926    68.548     6.45    8.88
-206218.248    67.924    -1.66    7.74
-205841.633    68.791     2.30    6.59
-205465.082    71.197     6.39    6.09
-205088.594    69.507    -4.49    8.16
-204712.170    67.528    -5.26   10.12
-204335.808    65.589    -5.15   11.31
-203959.510    65.666     0.20   10.18
-203583.275    65.568    -0.26    9.08
-203207.102    66.471     2.40    8.11
-202830.993    68.081     4.28    5.48
-202454.947    68.560     1.28    5.39
-202078.964    68.633     0.19    6.00
-201703.044    67.131    -4.00    6.27
-201327.187    66.003    -3.00    7.18
-200951.393    66.182     0.48    8.29
-200575.661    67.859     4.46    8.84
-200199.993    69.468     4.28    9.30
-199824.387    69.092    -1.00    8.84
-199448.844    66.134    -7.88    6.59
-199073.363    65.644    -1.31    6.02
-198697.946    66.334     1.84    6.84
-198322.591    66.896     1.50    7.03
-197947.298    65.970    -2.47    7.22
-197572.069    65.475    -1.32    7.38
-197196.902    63.879    -4.26    5.38
-196821.797    62.938    -2.51    3.02
-196446.755    63.205     0.71    2.83
-196071.775    66.628     9.13    6.36
-195696.858    69.460     7.55    7.74
-195322.003    69.459    -0.00    8.92
-194947.211    69.454    -0.01    9.51
-194572.481    67.515    -5.18    9.21
-194197.813    68.949     3.83   10.82
-193823.208    74.336    14.38   11.80
-193448.665    78.470    11.04    9.11
-193074.184    79.220     2.01    9.11
-192699.765    78.197    -2.73   10.95
-192325.409    76.534    -4.44   12.76
-191951.114    75.387    -3.07   13.70
-191576.882    74.699    -1.84   12.90
-191202.712    73.079    -4.33   10.61
-190828.604    73.068    -0.03    9.40
-190454.557    75.370     6.16    8.10
-190080.573    75.214    -0.42    7.51
-189706.651    73.423    -4.79    6.87
-189332.791    72.960    -1.24    6.62
-188958.992    72.976     0.04    7.08
-188585.256    75.041     5.53    8.10
-188211.581    76.712     4.47    9.67
-187837.968    75.138    -4.21   11.50
-187464.417    74.471    -1.79   12.59
-187090.927    72.411    -5.52   13.19
-186717.499    69.885    -6.76   11.67
-186344.133    71.527     4.40   11.65
-185970.829    74.620     8.29   11.57
-185597.586    80.254    15.10   10.18
-185224.404    83.161     7.79    9.00
-184851.285    80.241    -7.83   11.02
-184478.226    74.823   -14.53   12.11
-184105.230    69.225   -15.01   11.43
-183732.294    67.579    -4.41    9.78
-183359.420    71.108     9.46   12.65
-182986.608    74.184     8.25   13.34
-182613.857    77.765     9.61   12.71
-182241.167    80.807     8.17   12.00
-181868.538    82.015     3.24   11.66
-181495.971    81.092    -2.48   11.24
-181123.465    78.184    -7.81   11.14
-180751.020    75.028    -8.47   11.18
-180378.636    69.794   -14.06    8.64
-180006.314    64.268   -14.85    5.07
-179634.052    65.182     2.46    6.84
-179261.852    68.892     9.97   10.50
-178889.713    75.220    17.01   12.01
-178517.634    80.686    14.69    9.17
-178145.617    85.720    13.54    6.62
-177773.661    86.094     1.00    6.90
-177401.765    83.663    -6.54    8.71
-177029.931    83.681     0.05    8.34
-176658.157    79.268   -11.87    9.53
-176286.445    72.961   -16.97   10.35
-175914.793    69.746    -8.65    8.51
-175543.201    71.352     4.32    7.88
-175171.671    78.003    17.91   10.33
-174800.201    83.095    13.71    9.60
-174428.792    86.066     8.00    9.27
-174057.444    87.288     3.29    9.03
-173686.156    83.002   -11.55   11.06
-173314.929    78.365   -12.49   11.48
-172943.762    77.883    -1.30   12.58
-172572.656    76.441    -3.89   13.77
-172201.611    77.423     2.65   12.75
-171830.626    78.274     2.30   11.85
-171459.701    79.651     3.71   11.02
-171088.837    82.874     8.69    8.90
-170718.033    81.244    -4.40    8.95
-170347.290    78.985    -6.09    8.49
-169976.607    78.509    -1.28    8.30
-169605.984    77.555    -2.58    8.38
-169235.421    75.528    -5.47    8.15
-168864.919    71.569   -10.69    8.10
-168494.477    69.146    -6.54    8.14
-168124.095    67.298    -4.99    6.65
-167753.773    70.054     7.44    6.22
-167383.512    73.791    10.09    5.86
-167013.310    73.528    -0.71    6.95
-166643.168    72.958    -1.54    7.73
-166273.087    71.079    -5.08    8.19
-165903.065    70.319    -2.05    8.62
-165533.104    71.889     4.25    8.47
-165163.202    73.569     4.54    8.46
-164793.361    72.594    -2.64    8.94
-164423.579    68.397   -11.35    9.36
-164053.857    64.567   -10.36    8.67
-163684.195    62.670    -5.13    6.75
-163314.593    63.752     2.93    9.20
-162945.050    64.833     2.93   10.48
-162575.567    64.620    -0.58   10.12
-162206.144    64.325    -0.80   10.00
-161836.781    65.353     2.79   10.19
-161467.477    69.833    12.13   11.31
-161098.233    75.746    16.02   11.11
-160729.048    79.235     9.45    9.48
-160359.923    79.353     0.32    8.96
-159990.858    77.274    -5.64    9.54
-159621.852    74.554    -7.37    8.41
-159252.905    72.180    -6.44    7.97
-158884.018    69.883    -6.23    8.10
-158515.190    69.555    -0.89    8.87
-158146.422    69.094    -1.25    8.99
-157777.713    68.767    -0.89   10.11
-157409.064    68.765    -0.01    9.94
-157040.473    64.833   -10.67    8.73
-156671.942    62.104    -7.40    6.99
-156303.470    60.416    -4.58    8.33
-155935.058    61.391     2.65   10.09
-155566.704    63.180     4.86   10.07
-155198.410    63.833     1.77    8.84
-154830.175    63.589    -0.66    7.23
-154461.999    61.881    -4.64    6.99
-154093.882    62.365     1.32    6.96
-153725.824    61.908    -1.24    6.89
-153357.825    59.433    -6.73    9.04
-152989.885    55.934    -9.51    9.61
-152622.004    53.574    -6.42    8.90
-152254.182    56.567     8.14   12.37
-151886.419    62.414    15.90   13.31
-151518.714    69.182    18.41   12.47
-151151.069    71.973     7.59   12.38
-150783.482    70.638    -3.63   12.06
-150406.073    66.174   -11.83   13.57
-150026.386    61.054   -13.49   12.19
-149646.761    57.370    -9.71    9.89
-149267.200    61.817    11.72   13.40
-148887.702    68.970    18.85   16.13
-148508.267    76.041    18.64   15.73
-148128.895    79.681     9.60   12.14
-147749.586    79.923     0.64   11.36
-147370.340    75.844   -10.76   12.25
-146991.157    74.828    -2.68   11.02
-146612.037    76.132     3.44    8.71
-146232.980    77.541     3.72    5.71
-145853.986    77.547     0.02    4.63
-145475.055    76.180    -3.61    4.02
-145096.186    73.661    -6.65    5.70
-144717.380    68.180   -14.47    8.57
-144338.638    62.712   -14.44   11.63
-143959.957    61.468    -3.29   13.41
-143581.340    63.508     5.39   14.99
-143202.785    66.291     7.35   14.85
-142824.293    69.974     9.73   13.39
-142445.863    73.288     8.76    8.96
-142067.496    73.868     1.53    6.90
-141689.192    73.483    -1.02    6.92
-141310.950    72.365    -2.95    6.42
-140932.770    73.340     2.58    6.63
-140554.653    75.305     5.20    8.22
-140176.598    78.169     7.58    9.28
-139798.606    79.180     2.67   10.42
-139420.676    76.438    -7.25   12.74
-139042.808    70.068   -16.86   11.73
-138665.003    65.133   -13.06    7.35
-138287.260    63.121    -5.33    3.00
-137909.579    64.742     4.29    4.44
-137531.960    66.028     3.40    5.49
-137154.404    66.934     2.40    5.65
-136776.910    67.419     1.29    5.51
-136399.477    67.865     1.18    4.83
-136022.107    66.974    -2.36    4.23
-135644.799    65.097    -4.98    4.88
-135267.553    67.120     5.36    6.81
-134890.369    67.819     1.85    7.91
-134513.246    69.941     5.63    8.64
-134136.186    72.338     6.36    7.62
-133759.188    69.964    -6.30    8.63
-133382.251    67.357    -6.92    8.26
-133005.376    64.522    -7.52    7.57
-132628.563    60.865    -9.70    6.77
-132251.812    59.534    -3.53    6.97
-131875.123    59.291    -0.65    7.14
-131498.495    58.628    -1.76    7.28
-131121.929    57.986    -1.70    7.03
-130745.424    57.041    -2.51    6.31
-130368.981    59.694     7.05    7.10
-129992.600    61.333     4.35    7.03
-129616.280    61.107    -0.60    8.42
-129240.022    61.569     1.23    8.10
-128863.825    59.392    -5.79    8.78
-128487.690    58.919    -1.26    8.83
-128111.616    61.131     5.88   10.40
-127735.604    61.717     1.56   11.16
-127359.653    61.426    -0.77   10.87
-126983.763    57.614   -10.14    9.59
-126607.934    54.686    -7.79    8.86
-126232.167    50.909   -10.05    6.10
-125856.461    48.857    -5.46    4.37
-125480.816    46.717    -5.70    3.18
-125105.233    46.201    -1.37    3.18
-124729.710    45.507    -1.85    2.57
-124354.249    46.918     3.76    4.94
-123978.849    49.868     7.86    5.73
-123603.509    52.388     6.72    5.25
-123228.231    52.804     1.11    5.04
-122853.014    52.583    -0.59    4.75
-122477.858    52.184    -1.06    4.25
-122102.763    51.888    -0.79    4.03
-121727.728    52.471     1.56    4.45
-121352.755    55.055     6.89    5.68
-120977.842    56.208     3.08    5.78
-120602.990    58.778     6.86    6.89
-120228.199    59.357     1.54    6.94
-119853.469    58.668    -1.84    6.62
-119478.800    59.396     1.94    5.56
-119104.191    57.830    -4.18    5.21
-118729.642    57.528    -0.81    4.78
-118355.155    58.879     3.61    5.38
-117980.728    58.338    -1.44    5.46
-117606.362    59.428     2.91    5.35
-117232.056    58.500    -2.48    6.40
-116857.810    55.396    -8.30    5.39
-116483.626    53.178    -5.93    3.47
-116109.501    52.357    -2.20    1.92
-115735.437    53.124     2.05    2.00
-115361.434    52.285    -2.25    3.10
-114987.491    51.638    -1.73    3.07
-114613.608    50.294    -3.60    2.96
-114239.785    48.958    -3.58    2.40
-113866.023    50.883     5.15    3.83
-113492.321    51.527     1.72    4.11
-113118.679    51.054    -1.27    4.40
-112745.098    49.082    -5.28    5.26
-112371.576    46.534    -6.82    3.74
-111998.115    45.000    -4.11    3.64
-111624.714    44.466    -1.43    3.84
-111251.373    43.321    -3.07    2.32
-110878.091    42.784    -1.44    1.06
-110504.870    41.833    -2.55    2.58
-110131.709    40.357    -3.96    3.23
-109758.608    38.468    -5.06    3.38
-109385.567    36.908    -4.18    2.49
-109012.586    36.370    -1.44    2.49
-108639.664    35.973    -1.06    3.07
-108266.802    34.755    -3.27    2.79
-107894.001    34.379    -1.01    2.56
-107521.259    33.768    -1.64    2.08
-107148.576    33.740    -0.08    2.03
-106775.954    33.158    -1.56    1.99
-106403.391    32.548    -1.64    2.20
-106030.888    31.788    -2.04    2.22
-105658.444    30.914    -2.35    2.22
-105286.060    30.028    -2.38    2.72
-104913.736    28.484    -4.15    3.55
-104541.471    27.348    -3.05    3.90
-104169.265    25.427    -5.16    4.15
-103797.120    23.734    -4.55    3.46
-103425.033    22.541    -3.21    3.03
-103053.006    21.949    -1.59    2.72
-102681.038    21.182    -2.06    1.64
-102309.130    20.734    -1.20    1.22
-101937.281    21.000     0.71    1.31
-101565.492    21.781     2.10    2.28
-101193.762    22.000     0.59    2.09
-100822.090    22.625     1.68    2.24
-100450.479    23.527     2.43    2.69
-100078.926    25.002     3.97    2.99
 -99707.433    25.712     1.91    2.93
 -99335.998    25.742     0.08    3.20
 -98964.623    24.580    -3.13    3.29
 -98593.307    24.330    -0.67    3.24
 -98222.050    24.068    -0.71    3.28
 -97850.852    24.107     0.11    3.43
 -97479.713    25.352     3.35    2.70
 -97108.633    25.095    -0.69    2.56
 -96737.612    25.054    -0.11    2.62
 -96366.649    24.961    -0.25    2.57
 -95995.746    24.374    -1.58    2.85
 -95624.901    24.041    -0.90    3.32
 -95254.116    26.291     6.07    6.57
 -94883.389    29.515     8.70    8.01
 -94512.721    33.975    12.03    6.78
 -94142.111    35.973     5.39    4.35
 -93771.561    35.668    -0.83    3.63
 -93401.069    34.548    -3.02    3.89
 -93030.635    32.580    -5.31    3.57
 -92660.261    31.582    -2.70    3.05
 -92289.945    31.120    -1.25    2.40
 -91919.687    31.379     0.70    2.16
 -91549.488    32.804     3.85    3.84
 -91179.347    34.460     4.47    4.41
 -90809.265    36.107     4.45    4.86
 -90439.242    37.962     5.01    5.15
 -90069.277    38.475     1.39    5.30
 -89699.370    37.663    -2.20    5.95
 -89329.522    35.281    -6.44    6.06
 -88959.732    33.972    -3.54    5.08
 -88590.000    33.685    -0.78    4.17
 -88220.326    36.233     6.89    5.15
 -87850.711    37.794     4.23    4.78
 -87481.154    38.507     1.93    4.62
 -87111.656    39.904     3.78    4.87
 -86742.215    41.808     5.15    5.41
 -86372.833    43.630     4.93    6.66
 -86003.508    44.959     3.60    8.07
 -85634.242    43.949    -2.74   10.14
 -85265.034    42.325    -4.40   10.27
 -84895.884    38.340   -10.80   10.50
 -84526.792    33.960   -11.87    9.58
 -84157.757    29.418   -12.31    7.80
 -83788.781    25.411   -10.86    3.37
 -83419.863    24.554    -2.32    1.59
 -83051.003    24.595     0.11    1.49
 -82682.200    24.291    -0.82    1.27
 -82313.455    24.246    -0.12    1.44
 -81944.769    23.833    -1.12    1.65
 -81576.139    23.555    -0.76    1.59
 -81207.568    23.716     0.44    1.64
 -80839.055    24.068     0.95    1.41
 -80470.599    25.278     3.28    1.90
 -80102.200    26.479     3.26    2.20
 -79733.860    28.798     6.29    4.61
 -79365.577    32.822    10.93    7.26
 -78997.351    37.986    14.03    8.35
 -78629.184    42.603    12.54    7.57
 -78261.073    45.781     8.63    5.55
 -77893.020    45.246    -1.45    6.80
 -77525.025    44.703    -1.48    7.49
 -77157.087    43.123    -4.29    8.67
 -76789.207    42.514    -1.66    8.87
 -76421.384    41.622    -2.42    8.86
 -76053.618    41.791     0.46    8.40
 -75678.834    41.934     0.38    7.98
 -75299.275    41.898    -0.10    7.76
 -74919.777    41.890    -0.02    6.79
 -74540.341    41.108    -2.06    6.66
 -74160.966    40.972    -0.36    6.16
 -73781.652    41.133     0.43    5.67
 -73402.400    42.123     2.61    4.89
 -73023.210    42.909     2.07    3.48
 -72644.081    42.933     0.06    2.66
 -72265.013    43.919     2.60    2.03
 -71886.006    45.174     3.31    2.33
 -71507.061    46.609     3.79    2.52
 -71128.176    48.314     4.50    2.56
 -70749.353    48.890     1.52    2.28
 -70370.592    49.174     0.75    2.48
 -69991.891    48.365    -2.14    2.68
 -69613.251    47.668    -1.84    2.60
 -69234.673    47.722     0.14    3.35
 -68856.156    47.808     0.23    3.47
 -68477.699    47.644    -0.43    3.46
 -68099.304    46.784    -2.27    3.08
 -67720.969    45.946    -2.21    2.80
 -67342.696    45.562    -1.02    2.87
 -66964.483    45.822     0.69    2.79
 -66586.331    46.138     0.84    2.74
 -66208.240    46.974     2.21    2.90
 -65830.210    47.912     2.48    2.58
 -65452.241    48.654     1.96    2.30
 -65074.332    48.441    -0.56    2.20
 -64696.484    48.541     0.26    2.52
 -64318.697    48.671     0.34    2.49
 -63940.971    49.423     1.99    3.04
 -63563.305    50.446     2.71    3.24
 -63185.700    51.122     1.79    2.93
 -62808.155    51.428     0.81    2.93
 -62430.671    50.548    -2.33    3.33
 -62053.247    48.988    -4.13    3.27
 -61675.884    47.794    -3.16    3.07
 -61298.581    46.765    -2.73    1.92
 -60921.339    46.527    -0.63    1.30
 -60544.157    46.000    -1.40    1.63
 -60167.035    45.507    -1.31    1.97
 -59789.974    46.145     1.69    3.31
 -59412.973    46.753     1.61    3.53
 -59036.032    48.041     3.42    3.36
 -58659.152    48.877     2.22    2.77
 -58282.332    48.933     0.15    2.42
 -57905.572    49.148     0.57    2.29
 -57528.872    49.379     0.61    2.25
 -57152.232    49.962     1.55    2.53
 -56775.653    50.097     0.36    2.34
 -56399.133    50.109     0.03    2.03
 -56022.674    50.306     0.52    1.90
 -55646.274    50.188    -0.31    1.54
 -55269.935    50.447     0.69    1.52
 -54893.655    50.555     0.29    1.49
 -54517.435    51.458     2.40    3.27
 -54141.276    53.890     6.47    5.85
 -53765.176    56.260     6.30    6.66
 -53389.136    57.877     4.30    6.56
 -53013.155    58.321     1.18    6.09
 -52637.235    58.468     0.39    5.99
 -52261.374    59.000     1.42    6.06
 -51885.573    58.712    -0.77    5.76
 -51509.832    57.753    -2.55    5.64
 -51134.150    55.513    -5.96    4.84
 -50758.528    53.744    -4.71    2.95
 -50382.966    54.717     2.59    5.32
 -50007.463    58.120     9.06    7.95
 -49632.020    61.453     8.88    8.36
 -49256.636    63.908     6.54    6.78
 -48881.311    64.819     2.43    4.50
 -48506.047    62.664    -5.74    5.00
 -48130.841    58.096   -12.18    6.64
 -47755.695    55.146    -7.86    6.14
 -47380.609    51.919    -8.60    4.77
 -47005.581    49.757    -5.77    3.35
 -46630.613    50.027     0.72    3.54
 -46255.705    49.622    -1.08    3.96
 -45880.855    48.541    -2.88    4.17
 -45506.065    47.825    -1.91    4.45
 -45131.334    46.804    -2.72    4.21
 -44756.662    45.208    -4.26    2.51
 -44382.049    44.673    -1.43    1.93
 -44007.496    44.703     0.08    1.99
 -43633.001    46.134     3.82    3.74
 -43258.566    47.930     4.80    4.47
 -42884.189    49.121     3.18    4.35
 -42509.872    49.379     0.69    4.78
 -42135.614    47.601    -4.75    5.87
 -41761.414    44.708    -7.73    6.15
 -41387.273    42.041    -7.13    6.45
 -41013.192    38.999    -8.13    5.21
 -40639.169    36.946    -5.49    5.00
 -40265.205    34.548    -6.41    3.42
 -39891.300    33.411    -3.04    1.87
 -39517.453    33.244    -0.45    2.98
 -39143.665    33.246     0.01    3.66
 -38769.936    32.176    -2.86    3.33
 -38396.266    32.808     1.69    4.61
 -38022.655    33.616     2.16    5.10
 -37649.102    34.767     3.08    5.12
 -37275.607    35.315     1.47    4.49
 -36902.171    34.802    -1.37    3.80
 -36528.794    33.841    -2.57    3.53
 -36155.475    32.284    -4.17    3.19
 -35782.215    31.068    -3.26    3.09
 -35409.013    30.198    -2.33    3.00
 -35035.870    29.614    -1.56    2.91
 -34662.785    29.447    -0.45    3.06
 -34289.758    28.801    -1.73    2.90
 -33916.790    27.770    -2.77    2.58
 -33543.880    26.825    -2.53    2.27
 -33171.028    25.860    -2.59    1.89
 -32798.235    25.205    -1.76    1.52
 -32425.500    24.781    -1.14    1.71
 -32052.823    24.233    -1.47    1.54
 -31680.204    23.301    -2.50    1.35
 -31307.644    22.603    -1.88    1.37
 -30935.141    22.329    -0.74    2.16
 -30562.697    23.027     1.88    3.68
 -30190.311    24.406     3.70    4.70
 -29817.982    25.137     1.96    4.72
 -29445.712    24.961    -0.47    4.17
 -29073.500    24.411    -1.48    3.50
 -28701.346    22.468    -5.22    2.85
 -28329.249    20.874    -4.28    2.59
 -27957.211    19.580    -3.48    2.64
 -27585.230    18.630    -2.56    2.56
 -27213.307    18.028    -1.62    2.15
 -26841.443    18.082     0.15    2.41
 -26469.635    18.690     1.63    2.90
 -26097.886    18.479    -0.57    3.07
 -25726.195    17.825    -1.76    3.11
 -25354.561    17.802    -0.06    2.85
 -24982.984    18.298     1.34    3.39
 -24611.466    18.110    -0.50    3.23
 -24240.005    17.630    -1.29    3.11
 -23868.602    17.319    -0.84    2.66
 -23497.256    17.492     0.47    2.81
 -23125.968    17.402    -0.24    2.99
 -22754.737    16.569    -2.24    3.08
 -22383.564    16.013    -1.50    2.59
 -22012.448    15.614    -1.07    2.63
 -21641.390    16.041     1.15    3.07
 -21270.389    17.014     2.62    3.48
 -20899.446    17.360     0.93    3.47
 -20528.559    18.548     3.20    4.15
 -20157.731    18.985     1.18    4.38
 -19786.959    19.508     1.41    4.62
 -19416.245    21.055     4.17    4.61
 -19045.588    21.214     0.43    4.82
 -18674.988    19.918    -3.50    4.93
 -18304.446    18.068    -4.99    4.11
 -17933.960    16.452    -4.36    2.27
 -17563.532    16.555     0.28    3.78
 -17193.161    16.904     0.94    4.67
 -16822.847    18.541     4.42    5.58
 -16452.590    20.329     4.83    5.78
 -16082.390    20.041    -0.78    5.56
 -15712.247    18.397    -4.44    5.39
 -15342.161    17.151    -3.37    4.30
 -14972.132    17.493     0.93    3.90
 -14602.160    18.397     2.44    3.95
 -14232.244    19.597     3.24    3.64
 -13862.386    19.902     0.83    3.48
 -13492.584    20.082     0.49    3.85
 -13122.840    21.249     3.16    5.00
 -12753.152    23.257     5.43    5.51
 -12383.521    23.694     1.18    5.51
 -12013.946    22.890    -2.17    5.71
 -11644.429    20.805    -5.64    5.76
 -11274.968    18.192    -7.07    4.43
 -10905.563    17.291    -2.44    3.80
 -10536.215    16.205    -2.94    3.14
 -10166.924    15.847    -0.97    3.17
  -9797.690    15.767    -0.22    3.38
  -9428.512    16.749     2.66    4.30
  -9059.390    18.109     3.68    4.59
  -8690.325    18.874     2.07    4.31
  -8321.317    18.852    -0.06    4.10
  -7952.364    18.671    -0.49    4.04
  -7583.469    19.217     1.48    4.40
  -7214.629    20.603     3.76    4.11
  -6845.846    20.151    -1.23    4.03
  -6477.120    20.096    -0.15    3.91
  -6108.450    17.808    -6.21    5.94
  -5739.836    13.986   -10.37    6.93
  -5371.278     9.425   -12.38    5.58
  -5002.776     6.589    -7.70    2.83
  -4634.331     5.781    -2.19    0.88
  -4265.942     6.000     0.59    0.86
  -3897.609     5.918    -0.22    0.94
  -3529.332     5.753    -0.45    1.14
  -3161.111     5.863     0.30    1.56
  -2792.946     6.342     1.30    2.36
  -2424.838     6.671     0.89    2.97
  -2056.785     6.753     0.22    2.89
  -1688.788     7.246     1.34    3.06
  -1320.848     7.735     1.33    3.13
   -948.461     7.151    -1.57    4.15
   -569.029     5.712    -3.79    5.38
   -189.656     2.838    -7.58    5.32
    189.656     0.997    -4.85    4.76
    568.909     1.582     1.54    5.14
    948.102     3.498     5.05    5.69
   1327.235     6.014     6.63    5.16
   1706.308     7.274     3.32    3.97
   2085.322     7.603     0.87    3.07
   2464.276     6.284    -3.48    1.93
   2843.170     5.347    -2.47    1.69
   3222.004     4.945    -1.06    1.50
   3600.779     4.954     0.02    1.53
   3979.495     5.748     2.10    1.58
   4358.150     6.512     2.02    1.77
   4736.747     7.109     1.58    2.27
   5115.283     7.860     1.99    2.49
   5493.761     7.890     0.08    2.57
   5872.179     7.208    -1.80    2.08
   6250.537     7.205    -0.01    1.91
   6628.836     7.487     0.74    2.19
   7007.076     8.055     1.50    2.63
   7385.256     7.973    -0.21    2.61
   7763.377     6.940    -2.73    2.07
   8141.439     6.188    -1.99    1.19
   8519.441     6.100    -0.23    0.69
   8897.385     6.284     0.49    0.74
   9275.269     6.464     0.47    0.65
   9653.094     6.301    -0.43    0.78
  10030.859     6.208    -0.25    0.79
  10408.566     6.082    -0.33    0.77
  10786.214     6.123     0.11    0.64
  11163.802     6.333     0.55    0.74
  11541.332     6.657     0.86    0.83
  11918.802     7.041     1.02    0.85
  12296.214     7.284     0.64    0.82
  12673.567     7.350     0.17    0.85
  13050.861     7.257    -0.25    0.98
  13428.095     7.055    -0.54    1.00
  13805.271     7.068     0.03    1.12
  14182.389     7.222     0.41    1.33
  14559.447     7.233     0.03    1.35
  14936.447     7.194    -0.10    1.46
  15313.388     7.263     0.18    1.29
  15690.270     7.151    -0.30    1.03
  16067.094     7.041    -0.29    0.98
  16443.858     6.933    -0.29    0.65
  16820.565     7.012     0.21    0.64
  17197.212     6.987    -0.07    0.74
  17573.801     6.747    -0.64    0.92
  17950.332     6.446    -0.80    0.94
  18326.804     6.069    -1.00    0.68
  18703.218     6.246     0.47    0.71
  19079.573     6.478     0.61    0.73
  19455.869     6.416    -0.16    0.86
  19832.108     6.305    -0.30    1.35
  20208.288     6.333     0.07    1.65
  20584.409     6.277    -0.15    1.73
  20960.472     6.337     0.16    1.79
  21336.477     6.249    -0.23    1.64
  21712.424     6.224    -0.07    1.46
  22088.313     5.974    -0.66    1.30
  22464.143     5.982     0.02    0.99
  22839.915     6.014     0.08    0.86
  23215.629     6.026     0.03    0.87
  23591.285     5.890    -0.36    0.97
  23966.882     5.717    -0.46    1.03
  24342.422     5.548    -0.45    0.99
  24717.904     5.356    -0.51    0.94
  25093.327     5.164    -0.51    1.00
  25468.693     5.616     1.20    1.43
  25844.001     6.274     1.75    1.48
  26219.250     7.473     3.20    1.81
  26594.442     8.753     3.41    1.82
  26969.576     9.973     3.25    2.17
  27344.652    11.083     2.96    1.70
  27719.670    14.470     9.03    6.30
  28094.631    19.027    12.15    8.67
  28469.534    23.870    12.92    8.18
  28844.379    27.590     9.93    4.92
  29219.166    28.097     1.35    3.44
  29593.896    27.527    -1.52    3.35
  29968.567    27.068    -1.23    3.17
  30343.182    26.274    -2.12    2.97
  30717.738    25.338    -2.50    2.78
  31092.238    24.329    -2.70    2.42
  31466.679    23.301    -2.74    1.86
  31841.063    22.575    -1.94    1.17
  32215.390    22.694     0.32    0.92
  32589.659    23.833     3.04    2.82
  32963.871    25.210     3.68    3.45
  33338.025    26.777     4.19    3.37
  33712.122    27.252     1.27    3.18
  34086.161    27.541     0.77    3.08
  34460.143    26.865    -1.81    3.16
  34834.068    25.568    -3.47    3.20
  35207.936    24.379    -3.18    2.70
  35581.746    23.730    -1.74    1.86
  35955.499    24.128     1.06    2.47
  36329.195    26.473     6.28    6.07
  36702.834    28.958     6.65    7.08
  37076.416    29.383     1.14    5.47
  37449.940    28.633    -2.01    3.31
  37823.408    27.863    -2.06    2.63
  38196.818    27.083    -2.09    1.72
  38570.172    26.794    -0.77    1.08
  38943.468    26.794     0.00    0.88
  39316.707    27.178     1.03    1.05
  39689.890    27.520     0.92    0.94
  40063.015    27.759     0.64    0.91
  40436.084    28.438     1.82    1.59
  40809.095    28.689     0.67    1.54
  41182.050    28.972     0.76    1.48
  41554.948    29.708     1.97    2.11
  41927.790    30.921     3.25    2.96
  42300.574    32.489     4.21    3.21
  42673.302    33.174     1.84    2.65
  43045.973    32.497    -1.82    3.17
  43418.587    29.468    -8.13    5.13
  43791.145    26.335    -8.41    5.06
  44163.646    25.865    -1.26    4.86
  44536.090    26.155     0.78    4.98
  44908.478    26.726     1.53    5.04
  45280.810    26.309    -1.12    5.14
  45653.084    24.235    -5.57    4.54
  46025.303    23.182    -2.83    3.32
  46397.465    22.805    -1.01    3.20
  46769.570    22.472    -0.90    3.12
  47141.619    22.624     0.41    3.43
  47513.611    21.374    -3.36    5.13
  47885.548    18.805    -6.91    5.50
  48257.428    16.138    -7.17    4.83
  48629.251    13.819    -6.24    2.52
  49001.018    13.555    -0.71    2.37
  49372.729    13.485    -0.19    3.17
  49744.384    13.603     0.32    3.06
  50115.983    13.576    -0.07    2.82
  50487.525    14.014     1.18    3.07
  50859.011    14.125     0.30    3.18
  51230.441    13.360    -2.06    2.75
  51601.815    13.374     0.04    2.41
  51973.133    13.012    -0.97    1.86
  52344.395    13.418     1.09    1.64
  52715.601    13.984     1.52    3.19
  53086.750    14.835     2.29    4.18
  53457.844    15.604     2.07    4.53
  53828.882    16.791     3.20    5.13
  54199.864    18.438     4.44    5.58
  54570.790    21.909     9.36    7.22
  54941.660    26.311    11.87   10.31
  55312.475    29.708     9.16   10.57
  55683.233    32.473     7.46    9.26
  56053.936    32.784     0.84    7.83
  56424.583    33.217     1.17    8.28
  56795.174    33.055    -0.44    7.96
  57165.709    33.644     1.59    8.35
  57536.189    35.127     4.00    9.15
  57906.613    37.644     6.79   10.28
  58276.982    43.759    16.51   11.07
  58647.295    48.479    12.75    9.95
  59017.552    53.435    13.38    5.83
  59387.754    56.260     7.63    3.48
  59757.900    57.464     3.25    2.24
  60127.991    57.541     0.21    2.27
  60498.026    56.712    -2.24    3.09
  60868.006    55.836    -2.37    3.83
  61237.930    52.822    -8.15    7.02
  61607.799    49.661    -8.55    8.44
  61977.612    49.235    -1.15    8.57
  62347.371    50.111     2.37    8.36
  62717.073    52.860     7.44    8.43
  63086.721    55.492     7.12    6.58
  63456.313    56.430     2.54    6.41
  63825.850    56.680     0.68    6.52
  64195.332    56.652    -0.08    6.16
  64564.759    57.097     1.20    6.07
  64934.130    58.541     3.91    5.29
  65303.446    59.819     3.46    4.96
  65672.707    61.164     3.64    4.19
  66041.913    62.444     3.47    3.68
  66411.064    63.149     1.91    3.12
  66780.160    63.412     0.71    2.40
  67149.201    63.288    -0.34    2.19
  67518.187    62.855    -1.17    2.81
  67887.118    60.694    -5.86    5.20
  68255.994    58.584    -5.72    6.02
  68624.815    57.208    -3.73    6.01
  68993.581    56.541    -1.81    6.14
  69362.292    56.930     1.05    6.84
  69730.949    56.998     0.19    7.09
  70099.550    52.699   -11.66   11.02
  70468.097    47.341   -14.54   12.14
  70836.589    41.082   -16.99    9.47
  71205.026    36.737   -11.79    4.05
  71573.409    38.838     5.70    4.32
  71941.737    41.556     7.38    3.90
  72310.010    43.919     6.42    3.71
  72678.228    46.144     6.04    2.97
  73046.392    47.671     4.15    2.93
  73414.502    48.850     3.20    2.87
  73784.695    49.771     2.49    3.27
  74164.005    50.615     2.22    3.26
  74543.257    51.527     2.41    2.74
  74922.450    52.954     3.76    2.93
  75301.586    54.360     3.71    2.65
  75680.663    55.703     3.54    2.61
  76059.681    56.928     3.23    2.19
  76438.642    57.777     2.24    1.60
  76817.544    58.097     0.85    1.66
  77196.388    58.430     0.88    1.73
  77575.175    58.497     0.18    2.17
  77953.903    58.693     0.52    2.30
  78332.573    59.409     1.89    2.42
  78711.185    59.849     1.16    2.25
  79089.739    60.084     0.62    1.94
  79468.235    59.930    -0.41    2.22
  79846.673    60.154     0.59    1.98
  80225.053    60.583     1.13    1.86
  80603.375    60.347    -0.62    2.17
  80981.639    58.584    -4.66    3.87
  81359.846    55.569    -7.97    4.84
  81737.995    53.100    -6.53    4.19
  82116.086    52.230    -2.30    3.64
  82494.119    52.882     1.72    4.43
  82872.094    55.616     7.23    5.36
  83250.012    58.855     8.57    5.41
  83627.872    61.138     6.04    4.16
  84005.675    63.513     6.29    3.14
  84383.420    62.830    -1.81    4.19
  84761.107    60.863    -5.21    4.86
  85138.737    59.127    -4.60    4.57
  85516.309    56.892    -5.92    2.37
  85893.824    56.423    -1.24    0.65
  86271.281    56.663     0.63    0.72
  86648.681    57.026     0.96    0.90
  87026.023    57.277     0.66    0.97
  87403.308    57.898     1.65    1.00
  87780.535    58.722     2.18    1.70
  88157.706    59.647     2.45    2.54
  88534.819    60.124     1.27    2.34
  88911.874    61.534     3.74    3.29
  89288.872    62.141     1.61    3.62
  89665.814    62.576     1.15    3.81
  90042.697    63.190     1.63    4.18
  90419.524    62.155    -2.75    3.88
  90796.294    62.026    -0.34    4.05
  91173.006    62.534     1.35    4.02
  91549.661    64.127     4.23    3.88
  91926.260    64.666     1.43    3.62
  92302.801    64.985     0.85    3.04
  92679.285    65.576     1.57    2.65
  93055.712    66.263     1.82    2.47
  93432.082    66.751     1.30    2.46
  93808.396    66.904     0.41    2.19
  94184.652    67.215     0.83    2.11
  94560.851    67.811     1.59    2.37
  94936.994    68.480     1.78    2.64
  95313.080    69.281     2.13    2.64
  95689.109    70.526     3.31    2.36
  96065.081    71.055     1.41    2.44
  96440.996    70.998    -0.15    2.52
  96816.855    70.872    -0.34    2.62
  97192.657    71.069     0.52    2.67
  97568.402    70.520    -1.46    2.82
  97944.090    69.930    -1.57    3.03
  98319.722    70.249     0.85    3.06
  98695.298    71.499     3.33    3.46
  99070.817    72.229     1.94    3.37
  99446.279    72.184    -0.12    3.75
  99821.685    72.862     1.81    3.69
 100197.034    73.345     1.29    2.81
 100572.327    72.938    -1.09    2.60
 100947.563    73.266     0.87    2.78
 101322.743    73.170    -0.26    3.37
 101697.866    73.478     0.82    3.84
 102072.934    75.227     4.66    3.71
 102447.944    76.472     3.32    2.45
 102822.899    77.309     2.23    1.77
 103197.797    77.830     1.39    1.72
 103572.639    78.152     0.86    1.87
 103947.425    78.435     0.76    2.04
 104322.154    78.192    -0.65    2.31
 104696.828    77.302    -2.37    2.71
 105071.445    77.136    -0.44    3.16
 105446.006    76.820    -0.84    2.90
 105820.511    77.703     2.36    2.86
 106194.960    78.600     2.39    2.58
 106569.353    79.252     1.74    1.61
 106943.690    79.679     1.14    1.37
 107317.970    79.041    -1.70    1.60
 107692.195    78.112    -2.48    2.15
 108066.364    76.833    -3.42    2.91
 108440.477    75.323    -4.04    3.09
 108814.534    74.337    -2.64    2.91
 109188.535    74.112    -0.60    2.81
 109562.481    73.527    -1.57    2.83
 109936.370    71.680    -4.94    4.63
 110310.204    67.816   -10.34    7.11
 110683.982    61.444   -17.05    8.62
 111057.704    54.998   -17.25    7.42
 111431.371    49.230   -15.43    5.48
 111804.982    44.889   -11.62    4.05
 112178.537    42.361    -6.77    3.17
 112552.036    40.647    -4.59    2.75
 112925.480    38.582    -5.53    3.38
 113298.869    36.585    -5.35    3.68
 113672.201    34.630    -5.24    3.74
 114045.479    32.370    -6.06    3.67
 114418.700    30.590    -4.77    3.02
 114791.867    28.590    -5.36    2.76
 115164.977    27.430    -3.11    2.83
 115538.033    26.520    -2.44    2.64
 115911.033    26.196    -0.87    2.48
 116283.977    25.928    -0.72    2.17
 116656.867    25.773    -0.42    2.30
 117029.700    25.449    -0.87    2.57
 117402.479    24.816    -1.70    2.53
 117775.202    24.872     0.15    2.51
 118147.870    25.200     0.88    2.29
 118520.483    24.902    -0.80    2.13
 118893.041    24.717    -0.50    2.29
 119265.543    25.338     1.67    3.43
 119637.991    26.117     2.09    3.92
 120010.383    26.561     1.19    3.80
 120382.720    26.208    -0.95    2.95
 120755.002    25.514    -1.86    2.37
 121127.229    24.894    -1.67    1.60
 121499.401    24.527    -0.99    1.09
 121871.517    24.302    -0.61    1.20
 122243.579    24.323     0.06    1.86
 122615.586    25.270     2.55    2.96
 122987.538    26.407     3.06    3.47
 123359.435    28.196     4.81    3.27
 123731.278    30.266     5.57    3.22
 124103.065    31.170     2.43    3.02
 124474.798    31.351     0.49    2.84
 124846.475    31.284    -0.18    2.90
 125218.098    30.069    -3.27    2.80
 125589.667    28.449    -4.36    1.75
 125961.180    27.751    -1.88    1.54
 126332.639    27.731    -0.05    1.67
 126704.043    27.898     0.45    1.95
 127075.393    28.411     1.38    2.81
 127446.688    28.802     1.05    2.80
 127817.928    29.548     2.01    2.69
 128189.113    30.238     1.86    2.57
 128560.245    31.122     2.38    2.87
 128931.321    32.041     2.48    2.52
 129302.343    32.816     2.09    2.06
 129673.311    33.335     1.40    1.64
 130044.224    33.795     1.24    1.26
 130415.083    34.026     0.62    1.40
 130785.887    34.244     0.59    1.58
 131156.637    35.717     3.97    4.27
 131527.333    37.827     5.69    5.94
 131897.974    40.577     7.42    7.10
 132268.561    43.548     8.02    7.30
 132639.094    47.141     9.70    6.37
 133009.572    49.266     5.74    5.31
 133379.996    51.679     6.51    3.53
 133750.366    53.252     4.25    3.28
 134120.682    55.041     4.83    3.00
 134490.944    56.717     4.53    2.92
 134861.152    58.555     4.96    3.58
 135231.305    59.590     2.80    3.62
 135601.404    61.291     4.59    3.41
 135971.450    62.647     3.66    3.04
 136341.441    63.805     3.13    2.59
 136711.378    64.675     2.35    1.88
 137081.261    65.125     1.22    1.58
 137451.091    65.562     1.18    1.48
 137820.866    66.055     1.33    1.56
 138190.588    66.470     1.12    1.39
 138560.255    67.224     2.04    1.53
 138929.869    68.182     2.59    2.57
 139299.429    68.212     0.08    2.44
 139668.935    68.244     0.09    2.23
 140038.387    68.337     0.25    2.29
 140407.786    69.287     2.57    3.30
 140777.130    70.781     4.04    4.29
 141146.421    70.489    -0.79    4.39
 141515.659    70.164    -0.88    4.20
 141884.842    68.791    -3.72    3.50
 142253.973    67.863    -2.51    3.53
 142623.049    68.173     0.84    4.42
 142992.072    70.125     5.29    5.58
 143361.041    72.776     7.18    5.28
 143729.957    74.809     5.51    4.28
 144098.819    76.318     4.09    3.16
 144467.628    75.894    -1.15    3.22
 144836.383    74.874    -2.76    3.64
 145205.085    74.041    -2.26    3.67
 145573.733    72.526    -4.11    3.32
 145942.328    71.027    -4.07    3.18
 146310.869    69.384    -4.46    4.67
 146679.358    68.473    -2.47    5.67
 147047.793    67.450    -2.78    6.04
 147416.174    66.921    -1.44    6.39
 147784.502    66.677    -0.66    6.39
 148152.777    64.311    -6.42    7.02
 148520.999    61.280    -8.23    6.37
 148900.186    58.833    -6.45    6.03
 149279.316    57.027    -4.76    6.25
 149658.390    55.570    -3.84    5.95
 150037.407    55.198    -0.98    5.17
 150416.367    55.470     0.72    5.13
 150795.271    55.870     1.06    4.79
 151174.118    56.379     1.35    5.01
 151552.908    56.983     1.59    5.67
 151931.642    58.129     3.03    6.41
 152310.319    59.458     3.51    6.49
 152688.940    61.412     5.16    5.67
 153067.504    62.999     4.19    5.06
 153446.011    64.812     4.79    3.45
 153824.462    65.635     2.17    2.72
 154202.857    65.548    -0.23    2.77
 154581.195    64.427    -2.96    3.48
 154959.477    64.464     0.10    3.76
 155337.702    65.056     1.57    4.13
 155715.871    66.969     5.06    3.89
 156093.984    69.115     5.67    2.74
 156472.040    69.712     1.58    2.41
 156850.041    70.470     2.00    2.40
 157227.984    71.741     3.36    2.58
 157605.872    73.155     3.74    2.79
 157983.704    74.555     3.70    2.78
 158361.479    75.942     3.67    2.55
 158739.198    76.865     2.44    2.39
 159116.861    77.214     0.93    2.21
 159494.469    77.283     0.18    2.05
 159872.020    76.726    -1.48    2.05
 160249.514    75.955    -2.04    1.95
 160626.953    75.576    -1.00    2.14
 161004.336    75.238    -0.90    2.77
 161381.663    74.827    -1.09    3.36
 161758.934    74.548    -0.74    3.46
 162136.150    74.447    -0.27    3.15
 162513.309    73.012    -3.80    5.66
 162890.412    70.965    -5.43    7.09
 163267.460    68.273    -7.14    7.86
 163644.452    66.306    -5.22    7.54
 164021.388    65.633    -1.79    7.10
 164398.268    65.184    -1.19    7.42
 164775.092    66.407     3.25    8.15
 165151.861    68.159     4.65    8.24
 165528.574    69.712     4.12    8.11
 165905.232    73.337     9.62    8.23
 166281.834    75.360     5.37    6.96
 166658.380    77.441     5.53    5.81
 167034.871    78.258     2.17    5.18
 167411.306    78.635     1.00    5.30
 167787.686    79.197     1.49    5.39
 168164.010    78.865    -0.88    5.53
 168540.278    78.041    -2.19    5.45
 168916.492    76.224    -4.83    4.83
 169292.649    74.770    -3.87    3.38
 169668.752    74.280    -1.30    3.39
 170044.799    74.759     1.27    3.91
 170420.791    75.882     2.98    3.80
 170796.727    76.249     0.98    4.53
 171172.608    77.316     2.84    4.50
 171548.434    77.985     1.78    4.37
 171924.204    78.877     2.37    4.47
 172299.920    79.389     1.36    3.91
 172675.580    79.203    -0.50    3.69
 173051.185    80.171     2.58    3.50
 173426.735    80.615     1.18    3.13
 173802.229    81.255     1.71    2.46
 174177.669    81.684     1.14    2.04
 174553.054    81.384    -0.80    2.48
 174928.383    80.900    -1.29    2.92
 175303.658    80.998     0.26    2.92
 175678.877    81.759     2.03    3.07
 176054.042    83.041     3.42    2.89
 176429.151    84.616     4.20    2.76
 176804.206    86.310     4.51    2.55
 177179.206    87.652     3.58    2.90
 177554.151    89.732     5.55    2.87
 177929.041    91.345     4.30    1.96
 178303.876    92.534     3.17    1.64
 178678.656    93.432     2.40    1.63
 179053.382    94.273     2.24    1.69
 179428.053    94.802     1.41    1.61
 179802.669    94.884     0.22    1.81
 180177.231    94.238    -1.72    2.28
 180551.738    93.280    -2.56    2.37
 180926.190    92.432    -2.26    2.22
 181300.588    92.288    -0.39    2.37
 181674.931    92.563     0.73    2.26
 182049.219    93.013     1.20    2.47
 182423.453    94.414     3.74    2.14
 182797.632    95.084     1.79    2.03
 183171.757    95.548     1.24    1.86
 183545.828    95.350    -0.53    1.70
 183919.844    95.541     0.51    1.86
 184293.805    95.461    -0.21    1.85
 184667.712    95.548     0.23    1.75
 185041.565    95.070    -1.28    2.17
 185415.363    94.238    -2.22    2.26
 185789.108    93.970    -0.72    2.20
 186162.797    93.912    -0.15    2.20
 186536.433    93.938     0.07    2.26
 186910.014    93.942     0.01    2.19
 187283.541    93.505    -1.17    1.90
 187657.014    92.971    -1.43    1.14
 188030.433    92.577    -1.05    0.98
 188403.797    92.548    -0.08    0.83
 188777.108    92.588     0.11    0.82
 189150.364    92.379    -0.56    0.86
 189523.566    92.241    -0.37    1.02
 189896.714    92.355     0.31    1.12
 190269.809    92.365     0.02    1.23
 190642.849    92.816     1.21    1.63
 191015.835    93.099     0.76    1.87
 191388.767    93.534     1.17    2.34
 191761.645    93.621     0.23    2.42
 192134.470    93.280    -0.91    2.33
 192507.240    92.407    -2.34    2.53
 192879.957    91.484    -2.48    2.26
 193252.620    90.590    -2.40    1.53
 193625.229    90.198    -1.05    1.06
 193997.784    90.270     0.19    1.01
 194370.285    90.429     0.43    0.95
 194742.733    90.238    -0.51    0.87
 195115.127    90.041    -0.53    0.79
 195487.467    90.333     0.78    1.00
 195859.754    90.632     0.80    1.12
 196231.987    90.961     0.88    1.04
 196604.166    91.223     0.70    1.15
 196976.292    91.140    -0.22    1.07
 197348.364    91.129    -0.03    1.30
 197720.383    90.999    -0.35    1.34
 198092.348    90.997    -0.01    1.64
 198464.259    90.955    -0.11    1.59
 198836.118    90.698    -0.69    1.68
 199207.922    91.393     1.87    2.52
 199579.674    92.684     3.47    3.09
 199951.371    94.069     3.73    2.93
 200323.016    94.655     1.58    2.04
 200694.607    93.802    -2.30    1.95
 201066.145    92.198    -4.32    2.30
 201437.629    90.157    -5.49    2.55
 201809.061    88.527    -4.39    2.38
 202180.439    87.276    -3.37    2.36
 202551.763    85.641    -4.40    2.59
 202923.035    84.291    -3.64    2.38
 203294.253    83.791    -1.35    1.97
 203665.418    83.918     0.34    1.69
 204036.530    84.505     1.58    1.90
 204407.589    85.799     3.49    2.05
 204778.595    87.124     3.57    2.42
 205149.548    88.526     3.78    2.32
 205520.447    89.460     2.52    2.37
 205891.294    89.787     0.88    2.17
 206262.088    89.013    -2.09    2.44
 206632.828    87.600    -3.81    3.13
 207003.516    85.827    -4.78    3.19
 207374.151    84.409    -3.83    2.52
 207744.733    83.927    -1.30    1.76
 208115.262    83.967     0.11    1.73
 208485.738    83.941    -0.07    1.70
 208856.162    83.198    -2.01    1.81
 209226.532    82.618    -1.56    1.94
 209596.850    81.865    -2.04    1.83
 209967.115    81.853    -0.03    1.92
 210337.327    81.870     0.05    1.96
 210707.487    81.727    -0.39    1.86
 211077.593    81.098    -1.70    2.11
 211447.648    80.664    -1.17    2.20
 211817.649    79.824    -2.27    2.25
 212187.598    78.770    -2.85    2.50
 212557.494    77.585    -3.20    2.73
 212927.338    76.497    -2.94    2.56
 213297.129    75.655    -2.28    2.25
 213666.868    75.276    -1.02    2.12
 214036.554    74.689    -1.59    2.13
 214406.188    74.160    -1.43    2.57
 214775.769    73.379    -2.11    2.63
 215145.298    72.534    -2.29    1.85
 215514.774    72.983     1.22    1.53
 215884.198    73.549     1.53    1.65
 216253.570    74.409     2.33    1.77
 216622.889    75.510     2.98    1.96
 216992.156    76.423     2.47    2.11
 217361.370    77.653     3.33    2.16
 217730.533    78.111     1.24    2.16
 218099.643    78.723     1.66    2.35
 218468.701    79.712     2.68    2.56
 218837.707    80.384     1.82    2.85
 219206.660    80.872     1.32    2.60
 219575.561    80.817    -0.15    2.35
 219944.411    80.698    -0.32    2.11
 220313.208    80.265    -1.17    1.66
 220681.953    80.144    -0.33    1.16
 221050.646    80.623     1.30    1.22
 221419.287    81.238     1.67    1.55
 221787.875    81.969     1.98    1.57
 222156.412    82.633     1.80    1.32
 222524.897    83.331     1.89    1.13
 222893.330    83.870     1.46    1.15
 223261.711    85.100     3.34    2.10
 223638.813    86.598     3.97    2.98
 224017.829    88.641     5.39    3.21
 224396.791    90.447     4.76    2.76
 224775.696    92.142     4.47    1.49
 225154.547    92.563     1.11    1.51
 225533.343    93.100     1.42    1.26
 225912.083    93.534     1.14    1.05
 226290.768    93.884     0.92    0.97
 226669.398    93.717    -0.44    1.31
 227047.973    94.128     1.08    1.48
 227426.493    93.441    -1.81    2.18
 227804.958    92.737    -1.86    2.35
 228183.368    92.141    -1.57    2.30
 228561.723    91.295    -2.24    1.59
 228940.023    91.056    -0.63    0.98
 229318.267    91.244     0.50    0.82
 229696.457    91.335     0.24    0.92
 230074.593    91.232    -0.27    0.97
 230452.673    91.498     0.70    1.07
 230830.698    91.659     0.42    1.05
 231208.669    91.907     0.66    0.90
 231586.584    91.985     0.21    0.92
 231964.445    91.850    -0.36    1.00
 232342.252    91.827    -0.06    0.92
 232720.003    91.564    -0.70    0.95
 233097.700    91.320    -0.64    0.96
 233475.342    91.325     0.01    1.08
 233852.929    91.335     0.03    1.23
 234230.462    91.688     0.93    1.59
 234607.941    92.141     1.20    1.67
 234985.364    92.447     0.81    1.99
 235362.733    92.732     0.76    2.27
 235740.048    93.280     1.45    2.27
 236117.308    93.102    -0.47    1.82
 236494.514    93.650     1.45    1.96
 236871.665    94.182     1.41    1.97
 237248.761    95.012     2.20    1.92
 237625.804    95.862     2.25    1.13
 238002.792    95.955     0.25    0.88
 238379.725    95.925    -0.08    1.02
 238756.604    95.679    -0.65    1.40
 239133.429    95.287    -1.04    1.74
 239510.200    95.026    -0.69    1.97
 239886.916    94.855    -0.45    1.80
 240263.578    95.056     0.53    1.35
 240640.186    94.673    -1.02    1.57
 241016.740    93.994    -1.80    1.68
 241393.240    93.144    -2.26    1.86
 241769.685    92.568    -1.53    1.73
