# NaN NaN NaN ;Mean Elev.(m), Avg Gradient(m/km), RMS Gradient(m/km) - SRTM1     
#   30.196  -0.448   2.521 ;Mean Elev.(m), Avg Gradient(m/km), RMS Gradient(m/km) - ASTER GDEM
#   14.090  -2.558   4.856 ;Mean Elev.(m), Avg Gradient(m/km), RMS Gradient(m/km) - GMTED2010 
  7  77.326186  60.623326    41.708    41.708  2 52445.24471271 33.096
  8  77.328541  60.622708    40.328    40.321  3 52480.24470506 32.226
  9  77.330978  60.622475    36.002    36.061  3 52515.24465398 30.309
 10  77.339946  60.621970    37.783    37.783  2 52550.24469999 23.509
 11  77.340492  60.622146    35.015    35.047  3 52585.24467777 46.476
 12  77.324161  60.624048    40.387    40.387  2 52620.24465854 18.306
 15  77.336470  60.621579    38.211    38.108  3 52725.24468553 13.078
 17  77.348518  60.620923    40.102    39.993  3 52795.24465974 25.674
 18  77.351776  60.622871    37.977    37.950  3 52830.24472608 24.090
 19  77.346999  60.621379    35.583    34.505  3 52865.24477062 23.501
 20  77.329555  60.623418    35.907    34.118  3 52900.24479965 24.919
 21  77.322910  60.624821    39.595    39.595  2 52935.24474217 24.973
 22  77.339118  60.621647    32.831    32.831  2 52970.24476153 20.211
 23  77.328018  60.623655    38.273    38.273  2 53005.24477796 15.153
 24  77.343551  60.620997    36.964    36.727  3 53040.24472789 12.308
 25  77.328727  60.623453    39.149    39.149  2 53075.24476002 12.397
 26  77.339471  60.621966    42.117    42.117  2 53110.24472988  9.430
 27  77.335979  60.622434    39.710    39.660  3 53145.24477163 28.828
 28  77.338253  60.622436    40.370    40.330  3 53180.24478328 29.134
 29  77.333230  60.623271    36.980    36.980  2 53215.24480547 20.209
 30  77.325242  60.623783    36.830    36.830  2 53250.24477783 26.531
 31  77.339335  60.622806    34.441    34.441  2 53285.24477353 31.252
 32  77.345112  60.622976    35.427    35.434  3 53320.24475632 26.088
 33  77.332094  60.622202    39.590    39.461  3 53355.24472522 16.456
 34  77.344075  60.622612    35.033    35.249  3 53390.24473264 18.962
 35  77.336172  60.621960    38.968    38.968  2 53425.24473066 15.922
 36  77.348941  60.621249    42.933    43.528  3 53460.24473662  6.583
 37  77.330125  60.622630    38.769    38.774  3 53495.24482079 44.824
 38  77.337973  60.621578    39.621    39.576  3 53530.24479628 33.321
 39  77.324627  60.623500    39.746    39.746  2 53565.24482571 21.238
 40  77.329907  60.622286    34.327    34.346  3 53600.24476834 26.230
 41  77.339427  60.621511    33.923    33.923  2 53635.24476492 23.251
 42  77.330917  60.622375    33.817    33.817  2 53670.24478646 25.015
 43  77.335116  60.622147    34.003    34.022  3 53705.24472173 28.523
 44  77.322909  60.623083    34.038    34.038  2 53740.24463341 23.003
 45  77.344125  60.622730    34.729    34.712  3 53775.24465354 16.509
 46  77.326754  60.623923    38.067    38.067  2 53810.24463583 12.895
 47  77.339030  60.621871    41.697    40.498  3 53845.24468003  8.735
 48  77.343425  60.622533    39.378    39.416  3 53880.24470692 24.799
 49  77.328182  60.622514    39.901    39.901  2 53915.24476463 28.887
 50  77.324750  60.624728    37.439    37.439  2 53950.24477345 18.645
 51  77.326776  60.623527    34.641    34.641  2 53985.24471078 21.419
 52  77.343786  60.622174    35.384    35.384  2 54020.24474810 21.913
 53  77.345839  60.622731    37.603    37.588  3 54055.24473934 48.733
 54  77.329930  60.623329    39.817    39.817  2 54090.24472739 14.754
 55  77.347403  60.622277    35.586    35.527  3 54125.24465454 18.170
 57  77.344427  60.621917    45.849    45.849  2 54195.24465648  5.926
 58  77.336981  60.622269    40.117    40.117  2 54230.24470680 32.580
 59  77.337154  60.622230    41.981    41.923  3 54265.24472448 31.217
 61  77.331554  60.623049    40.147    40.147  2 54335.24471805 18.657
 63  77.331796  60.622052    34.461    34.461  2 54405.24466261 27.248
 64  77.348313  60.620891    34.107    34.128  3 54440.24461981 33.489
 65  77.338367  60.621581    36.191    36.191  2 54475.24464956 18.441
 66  77.346077  60.622057    36.273    36.714  3 54510.24463404 15.781
 67  77.334206  60.623184    39.530    39.530  2 54545.24466371 11.011
 68  77.339332  60.622578    35.180    35.218  3 54580.24463049 36.650
 69  77.335555  60.621785    40.286    40.286  2 54615.24465326 40.368
 70  77.335412  60.622465    39.188    39.106  3 54650.24466518 27.549
 71  77.330050  60.622667    35.003    35.030  3 54685.24465931 37.577
 72  77.346847  60.621390    35.351    34.459  3 54720.24460902 27.270
 73  77.335658  60.622648    34.483    34.477  3 54755.24463354 43.648
 74  77.344466  60.621638    35.313    35.313  2 54790.24460284 48.405
 75  77.339713  60.622564    34.340    34.287  3 54825.24462940 19.930
 76  77.346394  60.622048    35.246    35.246  2 54860.24459586 16.448
 77  77.331404  60.623410    36.050    36.050  2 54895.24463091 14.237
 78  77.342044  60.622444    33.735    33.735  2 54930.24459436 28.266
 79  77.335137  60.622380    39.488    39.488  2 54965.24463089 48.925
 80  77.332675  60.623115    39.789    39.782  3 55000.24465123 41.103
 81  77.338369  60.622714    37.849    37.894  3 55035.24463641 27.566
 82  77.329358  60.623337    35.373    35.373  2 55070.24462652 31.423
 83  77.343071  60.621448    34.111    34.162  3 55105.24456849 32.231
 84  77.333439  60.621868    35.056    35.032  3 55140.24457521 48.625
 85  77.347983  60.622020    35.057    35.057  2 55175.24453538 29.810
 86  77.336399  60.621722    36.205    35.878  3 55210.24457023 14.840
 87  77.342536  60.622828    36.547    36.594  3 55245.24454189 14.240
 88  77.330303  60.621956    42.459    42.459  2 55280.24456409  9.596
 89  77.335044  60.621359    37.053    37.053  2 55315.24452954 28.479
 90  77.332058  60.622730    40.334    40.262  3 55350.24453525 27.028
 91  77.341855  60.621740    40.783    40.783  2 55385.24452872 27.549
 92  77.337251  60.622724    38.525    38.525  2 55420.24455353 23.896
 93  77.328152  60.622395    34.881    34.881  2 55455.24453081 28.177
