-170386.654    52.914     0.00    7.22
-170011.350    55.469     6.81    4.77
-169635.969    54.843    -1.67    5.66
-169260.513    51.012   -10.20    7.22
-168884.982    47.034   -10.59    6.53
-168509.374    43.327    -9.87    5.88
-168133.692    39.832    -9.30    5.75
-167757.933    36.804    -8.06    5.29
-167382.099    33.424    -8.99    4.51
-167006.188    30.309    -8.28    3.41
-166630.202    29.775    -1.42    3.36
-166254.140    32.838     8.14    6.33
-165878.002    38.145    14.11    7.98
-165501.788    44.447    16.75    7.27
-165125.498    49.436    13.26    4.82
-164749.132    53.261    10.16    4.59
-164372.690    56.319     8.12    5.18
-163996.171    59.824     9.31    5.38
-163619.577    62.668     7.55    5.06
-163242.906    64.100     3.80    5.10
-162866.158    62.552    -4.11    6.09
-162489.335    60.066    -6.60    5.81
-162112.435    57.536    -6.71    3.20
-161735.458    59.122     4.21    4.15
-161358.405    61.877     7.31    4.34
-160981.275    63.925     5.43    4.18
-160604.069    63.750    -0.46    5.32
-160226.786    60.762    -7.92    6.10
-159849.426    57.598    -8.38    5.99
-159471.990    54.120    -9.21    4.52
-159094.477    52.029    -5.54    1.96
-158716.887    51.251    -2.06    1.27
-158339.220    51.483     0.62    1.77
-157961.476    52.243     2.01    2.29
-157583.656    53.186     2.49    2.64
-157205.758    54.408     3.23    2.76
-156827.783    55.841     3.79    2.88
-156449.731    57.413     4.16    3.04
-156071.602    59.253     4.87    2.07
-155693.395    59.936     1.80    1.67
-155315.112    59.590    -0.91    2.39
-154936.751    58.136    -3.84    3.06
-154558.313    56.122    -5.32    2.86
-154179.797    54.562    -4.12    2.62
-153801.204    53.412    -3.04    1.58
-153422.533    52.805    -1.60    1.71
-153043.785    52.549    -0.68    1.55
-152664.959    52.837     0.76    1.59
-152286.056    52.313    -1.38    1.68
-151907.075    51.287    -2.71    2.10
-151528.016    50.280    -2.66    2.18
-151148.880    49.291    -2.61    1.86
-150769.665    47.742    -4.08    2.50
-150390.373    46.169    -4.15    2.96
-150011.003    44.613    -4.10    3.59
-149631.555    43.236    -3.63    3.95
-149252.029    42.298    -2.47    4.12
-148872.425    41.688    -1.61    3.90
-148492.743    42.144     1.20    3.52
-148112.982    41.754    -1.03    2.94
-147733.143    40.469    -3.38    3.45
-147353.227    38.280    -5.76    3.99
-146973.231    35.533    -7.23    3.24
-146593.158    34.239    -3.41    2.49
-146213.006    36.188     5.13    5.55
-145832.776    39.313     8.22    6.28
-145452.467    42.305     7.87    5.42
-145072.079    44.349     5.37    4.65
-144691.613    44.229    -0.32    4.75
-144311.069    43.843    -1.02    4.46
-143930.446    42.859    -2.58    3.91
-143549.744    41.284    -4.14    3.55
-143180.043    40.044    -3.35    2.72
-142814.267    40.418     1.02    2.35
-142448.418    41.067     1.77    1.81
-142082.498    41.386     0.87    1.97
-141716.506    41.683     0.81    2.88
-141350.442    41.177    -1.38    3.50
-140984.307    39.878    -3.55    4.02
-140618.099    38.599    -3.49    4.27
-140251.819    36.936    -4.54    3.94
-139885.467    35.251    -4.60    3.00
-139519.043    34.540    -1.94    2.47
-139152.547    35.166     1.71    3.14
-138785.979    35.669     1.37    4.06
-138419.339    35.240    -1.17    4.52
-138052.626    34.183    -2.88    5.46
-137685.841    33.069    -3.04    5.63
-137318.984    31.441    -4.44    5.32
-136952.054    30.936    -1.38    4.51
-136585.052    31.034     0.27    3.49
-136217.977    30.377    -1.79    3.17
-135850.830    29.136    -3.38    2.99
-135483.610    28.052    -2.95    2.94
-135116.318    27.102    -2.59    2.47
-134748.953    26.877    -0.61    2.21
-134381.515    27.738     2.34    3.07
-134014.005    28.924     3.23    3.90
-133646.422    30.925     5.44    4.17
-133278.766    31.380     1.24    4.15
-132911.037    31.859     1.30    4.26
-132543.235    31.305    -1.50    4.16
-132175.361    30.351    -2.59    3.59
-131807.413    29.892    -1.25    3.18
-131439.392    29.312    -1.58    2.94
-131071.298    29.914     1.64    4.25
-130703.131    31.571     4.50    5.40
-130334.891    34.925     9.11    7.34
-129966.578    38.140     8.73    7.30
-129598.192    39.925     4.84    5.69
-129229.732    40.583     1.79    5.00
-128861.199    39.468    -3.03    4.83
-128492.592    38.124    -3.65    4.05
-128123.912    37.032    -2.96    3.85
-127755.159    37.166     0.36    3.61
-127386.332    39.280     5.73    4.24
-127017.431    41.044     4.78    3.88
-126648.457    42.133     2.95    4.16
-126279.409    42.196     0.17    4.47
-125910.288    39.296    -7.86    5.58
-125541.093    35.936    -9.10    5.42
-125171.824    33.767    -5.87    3.86
-124802.481    33.164    -1.63    2.80
-124433.064    33.731     1.54    2.59
-124063.574    34.891     3.14    1.25
-123694.009    35.204     0.85    1.28
-123324.371    35.547     0.93    1.52
-122954.658    35.501    -0.12    1.70
-122584.872    35.208    -0.79    1.64
-122215.011    35.207    -0.00    1.93
-121845.076    35.510     0.82    2.81
-121475.067    36.696     3.21    3.30
-121104.984    37.936     3.35    2.66
-120734.826    38.751     2.20    1.85
-120364.594    38.110    -1.73    1.83
-119994.288    38.316     0.56    1.80
-119623.907    38.303    -0.03    1.77
-119253.452    38.707     1.09    2.05
-118882.922    39.621     2.47    1.70
-118512.317    40.544     2.49    1.44
-118141.638    40.992     1.21    1.14
-117770.885    40.979    -0.04    1.41
-117400.056    40.158    -2.21    2.36
-117029.153    38.175    -5.35    4.23
-116658.175    35.729    -6.59    4.58
-116287.122    33.078    -7.14    3.55
-115915.995    31.751    -3.58    2.46
-115544.792    32.813     2.86    4.34
-115173.515    33.828     2.73    5.23
-114802.162    34.663     2.25    5.70
-114430.734    35.774     2.99    5.80
-114059.232    37.587     4.88    5.66
-113687.654    39.430     4.96    4.84
-113316.001    41.372     5.23    2.67
-112944.272    41.372    -0.00    2.38
-112572.469    41.643     0.73    2.59
-112200.590    42.436     2.13    2.38
-111828.635    42.113    -0.87    2.96
-111456.605    40.559    -4.18    3.32
-111084.500    38.859    -4.57    2.60
-110712.319    38.023    -2.25    1.61
-110340.063    38.588     1.52    1.81
-109967.731    40.414     4.90    2.43
-109595.324    41.620     3.24    2.51
-109222.840    43.136     4.07    2.81
-108850.281    44.044     2.44    2.78
-108477.646    44.363     0.85    2.92
-108104.936    44.599     0.63    2.92
-107732.149    44.258    -0.91    2.51
-107359.287    43.609    -1.74    2.03
-106986.348    43.345    -0.71    2.26
-106613.334    43.023    -0.86    2.18
-106240.243    43.018    -0.01    2.16
-105867.076    44.022     2.69    2.54
-105493.834    45.482     3.91    2.19
-105120.515    47.012     4.10    1.77
-104747.119    48.122     2.97    1.61
-104373.648    48.457     0.90    1.71
-104000.100    49.108     1.74    1.52
-103626.476    48.783    -0.87    1.80
-103252.775    47.776    -2.69    2.24
-102878.998    47.129    -1.73    2.24
-102505.144    47.096    -0.09    2.55
-102131.214    47.398     0.81    2.83
-101757.207    47.356    -0.11    2.74
-101383.123    46.807    -1.47    2.55
-101008.963    46.447    -0.96    2.21
-100634.725    46.602     0.41    2.49
-100260.412    47.140     1.44    2.43
 -99886.021    48.398     3.36    2.31
 -99511.553    49.036     1.70    1.81
 -99137.009    49.207     0.46    2.15
 -98762.387    48.802    -1.08    2.72
 -98387.688    47.850    -2.54    2.94
 -98012.912    46.758    -2.91    2.56
 -97638.060    46.473    -0.76    2.10
 -97263.130    47.518     2.79    2.70
 -96888.122    49.043     4.07    2.93
 -96513.038    51.012     5.25    3.15
 -96137.876    52.903     5.04    2.93
 -95762.636    53.675     2.06    3.04
 -95387.320    54.686     2.69    2.51
 -95011.925    55.490     2.14    2.40
 -94636.454    55.650     0.43    2.41
 -94260.905    54.764    -2.36    2.74
 -93885.278    53.386    -3.67    3.51
 -93509.573    51.892    -3.98    3.43
 -93133.791    50.669    -3.25    3.11
 -92757.931    50.729     0.16    3.52
 -92381.993    52.069     3.56    3.65
 -92005.977    53.566     3.98    2.93
 -91629.884    55.569     5.33    2.98
 -91253.712    57.838     6.03    3.60
 -90877.463    59.205     3.63    3.62
 -90501.135    59.430     0.60    3.36
 -90124.730    58.754    -1.80    4.20
 -89748.246    56.548    -5.86    4.52
 -89371.684    53.969    -6.85    4.15
 -88995.044    51.946    -5.37    4.58
 -88618.325    50.025    -5.10    5.01
 -88241.529    48.505    -4.03    5.31
 -87864.653    47.520    -2.62    5.66
 -87487.700    47.882     0.96    5.53
 -87110.668    48.583     1.86    5.19
 -86733.557    47.323    -3.34    5.45
 -86356.368    46.418    -2.40    5.08
 -85979.100    46.312    -0.28    4.87
 -85601.754    47.602     3.42    4.92
 -85224.329    49.333     4.59    3.64
 -84846.825    49.992     1.75    2.99
 -84469.242    48.967    -2.71    3.41
 -84091.580    46.731    -5.92    4.51
 -83713.840    44.084    -7.01    5.40
 -83336.020    41.447    -6.98    5.06
 -82958.122    38.744    -7.15    3.68
 -82580.144    37.811    -2.47    3.15
 -82202.088    37.691    -0.32    3.16
 -81823.952    38.194     1.33    4.13
 -81445.737    39.753     4.12    4.95
 -81067.442    40.078     0.86    6.14
 -80689.069    39.244    -2.20    8.25
 -80310.616    36.430    -7.44    9.34
 -79932.083    32.393   -10.66    7.99
 -79553.472    29.047    -8.84    6.56
 -79174.780    27.721    -3.50    6.30
 -78796.009    27.913     0.51    7.91
 -78417.159    30.751     7.49    8.95
 -78038.229    33.958     8.46    7.89
 -77659.219    36.359     6.34    6.66
 -77280.129    39.870     9.26    6.74
 -76900.960    44.215    11.46    6.60
 -76521.711    48.177    10.45    5.34
 -76142.382    50.372     5.78    3.10
 -75762.973    49.767    -1.59    3.77
 -75383.484    47.244    -6.65    5.22
 -75003.914    43.788    -9.11    5.52
 -74624.265    41.226    -6.75    6.68
 -74244.536    38.402    -7.44    8.18
 -73864.726    35.183    -8.48    9.56
 -73484.836    32.262    -7.69   10.64
 -73104.866    29.323    -7.73   11.40
 -72724.816    25.979    -8.80   11.15
 -72344.685    22.247    -9.82    9.62
 -71964.474    18.531    -9.77    7.26
 -71584.182    16.452    -5.47    4.52
 -71203.809    16.209    -0.64    3.22
 -70823.356    17.769     4.10    3.62
 -70442.823    20.425     6.98    3.78
 -70062.208    22.789     6.21    4.22
 -69681.513    25.425     6.92    4.97
 -69300.737    28.447     7.94    5.48
 -68919.881    32.148     9.72    6.01
 -68545.075    36.858    12.56    6.80
 -68179.525    41.542    12.81    6.46
 -67813.902    44.664     8.54    4.88
 -67448.206    45.828     3.18    5.76
 -67082.436    43.733    -5.73    8.22
 -66716.593    40.419    -9.06   10.68
 -66350.675    36.510   -10.68   12.23
 -65984.685    33.402    -8.49   11.61
 -65618.620    29.978    -9.35    9.04
 -65252.482    29.247    -2.00    7.68
 -64886.269    30.893     4.50    8.62
 -64519.983    32.069     3.21    9.21
 -64153.623    32.957     2.42    9.30
 -63787.189    33.751     2.17    8.74
 -63420.681    33.180    -1.56    7.59
 -63054.099    35.233     5.60    7.91
 -62687.443    38.083     7.77    8.24
 -62320.713    43.531    14.85    7.66
 -61953.909    48.847    14.49    5.74
 -61587.030    52.882    11.00    5.58
 -61220.077    55.396     6.85    5.85
 -60853.050    57.075     4.57    5.74
 -60485.948    58.468     3.79    5.48
 -60118.772    59.075     1.65    5.05
 -59751.522    60.808     4.72    4.58
 -59384.197    62.947     5.82    4.16
 -59016.798    65.031     5.67    4.12
 -58649.323    66.833     4.90    3.11
 -58281.775    66.430    -1.10    3.39
 -57914.151    64.056    -6.46    4.75
 -57546.453    60.436    -9.85    4.89
 -57178.681    57.836    -7.07    4.04
 -56810.833    55.527    -6.28    3.59
 -56442.910    53.870    -4.50    4.18
 -56074.913    51.262    -7.09    5.86
 -55706.841    48.797    -6.70    6.97
 -55338.693    46.188    -7.09    6.68
 -54970.471    42.967    -8.75    6.53
 -54602.173    40.025    -7.99    5.66
 -54233.801    40.840     2.21    5.61
 -53865.353    41.716     2.38    5.53
 -53496.830    43.504     4.85    5.73
 -53128.232    46.747     8.80    5.16
 -52759.558    48.755     5.45    3.71
 -52390.809    48.957     0.55    3.56
 -52021.985    48.312    -1.75    4.37
 -51653.085    47.570    -2.01    5.32
 -51284.110    46.320    -3.39    5.39
 -50915.059    45.009    -3.55    5.78
 -50545.933    44.151    -2.32    5.44
 -50176.731    43.725    -1.15    4.92
 -49807.453    44.067     0.93    5.08
 -49438.100    42.457    -4.36    6.75
 -49068.670    40.251    -5.97    7.61
 -48699.165    38.180    -5.60    7.34
 -48329.584    37.677    -1.36    6.32
 -47959.928    38.403     1.96    4.63
 -47590.195    39.478     2.91    3.67
 -47220.386    39.258    -0.60    3.58
 -46850.501    37.936    -3.57    4.90
 -46480.540    36.067    -5.05    5.36
 -46110.503    36.578     1.38    5.00
 -45740.390    40.492    10.58    7.33
 -45370.201    47.606    19.21   10.29
 -44999.935    54.554    18.76    8.61
 -44629.593    57.672     8.42    5.06
 -44259.174    57.686     0.04    4.95
 -43888.680    53.446   -11.44    7.50
 -43518.108    49.297   -11.20    8.38
 -43147.460    45.638    -9.87    7.44
 -42776.736    44.648    -2.67    5.42
 -42405.935    45.319     1.81    5.33
 -42035.057    47.850     6.83    4.33
 -41664.103    48.903     2.84    3.05
 -41293.072    47.123    -4.80    4.84
 -40921.964    44.280    -7.66    5.43
 -40550.779    42.796    -4.00    5.27
 -40179.517    43.254     1.23    6.84
 -39808.179    46.967    10.00    8.01
 -39436.763    49.669     7.27    7.58
 -39065.270    50.797     3.04    6.78
 -38693.701    51.529     1.97    6.13
 -38322.054    51.641     0.30    6.01
 -37950.330    52.870     3.31    7.39
 -37578.528    55.946     8.27    8.07
 -37206.650    58.095     5.78    7.69
 -36834.694    60.063     5.29    5.81
 -36462.661    61.820     4.72    3.08
 -36090.550    62.133     0.84    2.68
 -35718.362    62.851     1.93    2.91
 -35346.097    63.577     1.95    2.81
 -34973.753    64.113     1.44    3.50
 -34601.333    63.789    -0.87    4.28
 -34228.834    62.860    -2.49    4.47
 -33856.258    62.663    -0.53    4.61
 -33483.604    62.297    -0.98    4.18
 -33110.872    62.194    -0.28    4.15
 -32738.063    62.072    -0.33    4.42
 -32365.175    63.012     2.52    5.44
 -31992.210    63.441     1.15    5.93
 -31619.167    63.785     0.92    5.83
 -31246.045    64.525     1.98    5.21
 -30872.846    65.218     1.86    3.86
 -30499.568    67.030     4.85    3.77
 -30126.212    69.273     6.01    3.16
 -29752.778    70.755     3.97    3.08
 -29379.266    70.308    -1.20    3.61
 -29005.675    68.570    -4.65    3.36
 -28632.006    67.451    -2.99    3.28
 -28258.259    66.819    -1.69    3.14
 -27884.433    65.736    -2.90    3.11
 -27510.528    63.518    -5.93    2.93
 -27136.545    62.957    -1.50    2.80
 -26762.483    62.026    -2.49    2.55
 -26388.343    62.237     0.56    3.77
 -26014.124    63.959     4.60    4.88
 -25639.826    66.244     6.11    5.67
 -25265.449    67.418     3.14    5.15
 -24890.994    67.542     0.33    4.19
 -24516.459    65.587    -5.22    4.30
 -24141.846    64.224    -3.64    3.20
 -23767.153    64.055    -0.45    2.45
 -23392.382    64.483     1.14    2.64
 -23017.531    65.870     3.70    2.29
 -22642.601    67.627     4.69    3.20
 -22267.592    69.452     4.87    3.00
 -21892.504    70.776     3.53    2.86
 -21517.336    71.574     2.13    3.12
 -21142.089    72.202     1.67    3.10
 -20766.763    72.819     1.64    2.90
 -20391.357    73.989     3.12    2.72
 -20015.871    74.712     1.93    2.59
 -19640.306    74.255    -1.22    3.12
 -19264.662    74.882     1.67    3.55
 -18888.937    76.723     4.90    4.32
 -18513.133    78.731     5.34    4.27
 -18137.250    80.659     5.13    3.18
 -17761.286    82.367     4.54    2.91
 -17385.243    83.729     3.62    3.55
 -17009.119    84.746     2.70    4.68
 -16632.916    87.031     6.07    5.64
 -16256.633    89.723     7.15    5.86
 -15880.269    92.032     6.14    5.73
 -15503.826    93.441     3.74    5.87
 -15127.302    94.540     2.92    7.10
 -14750.698    95.227     1.82    7.39
 -14374.014    96.055     2.20    6.34
 -13997.250    96.620     1.50    5.88
 -13620.405    98.254     4.34    4.00
 -13243.479    98.575     0.85    2.53
 -12866.474    98.859     0.76    2.56
 -12489.387   100.853     5.29    3.95
 -12112.221   103.858     7.97    5.94
 -11734.973   107.230     8.94    6.36
 -11357.645   110.878     9.67    5.99
 -10980.236   115.872    13.23    6.53
 -10602.746   121.890    15.94    7.69
 -10225.176   128.989    18.80    8.67
  -9847.524   135.702    17.78    7.16
  -9469.792   140.554    12.84    5.51
  -9091.979   143.258     7.16    2.89
  -8714.084   141.936    -3.50    4.30
  -8336.109   139.091    -7.53    4.71
  -7958.052   134.626   -11.81    5.87
  -7579.915   128.595   -15.95    7.04
  -7201.696   120.787   -20.64   11.12
  -6823.395   110.540   -27.09   12.11
  -6445.014    98.350   -32.22   14.80
  -6066.551    85.280   -34.54   13.20
  -5688.006    77.812   -19.73   12.19
  -5309.380    71.958   -15.46   13.11
  -4930.673    67.289   -12.33   15.00
  -4551.884    64.713    -6.80   16.16
  -4173.013    67.255     6.71   15.17
  -3794.060    73.254    15.83   14.57
  -3415.026    80.148    18.19   11.94
  -3035.910    85.261    13.49    9.68
  -2656.712    85.074    -0.49   12.00
  -2277.432    78.202   -18.12   18.78
  -1898.070    64.585   -35.89   28.99
  -1518.626    47.381   -45.34   33.78
  -1139.101    29.562   -46.95   31.46
   -759.492    14.402   -39.93   23.69
   -379.802     3.602   -28.44   11.39
     -0.030     0.059    -9.33    0.74
    379.825     2.414     6.20    6.26
    759.762     6.151     9.84    9.03
   1139.782    10.758    12.12    9.84
   1519.883    14.380     9.53    8.24
   1900.068    17.533     8.29    4.87
   2280.335    18.946     3.72    2.60
   2660.684    14.946   -10.52    7.86
   3041.117     9.490   -14.34    9.38
   3421.632     3.967   -14.51    7.55
   3802.229    -0.010   -10.45    0.52
   4182.910    -0.064    -0.14    0.00
   4563.673    -0.064     0.00    0.00
   4944.519    -0.064     0.00    0.00
   5325.449    -0.064     0.00    0.00
   5706.461    -0.064     0.00    0.00
   6086.799    -0.064     0.00    0.00
   6452.116    -0.064     0.00    0.00
   6817.509    -0.064     0.00    0.00
   7182.976    -0.064     0.00    0.00
   7548.519    -0.064     0.00    0.00
   7914.138    -0.064     0.00    0.00
   8279.831    -0.064     0.00    0.00
   8645.600    -0.064     0.00    0.00
   9011.445    -0.064     0.00    0.00
   9377.365    -0.064     0.00    0.00
   9743.361    -0.064     0.00    0.00
  10109.432    -0.064     0.00    0.00
  10475.579     1.936     5.46    5.62
  10841.802     7.010    13.86    9.84
  11208.100    12.776    15.74    9.93
  11574.475    17.978    14.20    6.65
  11940.925    20.272     6.26    2.06
  12307.451    20.230    -0.11    2.14
  12674.053    20.758     1.44    2.41
  13040.731    20.936     0.48    4.02
  13407.485    18.621    -6.31    8.38
  13774.315    13.050   -15.19   10.98
  14141.221     8.691   -11.88   10.77
  14508.204     3.446   -14.29    7.96
  14875.262     0.956    -6.78    3.71
  15242.397     3.746     7.60    7.87
  15609.609     7.698    10.76    9.90
  15976.896    12.624    13.41    9.92
  16344.261    17.059    12.07    9.56
  16711.701    19.696     7.18    9.62
  17079.218    17.788    -5.19   11.55
  17446.812    16.968    -2.23   11.97
  17814.482    16.342    -1.70   11.88
  18182.229    16.441     0.27   10.35
  18550.053    19.420     8.10    6.67
  18917.953    20.678     3.42    2.42
  19285.930    18.991    -4.58    2.40
  19653.984    16.829    -5.87    2.69
  20022.115    15.025    -4.90    2.14
  20390.323    13.472    -4.22    2.16
  20758.608    12.420    -2.86    1.99
  21126.970    11.488    -2.53    1.81
  21495.409    11.009    -1.30    1.56
  21863.925    10.946    -0.17    1.69
  22232.518    10.967     0.06    1.77
  22601.189    11.696     1.98    2.18
  22969.937    12.997     3.53    2.64
  23338.762    13.813     2.21    2.38
  23707.665    14.415     1.63    1.91
  24076.645    14.396    -0.05    2.35
  24445.702    13.791    -1.64    3.15
  24814.837    12.979    -2.20    3.43
  25184.049    11.290    -4.57    2.65
  25553.340    10.721    -1.54    1.87
  25922.707    10.670    -0.14    1.33
  26292.153    10.915     0.66    1.41
  26661.676    11.542     1.70    1.58
  27031.277    12.221     1.84    1.68
  27400.956    13.309     2.94    1.92
  27770.713    13.142    -0.45    2.10
  28140.548    12.628    -1.39    2.35
  28510.461    12.070    -1.51    2.31
  28880.452    12.011    -0.16    2.33
  29250.521    11.748    -0.71    2.16
  29620.668    12.313     1.53    1.94
  29990.893    12.704     1.06    1.65
  30361.197    12.976     0.74    1.93
  30731.579    13.477     1.35    2.14
  31102.039    13.633     0.42    2.13
  31472.578    13.783     0.40    2.25
  31843.195    14.235     1.22    1.98
  32213.891    14.677     1.19    1.84
  32584.665    15.039     0.98    1.75
  32955.518    15.153     0.31    1.83
  33326.449    15.540     1.04    1.62
  33697.459    15.709     0.46    1.36
  34068.548    15.727     0.05    1.48
  34439.716    15.499    -0.61    1.88
  34810.962    14.811    -1.86    2.37
  35182.288    13.999    -2.19    2.55
  35553.692    14.451     1.22    3.21
  35925.175    16.131     4.52    4.13
  36296.738    18.799     7.18    3.91
  36668.379    21.186     6.42    2.11
  37040.100    22.124     2.53    1.11
  37411.900    22.255     0.35    1.13
  37783.779    22.041    -0.58    1.35
  38155.737    21.162    -2.36    1.85
  38527.775    20.021    -3.07    2.10
  38899.892    19.307    -1.92    1.78
  39272.089    19.188    -0.32    1.68
  39644.365    20.230     2.80    1.51
  40016.720    20.977     2.01    1.39
  40389.155    21.388     1.10    1.53
  40761.670    21.691     0.81    1.60
  41134.265    21.021    -1.80    2.10
  41506.939    18.915    -5.65    3.41
  41879.693    15.859    -8.20    4.24
  42252.527    12.599    -8.75    3.86
  42625.441    10.536    -5.53    2.37
  42998.435    10.358    -0.48    2.59
  43371.508    11.467     2.97    3.41
  43744.662    13.040     4.21    3.07
  44117.896    13.363     0.87    2.63
  44491.210    13.224    -0.37    2.67
  44864.605    12.936    -0.77    2.90
  45238.079    12.211    -1.94    2.62
  45611.634    12.238     0.07    2.68
  45985.269    11.819    -1.12    2.19
  46358.985    11.276    -1.45    1.66
  46732.781    11.372     0.26    1.92
  47106.658    11.640     0.72    1.95
  47480.615    12.074     1.16    1.54
  47854.653    12.255     0.48    1.35
  48228.771    11.441    -2.18    1.50
  48602.970    11.193    -0.66    2.07
  48977.250    11.113    -0.21    3.72
  49351.611    11.647     1.43    4.79
  49726.053    12.914     3.38    6.01
  50100.575    14.101     3.17    6.49
  50475.179    16.746     7.06    7.51
  50849.863    19.713     7.92    8.60
  51224.629    21.350     4.37    8.90
  51599.476    21.956     1.62    7.66
  51974.404    20.672    -3.42    6.41
  52349.413    19.791    -2.35    4.05
  52724.503    20.854     2.83    3.28
  53099.675    21.623     2.05    3.39
  53474.928    23.152     4.07    3.55
  53850.263    24.078     2.47    3.87
  54225.679    24.497     1.11    3.80
  54601.177    25.988     3.97    4.16
  54976.756    28.309     6.18    5.88
  55352.417    31.680     8.97    6.16
  55728.160    34.936     8.66    4.05
  56103.984    37.499     6.82    2.66
  56479.891    39.385     5.02    4.12
  56855.879    41.826     6.49    4.30
  57231.949    43.321     3.98    3.11
  57608.101    41.658    -4.42    5.17
  57984.335    36.723   -13.12    7.00
  58360.651    33.359    -8.94    5.63
  58737.049    32.874    -1.29    4.29
  59113.530    34.386     4.02    4.43
  59490.092    37.235     7.56    3.29
  59866.737    38.559     3.52    2.77
  60243.465    39.389     2.20    3.33
  60620.274    41.287     5.04    4.55
  60997.167    43.721     6.46    4.92
  61374.141    46.664     7.81    4.72
  61751.199    49.629     7.87    4.62
  62128.338    50.904     3.38    4.31
  62505.561    50.637    -0.71    4.72
  62882.866    49.834    -2.13    4.83
  63260.254    48.925    -2.41    4.26
  63637.725    49.241     0.84    3.76
  64015.279    50.099     2.27    3.47
  64392.915    51.217     2.96    3.44
  64770.635    52.956     4.61    3.46
  65148.437    54.854     5.02    4.80
  65526.323    58.369     9.30    5.99
  65904.292    61.540     8.39    5.73
  66282.344    64.211     7.07    4.21
  66660.479    66.111     5.02    2.95
  67038.698    68.609     6.61    3.64
  67417.000    71.121     6.64    4.94
  67795.386    75.331    11.13    7.17
  68173.855    80.863    14.62    8.47
  68552.407    87.561    17.69    9.34
  68931.043    93.242    15.00    8.58
  69309.763    97.683    11.73    7.39
  69688.566    98.895     3.20    7.52
  70067.453    96.873    -5.34    8.78
  70446.424    92.508   -11.52    9.39
  70825.479    86.800   -15.06    9.37
  71204.617    81.089   -15.07    7.48
  71583.840    74.925   -16.25    6.99
  71963.147    69.272   -14.90    7.48
  72342.538    65.008   -11.24    6.50
  72722.012    61.894    -8.20    4.81
  73101.571    58.883    -7.93    3.97
  73481.215    57.208    -4.41    4.66
  73860.942    55.473    -4.57    4.41
  74240.754    53.476    -5.26    2.96
  74620.651    52.238    -3.26    2.29
  75000.631    50.027    -5.82    3.76
  75380.697    48.753    -3.35    5.14
  75760.847    50.228     3.88    6.42
  76141.081    50.861     1.66    6.70
  76521.400    53.154     6.03    6.02
  76901.804    54.946     4.71    5.30
  77282.293    53.242    -4.48    5.54
  77662.867    53.140    -0.27    6.86
  78043.525    55.683     6.68    9.72
  78424.269    60.307    12.14   10.69
  78805.097    64.061     9.86   10.10
  79186.011    66.311     5.91   10.69
  79567.010    69.188     7.55   12.78
  79948.093    74.021    12.68   18.31
  80329.263    81.282    19.05   22.30
  80710.517    87.793    17.08   21.88
  81080.610    91.272     9.40   16.69
  81445.766    89.609    -4.55   11.74
  81810.998    87.844    -4.83    8.84
  82176.308    85.113    -7.48    6.19
  82541.695    82.548    -7.02    4.99
  82907.159    80.410    -5.85    5.13
  83272.701    78.183    -6.09    5.78
  83638.319    73.936   -11.62    8.53
  84004.015    67.555   -17.45   10.12
  84369.788    59.224   -22.78   10.55
  84735.639    51.457   -21.23    7.34
  85101.567    48.252    -8.76    4.59
  85467.573    48.835     1.59    4.82
  85833.656    51.498     7.28    5.66
  86199.816    54.548     8.33    4.65
  86566.055    57.489     8.03    3.07
  86932.371    58.776     3.51    3.19
  87298.765    59.044     0.73    3.90
  87665.236    58.696    -0.95    5.25
  88031.786    57.738    -2.61    5.84
  88398.413    55.740    -5.45    6.35
  88765.118    54.497    -3.39    6.58
  89131.901    51.946    -6.96    7.07
  89498.763    49.744    -6.00    7.06
  89865.702    46.664    -8.39    5.65
  90232.719    44.796    -5.09    4.48
  90599.815    42.311    -6.77    4.04
  90966.989    40.552    -4.79    3.95
  91334.241    39.511    -2.83    3.43
  91701.572    38.420    -2.97    2.75
  92068.980    37.791    -1.71    2.61
  92436.468    37.830     0.11    2.76
  92804.034    38.554     1.97    3.08
  93171.678    41.294     7.45    5.90
  93539.401    45.239    10.73   11.46
  93907.202    51.742    17.68   16.76
  94275.083    57.558    15.81   18.93
  94643.041    63.466    16.06   18.62
  95011.079    68.575    13.88   16.75
  95379.196    72.865    11.65   12.54
  95747.391    75.653     7.57    9.82
  96115.666    76.506     2.32    7.05
  96484.019    74.999    -4.09    5.16
  96852.451    72.313    -7.29    5.25
  97220.963    69.363    -8.01    6.80
  97589.553    62.660   -18.19    9.05
  97958.223    56.344   -17.13    8.46
  98326.972    49.988   -17.24    6.35
  98695.801    45.744   -11.51    4.86
  99064.708    42.479    -8.85    3.78
  99433.695    40.166    -6.27    3.87
  99802.762    38.712    -3.94    3.66
 100171.908    38.296    -1.13    4.75
 100541.133    37.282    -2.74    4.89
 100910.438    36.405    -2.38    4.01
 101279.823    36.360    -0.12    3.17
 101649.288    36.482     0.33    2.45
 102018.832    37.987     4.07    3.06
 102388.456    39.063     2.91    3.11
 102758.159    39.752     1.86    2.93
 103127.943    39.774     0.06    3.45
 103497.807    39.804     0.08    3.64
 103867.750    40.317     1.39    3.90
 104237.774    41.976     4.48    3.39
 104607.878    43.102     3.04    3.35
 104978.062    43.619     1.40    2.87
 105348.326    43.456    -0.44    3.13
 105718.670    43.121    -0.90    3.01
 106089.095    42.516    -1.63    2.66
 106459.600    41.762    -2.03    3.13
 106830.186    41.323    -1.18    3.56
 107200.852    41.255    -0.19    4.03
 107571.598    41.436     0.49    4.12
 107942.425    41.201    -0.63    3.64
 108313.333    41.319     0.32    2.66
 108684.321    42.616     3.50    3.57
 109055.390    44.491     5.05    3.19
 109426.540    45.262     2.08    3.09
 109797.771    46.186     2.49    2.34
 110169.082    45.925    -0.70    2.27
 110540.475    45.903    -0.06    2.32
 110911.948    44.846    -2.85    2.81
 111283.503    43.510    -3.59    2.48
 111655.138    42.602    -2.44    1.42
 112026.855    42.823     0.59    1.78
 112398.653    43.410     1.58    1.90
 112770.532    43.811     1.08    1.85
 113142.492    43.726    -0.23    1.59
 113514.534    44.406     1.83    1.92
 113886.657    45.300     2.40    2.68
 114258.862    45.925     1.68    2.76
 114631.148    46.392     1.25    2.48
 115003.516    45.646    -2.00    2.82
 115375.965    44.244    -3.76    2.96
 115748.496    44.048    -0.53    2.81
 116121.109    42.830    -3.27    3.39
 116493.804    42.048    -2.10    3.15
 116866.580    41.111    -2.51    2.96
 117239.438    39.562    -4.15    3.09
 117612.378    38.516    -2.81    3.42
 117985.401    37.165    -3.62    3.14
 118358.505    35.476    -4.53    3.11
 118731.691    35.242    -0.63    3.28
 119104.959    34.856    -1.03    3.06
 119478.310    34.957     0.27    3.49
 119851.743    36.976     5.41    3.31
 120225.258    38.599     4.34    3.28
 120598.856    39.886     3.45    3.13
 120972.536    40.329     1.19    2.39
 121346.298    39.706    -1.67    2.69
 121720.143    39.162    -1.45    2.71
 122094.071    39.350     0.50    2.80
 122468.081    40.059     1.90    3.87
 122842.174    42.542     6.64    4.73
 123216.349    43.996     3.89    5.30
 123590.608    45.529     4.10    5.19
 123964.949    46.752     3.27    3.80
 124339.373    46.946     0.52    3.18
 124713.880    45.936    -2.70    3.18
 125088.471    45.071    -2.31    2.45
 125463.144    45.441     0.99    2.33
 125837.900    46.327     2.37    2.37
 126212.740    46.876     1.46    2.42
 126587.662    47.904     2.74    2.73
 126962.668    49.826     5.12    3.79
 127337.758    51.525     4.53    4.12
 127712.931    55.643    10.98    7.30
 128088.187    61.550    15.74   11.76
 128463.527    73.396    31.56   17.13
 128838.950    90.216    44.81   22.90
 129214.457   116.178    69.15   33.94
 129590.047   144.430    75.23   40.55
 129965.722   175.366    82.35   34.12
 130341.480   192.633    45.96   21.60
 130717.322   203.364    28.56   14.88
 131093.247   212.303    23.78   22.05
 131469.257   226.028    36.51   27.57
 131845.351   233.256    19.22   26.05
 132221.529   227.178   -16.16   38.03
 132597.791   196.626   -81.21   52.84
 132974.137   153.903  -113.53   45.21
 133350.567   118.710   -93.50   35.41
 133727.082    92.790   -68.85   18.67
 134103.681    87.216   -14.80   11.96
 134480.364    93.153    15.76   18.22
 134857.132   109.056    42.21   24.20
 135233.984   128.513    51.64   21.96
 135610.921   140.666    32.24   21.85
 135987.942   142.731     5.48   28.16
 136365.048   127.586   -40.17   39.84
 136742.239   102.323   -66.98   41.38
 137119.515    76.736   -67.83   27.92
 137496.875    62.698   -37.20   12.52
 137874.321    58.436   -11.29    1.91
 138251.851    59.750     3.48    2.06
 138629.467    61.420     4.42    1.70
 139007.167    63.441     5.35    2.89
 139384.953    68.316    12.91    7.47
 139762.823    78.875    27.95   16.51
 140140.779    98.487    51.89   27.12
 140518.820   121.678    61.35   32.33
 140896.947   137.344    41.43   26.46
 141275.159   133.764    -9.47   29.87
 141653.457   120.441   -35.22   32.63
 142031.840   101.636   -49.70   18.85
 142410.308    96.841   -12.67    8.94
 142788.862   108.198    30.00   21.72
 143167.502   128.467    53.54   33.59
 143546.228   153.688    66.60   36.19
 143925.040   180.207    70.01   25.09
 144303.937   200.066    52.42   18.51
 144682.920   214.821    38.94   19.11
 145061.989   231.612    44.30   22.58
 145441.145   245.120    35.63   19.32
 145820.386   245.256     0.36   21.01
 146199.714   235.180   -26.56   31.83
 146579.127   217.272   -47.20   32.56
 146958.628   201.979   -40.30   19.62
 147338.214   204.678     7.11   17.45
 147717.887   220.109    40.65   25.06
 148097.646   244.426    64.04   31.48
 148477.492   266.578    58.32   25.79
 148857.424   277.975    30.00   21.34
 149237.443   283.080    13.43   22.83
 149617.548   276.460   -17.42   24.65
 149997.740   268.738   -20.31   25.16
 150378.020   269.622     2.33   26.69
 150758.386   281.802    32.02   41.39
 151138.838   309.926    73.93   58.33
 151519.378   349.313   103.51   62.62
 151900.005   394.338   118.30   55.38
 152280.719   419.089    65.02   42.91
 152661.520   428.490    24.69   43.46
 153042.408   430.680     5.75   46.86
 153423.384   423.445   -18.99   41.75
 153804.447   408.845   -38.32   47.88
 154185.597   389.054   -51.93   48.49
 154566.835   374.456   -38.30   36.89
 154948.160   380.569    16.03   30.74
 155329.573   394.804    37.33   29.44
 155705.655   415.016    53.75   27.10
 156070.571   429.596    39.96   20.22
 156435.567   433.446    10.55   15.83
 156800.641   420.436   -35.64   28.49
 157165.794   395.276   -68.91   39.40
 157531.026   356.361  -106.56   46.96
 157896.337   321.293   -96.01   41.71
 158261.727   282.676  -105.70   38.24
 158627.196   252.826   -81.68   34.86
 158992.745   225.461   -74.87   29.84
 159358.372   204.718   -56.74   27.40
 159724.079   179.127   -69.98   29.11
 160089.865   151.171   -76.44   36.60
 160455.730   130.316   -57.01   29.15
 160821.675   123.925   -17.46   22.57
 161187.699   133.766    26.89   30.23
 161553.803   155.083    58.23   31.88
 161919.986   176.602    58.77   29.70
 162286.249   199.363    62.15   28.88
 162652.591   222.876    64.19   31.15
 163019.013   247.309    66.69   33.07
 163385.515   273.553    71.61   30.63
 163752.097   289.316    43.00   24.02
 164118.758   292.175     7.80   23.40
 164485.500   291.845    -0.90   23.63
