# NaN NaN NaN ;Mean Elev.(m), Avg Gradient(m/km), RMS Gradient(m/km) - SRTM1     
#   17.089   0.040   2.136 ;Mean Elev.(m), Avg Gradient(m/km), RMS Gradient(m/km) - ASTER GDEM
#   31.639  -0.395   3.796 ;Mean Elev.(m), Avg Gradient(m/km), RMS Gradient(m/km) - GMTED2010 
  9    24.563 52514.67490876 48.12  71.258676  61.236126 32.290
  9    24.691 52514.67490940 46.57  71.256326  61.239286 32.290
 11    24.921 52584.67493835 47.78  71.249932  61.236729 19.734
 11    24.922 52584.67493899 53.45  71.247582  61.239879 19.734
 13    26.826 52654.67490403 11.39  71.244478  61.238385  2.687
 13    26.242 52654.67490468 11.76  71.242128  61.241535  2.687
 14    27.103 52689.67489803 10.94  71.254179  61.236673  2.860
 14    23.387 52689.67489867 14.97  71.251839  61.239833  2.860
 16    27.200 52759.67496194 18.47  71.239062  61.238284  6.391
 16    28.393 52759.67496259 17.07  71.236719  61.241444  5.813
 19    26.858 52864.67502862 22.49  71.244548  61.238167 30.038
 19    28.946 52864.67502927 27.32  71.242198  61.241327 30.038
 20    26.929 52899.67505765 22.13  71.244691  61.237892 34.970
 20    28.803 52899.67505829 22.96  71.242351  61.241042 34.970
 21    27.565 52934.67500049 20.96  71.251955  61.236292 22.645
 21    28.322 52934.67500114 19.29  71.249605  61.239452 22.645
 25    27.698 53074.67501577  9.52  71.242439  61.237545  2.185
 25    27.366 53074.67501641  9.66  71.240089  61.240705  2.185
 30    26.900 53249.67503228 25.25  71.252489  61.236087 25.458
 30    26.309 53249.67503293 23.57  71.250139  61.239247 25.458
 32    24.186 53319.67501637 41.02  71.245074  61.238357 13.606
 32    24.156 53319.67501702 38.70  71.242724  61.241517 13.606
 33    26.777 53354.67498319 21.33  71.257637  61.236245  6.402
 33    24.816 53354.67498384 22.39  71.255287  61.239395  6.402
 38    28.630 53529.67505190 30.91  71.251268  61.236293 49.500
 38    28.721 53529.67505254 27.70  71.248918  61.239453 49.500
 39    26.523 53564.67508299 32.26  71.241216  61.237217 30.509
 39    26.398 53564.67508363 28.13  71.238866  61.240377 30.509
 40    27.014 53599.67502427 30.56  71.254031  61.235734 23.657
 40    24.043 53599.67502492 30.01  71.251681  61.238894 23.657
 43    23.309 53704.67497977 33.80  71.255478  61.236143 19.927
 43    23.259 53704.67498042 47.07  71.253128  61.239293 19.927
 44    26.014 53739.67488920 17.30  71.268150  61.233905  5.616
 44    23.884 53739.67488985 17.89  71.265800  61.237055  5.616
 44    23.891 53739.67489049 18.16  71.263450  61.240215  5.616
 45    26.328 53774.67491016  8.99  71.244211  61.238212  2.496
 45    25.507 53774.67491081  8.82  71.241861  61.241372  2.496
 46    27.674 53809.67489274  9.41  71.258826  61.236174  2.319
 46    28.038 53809.67489338  9.49  71.256476  61.239334  2.319
 48    27.986 53879.67496438 46.89  71.241765  61.237344 39.315
 48    27.975 53879.67496502 42.55  71.239405  61.240504 39.315
 51    24.010 53984.67496838 37.32  71.252392  61.235692 26.826
 51    24.057 53984.67496902 38.68  71.250042  61.238852 26.826
 54    27.218 54089.67498420 11.27  71.252564  61.235764  2.440
 54    26.885 54089.67498484 11.18  71.250214  61.238914  2.440
 56    28.458 54159.67495114  9.26  71.242690  61.237442  2.081
 56    28.323 54159.67495179  9.52  71.240340  61.240602  2.081
 58    28.621 54229.67496376 41.02  71.240983  61.237490 42.517
 58    28.589 54229.67496441 37.29  71.238633  61.240650 42.517
 59    29.707 54264.67498178 29.00  71.241597  61.237698 32.381
 59    30.013 54264.67498243 36.18  71.239247  61.240858 32.381
 60    30.082 54299.67498545 36.93  71.244195  61.237589 39.546
 60    30.054 54299.67498609 37.57  71.241845  61.240749 39.546
 63    23.896 54404.67491934 34.11  71.245465  61.238074 37.782
 63    28.954 54404.67491998 25.70  71.243115  61.241234 37.782
 68    23.542 54579.67488848 26.70  71.241003  61.237819 11.105
 68    28.555 54579.67488913 26.79  71.238653  61.240979 11.105
 69    28.987 54614.67491028 41.64  71.244700  61.237957 42.565
 69    28.961 54614.67491092 38.61  71.242350  61.241117 42.565
 71    27.298 54684.67491665 28.76  71.247395  61.238333 32.415
 71    29.062 54684.67491730 32.49  71.245045  61.241493 32.415
 77    26.762 54894.67488729  9.35  71.245696  61.236891  2.212
 77    26.217 54894.67488793  9.25  71.243346  61.240051  2.212
 79    28.268 54964.67488791 35.97  71.241737  61.237604 40.041
 79    28.469 54964.67488856 30.97  71.239377  61.240764 40.041
 81    27.389 55034.67489447 27.62  71.240524  61.238342 37.133
 81    27.577 55034.67489511 23.36  71.238174  61.241502 37.133
 82    24.598 55069.67488354 43.50  71.251281  61.235803 27.648
 82    24.695 55069.67488418 52.71  71.248929  61.238964 29.161
 84    23.303 55139.67483126 42.89  71.243452  61.237982 22.884
 84    23.066 55139.67483191 48.87  71.241102  61.241132 22.884
 86    23.438 55209.67482693 20.80  71.240935  61.237481  3.562
 86    23.492 55209.67482757 18.25  71.238585  61.240641  3.562
 88    22.409 55279.67482047 20.71  71.246793  61.237145  3.899
 88    22.438 55279.67482111 21.10  71.244443  61.240305  3.899
 92    27.578 55419.67481054 34.17  71.242171  61.237490 33.739
 92    27.421 55419.67481119 25.85  71.239811  61.240650 33.739
 93    24.598 55454.67478783 47.30  71.252204  61.236175 25.911
 93    24.610 55454.67478848 52.53  71.249854  61.239325 25.911
 94    26.925 55489.67470688 23.59  71.259503  61.236921 23.648
 94    27.454 55489.67470752 20.97  71.257159  61.240083 25.884
