# NaN NaN NaN ;Mean Elev.(m), Avg Gradient(m/km), RMS Gradient(m/km) - SRTM1     
#   -4.985   0.222   6.181 ;Mean Elev.(m), Avg Gradient(m/km), RMS Gradient(m/km) - ASTER GDEM
#    5.004   0.000   0.135 ;Mean Elev.(m), Avg Gradient(m/km), RMS Gradient(m/km) - GMTED2010 
  7    15.852 52475.28403900 33.93  65.211857  63.491661 29.482
  7    15.667 52475.28403964 32.76  65.209167  63.488531 29.482
  7    15.286 52475.28404028 32.49  65.206477  63.485401 29.482
  8    15.617 52510.28399648 39.60  65.215241  63.492997 43.258
  8    15.221 52510.28399712 30.17  65.212551  63.489867 43.258
  8    15.232 52510.28399776 28.81  65.209861  63.486737 43.258
  9    12.096 52545.28400759 37.84  65.226577  63.487037 22.086
  9    12.138 52545.28400823 30.97  65.223887  63.483907 22.086
 10    11.822 52580.28403755 33.23  65.217655  63.490735 18.618
 10    11.570 52580.28403820 38.83  65.214965  63.487605 18.618
 10    11.504 52580.28403884 33.38  65.212275  63.484475 18.618
 11     9.441 52615.28400558 25.28  65.206248  63.494836  4.507
 11    10.104 52615.28400622 23.27  65.203548  63.491706  4.507
 11    10.301 52615.28400687 21.36  65.200858  63.488576  4.507
 12    11.121 52650.28398449 17.46  65.224451  63.489406  2.840
 12    10.267 52650.28398514 17.40  65.221761  63.486276  2.840
 12    10.363 52650.28398578 16.92  65.219071  63.483146  2.840
 13    11.741 52685.28396997 12.93  65.215596  63.493088  2.791
 13    11.010 52685.28397061 13.30  65.212906  63.489958  2.791
 13    12.097 52685.28397126 12.88  65.210216  63.486828  2.791
 14    12.397 52720.28402208 12.63  65.215352  63.489623  2.162
 14    12.751 52720.28402273 12.37  65.212662  63.486493  2.162
 14    12.119 52720.28402337 12.41  65.209972  63.483363  2.162
 15    12.151 52755.28404429 16.76  65.204719  63.501188  8.669
 15    12.358 52755.28404493 17.10  65.202019  63.498058  8.669
 15    12.104 52755.28404557 17.60  65.199329  63.494928  8.669
 15    12.311 52755.28404622 17.54  65.196639  63.491798  8.669
 16    14.746 52790.28399437 25.34  65.228357  63.488123 46.463
 16    14.788 52790.28399501 24.02  65.225667  63.484993 46.463
 16    14.864 52790.28399566 26.59  65.222977  63.481863 46.463
 17    15.363 52825.28406452 46.85  65.224638  63.486859 43.736
 17    15.355 52825.28406516 45.04  65.221938  63.483729 43.736
 18    12.176 52860.28411053 35.76  65.224712  63.486040 26.992
 18    12.023 52860.28411118 31.98  65.222022  63.482910 26.992
 19    11.813 52895.28414057 31.13  65.211940  63.491651 29.237
 19    11.703 52895.28414122 27.20  65.209250  63.488521 29.237
 19    14.079 52895.28414186 28.29  65.206560  63.485391 29.237
 20    11.086 52930.28408857 39.98  65.205455  63.497816 29.460
 20    11.386 52930.28408922 27.08  65.202755  63.494686 29.460
 20    11.279 52930.28408986 23.41  65.200064  63.491560 19.701
 20    11.642 52930.28409051 22.55  65.197374  63.488430 19.701
 21     9.177 52965.28408169 28.66  65.227254  63.486215  8.350
 21     9.310 52965.28408233 30.58  65.224564  63.483085  8.350
 22     8.920 53000.28411490 20.20  65.209761  63.493051  4.098
 22     9.180 53000.28411555 19.63  65.207071  63.489921  4.098
 22     9.379 53000.28411619 18.47  65.204381  63.486791  4.098
 23    11.660 53035.28406366 16.32  65.206718  63.496399  2.808
 23    11.371 53035.28406430 15.90  65.204028  63.493269  2.808
 23    12.402 53035.28406495 14.64  65.201338  63.490139  2.808
 24    13.607 53070.28408351 13.16  65.218365  63.491270  2.621
 24    13.299 53070.28408416 12.99  65.215675  63.488140  2.621
 24    13.746 53070.28408480 12.71  65.212985  63.485010  2.621
 25    14.064 53105.28406465 10.14  65.204927  63.499553  2.038
 25    13.833 53105.28406529 10.28  65.202237  63.496423  2.038
 25    13.768 53105.28406594 10.06  65.199547  63.493293  2.038
 25    14.012 53105.28406658 10.05  65.196857  63.490163  2.038
 26    11.403 53140.28408985 33.63  65.222966  63.489432 27.911
 26    11.589 53140.28409050 41.54  65.220276  63.486302 27.911
 26    11.353 53140.28409114 39.36  65.217586  63.483172 27.911
 27    14.516 53175.28412395 24.32  65.216306  63.488693 39.602
 27    14.574 53175.28412459 25.18  65.213616  63.485563 39.602
 27    14.944 53175.28412524 36.84  65.210926  63.482433 39.602
 28    14.401 53210.28414130 23.80  65.214057  63.493149 39.468
 28    13.901 53210.28414194 21.45  65.211367  63.490019 39.468
 28    14.089 53210.28414259 22.09  65.208677  63.486889 39.468
 29    11.856 53245.28410916 33.93  65.214039  63.493577 28.378
 29    12.027 53245.28410981 28.76  65.211349  63.490447 28.378
 29    11.487 53245.28411045 26.86  65.208649  63.487317 28.378
 30     9.945 53280.28409268 39.64  65.223237  63.486789 27.057
 30     9.884 53280.28409333 46.82  65.220547  63.483659 27.057
 31    10.202 53315.28410922 30.97  65.219156  63.490770 15.551
 31    10.583 53315.28410986 36.16  65.216466  63.487640 15.551
 31    10.440 53315.28411050 44.08  65.213776  63.484510 15.551
 32    10.385 53350.28407493 19.28  65.215540  63.491410  4.745
 32    10.591 53350.28407557 19.14  65.212850  63.488280  4.745
 32    10.467 53350.28407622 18.67  65.210150  63.485150  4.745
 33    10.070 53385.28405501 15.70  65.225676  63.488711  3.944
 33    10.140 53385.28405565 15.25  65.222986  63.485581  3.944
 33    10.207 53385.28405629 14.08  65.220286  63.482451  3.944
 34     9.213 53420.28405967 16.78  65.222980  63.490175  3.534
 34     9.984 53420.28406032 13.92  65.220290  63.487045  3.534
 34     9.732 53420.28406096 13.72  65.217600  63.483915  3.534
 35    13.788 53455.28406566 12.49  65.230901  63.487006  2.224
 35    13.760 53455.28406631 12.75  65.228211  63.483876  2.224
 35    13.975 53455.28406695 12.51  65.225511  63.480746  2.224
 36    10.993 53490.28415047 28.81  65.211548  63.491723 21.093
 36    11.110 53490.28415112 34.42  65.208848  63.488593 21.093
 36    10.954 53490.28415176 33.42  65.206158  63.485463 21.093
 37    14.706 53525.28413526 27.57  65.218473  63.488709 46.796
 37    14.445 53525.28413590 27.82  65.215783  63.485579 46.796
 37    14.713 53525.28413655 34.05  65.213093  63.482449 46.796
 38    14.043 53560.28416232 21.14  65.208065  63.493895 46.183
 38    14.048 53560.28416297 20.10  65.205375  63.490765 46.183
 38    14.393 53560.28416361 25.48  65.202685  63.487635 46.183
 39    12.096 53595.28410052 34.36  65.214796  63.493283 23.791
 39    12.040 53595.28410117 30.24  65.212096  63.490153 23.791
 39    11.980 53595.28410181 26.37  65.209406  63.487023 23.791
 40    11.604 53630.28409455 22.78  65.224352  63.488234 19.853
 40    10.122 53630.28409519 26.17  65.221662  63.485104 19.853
 41    10.310 53665.28411751 22.25  65.215661  63.492865 16.458
 41    10.252 53665.28411815 19.77  65.212961  63.489735 16.458
 41    10.372 53665.28411880 28.05  65.210271  63.486605 16.458
 42     9.249 53700.28407213 31.05  65.213666  63.491363 13.686
 42     9.368 53700.28407278 35.00  65.210966  63.488233 13.686
 42     9.399 53700.28407342 41.68  65.208276  63.485103 13.686
 44     9.350 53770.28398284 13.41  65.224386  63.488719  2.635
 44     9.631 53770.28398349 13.63  65.221696  63.485589  2.635
 44    11.912 53770.28398413 12.74  65.219006  63.482459  2.635
 45    13.619 53805.28397581 15.46  65.212406  63.493018  2.287
 45    13.628 53805.28397646 15.04  65.209706  63.489888  2.287
 45    14.628 53805.28397710 14.40  65.207016  63.486758  2.287
 47    13.095 53875.28404302 48.42  65.220313  63.489125 44.709
 47    13.053 53875.28404366 50.87  65.217623  63.485995 44.709
 47    13.024 53875.28404431 49.67  65.214933  63.482865 44.709
 49    13.724 53945.28410921 23.86  65.208833  63.495549 37.929
 49    13.899 53945.28410985 40.07  65.206143  63.492419 37.929
 49    13.710 53945.28411050 38.60  65.203453  63.489289 37.929
 50    11.788 53980.28405668 31.50  65.207830  63.494236 23.377
 50    12.061 53980.28405732 29.10  65.205140  63.491106 23.377
 50    11.776 53980.28405797 24.89  65.202450  63.487976 23.377
 51    10.311 54015.28407538 28.62  65.229347  63.487762 28.537
 51    10.298 54015.28407602 28.57  65.226657  63.484632 28.537
 51    10.492 54015.28407667 25.91  65.223957  63.481502 28.537
 52    10.782 54050.28407815 31.21  65.221946  63.487209  9.320
 52    11.078 54050.28407880 34.86  65.219256  63.484079  9.320
 52    10.844 54050.28407944 34.45  65.216556  63.480949  9.320
 54    12.697 54120.28399566 15.44  65.205097  63.499097  2.605
 54    13.171 54120.28399630 14.77  65.202407  63.495967  2.605
 54    13.636 54120.28399695 14.50  65.199717  63.492837  2.605
 54    13.618 54120.28399759 14.46  65.197027  63.489707  2.605
 56    14.478 54190.28399304 10.73  65.207339  63.495751  1.970
 56    14.447 54190.28399368 10.49  65.204649  63.492621  1.970
 56    14.667 54190.28399433 10.52  65.201959  63.489491  1.970
 57    14.379 54225.28403840 51.26  65.217905  63.489893 40.157
 57    14.439 54225.28403904 43.07  65.215205  63.486763 40.157
 57    14.401 54225.28403969 38.04  65.212515  63.483633 40.157
 58    15.368 54260.28405869 44.99  65.216955  63.490334 57.163
 58    15.371 54260.28405933 50.46  65.214265  63.487204 57.163
 58    15.376 54260.28405998 44.15  65.211565  63.484074 57.163
 59    16.040 54295.28406265 34.70  65.216731  63.490586 44.235
 59    15.754 54295.28406329 28.29  65.214031  63.487456 44.235
 59    15.765 54295.28406394 29.17  65.211341  63.484326 44.235
 60    15.479 54330.28405550 27.88  65.212429  63.490486 45.398
 60    15.197 54330.28405614 27.06  65.209739  63.487356 45.398
 60    15.697 54330.28405679 33.80  65.207049  63.484226 45.398
 61    11.944 54365.28399922 33.13  65.207780  63.496367 29.934
 61    12.075 54365.28399986 30.26  65.205090  63.493247 29.934
 61    12.056 54365.28400051 27.03  65.202400  63.490117 29.934
 61    14.804 54365.28400115 24.39  65.199710  63.486987 29.934
 62    12.416 54400.28399684 40.17  65.218152  63.490737 21.502
 62    12.174 54400.28399748 29.79  65.215462  63.487607 21.502
 62    13.654 54400.28399813 24.24  65.212772  63.484477 21.502
 63     9.429 54435.28395361 26.71  65.211178  63.495770  8.584
 63     9.187 54435.28395425 26.47  65.208488  63.492640  8.584
 63     9.218 54435.28395489 24.79  65.205788  63.489510  8.584
 63     9.860 54435.28395554 22.09  65.203098  63.486380  8.584
 64    10.833 54470.28398085 15.88  65.223343  63.488057  3.946
 64    12.336 54470.28398149 15.27  65.220653  63.484927  3.946
 64    11.263 54470.28398213 14.92  65.217963  63.481797  3.946
 65    11.314 54505.28396783 14.41  65.209234  63.493708  3.013
 65    10.637 54505.28396848 13.93  65.206544  63.490578  3.013
 65    12.448 54505.28396912 13.48  65.203844  63.487448  3.013
 66    12.992 54540.28399589 12.59  65.215481  63.488986  2.605
 66    12.691 54540.28399654 12.52  65.212791  63.485856  2.605
 67    14.182 54575.28396867  6.66  65.208542  63.494221  5.138
 67    14.463 54575.28396932  6.28  65.205842  63.491091  5.138
 67    14.628 54575.28396996  5.40  65.203152  63.487961  5.138
 68    13.495 54610.28398743 22.12  65.216772  63.491575 38.874
 68    13.953 54610.28398807 21.11  65.214082  63.488445 38.874
 68    14.356 54610.28398872 28.60  65.211392  63.485315 38.874
 69    15.049 54645.28399496 33.98  65.216284  63.492796 40.940
 69    14.629 54645.28399561 24.57  65.213594  63.489666 40.940
 69    14.651 54645.28399625 24.35  65.210904  63.486536 40.940
 70    12.805 54680.28399661 42.44  65.213780  63.490852 32.763
 70    12.735 54680.28399726 36.49  65.211090  63.487722 32.763
 70    14.216 54680.28399790 28.38  65.208400  63.484592 32.763
 71    12.004 54715.28394665 30.20  65.207604  63.494315 22.977
 71    11.951 54715.28394730 28.00  65.204914  63.491185 22.977
 71    11.329 54715.28394794 29.22  65.202224  63.488055 22.977
 72    13.420 54750.28396725 21.53  65.219990  63.490513 25.643
 72    11.365 54750.28396789 23.36  65.217300  63.487383 25.643
 72    13.361 54750.28396854 21.49  65.214610  63.484253 25.643
 73    10.479 54785.28393577 28.65  65.211550  63.492935 19.387
 73    10.537 54785.28393642 34.47  65.208860  63.489805 19.387
 73    10.583 54785.28393706 48.99  65.206170  63.486675 19.387
 74    10.830 54820.28396056 15.45  65.219736  63.488243  4.091
 74    11.229 54820.28396121 15.23  65.217046  63.485113  4.091
 74    10.938 54820.28396185 16.36  65.214356  63.481983  4.091
 75    10.138 54855.28393209 13.80  65.212726  63.492959  3.167
 75    10.355 54855.28393273 13.34  65.210036  63.489829  3.167
 75    10.407 54855.28393338 13.44  65.207346  63.486699  3.167
 76    10.993 54890.28396441 12.47  65.213880  63.491895  2.907
 76    10.101 54890.28396506 13.52  65.211190  63.488765  2.907
 76    10.576 54890.28396570 13.08  65.208500  63.485635  2.907
 77    13.740 54925.28393060  7.81  65.205922  63.496836  2.372
 77    13.917 54925.28393124  7.27  65.203222  63.493706  2.372
 77    14.028 54925.28393189  7.80  65.200532  63.490576  2.372
 78    12.963 54960.28396252 42.06  65.217648  63.489095 35.337
 78    12.972 54960.28396316 48.41  65.214958  63.485965 35.337
 78    12.903 54960.28396381 42.60  65.212268  63.482835 35.337
 79    14.045 54995.28398418 23.54  65.212740  63.490924 44.752
 79    14.349 54995.28398483 24.44  65.210050  63.487794 44.752
 79    14.644 54995.28398547 31.50  65.207360  63.484664 44.752
 80    14.200 55030.28397401 19.72  65.213836  63.490998 36.424
 80    14.085 55030.28397466 21.70  65.211146  63.487868 36.424
 80    14.141 55030.28397530 27.87  65.208456  63.484738 36.424
 81    12.335 55065.28396419 37.27  65.214114  63.492508 23.155
 81    12.215 55065.28396484 30.72  65.211424  63.489378 23.155
 81    11.988 55065.28396548 25.83  65.208734  63.486248 23.155
 82    11.766 55100.28390682 27.61  65.204663  63.496751 18.448
 82    11.845 55100.28390747 24.66  65.201973  63.493621 18.448
 82    12.184 55100.28390811 19.21  65.199283  63.490491 18.448
 83     9.714 55135.28390965 19.90  65.220004  63.491094 11.803
 83     9.960 55135.28391029 19.38  65.217314  63.487964 11.803
 83    10.051 55135.28391094 31.65  65.214624  63.484834 11.803
 84     9.313 55170.28387304 23.92  65.209436  63.492224  7.340
 84     9.566 55170.28387369 21.50  65.206746  63.489094  7.340
 84     9.665 55170.28387433 20.34  65.204046  63.485964  7.340
 85     9.106 55205.28390302 18.02  65.219296  63.489757  5.905
 85     9.450 55205.28390367 16.94  65.216606  63.486627  5.905
 85     9.341 55205.28390431 16.11  65.213916  63.483497  5.905
 86     8.849 55240.28387916 15.66  65.207895  63.494158  3.109
 86     9.916 55240.28387980 14.71  65.205195  63.491028  3.109
 86    10.835 55240.28388045 13.95  65.202505  63.487898  3.109
 87     8.973 55275.28389670 15.65  65.213516  63.492413  3.320
 87     9.613 55275.28389734 14.92  65.210826  63.489283  3.320
 87    12.964 55275.28389799 13.74  65.208136  63.486153  3.320
 88    12.157 55310.28386239 28.57  65.209711  63.495803 21.722
 88     9.271 55310.28386304 30.38  65.207011  63.492673 21.722
 88     9.485 55310.28386368 34.05  65.204321  63.489543 21.722
 88    12.492 55310.28386433 32.19  65.201631  63.486413 21.722
 89    14.327 55345.28386534 20.64  65.217097  63.491964 35.485
 89    14.035 55345.28386598 19.01  65.214407  63.488834 35.485
 89    14.145 55345.28386662 24.33  65.211717  63.485704 35.485
 90    14.434 55380.28385873 51.01  65.213117  63.493799 49.046
 90    14.461 55380.28385937 53.21  65.210427  63.490669 49.046
 90    14.420 55380.28386002 54.73  65.207737  63.487539 49.046
 91    13.467 55415.28388516 17.67  65.221332  63.489991 36.059
 91    13.870 55415.28388581 23.35  65.218642  63.486861 36.059
 91    13.997 55415.28388645 28.08  65.215952  63.483731 36.059
 92    12.349 55450.28387088 29.34  65.211472  63.491875 17.306
 92    13.237 55450.28387152 23.22  65.208782  63.488745 17.306
 92    14.092 55450.28387217 21.86  65.206082  63.485615 17.306
 93    12.046 55485.28379500 25.45  65.207550  63.497741 14.200
 93    11.985 55485.28379565 25.53  65.204860  63.494611 14.200
 93    13.076 55485.28379629 22.28  65.202170  63.491481 14.200
 93    13.175 55485.28379694 19.00  65.199480  63.488351 14.200
