# NaN NaN NaN ;Mean Elev.(m), Avg Gradient(m/km), RMS Gradient(m/km) - SRTM1     
#   15.442  -1.319   7.491 ;Mean Elev.(m), Avg Gradient(m/km), RMS Gradient(m/km) - ASTER GDEM
#   17.467  -0.521   5.275 ;Mean Elev.(m), Avg Gradient(m/km), RMS Gradient(m/km) - GMTED2010 
  7    37.416 52467.25059752 26.98  75.478518  61.037125 18.765
  7    37.588 52467.25059817 27.32  75.476198  61.033965 18.765
  7    37.700 52467.25059881 28.71  75.473878  61.030815 18.765
  7    37.763 52467.25059946 36.34  75.471548  61.027655 18.765
  8    33.902 52502.25058814 36.16  75.476923  61.041504 28.987
  8    33.695 52502.25058878 29.69  75.474603  61.038344 28.987
  8    35.798 52502.25058942 21.65  75.472283  61.035184 28.987
  8    36.925 52502.25059007 22.46  75.469953  61.032024 28.987
  9    35.272 52537.25057678 21.80  75.483928  61.023648 25.450
  9    37.155 52537.25057743 19.76  75.481608  61.020488 25.450
  9    32.054 52537.25057807 30.47  75.479289  61.017326 17.141
 10    31.656 52572.25061250 25.79  75.478344  61.035173  7.726
 10    31.915 52572.25061314 25.56  75.476014  61.032013  7.726
 10    35.542 52572.25061379 24.58  75.473694  61.028853  7.726
 11    34.189 52607.25056945 19.49  75.477876  61.036666  6.023
 11    33.970 52607.25057009 19.77  75.475546  61.033506  6.023
 11    35.826 52607.25057073 18.49  75.473226  61.030346  6.023
 12    35.372 52642.25056953 14.83  75.480110  61.029065  3.292
 12    36.180 52642.25057018 14.24  75.477790  61.025905  3.292
 12    36.986 52642.25057082 14.38  75.475470  61.022755  3.292
 13    35.125 52677.25055378 14.00  75.478132  61.039175  2.913
 13    35.445 52677.25055443 13.44  75.475812  61.036015  2.913
 13    35.345 52677.25055507 14.07  75.473492  61.032855  2.913
 13    36.232 52677.25055572 13.51  75.471172  61.029695  2.913
 14    35.486 52712.25058715 12.76  75.480787  61.030407  3.039
 14    35.925 52712.25058779 12.09  75.478467  61.027257  3.039
 14    36.332 52712.25058844 12.09  75.476147  61.024097  3.039
 15    30.801 52747.25061122 20.71  75.471811  61.046937 16.939
 15    30.432 52747.25061187 18.56  75.469491  61.043777 16.939
 15    30.350 52747.25061251 23.02  75.467171  61.040617 16.939
 16    36.057 52782.25055432 25.13  75.481240  61.023988 32.620
 16    36.728 52782.25055497 25.53  75.478920  61.020828 32.620
 17    36.662 52817.25063338 41.33  75.480219  61.024931 48.165
 17    36.671 52817.25063403 35.76  75.477899  61.021771 48.165
 18    31.650 52852.25068318 19.87  75.481165  61.028632 17.687
 18    36.662 52852.25068382 17.47  75.478835  61.025472 17.687
 18    36.863 52852.25068447 21.04  75.476515  61.022312 17.687
 20    30.046 52922.25066996 34.20  75.475803  61.042841 25.331
 20    29.755 52922.25067061 39.34  75.473483  61.039681 25.331
 20    29.482 52922.25067125 45.80  75.471163  61.036521 25.331
 20    29.678 52922.25067190 35.34  75.468833  61.033361 25.331
 21    30.709 52957.25063910 18.11  75.483395  61.021402  7.607
 21    30.160 52957.25063974 18.31  75.481075  61.018242  7.607
 22    34.627 52992.25065959 11.79  75.481014  61.028034  3.185
 22    32.851 52992.25066024 11.60  75.478694  61.024874  3.185
 22    33.063 52992.25066088 11.26  75.476372  61.021709  2.147
 23    34.735 53027.25062343 12.27  75.478605  61.037526  2.513
 23    35.124 53027.25062408 12.15  75.476275  61.034376  2.513
 23    35.454 53027.25062472 11.96  75.473955  61.031216  2.513
 23    35.600 53027.25062537 11.72  75.471635  61.028056  2.513
 24    35.741 53062.25063424 12.63  75.482285  61.026732  3.180
 24    36.146 53062.25063488 12.76  75.479965  61.023572  3.180
 24    36.446 53062.25063553 13.74  75.477635  61.020412  3.180
 25    36.766 53097.25065343 10.62  75.473310  61.047389  1.859
 25    36.572 53097.25065408 10.34  75.470980  61.044229  1.859
 25    36.543 53097.25065472 10.47  75.468660  61.041069  1.859
 25    36.839 53097.25065537 10.29  75.466340  61.037909  1.859
 26    32.639 53132.25063194 31.94  75.482517  61.021501 24.531
 26    32.666 53132.25063259 33.16  75.480197  61.018341 24.531
 28    34.539 53202.25070742 43.19  75.478938  61.034950 27.549
 28    34.436 53202.25070807 26.43  75.476608  61.031790 27.549
 28    34.334 53202.25070871 21.98  75.474288  61.028630 27.549
 29    31.104 53237.25067665 48.33  75.478522  61.034253 30.156
 29    31.227 53237.25067729 50.93  75.476202  61.031093 30.156
 29    31.033 53237.25067793 46.84  75.473882  61.027933 30.156
 31    30.876 53307.25069777 40.19  75.477129  61.034014 24.168
 31    30.864 53307.25069842 34.33  75.474809  61.030854 24.168
 31    30.804 53307.25069906 33.41  75.472479  61.027694 24.168
 36    30.474 53482.25071018 35.24  75.478503  61.036282 25.627
 36    30.559 53482.25071083 32.86  75.476173  61.033122 25.627
 36    30.549 53482.25071147 32.43  75.473853  61.029962 25.627
 36    37.160 53482.25071212 32.21  75.471533  61.026802 25.627
 37    35.931 53517.25071188 28.97  75.478166  61.035540 28.950
 37    35.890 53517.25071252 24.89  75.475846  61.032380 28.950
 37    36.490 53517.25071317 24.06  75.473516  61.029220 28.950
 38    34.077 53552.25073169 36.78  75.476096  61.042340 24.228
 38    33.970 53552.25073234 26.51  75.473776  61.039180 24.228
 38    33.913 53552.25073298 23.31  75.471456  61.036020 24.228
 38    35.579 53552.25073363 25.24  75.469126  61.032860 24.228
 39    33.041 53587.25068599 21.81  75.478630  61.037023 22.104
 39    31.419 53587.25068664 21.29  75.476310  61.033863 22.104
 39    31.384 53587.25068728 20.81  75.473990  61.030703 22.104
 39    36.802 53587.25068793 19.42  75.471670  61.027543 22.104
 40    31.552 53622.25065412 21.89  75.480743  61.028326 17.438
 40    36.885 53622.25065477 16.93  75.478413  61.025166 17.438
 40    36.962 53622.25065541 24.32  75.476093  61.022006 17.438
 41    31.598 53657.25068159 22.90  75.480467  61.031026 17.070
 41    31.404 53657.25068223 21.24  75.478147  61.027866 17.070
 41    36.850 53657.25068288 22.02  75.475827  61.024706 17.070
 42    30.111 53692.25066502 22.17  75.476895  61.040611 12.411
 42    30.182 53692.25066566 21.66  75.474575  61.037451 12.411
 42    30.056 53692.25066631 23.25  75.472255  61.034291 12.411
 42    30.095 53692.25066695 24.06  75.469935  61.031131 12.411
 43    35.216 53727.25058824 14.95  75.474012  61.042413  3.841
 43    30.945 53727.25058889 15.11  75.471682  61.039253  3.841
 43    35.678 53727.25058953 14.22  75.469362  61.036093  3.841
 44    35.905 53762.25054634 12.33  75.484009  61.019432  3.297
 44    36.246 53762.25054699 12.40  75.481679  61.016272  3.297
 45    35.175 53797.25055520  9.89  75.476844  61.038110  2.642
 45    35.132 53797.25055584  9.81  75.474524  61.034950  2.642
 45    35.652 53797.25055649  9.37  75.472204  61.031790  2.642
 47    32.249 53867.25061469 28.44  75.480302  61.032282 18.686
 47    34.768 53867.25061533 26.23  75.477982  61.029122 18.686
 47    36.966 53867.25061598 27.61  75.475652  61.025962 18.686
 48    36.031 53902.25064456 34.55  75.477935  61.034137 30.883
 48    35.985 53902.25064520 34.77  75.475615  61.030977 30.883
 48    36.056 53902.25064585 38.37  75.473295  61.027817 30.883
 49    36.105 53937.25068072 34.57  75.476124  61.043967 32.345
 49    33.711 53937.25068137 25.66  75.473794  61.040807 32.345
 49    33.609 53937.25068201 20.95  75.471474  61.037647 32.345
 49    35.688 53937.25068266 19.13  75.469154  61.034487 32.345
 50    31.118 53972.25064560 30.50  75.474391  61.042943 26.014
 50    30.972 53972.25064624 29.08  75.472061  61.039783 26.014
 50    30.875 53972.25064688 23.03  75.469741  61.036623 26.014
 50    35.024 53972.25064753 21.34  75.467421  61.033463 26.014
 52    31.540 54042.25065939 26.88  75.480682  61.023029 12.722
 52    31.546 54042.25066004 27.26  75.478362  61.019869 12.722
 54    34.066 54112.25058902 15.32  75.473185  61.046942  3.389
 54    34.705 54112.25058967 15.33  75.470865  61.043782  3.389
 54    35.126 54112.25059031 15.55  75.468535  61.040622  3.389
 54    35.345 54112.25059096 16.09  75.466215  61.037462  3.389
 56    34.796 54182.25057742 13.20  75.473673  61.044595  2.208
 56    35.203 54182.25057807 12.89  75.471353  61.041435  2.208
 56    35.469 54182.25057871 12.82  75.469033  61.038275  2.208
 57    33.511 54217.25060308 42.11  75.480046  61.030631 25.646
 57    33.491 54217.25060373 35.09  75.477726  61.027471 25.646
 57    36.507 54217.25060437 33.34  75.475406  61.024311 25.646
 58    37.178 54252.25062847 24.74  75.477997  61.032721 26.745
 58    37.105 54252.25062911 27.01  75.475677  61.029561 26.745
 58    37.164 54252.25062976 33.24  75.473357  61.026401 26.745
 59    38.220 54287.25063356 38.42  75.476989  61.033129 21.682
 59    38.180 54287.25063420 38.39  75.474659  61.029979 21.682
 59    38.253 54287.25063485 42.94  75.472339  61.026819 21.682
 60    34.572 54322.25063064 26.28  75.478598  61.033420 27.040
 60    36.821 54322.25063129 20.86  75.476278  61.030270 27.040
 60    36.993 54322.25063193 30.18  75.473948  61.027110 27.040
 61    35.620 54357.25058769 30.65  75.475069  61.043515 20.933
 61    36.410 54357.25058834 18.86  75.472749  61.040365 20.933
 61    37.016 54357.25058898 17.28  75.470429  61.037205 20.933
 61    36.783 54357.25058963 22.56  75.468099  61.034045 20.933
 62    31.227 54392.25057172 26.19  75.477659  61.030703 21.307
 62    30.788 54392.25057237 32.57  75.475329  61.027543 21.307
 63    30.245 54427.25053915 36.40  75.476620  61.036744 14.700
 63    30.140 54427.25053979 39.98  75.474300  61.033584 14.700
 63    30.101 54427.25054044 39.05  75.471980  61.030424 14.700
 64    34.740 54462.25054958 19.61  75.481121  61.028946  3.878
 64    36.297 54462.25055023 17.36  75.478801  61.025786  3.878
 64    36.544 54462.25055087 17.87  75.476470  61.022621  5.621
 65    34.999 54497.25054692 16.36  75.477692  61.037950  4.246
 65    35.302 54497.25054757 16.09  75.475362  61.034790  4.246
 65    35.860 54497.25054821 15.53  75.473042  61.031630  4.246
 65    36.195 54497.25054886 16.09  75.470722  61.028470  4.246
 66    36.029 54532.25056265 13.05  75.480328  61.030108  2.190
 66    36.156 54532.25056330 13.12  75.478008  61.026948  2.190
 66    36.393 54532.25056394 13.08  75.475688  61.023788  2.190
 67    32.874 54567.25055065 11.68  75.475605  61.044404  4.846
 67    30.815 54567.25055129 11.18  75.473285  61.041244  4.846
 67    34.664 54567.25055194 11.58  75.470955  61.038084  4.846
 67    34.908 54567.25055258 11.56  75.468635  61.034924  4.846
 68    36.216 54602.25055755 51.85  75.478363  61.031710 32.207
 68    36.212 54602.25055819 50.42  75.476043  61.028550 32.207
 68    36.280 54602.25055884 48.96  75.473723  61.025390 32.207
 69    36.529 54637.25056847 38.21  75.476879  61.035321 38.482
 69    36.552 54637.25056911 44.11  75.474559  61.032161 38.482
 69    36.608 54637.25056976 48.44  75.472239  61.029011 38.482
 70    33.144 54672.25057142 52.03  75.477150  61.037205 42.658
 70    33.251 54672.25057206 50.81  75.474820  61.034045 42.658
 70    33.265 54672.25057271 46.64  75.472500  61.030885 42.658
 71    30.504 54707.25053068 31.25  75.476719  61.038958 24.324
 71    30.132 54707.25053133 30.98  75.474399  61.035798 24.324
 71    30.594 54707.25053197 31.01  75.472079  61.032638 24.324
 72    31.752 54742.25053731 21.93  75.480205  61.031931 23.445
 72    31.086 54742.25053796 24.08  75.477875  61.028781 23.445
 72    30.677 54742.25053860 39.83  75.475555  61.025621 23.445
 73    31.015 54777.25051268 33.82  75.477752  61.036822 20.524
 73    31.106 54777.25051332 32.02  75.475432  61.033662 20.524
 73    31.057 54777.25051397 33.31  75.473102  61.030502 20.524
 74    31.890 54812.25053178 21.49  75.480470  61.026361  5.419
 74    32.095 54812.25053242 21.35  75.478150  61.023201  5.419
 75    34.798 54847.25051257 16.58  75.475879  61.038262  2.928
 75    35.194 54847.25051322 15.32  75.473559  61.035102  2.928
 75    35.307 54847.25051386 15.24  75.471239  61.031942  2.928
 76    34.907 54882.25053443 12.20  75.478364  61.030931  2.787
 76    35.318 54882.25053508 12.25  75.476044  61.027771  2.787
 76    36.240 54882.25053572 11.71  75.473724  61.024611  2.787
 77    35.772 54917.25051402  9.03  75.474910  61.046829  2.337
 77    35.763 54917.25051466  9.14  75.472590  61.043669  2.337
 77    36.194 54917.25051531  8.67  75.470260  61.040509  2.337
 77    36.153 54917.25051595  8.60  75.467940  61.037349  2.337
 78    35.716 54952.25052757 30.11  75.478930  61.032839 25.023
 78    35.642 54952.25052822 26.89  75.476610  61.029679 25.023
 78    36.640 54952.25052886 25.73  75.474280  61.026519 25.023
 79    35.847 54987.25055210 23.74  75.476895  61.033054 30.893
 79    36.677 54987.25055274 21.01  75.474565  61.029904 30.893
 79    37.136 54987.25055338 29.35  75.472245  61.026744 30.893
 80    35.089 55022.25054418 45.18  75.478116  61.035501 28.858
 80    35.095 55022.25054483 28.00  75.475796  61.032341 28.858
 80    35.094 55022.25054547 22.94  75.473476  61.029181 28.858
 81    32.927 55057.25054022 21.30  75.477230  61.035579 21.372
 81    32.291 55057.25054086 23.21  75.474900  61.032419 21.372
 81    32.279 55057.25054151 39.06  75.472580  61.029259 21.372
 82    31.360 55092.25049559 29.78  75.473845  61.041817 23.967
 82    36.105 55092.25049623 24.31  75.471525  61.038657 23.967
 82    31.242 55092.25049688 23.39  75.469195  61.035497 23.967
 83    31.133 55127.25048112 26.23  75.477994  61.031009 10.901
 83    30.983 55127.25048176 30.53  75.475674  61.027849 10.901
 83    30.872 55127.25048241 44.31  75.473354  61.024689 10.901
 84    31.924 55162.25045784 30.17  75.476167  61.037389 16.739
 84    31.640 55162.25045848 34.86  75.473847  61.034229 16.739
 84    31.529 55162.25045913 35.37  75.471527  61.031069 16.739
 85    30.751 55197.25047213 17.40  75.480636  61.029567  4.066
 85    30.902 55197.25047278 16.79  75.478316  61.026407  4.066
 85    30.703 55197.25047342 16.72  75.475986  61.023247  4.066
 86    34.767 55232.25046059 13.21  75.476109  61.043537  2.773
 86    35.260 55232.25046124 12.61  75.473779  61.040377  2.773
 86    35.281 55232.25046188 12.21  75.471459  61.037217  2.773
 86    35.541 55232.25046253 12.10  75.469139  61.034057  2.773
 87    35.190 55267.25046686 11.33  75.478196  61.031216  2.767
 87    35.622 55267.25046750 11.23  75.475876  61.028056  2.767
 87    35.710 55267.25046815 11.12  75.473556  61.024896  2.767
 88    36.228 55302.25044089  4.01  75.476162  61.043200  2.393
 88    36.138 55302.25044153  4.21  75.473842  61.040040  2.393
 88    36.439 55302.25044218  3.99  75.471522  61.036880  2.393
 88    35.954 55302.25044282  7.03  75.469192  61.033720  2.393
 89    35.722 55337.25044034 27.21  75.477364  61.035299 31.042
 89    35.702 55337.25044099 27.16  75.475044  61.032139 31.042
 89    35.727 55337.25044163 35.82  75.472715  61.028972 18.332
 90    36.444 55372.25043074 24.21  75.476701  61.033404 33.959
 90    36.512 55372.25043138 24.52  75.474381  61.030244 33.959
 90    36.675 55372.25043203 29.27  75.472061  61.027084 33.959
 91    36.076 55407.25045108 27.20  75.480784  61.030451 30.993
 91    36.357 55407.25045172 19.93  75.478454  61.027301 30.993
 91    36.863 55407.25045237 23.34  75.476134  61.024141 30.993
 92    32.119 55442.25044943 25.38  75.476449  61.034873 17.023
 92    32.209 55442.25045007 24.18  75.474129  61.031713 17.023
 92    32.376 55442.25045072 30.06  75.471799  61.028553 17.023
 93    31.281 55477.25038927 28.81  75.473860  61.042103 26.772
 93    35.976 55477.25038992 24.18  75.471540  61.038943 26.772
 93    36.616 55477.25039056 20.11  75.469210  61.035783 26.772
