# NaN NaN NaN ;Mean Elev.(m), Avg Gradient(m/km), RMS Gradient(m/km) - SRTM1     
#  104.960   0.105  13.867 ;Mean Elev.(m), Avg Gradient(m/km), RMS Gradient(m/km) - ASTER GDEM
#    4.471   0.000   0.379 ;Mean Elev.(m), Avg Gradient(m/km), RMS Gradient(m/km) - GMTED2010 
  7  65.132646  63.399338    16.304    16.308  4 52475.28405801 37.743
  8  65.134712  63.399107    15.839    15.893  3 52510.28401582 29.171
  9  65.151367  63.399411    14.294    13.802  3 52545.28402564 29.491
 10  65.139778  63.399976    12.507    12.138  3 52580.28405625 42.858
 11  65.123039  63.397807    12.354    11.472  5 52615.28402556 24.678
 12  65.146573  63.398642    13.030    12.928  3 52650.28400319 19.610
 13  65.135065  63.399190    14.757    14.780  3 52685.28398931 12.329
 14  65.137487  63.398868    14.503    14.509  3 52720.28404078 12.500
 15  65.112103  63.393204    12.246    12.622  4 52755.28406653 16.912
 16  65.153126  63.400501    15.663    15.614  3 52790.28401242 25.085
 17  65.149424  63.399235    15.425    15.334  3 52825.28408257 24.255
 18  65.150854  63.399978    13.547    13.737  4 52860.28412826 24.121
 19  65.132741  63.399316    12.934    13.281  4 52895.28415959 33.033
 20  65.116895  63.394526    12.169    13.304  3 52930.28410985 34.157
 21  65.153386  63.400161     9.573     9.567  4 52965.28409942 28.330
 22  65.129215  63.399157    12.393    12.712  3 53000.28413424 22.921
 23  65.122181  63.397804    13.755    13.644  4 53035.28408396 15.256
 24  65.139152  63.398942    14.409    14.529  4 53070.28410253 14.205
 25  65.113698  63.393130    14.833    14.837  3 53105.28408657 10.946
 26  65.145082  63.398670    12.023    12.026  3 53140.28410855 34.951
 27  65.138439  63.397929    15.093    14.978  3 53175.28414264 25.862
 28  65.133511  63.399253    14.397    14.310  3 53210.28416064 23.302
 29  65.132161  63.398113    12.071    11.952  4 53245.28412882 38.285
 30  65.148024  63.399170    10.137    10.147  3 53280.28411073 33.977
 31  65.141280  63.400008    11.754    11.731  3 53315.28412791 35.964
 32  65.136345  63.399078    13.849    13.897  4 53350.28409395 20.450
 33  65.149112  63.399518    13.539    13.685  4 53385.28407338 17.019
 34  65.145116  63.399412    13.683    13.570  3 53420.28407837 16.514
 35  65.157013  63.400942    14.666    14.647  4 53455.28408339 12.249
 36  65.130983  63.397830    11.908    11.908  3 53490.28416981 26.845
 37  65.140609  63.397941    14.915    14.839  3 53525.28415395 25.445
 38  65.126181  63.398433    14.748    14.755  4 53560.28418198 26.319
 39  65.134271  63.399383    12.370    11.945  3 53595.28411986 26.321
 40  65.149117  63.400614    14.247    14.584  3 53630.28411260 18.538
 41  65.135092  63.398970    13.954    14.012  3 53665.28413685 24.830
 42  65.134473  63.399029     9.788     9.772  4 53700.28409115 41.305
 44  65.147854  63.399528    13.787    13.976  4 53770.28400121 14.036
 45  65.131881  63.399118    15.253    15.334  3 53805.28399515 15.701
 47  65.142444  63.398363    13.741    13.754  3 53875.28406171 51.273
 49  65.124259  63.396957    14.233    14.231  4 53945.28412952 41.442
 50  65.125970  63.398775    14.455    14.277  4 53980.28407634 21.875
 51  65.154120  63.400139    12.277    13.001  3 54015.28409343 23.794
 52  65.146765  63.399575    11.411    11.387  3 54050.28409620 30.240
 54  65.115217  63.394237    13.187    13.028  4 54120.28401725 18.853
 56  65.122812  63.397154    15.351    15.365  4 54190.28401335 13.228
 57  65.140020  63.399129    14.831    14.810  3 54225.28405709 34.916
 58  65.139088  63.399565    15.977    15.974  3 54260.28407738 48.903
 59  65.138861  63.399823    15.895    15.831  3 54295.28408134 34.006
 60  65.134582  63.399717    16.128    16.062  3 54330.28407419 36.486
 61  65.123248  63.397775    14.998    14.729  4 54365.28401953 23.623
 62  65.140286  63.399976    14.236    14.370  3 54400.28401553 27.954
 63  65.127968  63.398742    10.599    10.630  3 54435.28397359 29.953
 64  65.148140  63.400430    13.326    13.525  3 54470.28399890 21.209
 65  65.127375  63.398246    14.032    13.963  4 54505.28398749 16.529
 66  65.137627  63.398222    14.717    14.611  3 54540.28401459 14.136
 67  65.126681  63.398755    13.579    14.337  4 54575.28398833 11.023
 68  65.136226  63.397679    14.901    14.914  3 54610.28400677 24.666
 69  65.135737  63.398901    15.145    15.185  3 54645.28401430 27.620
 70  65.134580  63.398520    13.329    13.333  4 54680.28401563 36.905
 71  65.125756  63.398848    13.311    13.154  4 54715.28396632 28.999
 72  65.142111  63.399753    13.153    13.961  3 54750.28398594 22.683
 73  65.131024  63.399038    11.879    11.913  3 54785.28395512 49.129
 74  65.141861  63.397480    13.505    13.314  3 54820.28397926 16.890
 75  65.132195  63.399061    14.078    14.176  3 54855.28395143 15.720
 76  65.133341  63.398003    13.962    13.876  3 54890.28398376 14.274
 77  65.120047  63.396674    15.081    15.004  5 54925.28395123  8.780
 78  65.139773  63.398330    13.710    13.664  3 54960.28398121 36.916
 79  65.133539  63.398595    14.939    14.910  4 54995.28400320 26.070
 80  65.134641  63.398668    14.439    14.394  4 55030.28399303 27.053
 81  65.133576  63.398609    12.721    12.540  3 55065.28398353 25.796
 82  65.117464  63.395024    13.475    13.474  4 55100.28392778 29.057
 83  65.142129  63.400333    10.390    10.413  3 55135.28392834 40.708
 84  65.128917  63.398325    10.296    10.328  3 55170.28389238 28.320
 85  65.141420  63.398998    10.678     9.999  3 55205.28392172 23.724
 86  65.126037  63.398695    13.561    13.538  4 55240.28389882 17.846
 87  65.132981  63.398518    13.144    13.192  3 55275.28391604 19.002
 88  65.125168  63.397206    10.014    10.006  4 55310.28388270 35.927
 89  65.136555  63.398071    14.540    14.603  3 55345.28388468 23.382
 90  65.131243  63.398338    14.912    14.908  4 55380.28387839 47.082
 91  65.143451  63.399228    14.584    14.405  3 55415.28390386 21.085
 92  65.130945  63.397976    14.088    13.823  3 55450.28389022 21.738
 93  65.121684  63.397580    13.818    13.347  5 55485.28381563 25.708
