# NaN NaN NaN ;Mean Elev.(m), Avg Gradient(m/km), RMS Gradient(m/km) - SRTM1     
#   35.035  -0.513   4.180 ;Mean Elev.(m), Avg Gradient(m/km), RMS Gradient(m/km) - ASTER GDEM
#   41.327   0.178   3.145 ;Mean Elev.(m), Avg Gradient(m/km), RMS Gradient(m/km) - GMTED2010 
  6    49.632 52420.23493978 30.60  80.087628  59.410583 31.703
  6    49.275 52420.23494043 30.06  80.085508  59.407403 31.703
  6    49.079 52420.23494107 28.24  80.083378  59.404223 31.703
  6    49.388 52420.23494172 26.77  80.081248  59.401053 31.703
  7    50.090 52455.23496357 35.09  80.084013  59.412242 41.133
  7    50.063 52455.23496422 35.12  80.081893  59.409072 41.133
  7    50.054 52455.23496486 38.40  80.079765  59.405892 31.499
  7    49.988 52455.23496551 37.44  80.077635  59.402712 31.499
  8    46.686 52490.23493867 34.82  80.091078  59.411436 25.590
  8    46.476 52490.23493931 20.45  80.088958  59.408256 25.590
  8    47.553 52490.23493996 18.75  80.086828  59.405086 25.590
  8    48.977 52490.23494060 16.87  80.084708  59.401906 25.590
  8    49.588 52490.23494125 19.09  80.082578  59.398736 25.590
  9    43.877 52525.23491677 34.56  80.081851  59.416028 30.384
  9    45.601 52525.23491742 25.47  80.079721  59.412848 30.384
  9    43.414 52525.23491806 24.42  80.077601  59.409678 30.384
  9    48.033 52525.23491871 15.47  80.075471  59.406498 30.384
 10    47.029 52560.23496644 26.97  80.090455  59.410571 18.825
 10    47.354 52560.23496708 19.00  80.088335  59.407401 18.825
 10    47.272 52560.23496773 17.57  80.086205  59.404221 18.825
 10    48.074 52560.23496837 17.93  80.084075  59.401051 18.825
 10    49.181 52560.23496902 20.55  80.081955  59.397871 18.825
 11    42.879 52595.23497340 34.01  80.081266  59.413615 15.324
 11    42.975 52595.23497405 42.57  80.079136  59.410445 15.324
 11    42.967 52595.23497469 48.60  80.077016  59.407265 15.324
 11    43.082 52595.23497534 50.64  80.074886  59.404095 15.324
 12    45.926 52630.23490727 18.05  80.096513  59.408041  3.492
 12    45.950 52630.23490791 18.00  80.094383  59.404871  3.492
 12    46.744 52630.23490856 18.18  80.092263  59.401691  3.492
 12    44.340 52630.23490920 19.24  80.090133  59.398521  3.492
 12    43.593 52630.23490985 19.90  80.088003  59.395341  3.492
 14    46.136 52700.23490891 14.85  80.099731  59.403987  2.936
 14    45.512 52700.23490956 14.52  80.097611  59.400817  2.936
 14    44.978 52700.23491020 14.45  80.095481  59.397637  2.936
 14    44.825 52700.23491085 14.91  80.093351  59.394467  2.936
 15    47.163 52735.23494006 14.32  80.089785  59.412161  2.663
 15    46.981 52735.23494070 14.48  80.087665  59.408991  2.663
 15    46.366 52735.23494135 14.58  80.085535  59.405811  2.663
 15    44.009 52735.23494199 15.31  80.083415  59.402631  2.663
 15    44.152 52735.23494264 15.56  80.081285  59.399461  2.663
 16    48.675 52770.23492659 53.79  80.079069  59.414120 43.969
 16    48.668 52770.23492724 52.20  80.076939  59.410940 43.969
 16    48.661 52770.23492788 51.54  80.074819  59.407766 42.535
 16    48.664 52770.23492853 51.39  80.072699  59.404586 42.535
 17    49.335 52805.23496473 34.78  80.094879  59.408326 36.747
 17    49.019 52805.23496537 26.95  80.092749  59.405156 36.747
 17    48.841 52805.23496602 26.00  80.090629  59.401976 36.747
 17    48.959 52805.23496666 26.75  80.088499  59.398806 36.747
 17    49.259 52805.23496731 27.20  80.086369  59.395626 36.747
 18    45.916 52840.23502614 23.57  80.092848  59.406992 25.675
 18    47.300 52840.23502678 12.78  80.090718  59.403812 25.675
 18    47.789 52840.23502743 14.82  80.088588  59.400642 25.675
 18    48.482 52840.23502807 16.80  80.086468  59.397462 25.675
 19    42.994 52875.23506502 46.30  80.090065  59.409082 27.493
 19    42.753 52875.23506566 32.04  80.087935  59.405912 27.493
 19    42.673 52875.23506631 26.09  80.085815  59.402732 27.493
 19    42.631 52875.23506695 26.39  80.083685  59.399562 27.493
 20    42.129 52910.23503546 37.72  80.086789  59.409990 16.773
 20    41.883 52910.23503611 26.44  80.084659  59.406810 16.773
 20    41.781 52910.23503675 20.78  80.082539  59.403640 16.773
 20    47.802 52910.23503740 18.07  80.080409  59.400460 16.773
 21    46.085 52945.23497879 23.61  80.101290  59.403811 11.582
 21    46.522 52945.23497944 20.78  80.099160  59.400641 11.582
 21    47.075 52945.23498008 19.73  80.097040  59.397461 11.582
 21    47.666 52945.23498073 19.12  80.094910  59.394291 11.582
 23    45.292 53015.23502250 15.06  80.082221  59.413624  4.461
 23    44.935 53015.23502315 15.32  80.080091  59.410454  4.461
 23    45.349 53015.23502379 14.63  80.077971  59.407274  4.461
 23    45.771 53015.23502444 14.85  80.075841  59.404104  4.461
 24    45.884 53050.23499784 15.20  80.094706  59.406878  3.349
 24    45.739 53050.23499849 14.62  80.092586  59.403708  3.349
 24    44.620 53050.23499913 15.49  80.090456  59.400528  3.349
 24    44.565 53050.23499978 15.13  80.088326  59.397358  3.349
 25    46.728 53085.23503256 14.42  80.079113  59.417400  3.874
 25    46.144 53085.23503321 15.49  80.076983  59.414220  3.874
 25    45.205 53085.23503385 15.44  80.074863  59.411040  3.874
 25    45.036 53085.23503450 15.35  80.072733  59.407870  3.874
 26    45.035 53120.23500395 18.23  80.089746  59.408367  5.441
 26    44.932 53120.23500459 16.10  80.087626  59.405197  5.441
 26    44.739 53120.23500524 16.44  80.085496  59.402017  5.441
 26    44.989 53120.23500588 12.77  80.083366  59.398847  5.441
 27    49.065 53155.23505615 31.95  80.086522  59.413242 40.878
 27    48.863 53155.23505680 23.03  80.084402  59.410062 40.878
 27    48.493 53155.23505744 22.18  80.082272  59.406882 40.878
 27    48.774 53155.23505808 22.93  80.080142  59.403712 40.878
 27    48.980 53155.23505873 30.49  80.078022  59.400532 40.878
 28    47.652 53190.23504738 21.24  80.092200  59.408397 31.774
 28    47.281 53190.23504802 19.93  80.090070  59.405227 31.774
 28    47.905 53190.23504867 16.87  80.087950  59.402047 31.774
 28    48.573 53190.23504931 20.02  80.085820  59.398877 31.774
 29    45.407 53225.23505649 28.41  80.086793  59.410831 27.533
 29    45.187 53225.23505714 20.07  80.084673  59.407651 27.533
 29    47.330 53225.23505778 14.50  80.082543  59.404481 27.533
 29    47.979 53225.23505843 15.35  80.080423  59.401301 27.533
 30    42.649 53260.23503061 30.84  80.077208  59.414561 21.698
 30    45.174 53260.23503126 24.47  80.075078  59.411391 21.698
 30    47.462 53260.23503190 17.97  80.072958  59.408211 21.698
 31    42.763 53295.23505927 31.03  80.087020  59.413709 25.166
 31    42.670 53295.23505992 30.61  80.084900  59.410529 25.166
 31    46.728 53295.23506056 19.11  80.082770  59.407359 25.166
 31    47.339 53295.23506121 18.30  80.080640  59.404179 25.166
 31    48.041 53295.23506185 18.87  80.078520  59.401009 25.166
 32    44.527 53330.23503293 31.25  80.087239  59.409757  8.834
 32    44.569 53330.23503358 33.06  80.085119  59.406587  8.834
 32    44.502 53330.23503422 37.56  80.082989  59.403407  8.834
 32    44.428 53330.23503487 37.12  80.080869  59.400227  8.834
 35    47.039 53435.23499680 13.99  80.084896  59.413474  4.467
 35    46.567 53435.23499745 14.09  80.082776  59.410304  4.467
 35    46.031 53435.23499809 14.66  80.080646  59.407124  4.467
 35    45.635 53435.23499874 15.47  80.078526  59.403954  4.467
 36    47.774 53470.23504299  8.88  80.091757  59.410632  2.108
 36    47.490 53470.23504364  9.57  80.089627  59.407462  2.108
 36    47.336 53470.23504428  9.65  80.087497  59.404282  2.108
 36    45.449 53470.23504493 10.55  80.085377  59.401112  2.108
 36    46.359 53470.23504557 10.33  80.083248  59.397935  2.998
 38    46.763 53540.23508310 23.19  80.084842  59.411094 29.385
 38    46.483 53540.23508374 17.98  80.082722  59.407924 29.385
 38    47.551 53540.23508439 15.88  80.080592  59.404744 29.385
 38    47.800 53540.23508503 16.60  80.078462  59.401564 29.385
 39    45.597 53575.23507692 28.01  80.081089  59.413473 22.681
 39    44.471 53575.23507756 27.04  80.078969  59.410303 22.681
 39    44.039 53575.23507821 26.04  80.076839  59.407123 22.681
 39    46.849 53575.23507885 29.88  80.074719  59.403953 22.681
 40    42.879 53610.23502750 34.74  80.077846  59.414852 27.291
 40    44.957 53610.23502815 27.19  80.075726  59.411682 27.291
 40    42.617 53610.23502879 22.75  80.073596  59.408502 27.291
 41    45.746 53645.23503143 27.31  80.094848  59.408529 28.284
 41    45.525 53645.23503207 21.36  80.092718  59.405359 28.284
 41    44.630 53645.23503272 17.02  80.090588  59.402179 28.284
 41    47.425 53645.23503336 14.45  80.088468  59.399009 28.284
 41    47.748 53645.23503401 16.21  80.086339  59.395832 27.118
 42    42.398 53680.23504784 35.48  80.082179  59.414758 16.440
 42    42.657 53680.23504849 47.24  80.080049  59.411588 16.440
 42    42.551 53680.23504913 51.03  80.077929  59.408408 16.440
 42    42.643 53680.23504978 50.60  80.075799  59.405238 16.440
 43    43.730 53715.23497608 24.72  80.084665  59.412868  7.133
 43    43.659 53715.23497673 26.58  80.082545  59.409698  7.133
 43    43.653 53715.23497737 27.46  80.080415  59.406518  7.133
 43    43.630 53715.23497802 24.58  80.078295  59.403348  7.133
 44    45.748 53750.23489385 16.24  80.099271  59.403622  3.108
 44    45.506 53750.23489449 16.55  80.097141  59.400442  3.108
 44    44.982 53750.23489514 16.03  80.095021  59.397272  3.108
 44    45.722 53750.23489578 16.27  80.092890  59.394096  3.107
 45    46.943 53785.23492291 14.18  80.089854  59.412342  3.192
 45    46.125 53785.23492356 14.29  80.087734  59.409162  3.192
 45    45.517 53785.23492420 14.63  80.085604  59.405992  3.192
 45    44.574 53785.23492485 15.33  80.083474  59.402812  3.192
 45    44.108 53785.23492549 15.43  80.081354  59.399632  3.192
 46    46.702 53820.23488139 13.31  80.080407  59.415718  2.048
 46    46.484 53820.23488204 13.73  80.078287  59.412538  2.048
 46    45.880 53820.23488268 14.31  80.076157  59.409368  2.048
 46    45.372 53820.23488333 14.86  80.074037  59.406188  2.048
 47    43.272 53855.23496588 33.00  80.089187  59.411740 15.356
 47    43.120 53855.23496652 31.35  80.087067  59.408560 15.356
 47    43.065 53855.23496717 25.61  80.084937  59.405390 15.356
 47    43.141 53855.23496781 23.43  80.082817  59.402210 15.356
 47    47.726 53855.23496846 20.20  80.080687  59.399040 15.356
 48    48.833 53890.23497679 40.89  80.093297  59.406924 47.857
 48    48.773 53890.23497744 37.79  80.091177  59.403744 47.857
 48    48.888 53890.23497808 37.12  80.089047  59.400564 47.857
 48    48.869 53890.23497872 33.96  80.086921  59.397394 29.417
 49    47.605 53925.23504012 41.13  80.082615  59.415669 31.810
 49    47.575 53925.23504076 40.67  80.080495  59.412489 31.810
 49    47.456 53925.23504141 38.42  80.078365  59.409319 31.810
 49    47.573 53925.23504205 40.48  80.076235  59.406139 31.810
 50    43.854 53960.23502878 31.59  80.078844  59.415926 29.254
 50    45.405 53960.23502942 25.16  80.076714  59.412756 29.254
 50    45.397 53960.23503007 19.50  80.074594  59.409576 29.254
 50    47.844 53960.23503071 18.50  80.072464  59.406406 29.254
 51    46.889 53995.23496627 13.58  80.101397  59.403290 24.625
 51    46.765 53995.23496692 12.93  80.099277  59.400110 24.625
 51    47.546 53995.23496756 12.74  80.097147  59.396940 24.625
 51    47.930 53995.23496821 12.36  80.095014  59.393764 29.777
 52    45.510 54030.23502235 27.31  80.093953  59.406103  9.099
 52    44.916 54030.23502300 23.02  80.091823  59.402933  9.099
 52    47.150 54030.23502364 19.98  80.089703  59.399753  9.099
 52    47.523 54030.23502429 19.44  80.087573  59.396583  9.099
 53    43.505 54065.23501574 35.52  80.087626  59.410207 11.144
 53    43.558 54065.23501639 43.22  80.085506  59.407027 11.144
 53    43.450 54065.23501703 40.08  80.083376  59.403857 11.144
 53    43.621 54065.23501768 40.01  80.081256  59.400677 11.144
 55    46.131 54135.23494149 14.55  80.092971  59.407467  3.113
 55    45.988 54135.23494213 14.09  80.090841  59.404297  3.113
 55    46.203 54135.23494277 13.90  80.088711  59.401117  3.113
 55    44.498 54135.23494342 14.04  80.086591  59.397947  3.113
 57    43.333 54205.23494574 35.05  80.093765  59.409493 21.551
 57    43.125 54205.23494638 30.71  80.091645  59.406313 21.551
 57    42.970 54205.23494703 26.63  80.089515  59.403133 21.551
 57    43.148 54205.23494767 21.99  80.087385  59.399963 21.551
 57    49.121 54205.23494831 20.76  80.085265  59.396793 21.551
 58    49.915 54240.23497937 29.19  80.088572  59.410342 34.336
 58    49.597 54240.23498001 25.42  80.086447  59.407173 36.341
 58    49.465 54240.23498066 24.79  80.084327  59.403993 36.341
 58    49.880 54240.23498130 25.86  80.082197  59.400823 36.341
 59    50.449 54275.23499536 29.37  80.088347  59.411324 23.719
 59    50.052 54275.23499601 24.14  80.086222  59.408146 28.037
 59    49.913 54275.23499665 25.09  80.084102  59.404966 28.037
 59    50.289 54275.23499730 28.61  80.081972  59.401796 28.037
 61    46.045 54345.23497218 25.41  80.081614  59.413191 29.426
 61    47.829 54345.23497283 16.18  80.079486  59.410019 28.043
 61    47.885 54345.23497347 14.76  80.077366  59.406839 28.043
 61    46.957 54345.23497411 29.93  80.075236  59.403669 28.043
 62    42.917 54380.23493331 41.68  80.092730  59.409555 30.049
 62    42.769 54380.23493395 26.32  80.090610  59.406385 30.049
 62    42.515 54380.23493460 20.33  80.088480  59.403205 30.049
 62    47.773 54380.23493524 14.74  80.086360  59.400025 30.049
 62    48.259 54380.23493589 23.37  80.084230  59.396855 30.049
 63    42.529 54415.23492062 36.36  80.085852  59.413518 22.346
 63    42.724 54415.23492126 43.59  80.083722  59.410348 22.346
 63    42.737 54415.23492191 48.35  80.081602  59.407168 22.346
 63    42.784 54415.23492255 47.96  80.079472  59.403998 22.346
 63    42.803 54415.23492320 49.36  80.077352  59.400818 22.346
 65    47.232 54485.23491604 14.23  80.090634  59.411758  4.837
 65    45.761 54485.23491668 16.87  80.088504  59.408578  4.837
 65    46.095 54485.23491733 15.08  80.086384  59.405408  4.837
 65    46.960 54485.23491797 15.21  80.084254  59.402228  4.837
 65    47.297 54485.23491862 18.35  80.082134  59.399048  4.837
 66    47.057 54520.23491510 14.44  80.091911  59.407162  3.855
 66    46.280 54520.23491574 14.41  80.089781  59.403992  3.855
 66    45.095 54520.23491639 14.25  80.087661  59.400812  3.855
 66    44.653 54520.23491703 14.41  80.085531  59.397642  3.855
 67    48.650 54555.23492668 10.68  80.084220  59.415287  6.067
 67    48.642 54555.23492732 11.02  80.082090  59.412107  6.067
 67    48.567 54555.23492797  8.86  80.079970  59.408937  6.067
 67    48.733 54555.23492861  9.14  80.077840  59.405757  6.067
 67    49.089 54555.23492926  8.00  80.075720  59.402577  6.067
 68    49.297 54590.23491009 36.96  80.090610  59.411127 29.605
 68    49.215 54590.23491073 27.98  80.088480  59.407957 29.605
 68    48.929 54590.23491138 26.32  80.086360  59.404777 29.605
 68    49.068 54590.23491202 27.74  80.084230  59.401607 29.605
 68    49.443 54590.23491267 30.76  80.082110  59.398427 29.605
 69    48.445 54625.23492698 25.47  80.086045  59.411482 34.888
 69    48.078 54625.23492762 21.26  80.083915  59.408312 34.888
 69    48.258 54625.23492827 20.25  80.081795  59.405132 34.888
 69    48.564 54625.23492891 21.94  80.079665  59.401962 34.888
 70    45.654 54660.23493533 45.82  80.086563  59.411065 23.905
 70    45.583 54660.23493597 42.35  80.084433  59.407895 23.905
 70    45.572 54660.23493661 43.43  80.082313  59.404715 23.905
 70    45.726 54660.23493726 44.08  80.080183  59.401545 23.905
 71    43.244 54695.23491373 35.93  80.084511  59.412181 27.000
 71    42.814 54695.23491438 29.19  80.082381  59.409001 27.000
 71    42.617 54695.23491502 24.02  80.080261  59.405831 27.000
 71    47.428 54695.23491566 19.57  80.078131  59.402651 27.000
 72    42.697 54730.23489038 45.78  80.092878  59.409720 33.760
 72    42.442 54730.23489103 32.49  80.090758  59.406550 33.760
 72    42.376 54730.23489167 24.02  80.088628  59.403370 33.760
 72    42.020 54730.23489231 20.07  80.086498  59.400200 33.760
 72    47.909 54730.23489296 22.04  80.084378  59.397020 33.760
 73    43.205 54765.23489213 39.89  80.088850  59.412796 16.979
 73    43.201 54765.23489278 38.83  80.086720  59.409616 16.979
 73    42.851 54765.23489342 30.18  80.084590  59.406446 16.979
 73    42.482 54765.23489407 30.36  80.082470  59.403266 16.979
 73    42.449 54765.23489471 29.52  80.080340  59.400096 16.979
 75    45.335 54835.23488350 19.65  80.087054  59.411808  4.393
 75    44.919 54835.23488414 20.79  80.084934  59.408628  4.393
 75    44.111 54835.23488479 20.15  80.082804  59.405458  4.393
 75    44.039 54835.23488543 20.22  80.080684  59.402278  4.393
 77    46.717 54905.23489210 14.05  80.080399  59.414552  3.454
 77    46.235 54905.23489274 13.65  80.078279  59.411372  3.454
 77    45.534 54905.23489339 14.47  80.076149  59.408202  3.454
 77    44.606 54905.23489403 15.63  80.074029  59.405022  3.454
 78    45.391 54940.23487302 28.12  80.092279  59.410400 14.741
 78    45.305 54940.23487366 25.80  80.090149  59.407230 14.741
 78    45.369 54940.23487431 25.22  80.088019  59.404050 14.741
 78    45.316 54940.23487495 23.02  80.085899  59.400870 14.741
 78    47.498 54940.23487559 22.63  80.083769  59.397700 14.741
 79    48.519 54975.23490258 27.96  80.089387  59.411989 34.425
 79    48.356 54975.23490322 22.79  80.087257  59.408819 34.425
 79    47.889 54975.23490387 21.17  80.085137  59.405639 34.425
 79    48.113 54975.23490451 19.52  80.083007  59.402469 34.425
 79    48.731 54975.23490516 20.72  80.080887  59.399289 34.425
 80    48.126 55010.23491454 24.74  80.085260  59.412159 34.493
 80    47.793 55010.23491518 19.94  80.083140  59.408979 34.493
 80    47.887 55010.23491583 18.05  80.081010  59.405809 34.493
 80    48.175 55010.23491647 20.67  80.078890  59.402629 34.493
 81    45.419 55045.23490554 37.18  80.088247  59.409390 22.893
 81    45.360 55045.23490619 34.87  80.086117  59.406220 22.893
 81    45.339 55045.23490683 35.01  80.083997  59.403040 22.893
 81    45.377 55045.23490748 34.57  80.081867  59.399870 22.893
 82    43.972 55080.23487964 37.60  80.083293  59.415073 31.746
 82    43.389 55080.23488029 38.95  80.081163  59.411903 31.746
 82    43.358 55080.23488093 38.67  80.079043  59.408723 31.746
 82    43.549 55080.23488158 42.87  80.076923  59.405543 31.746
 83    43.315 55115.23483769 31.71  80.092071  59.409950 31.304
 83    45.201 55115.23483834 22.50  80.089941  59.406780 31.304
 83    46.582 55115.23483898 16.39  80.087821  59.403600 31.304
 83    47.561 55115.23483963 17.39  80.085691  59.400430 31.304
 83    47.878 55115.23484027 24.52  80.083571  59.397250 31.304
 84    44.990 55150.23483668 31.43  80.087126  59.413136 11.821
 84    45.042 55150.23483732 35.57  80.084996  59.409956 11.821
 84    45.062 55150.23483797 38.84  80.082866  59.406786 11.821
 84    45.168 55150.23483861 40.52  80.080746  59.403606 11.821
 84    44.938 55150.23483926 35.10  80.078616  59.400436 11.821
 85    45.490 55185.23482190 17.52  80.093596  59.409528  3.292
 85    45.380 55185.23482255 16.80  80.091466  59.406348  3.292
 85    44.272 55185.23482319 18.01  80.089336  59.403178  3.292
 85    44.005 55185.23482384 17.67  80.087216  59.399998  3.292
 85    44.715 55185.23482448 17.60  80.085086  59.396828  3.292
 86    46.298 55220.23483487 12.82  80.085183  59.412449  2.909
 86    45.266 55220.23483552 13.57  80.083053  59.409269  2.909
 86    44.798 55220.23483616 13.97  80.080923  59.406099  2.909
 86    43.974 55220.23483681 13.84  80.078803  59.402919  2.909
 87    46.593 55255.23481837 10.81  80.092476  59.408499  2.506
 87    46.083 55255.23481902 10.90  80.090346  59.405329  2.506
 87    45.449 55255.23481966 10.96  80.088226  59.402149  2.506
 87    44.341 55255.23482031 11.55  80.086096  59.398979  2.506
 88    47.258 55290.23482392  8.00  80.080549  59.413292  2.372
 88    47.362 55290.23482456  8.60  80.078419  59.410112  2.372
 88    47.643 55290.23482521  8.82  80.076289  59.406942  2.372
 88    46.951 55290.23482585  8.83  80.074169  59.403762  2.372
 89    48.404 55325.23480351 30.62  80.087142  59.412175 28.739
 89    47.942 55325.23480416 23.80  80.085012  59.409005 28.739
 89    47.822 55325.23480480 21.91  80.082882  59.405825 28.739
 89    48.163 55325.23480545 19.27  80.080762  59.402645 28.739
 90    49.967 55360.23480106 29.73  80.085944  59.413062 31.660
 90    49.681 55360.23480170 26.16  80.083824  59.409882 31.660
 90    49.548 55360.23480235 26.38  80.081694  59.406712 31.660
 90    49.767 55360.23480299 27.35  80.079574  59.403532 31.660
 91    48.673 55395.23480698 24.95  80.090355  59.408200 33.480
 91    48.470 55395.23480762 20.60  80.088225  59.405020 33.480
 91    48.508 55395.23480827 20.92  80.086095  59.401850 33.480
 91    48.944 55395.23480891 23.49  80.083975  59.398670 33.480
 92    45.331 55430.23481684 36.82  80.089166  59.409956 22.647
 92    45.025 55430.23481748 34.86  80.087046  59.406776 22.647
 92    44.919 55430.23481813 34.32  80.084916  59.403606 22.647
 92    45.004 55430.23481877 34.25  80.082796  59.400426 22.647
 93    43.619 55465.23477795 38.72  80.082530  59.414989 29.191
 93    43.242 55465.23477860 32.58  80.080400  59.411819 29.191
 93    43.204 55465.23477924 32.34  80.078280  59.408639 29.191
 93    43.256 55465.23477989 33.54  80.076150  59.405459 29.191
