# NaN NaN NaN ;Mean Elev.(m), Avg Gradient(m/km), RMS Gradient(m/km) - SRTM1     
#    6.201  -7.739  23.249 ;Mean Elev.(m), Avg Gradient(m/km), RMS Gradient(m/km) - ASTER GDEM
#    9.339  -7.163  24.345 ;Mean Elev.(m), Avg Gradient(m/km), RMS Gradient(m/km) - GMTED2010 
  6  65.847823  62.532560   144.058   144.058  2 52437.28024034  1.835
  8  65.848771  62.531475   143.801   143.801  2 52507.28021638  3.386
 10  65.851183  62.530653   149.087   149.087  2 52577.28024912  0.683
 12  65.844371  62.513018    16.533    16.553  3 52647.28020086 13.502
 13  65.845340  62.517686    15.358    15.402  7 52682.28017090 15.373
 14  65.845047  62.518336    13.540    13.671  7 52717.28022956 13.496
 18  65.855044  62.521241    16.880    16.910  3 52857.28031844 15.774
 21  65.855619  62.511139    18.620    18.245  7 52962.28027468 21.955
 22  65.840591  62.517735    14.039    13.941  5 52997.28031570 17.971
 24  65.852998  62.522944    14.143    13.922  3 53067.28028316 13.219
 29  65.850509  62.531339    17.053    17.053  2 53242.28031395 11.471
 31  65.844760  62.520699    25.145    26.014  7 53312.28032465 30.978
 32  65.843330  62.521070    17.797    17.965  7 53347.28029045 20.203
 33  65.854870  62.515195    16.441    16.473  7 53382.28025442 13.966
 34  65.848165  62.516641    15.007    14.983  7 53417.28026981 17.274
 36  65.842919  62.524244    15.449    15.719  7 53487.28035399 25.662
 42  65.841559  62.523548    15.616    15.509  6 53697.28028851 41.705
 43  65.841419  62.526608    16.181    16.261  6 53732.28021054 17.753
 45  65.836933  62.516572    13.326    13.388  3 53802.28018805 10.993
 47  65.849402  62.521802   147.907   147.653  5 53872.28025070  0.540
 54  65.830099  62.520094    16.000    16.000  2 54117.28021403 12.651
 56  65.834500  62.522301    15.424    15.328  4 54187.28020691 12.472
 63  65.839529  62.522974    14.948    14.956  4 54432.28016410 22.949
 64  65.849428  62.515064    15.736    15.847  7 54467.28018705 14.068
 65  65.841029  62.522298    14.844    14.894  5 54502.28017900 12.773
 66  65.839657  62.513082    16.773    16.773  2 54537.28020314 11.069
 68  65.852263  62.528439   146.192   146.192  2 54607.28019332  0.260
 74  65.844845  62.514667    17.468    17.273  5 54817.28016825 23.159
 75  65.842728  62.523015    17.237    16.938  6 54852.28014332 15.513
 76  65.845125  62.520877    14.805    14.844  7 54887.28017164 13.327
 84  65.838902  62.517773    15.040    15.035  4 55167.28008519 21.120
 85  65.849874  62.523367    13.758    13.624  4 55202.28010903 11.048
 87  65.843378  62.520361    14.007    14.201  7 55272.28010400  9.409
 90  65.844819  62.525803    18.303    18.337  5 55377.28006638 24.117
