# NaN NaN NaN ;Mean Elev.(m), Avg Gradient(m/km), RMS Gradient(m/km) - SRTM1     
#   -4.985   0.222   6.181 ;Mean Elev.(m), Avg Gradient(m/km), RMS Gradient(m/km) - ASTER GDEM
#    5.004   0.000   0.135 ;Mean Elev.(m), Avg Gradient(m/km), RMS Gradient(m/km) - GMTED2010 
  7  65.209167  63.488531    15.602    15.667  3 52475.28403964 33.106
  8  65.212551  63.489867    15.357    15.232  3 52510.28399712 35.611
  9  65.225232  63.485472    12.117    12.117  2 52545.28400791 35.642
 10  65.214965  63.487605    11.632    11.570  3 52580.28403820 35.991
 11  65.203551  63.491706     9.949    10.104  3 52615.28400622 23.594
 12  65.221761  63.486276    10.584    10.363  3 52650.28398514 17.267
 13  65.212906  63.489958    11.616    11.741  3 52685.28397061 13.041
 14  65.212662  63.486493    12.422    12.397  3 52720.28402273 12.472
 15  65.200677  63.496493    12.231    12.231  4 52755.28404525 17.263
 16  65.225667  63.484993    14.799    14.788  3 52790.28399501 25.442
 17  65.223288  63.485294    15.359    15.359  2 52825.28406484 46.039
 18  65.223367  63.484475    12.100    12.100  2 52860.28411086 34.269
 19  65.209250  63.488521    12.532    11.813  3 52895.28414122 29.202
 20  65.201412  63.493123    11.349    11.333  4 52930.28408954 34.339
 21  65.225909  63.484650     9.243     9.243  2 52965.28408201 29.725
 22  65.207071  63.489921     9.160     9.180  3 53000.28411555 19.492
 23  65.204028  63.493269    11.811    11.660  3 53035.28406430 15.677
 24  65.215675  63.488140    13.551    13.607  3 53070.28408416 12.957
 25  65.200892  63.494858    13.919    13.923  4 53105.28406562 10.133
 26  65.220276  63.486302    11.449    11.403  3 53140.28409050 39.242
 27  65.213616  63.485563    14.678    14.574  3 53175.28412459 32.577
 28  65.211367  63.490019    14.131    14.089  3 53210.28414194 22.563
 29  65.211346  63.490447    11.790    11.856  3 53245.28410981 30.921
 30  65.221892  63.485224     9.915     9.915  2 53280.28409300 44.570
 31  65.216466  63.487640    10.408    10.440  3 53315.28410986 40.138
 32  65.212847  63.488280    10.481    10.467  3 53350.28407557 19.038
 33  65.222983  63.485581    10.139    10.140  3 53385.28405565 15.062
 34  65.220290  63.487045     9.643     9.732  3 53420.28406032 15.045
 35  65.228208  63.483876    13.841    13.788  3 53455.28406631 12.585
 36  65.208851  63.488593    11.019    10.993  3 53490.28415112 32.807
 37  65.215783  63.485579    14.621    14.706  3 53525.28413590 30.932
 38  65.205375  63.490765    14.162    14.048  3 53560.28416297 22.904
 39  65.212099  63.490153    12.039    12.040  3 53595.28410117 31.481
 40  65.223007  63.486669    10.863    10.863  2 53630.28409487 24.798
 41  65.212964  63.489735    10.311    10.310  3 53665.28411815 24.776
 42  65.210969  63.488233     9.338     9.368  3 53700.28407278 38.052
 44  65.221696  63.485589    10.297     9.631  3 53770.28398349 13.276
 45  65.209709  63.489888    13.958    13.628  3 53805.28397646 14.988
 47  65.217623  63.485995    13.057    13.053  3 53875.28404366 49.768
 49  65.206143  63.492419    13.778    13.724  3 53945.28410985 37.696
 50  65.205140  63.491106    11.875    11.788  3 53980.28405732 29.266
 51  65.226654  63.484632    10.367    10.311  3 54015.28407602 27.870
 52  65.219253  63.484079    10.901    10.844  3 54050.28407880 33.784
 54  65.201062  63.494402    13.281    13.395  4 54120.28399662 14.811
 56  65.204649  63.492621    14.531    14.478  3 54190.28399368 10.581
 57  65.215208  63.486763    14.407    14.401  3 54225.28403904 47.278
 58  65.214262  63.487204    15.372    15.371  3 54260.28405933 47.501
 59  65.214034  63.487456    15.853    15.765  3 54295.28406329 31.714
 60  65.209739  63.487356    15.458    15.479  3 54330.28405614 30.695
 61  65.203745  63.491680    12.720    12.066  4 54365.28400019 29.887
 62  65.215462  63.487607    12.748    12.416  3 54400.28399748 35.880
 63  65.207138  63.491075     9.424     9.324  4 54435.28395457 25.364
 64  65.220653  63.484927    11.478    11.263  3 54470.28398149 15.375
 65  65.206541  63.490578    11.466    11.314  3 54505.28396848 13.957
 66  65.214136  63.487421    12.841    12.841  2 54540.28399621 12.555
 67  65.205845  63.491091    14.424    14.463  3 54575.28396932  6.145
 68  65.214082  63.488445    13.935    13.953  3 54610.28398807 25.300
 69  65.213594  63.489666    14.777    14.651  3 54645.28399561 30.085
 70  65.211090  63.487722    13.252    12.805  3 54680.28399726 38.786
 71  65.204914  63.491185    11.762    11.951  3 54715.28394730 29.232
 72  65.217300  63.487383    12.715    13.361  3 54750.28396789 22.218
 73  65.208860  63.489805    10.533    10.537  3 54785.28393642 44.408
 74  65.217046  63.485113    10.999    10.938  3 54820.28396121 15.708
 75  65.210036  63.489829    10.300    10.355  3 54855.28393273 13.531
 76  65.211190  63.488765    10.557    10.576  3 54890.28396506 13.045
 77  65.203225  63.493706    13.895    13.917  3 54925.28393124  7.634
 78  65.214958  63.485965    12.946    12.963  3 54960.28396316 45.383
 79  65.210050  63.487794    14.346    14.349  3 54995.28398483 28.054
 80  65.211146  63.487868    14.142    14.141  3 55030.28397466 24.543
 81  65.211424  63.489378    12.179    12.215  3 55065.28396484 33.615
 82  65.201973  63.493621    11.932    11.845  3 55100.28390747 25.018
 83  65.217314  63.487964     9.908     9.960  3 55135.28391029 27.395
 84  65.206743  63.489094     9.515     9.566  3 55170.28387369 22.184
 85  65.216606  63.486627     9.299     9.341  3 55205.28390367 17.094
 86  65.205198  63.491028     9.867     9.916  3 55240.28387980 14.830
 87  65.210826  63.489283    10.516     9.613  3 55275.28389734 14.840
 88  65.205669  63.491108    10.851    10.821  4 55310.28386336 31.766
 89  65.214407  63.488834    14.169    14.145  3 55345.28386598 21.917
 90  65.210427  63.490669    14.438    14.434  3 55380.28385937 53.241
 91  65.218642  63.486861    13.778    13.870  3 55415.28388581 24.855
 92  65.208779  63.488745    13.226    13.237  3 55450.28387152 26.101
 93  65.203515  63.493046    12.571    12.561  4 55485.28379597 23.786
