# NaN NaN NaN ;Mean Elev.(m), Avg Gradient(m/km), RMS Gradient(m/km) - SRTM1     
#   22.151  -0.997   4.777 ;Mean Elev.(m), Avg Gradient(m/km), RMS Gradient(m/km) - ASTER GDEM
#   30.254  -1.083   3.654 ;Mean Elev.(m), Avg Gradient(m/km), RMS Gradient(m/km) - GMTED2010 
  7    34.944 52473.66696298 27.18  74.165644  61.166841 37.801
  7    34.711 52473.66696362 29.84  74.163304  61.170001 37.801
  8    30.273 52508.66693003 26.29  74.176228  61.166568 25.388
  8    30.086 52508.66693068 17.14  74.173888  61.169718 25.388
  8    29.015 52508.66693132 18.49  74.171548  61.172878 25.388
  9    34.136 52543.66692061 29.38  74.167857  61.164833 37.116
  9    33.841 52543.66692126 21.22  74.165516  61.167991 26.818
  9    30.654 52543.66692190 27.95  74.163166  61.171141 26.818
 12    31.582 52648.66691349 11.59  74.169599  61.164797  3.123
 12    31.008 52648.66691413 11.58  74.167249  61.167957  3.123
 12    32.582 52648.66691478 11.80  74.164909  61.171117  3.123
 14   -42.649 52718.66694718 10.30  74.164630  61.167273  2.100
 14   -43.061 52718.66694782 10.60  74.162280  61.170433  2.100
 16    34.410 52788.66691826 28.06  74.157439  61.163682 39.034
 16    33.964 52788.66691890 21.95  74.155099  61.166842 39.034
 16    34.209 52788.66691955 23.99  74.152749  61.170002 39.034
 17    34.155 52823.66698916 35.07  74.163614  61.164006 30.201
 17    34.084 52823.66698981 38.62  74.161274  61.167166 30.201
 17    34.195 52823.66699045 38.20  74.158934  61.170326 30.201
 18    29.346 52858.66703559 40.74  74.167229  61.164587 32.916
 18    29.276 52858.66703624 47.07  74.164889  61.167747 32.916
 18    29.354 52858.66703688 48.23  74.162549  61.170907 32.916
 19    28.270 52893.66706737 39.21  74.167439  61.166471 28.273
 19    28.300 52893.66706802 46.58  74.165099  61.169621 28.273
 20    27.803 52928.66701799 20.68  74.177598  61.168877 23.604
 20    28.153 52928.66701864 21.10  74.175268  61.172037 23.604
 20    27.950 52928.66701928 24.79  74.172928  61.175187 23.604
 21    28.048 52963.66699909 20.32  74.164661  61.166114  5.239
 21    28.075 52963.66699974 23.76  74.162321  61.169274  5.239
 22    29.916 52998.66703680 14.93  74.164636  61.167332  3.800
 22    29.603 52998.66703744 13.81  74.162296  61.170492  3.800
 23    30.400 53033.66698995 12.95  74.177808  61.167339  5.183
 23    29.879 53033.66699060 12.47  74.175478  61.170489  5.183
 23    28.874 53033.66699124 12.39  74.173138  61.173649  5.183
 24    32.568 53068.66700434 11.35  74.170204  61.165167  4.236
 24    33.095 53068.66700498 10.62  74.167864  61.168327  4.236
 24    32.712 53068.66700563 11.00  74.165514  61.171487  4.236
 25    34.136 53103.66699171  8.74  74.180032  61.166783  5.781
 25    33.787 53103.66699235  8.36  74.177692  61.169943  5.781
 25    33.556 53103.66699300  9.85  74.175352  61.173093  5.781
 25    33.247 53103.66699364  9.75  74.173012  61.176253  5.781
 26    33.869 53138.66700915 29.91  74.167763  61.165961 37.093
 26    31.594 53138.66700979 32.15  74.165423  61.169121 37.093
 27    34.221 53173.66705006 43.03  74.166734  61.165203 37.281
 27    34.274 53173.66705070 48.58  74.164394  61.168363 37.281
 27    34.348 53173.66705135 47.48  74.162054  61.171523 37.281
 28    31.621 53208.66706613 25.58  74.170711  61.165261 34.592
 28    31.315 53208.66706677 27.38  74.168371  61.168421 34.592
 28    31.702 53208.66706742 30.84  74.166031  61.171581 34.592
 29    27.903 53243.66703378 22.76  74.177521  61.166366 34.410
 29    28.808 53243.66703442 23.29  74.175181  61.169516 34.410
 29    29.108 53243.66703507 26.97  74.172841  61.172676 34.410
 30    29.113 53278.66701129 33.54  74.159290  61.163309 26.586
 30    29.163 53278.66701194 38.04  74.156950  61.166469 26.586
 30    29.271 53278.66701258 48.33  74.154610  61.169629 26.586
 31    29.726 53313.66703842 42.80  74.167015  61.165390 17.272
 31    29.543 53313.66703907 49.91  74.164675  61.168540 17.272
 31    29.480 53313.66703971 37.17  74.162325  61.171700 17.272
 32    30.977 53348.66700416 18.28  74.175622  61.166908  5.395
 32    29.786 53348.66700481 19.64  74.173282  61.170058  5.395
 32    29.704 53348.66700545 18.05  74.170942  61.173218  5.395
 33    31.531 53383.66697503 13.81  74.161586  61.163959  5.272
 33    30.116 53383.66697567 14.77  74.159246  61.167119  5.272
 33    29.430 53383.66697632 14.43  74.156906  61.170279  5.272
 34    33.811 53418.66698392 15.76  74.177971  61.167714  4.130
 34    32.594 53418.66698457 17.29  74.175631  61.170874  4.130
 34    28.704 53418.66698521 18.14  74.173281  61.174034  4.130
 35    33.497 53453.66698824  9.24  74.160242  61.163546  2.297
 35    33.443 53453.66698888  8.80  74.157902  61.166706  2.297
 35    33.256 53453.66698953  9.10  74.155552  61.169866  2.297
 36    34.264 53488.66707349 30.68  74.162306  61.163673 35.961
 36    30.198 53488.66707414 31.09  74.159966  61.166833 35.961
 36    30.273 53488.66707478 31.68  74.157626  61.169993 35.961
 37    34.011 53523.66706179 20.59  74.172985  61.166397 33.860
 37    33.703 53523.66706243 23.19  74.170645  61.169547 33.860
 37    33.782 53523.66706308 26.33  74.168305  61.172707 33.860
 38    33.853 53558.66708795 31.86  74.166207  61.165363 33.897
 38    33.474 53558.66708860 22.93  74.163867  61.168513 33.897
 39    29.298 53593.66702578 23.95  74.182855  61.170241 35.302
 39    29.436 53593.66702642 28.04  74.180515  61.173401 35.302
 39    29.485 53593.66702707 40.26  74.178175  61.176561 35.302
 41    33.746 53663.66704147 31.75  74.165749  61.164809 29.038
 41    32.825 53663.66704212 26.30  74.163409  61.167969 29.038
 41    28.840 53663.66704276 27.04  74.161059  61.171129 29.038
 42    28.489 53698.66700182 40.85  74.176661  61.166550 17.579
 42    28.482 53698.66700246 36.06  74.174321  61.169700 17.579
 42    28.434 53698.66700311 31.50  74.171981  61.172860 17.579
 43    29.444 53733.66692440 21.82  74.185546  61.168790  4.586
 43    29.320 53733.66692504 21.97  74.183216  61.171940  4.586
 43    29.277 53733.66692568 19.83  74.180876  61.175100  4.586
 44    33.774 53768.66690567 12.04  74.172547  61.165993  3.177
 44    33.397 53768.66690632 13.00  74.170207  61.169153  3.177
 44    28.909 53768.66690696 12.70  74.167867  61.172313  3.177
 45    32.406 53803.66690267 10.16  74.182087  61.167469  2.663
 45    32.588 53803.66690332  9.74  74.179747  61.170619  2.663
 45    31.582 53803.66690396 10.70  74.177407  61.173779  2.663
 46    34.160 53838.66691995 14.91  74.160244  61.163864  1.994
 46    33.794 53838.66692060 15.17  74.157904  61.167024  1.994
 46    33.706 53838.66692124 15.09  74.155564  61.170184  1.994
 47    32.303 53873.66696805 30.41  74.169026  61.165160 40.521
 47    32.320 53873.66696869 30.87  74.166686  61.168320 40.521
 47    32.376 53873.66696934 38.60  74.164346  61.171480 40.521
 48    34.040 53908.66701149 24.86  74.163179  61.164318 31.899
 48    33.534 53908.66701213 23.75  74.160839  61.167468 31.899
 48    33.559 53908.66701278 24.52  74.158489  61.170628 31.899
 49    30.988 53943.66703573 26.21  74.162204  61.166099 25.827
 49    30.777 53943.66703637 25.65  74.159864  61.169249 25.827
 50    26.820 53978.66698581 23.53  74.177031  61.166883 37.329
 50    29.193 53978.66698646 22.44  74.174691  61.170043 37.329
 50    29.324 53978.66698710 25.95  74.172361  61.173193 37.329
 51    33.244 54013.66699750 22.02  74.160000  61.164222 26.737
 51    28.723 54013.66699815 27.68  74.157650  61.167382 26.737
 51    28.877 54013.66699879 29.97  74.155310  61.170542 26.737
 52    29.377 54048.66700453 48.32  74.175757  61.166662 17.473
 52    29.356 54048.66700518 53.76  74.173417  61.169812 17.473
 52    29.443 54048.66700582 44.68  74.171077  61.172972 17.473
 54    28.660 54118.66692671 40.04  74.184380  61.168357  7.518
 54    28.459 54118.66692735 28.18  74.182040  61.171517  7.518
 54    28.590 54118.66692800 15.41  74.179700  61.174667  7.518
 55    33.112 54153.66695185 11.61  74.170087  61.165556  2.380
 55    32.773 54153.66695249 11.62  74.167747  61.168706  2.380
 55    32.905 54153.66695314 11.23  74.165407  61.171866  2.380
 56    34.199 54188.66692125 11.62  74.182060  61.166883  3.765
 56    33.695 54188.66692189 12.57  74.179720  61.170033  3.765
 56    33.394 54188.66692254 12.60  74.177380  61.173193  3.765
 56    32.857 54188.66692318 12.80  74.175040  61.176353  3.765
 57    33.781 54223.66696209 30.41  74.166450  61.164655 36.678
 57    33.584 54223.66696274 23.55  74.164100  61.167815 36.678
 57    33.339 54223.66696338 23.24  74.161760  61.170975 36.678
 58    35.281 54258.66698377 38.87  74.170847  61.166157 40.771
 58    35.281 54258.66698441 40.20  74.168507  61.169307 40.771
 58    35.299 54258.66698506 40.74  74.166157  61.172467 40.771
 59    35.363 54293.66698652 26.85  74.171484  61.165936 34.338
 59    34.842 54293.66698717 27.86  74.169144  61.169086 34.338
 59    35.122 54293.66698781 26.03  74.166794  61.172246 34.338
 60    34.532 54328.66698124 22.91  74.176471  61.166910 33.658
 60    30.973 54328.66698189 21.90  74.174131  61.170070 33.658
 60    31.462 54328.66698253 24.02  74.171791  61.173230 33.658
 61    34.605 54363.66692871 20.44  74.182439  61.168043 29.405
 61    29.204 54363.66692935 19.87  74.180099  61.171203 29.405
 61    29.784 54363.66693000 18.54  74.177759  61.174353 29.405
 62    31.216 54398.66692130 18.07  74.171365  61.165534 28.695
 62    33.400 54398.66692194 16.36  74.169025  61.168694 28.695
 62    29.454 54398.66692259 19.22  74.166675  61.171854 28.695
 63    29.053 54433.66687924 33.54  74.180741  61.167360  9.445
 63    28.860 54433.66687988 29.92  74.178401  61.170510  9.445
 63    28.790 54433.66688052 29.13  74.176061  61.173670  9.445
 64    31.503 54468.66690407 18.02  74.167603  61.165400  6.150
 64    30.530 54468.66690471 17.54  74.165263  61.168560  6.150
 64    29.511 54468.66690536 18.89  74.162923  61.171720  6.150
 65    31.561 54503.66689463 14.28  74.179004  61.166623  3.948
 65    30.611 54503.66689528 13.74  74.176664  61.169773  3.948
 65    29.496 54503.66689592 14.23  74.174324  61.172933  3.948
 66    33.935 54538.66691928 10.96  74.174296  61.165375  2.071
 66    33.778 54538.66691992 10.45  74.171946  61.168535  2.071
 66    33.593 54538.66692057 11.18  74.169613  61.171696  2.075
 67    33.793 54573.66689562  6.17  74.181106  61.167273  3.164
 67    33.297 54573.66689626  6.22  74.178766  61.170433  3.164
 67    33.597 54573.66689691  6.21  74.176429  61.173589  1.813
 68    33.708 54608.66691262 22.19  74.170730  61.166172 39.279
 68    33.683 54608.66691326 24.87  74.168390  61.169332 39.279
 68    33.845 54608.66691391 26.85  74.166049  61.172486 39.236
 69    34.371 54643.66692051 53.26  74.173001  61.165480 44.822
 69    34.316 54643.66692116 52.50  74.170651  61.168640 44.822
 69    34.329 54643.66692180 53.05  74.168319  61.171793 51.266
 70    27.755 54678.66692231 23.18  74.170987  61.165391 34.674
 70    33.289 54678.66692295 18.90  74.168647  61.168551 34.674
 70    30.909 54678.66692360 21.85  74.166312  61.171704 27.848
 71    33.026 54713.66687493 18.03  74.182911  61.167976 31.611
 71    29.351 54713.66687557 19.31  74.180571  61.171136 31.611
 71    29.051 54713.66687622 20.48  74.178236  61.174294 22.130
 72    33.529 54748.66689169 26.47  74.167599  61.164828 30.984
 72    29.261 54748.66689233 26.98  74.165259  61.167988 30.984
 72    29.331 54748.66689298 34.41  74.162915  61.171149 29.630
 73    29.346 54783.66686192 38.87  74.177099  61.166050 17.534
 73    29.308 54783.66686256 42.81  74.174759  61.169210 17.534
 73    29.350 54783.66686320 41.94  74.172414  61.172362 14.147
 74    30.053 54818.66688419 25.14  74.168472  61.164853  5.458
 74    29.998 54818.66688484 20.14  74.166132  61.168013  5.458
 74    29.843 54818.66688548 17.69  74.163788  61.171174  3.593
 75    33.307 54853.66685918 13.49  74.177109  61.166727  2.776
 75    30.316 54853.66685982 14.34  74.174769  61.169887  2.776
 75    29.421 54853.66686047 14.94  74.172423  61.173041  2.620
 76    30.529 54888.66688918 11.35  74.169151  61.167227  2.795
 76    30.285 54888.66688982 11.50  74.166811  61.170387  2.795
 77    28.325 54923.66685948 20.33  74.180112  61.169810 15.701
 77    28.217 54923.66686013 14.78  74.177766  61.172966  4.700
 77    27.747 54923.66686077 13.20  74.175426  61.176126  4.700
 78    34.129 54958.66688677 54.33  74.164567  61.167330 40.917
 78    34.160 54958.66688742 52.86  74.162222  61.170483 51.958
 79    33.502 54993.66690848 21.92  74.169588  61.165301 38.999
 79    33.591 54993.66690913 21.77  74.167248  61.168461 38.999
 79    33.498 54993.66690977 25.62  74.164912  61.171615 44.888
 80    32.993 55028.66689852 29.26  74.174236  61.165673 25.989
 80    32.997 55028.66689917 31.59  74.171896  61.168833 25.989
 80    32.929 55028.66689981 32.42  74.169556  61.171986 29.735
 81    30.165 55063.66689064 45.08  74.173782  61.166433 33.251
 81    30.160 55063.66689129 54.34  74.171442  61.169593 33.251
 81    30.183 55063.66689193 49.48  74.169108  61.172747 35.483
 82    33.305 55098.66683623 16.79  74.182823  61.167813 31.647
 82    29.388 55098.66683688 19.81  74.180483  61.170973 31.647
 82    29.424 55098.66683752 22.40  74.178135  61.174131 20.945
 83    30.694 55133.66683481 23.71  74.166914  61.167048 12.619
 83    29.052 55133.66683545 24.03  74.164575  61.170207  7.763
 84    29.773 55168.66679914 21.50  74.179403  61.166069  3.821
 84    29.902 55168.66679979 21.13  74.177063  61.169229  3.821
 84    29.615 55168.66680043 23.83  74.174722  61.172383  4.034
 84    29.471 55168.66680108 22.16  74.172382  61.175543  4.034
 85    32.846 55203.66682726 13.04  74.168106  61.165197  2.967
 85    29.765 55203.66682791 13.89  74.165766  61.168357  2.967
 85    28.845 55203.66682855 14.44  74.163422  61.171509  3.251
 86    33.112 55238.66680653 11.75  74.178884  61.166617  2.578
 86    32.288 55238.66680717 11.89  74.176544  61.169777  2.578
 86    29.230 55238.66680782 11.00  74.174207  61.172931  2.641
 87    32.580 55273.66682148  9.55  74.171677  61.168276  2.505
 87    32.095 55273.66682213  9.56  74.169339  61.171438  2.483
 88    34.428 55308.66678976 22.68  74.182272  61.167288 24.502
 88    28.493 55308.66679041 33.86  74.179932  61.170438 24.502
 88    28.532 55308.66679105 33.12  74.177592  61.173598 24.502
 88    28.420 55308.66679170 25.55  74.175249  61.176755 18.077
 89    33.910 55343.66678983 25.51  74.172566  61.166301 37.359
 89    33.742 55343.66679047 25.04  74.170226  61.169461 37.359
 89    33.885 55343.66679112 28.67  74.167887  61.172614 43.444
 90    34.577 55378.66678419 45.05  74.176631  61.166376 41.957
 90    34.619 55378.66678484 46.42  74.174291  61.169536 41.957
 90    34.633 55378.66678548 50.23  74.171946  61.172689 47.777
 91    33.439 55413.66680922 26.86  74.167467  61.165773 35.240
 91    33.028 55413.66680986 28.10  74.165127  61.168933 35.240
 92    34.164 55448.66679780 19.17  74.176121  61.166973 31.138
 92    30.234 55448.66679845 19.32  74.173781  61.170133 31.138
 92    30.095 55448.66679909 23.21  74.171441  61.173288 28.447
 93    33.787 55483.66672492 24.19  74.186107  61.167982 21.787
 93    30.100 55483.66672556 18.27  74.183767  61.171142 21.787
 93    29.734 55483.66672621 19.70  74.181421  61.174299 23.341
 93    29.566 55483.66672685 22.45  74.179091  61.177459 23.341
