# NaN NaN NaN ;Mean Elev.(m), Avg Gradient(m/km), RMS Gradient(m/km) - SRTM1     
#   -5.755  -3.604   9.373 ;Mean Elev.(m), Avg Gradient(m/km), RMS Gradient(m/km) - ASTER GDEM
#    3.767  -2.900   6.688 ;Mean Elev.(m), Avg Gradient(m/km), RMS Gradient(m/km) - GMTED2010 
  7    15.128 52469.68542106 28.47  65.751567  63.600789 21.355
  7    15.047 52469.68542171 28.43  65.748857  63.603919 21.355
  7    14.884 52469.68542235 27.73  65.746144  63.607046 18.002
  7    14.975 52469.68542300 28.88  65.743434  63.610176 18.002
  7    14.980 52469.68542364 27.88  65.740724  63.613306 18.002
  7    14.901 52469.68542429 32.09  65.738004  63.616426 18.002
  7    14.934 52469.68542493 31.53  65.735294  63.619556 18.002
  7    14.967 52469.68542558 33.05  65.732574  63.622686 18.002
  7    14.990 52469.68542622 33.79  65.729864  63.625816 18.002
  8    12.533 52504.68540523 37.10  65.757467  63.597611 33.600
  8    12.535 52504.68540587 40.39  65.754757  63.600731 33.600
  8    12.604 52504.68540652 42.38  65.752047  63.603861 33.600
  8    12.629 52504.68540716 43.03  65.749327  63.606991 33.600
  8    12.616 52504.68540781 42.79  65.746617  63.610121 33.600
  8    12.597 52504.68540845 42.86  65.743907  63.613241 33.600
  8    12.606 52504.68540910 43.47  65.741187  63.616371 33.600
  8    12.571 52504.68540974 43.63  65.738478  63.619496 40.479
  8    12.549 52504.68541039 44.22  65.735758  63.622626 40.479
  8    12.571 52504.68541103 41.39  65.733048  63.625756 40.479
  8    12.513 52504.68541168 37.47  65.730338  63.628886 40.479
 10    13.834 52574.68543540 28.48  65.738294  63.610475 11.921
 10    14.026 52574.68543604 28.11  65.735574  63.613595 11.921
 10    13.994 52574.68543669 28.47  65.732864  63.616725 11.921
 10    13.839 52574.68543733 30.05  65.730144  63.619855 11.921
 10    13.946 52574.68543798 29.46  65.727434  63.622975 11.921
 11     9.351 52609.68539249 24.61  65.759658  63.597796  7.220
 11     9.413 52609.68539314 24.32  65.756938  63.600926  7.220
 11     9.742 52609.68539378 24.77  65.754228  63.604056  7.220
 11     9.941 52609.68539442 24.47  65.751518  63.607176  7.220
 11     9.917 52609.68539507 25.21  65.748808  63.610306  7.220
 11     9.788 52609.68539571 25.06  65.746098  63.613436  7.220
 11     9.854 52609.68539636 24.62  65.743378  63.616556  7.220
 11     9.899 52609.68539700 22.20  65.740668  63.619686  7.220
 11     9.824 52609.68539765 21.26  65.737948  63.622816  7.220
 11     9.739 52609.68539829 23.82  65.735238  63.625948  4.543
 11     9.896 52609.68539894 23.55  65.732518  63.629068  4.543
 11     9.958 52609.68539958 23.84  65.729808  63.632198  4.543
 12    10.393 52644.68538707 13.53  65.736093  63.611942  3.450
 12    10.742 52644.68538772 13.02  65.733373  63.615062  3.450
 12    10.371 52644.68538836 13.16  65.730663  63.618192  3.450
 12    10.381 52644.68538901 12.91  65.727943  63.621322  3.450
 18    12.814 52854.68550281 44.99  65.738410  63.611132 30.702
 18    12.894 52854.68550346 41.76  65.735690  63.614252 30.702
 18    12.824 52854.68550410 45.21  65.732980  63.617382 30.702
 18    12.819 52854.68550475 43.46  65.730260  63.620512 30.702
 18    12.811 52854.68550539 43.29  65.727546  63.623641 38.117
 20     8.433 52924.68548706 33.83  65.762015  63.600864 21.973
 20     8.655 52924.68548771 34.43  65.759305  63.603994 21.973
 20     8.605 52924.68548835 28.19  65.756595  63.607114 21.973
 20     9.343 52924.68548900 25.10  65.753875  63.610244 21.973
 20     8.497 52924.68548964 26.75  65.751165  63.613374 21.973
 20     8.478 52924.68549029 30.36  65.748455  63.616504 21.973
 20     8.427 52924.68549093 31.89  65.745745  63.619624 21.973
 20     8.503 52924.68549157 31.35  65.743025  63.622754 21.973
 20     8.406 52924.68549222 30.45  65.740311  63.625880 29.864
 20     8.409 52924.68549286 28.55  65.737601  63.629010 29.864
 20    12.982 52924.68549351 25.79  65.734881  63.632140 29.864
 20    10.061 52924.68549415 24.63  65.732171  63.635270 29.864
 21     7.564 52959.68545603 28.53  65.741440  63.608646 12.058
 21     7.785 52959.68545667 41.04  65.738730  63.611776 12.058
 21     7.630 52959.68545731 36.65  65.736010  63.614896 12.058
 21     7.563 52959.68545796 31.65  65.733290  63.618026 12.058
 21     7.830 52959.68545860 30.63  65.730580  63.621156 12.058
 21     7.606 52959.68545925 29.99  65.727866  63.624282  7.674
 22     7.855 52994.68548763 18.67  65.745684  63.604734  5.366
 22     7.926 52994.68548828 19.57  65.742974  63.607864  5.366
 22     8.118 52994.68548892 20.88  65.740254  63.610994  5.366
 22     7.954 52994.68548957 21.80  65.737544  63.614114  5.366
 22     7.924 52994.68549021 20.64  65.734824  63.617244  5.366
 22     7.913 52994.68549086 19.84  65.732114  63.620374  5.366
 22     7.848 52994.68549150 18.49  65.729401  63.623502  3.975
 23    11.917 53029.68545027 15.17  65.764533  63.601486  3.730
 23    11.663 53029.68545092 15.27  65.761823  63.604616  3.730
 23    12.307 53029.68545156 15.69  65.759103  63.607736  3.730
 23    11.889 53029.68545221 15.37  65.756393  63.610866  3.730
 23     8.937 53029.68545285 16.23  65.753683  63.613996  3.730
 23    10.758 53029.68545350 15.92  65.750973  63.617126  3.730
 23    10.295 53029.68545414 15.56  65.748263  63.620246  3.730
 23    10.374 53029.68545479 14.94  65.745543  63.623376  3.730
 23    11.858 53029.68545543 14.00  65.742829  63.626501  2.463
 23    11.736 53029.68545608 13.96  65.740119  63.629631  2.463
 23    11.973 53029.68545672 13.42  65.737399  63.632761  2.463
 23    12.179 53029.68545737 13.37  65.734689  63.635891  2.463
 24    14.278 53064.68545709 13.84  65.756824  63.596922  2.042
 24    14.120 53064.68545773 14.19  65.754114  63.600052  2.042
 24    14.214 53064.68545838 14.19  65.751404  63.603182  2.042
 24    13.803 53064.68545902 14.59  65.748694  63.606302  2.042
 24    13.709 53064.68545967 14.36  65.745974  63.609432  2.042
 24    13.375 53064.68546031 14.61  65.743264  63.612562  2.042
 24    13.579 53064.68546096 14.37  65.740554  63.615682  2.042
 24    13.619 53064.68546160 14.31  65.737834  63.618812  2.042
 24    13.392 53064.68546225 14.35  65.735124  63.621942  2.042
 24    13.342 53064.68546289 14.17  65.732405  63.625071  1.937
 24    13.700 53064.68546354 14.37  65.729685  63.628191  1.937
 25    13.704 53099.68546590  9.13  65.761434  63.597127  2.102
 25    13.637 53099.68546655  8.61  65.758724  63.600257  2.102
 25    13.491 53099.68546719  9.06  65.756014  63.603387  2.102
 25    13.552 53099.68546783  8.74  65.753294  63.606507  2.102
 25    13.132 53099.68546848  9.15  65.750584  63.609637  2.102
 25    13.539 53099.68546912  8.79  65.747874  63.612767  2.102
 25    13.201 53099.68546977  8.97  65.745164  63.615897  2.102
 25    13.265 53099.68547041  8.86  65.742454  63.619017  2.102
 25    13.334 53099.68547106  8.68  65.739734  63.622147  2.102
 25    13.055 53099.68547170  8.47  65.737023  63.625272  1.935
 25    13.244 53099.68547235  8.55  65.734313  63.628402  1.935
 25    13.499 53099.68547299  8.67  65.731593  63.631532  1.935
 26    11.373 53134.68545695 23.30  65.757156  63.596952 17.240
 26    11.334 53134.68545759 19.71  65.754446  63.600082 17.240
 26     9.272 53134.68545824 18.75  65.751736  63.603212 17.240
 26     9.197 53134.68545888 20.14  65.749026  63.606332 17.240
 26     9.035 53134.68545953 21.23  65.746306  63.609462 17.240
 26     9.047 53134.68546017 25.26  65.743596  63.612592 17.240
 26     9.008 53134.68546082 25.74  65.740886  63.615712 17.240
 26     8.928 53134.68546146 26.07  65.738166  63.618842 17.240
 26     8.872 53134.68546211 26.51  65.735446  63.621972 17.240
 26     8.966 53134.68546275 26.69  65.732733  63.625102 14.999
 26     9.130 53134.68546340 26.22  65.730013  63.628222 14.999
 29     9.571 53239.68549580 39.41  65.764402  63.601223 25.783
 29     9.955 53239.68549644 32.62  65.761692  63.604353 25.783
 29     9.583 53239.68549709 27.00  65.758982  63.607473 25.783
 29     9.607 53239.68549773 28.60  65.756272  63.610603 25.783
 29     9.611 53239.68549838 32.91  65.753562  63.613733 25.783
 29     9.639 53239.68549902 43.03  65.750842  63.616863 25.783
 29     9.619 53239.68549967 41.65  65.748132  63.619983 25.783
 29     9.557 53239.68550031 41.44  65.745422  63.623113 25.783
 29     9.474 53239.68550096 36.55  65.742707  63.626237 31.924
 29     9.630 53239.68550160 31.65  65.739987  63.629367 31.924
 29     9.509 53239.68550225 34.51  65.737277  63.632497 31.924
 29     9.565 53239.68550289 34.27  65.734557  63.635627 31.924
 31     9.900 53309.68551392 46.81  65.734814  63.611574 16.510
 31     9.937 53309.68551456 51.23  65.732104  63.614694 16.510
 31     9.988 53309.68551521 53.58  65.729384  63.617824 16.510
 31     9.799 53309.68551585 51.06  65.726674  63.620954 16.510
 32     9.831 53344.68547681 17.05  65.760074  63.597367  7.021
 32     9.965 53344.68547745 18.29  65.757364  63.600497  7.021
 32    10.094 53344.68547810 19.64  65.754654  63.603627  7.021
 32    10.058 53344.68547874 19.36  65.751944  63.606747  7.021
 32    10.205 53344.68547938 20.02  65.749234  63.609877  7.021
 32    10.075 53344.68548003 22.07  65.746524  63.613007  7.021
 32     9.895 53344.68548067 19.47  65.743804  63.616137  7.021
 32     9.932 53344.68548132 18.38  65.741094  63.619257  7.021
 32    10.059 53344.68548196 17.00  65.738374  63.622387  7.021
 32    10.053 53344.68548261 17.53  65.735665  63.625519  3.635
 32    10.071 53344.68548325 16.41  65.732945  63.628639  3.635
 32    10.011 53344.68548390 16.53  65.730235  63.631769  3.635
 34     8.493 53414.68545381 14.24  65.760833  63.597826  4.901
 34     8.777 53414.68545446 13.28  65.758123  63.600956  4.901
 34     8.719 53414.68545510 15.04  65.755413  63.604086  4.901
 34     8.862 53414.68545575 14.07  65.752703  63.607206  4.901
 34     8.809 53414.68545639 14.67  65.749993  63.610336  4.901
 34     8.775 53414.68545704 13.50  65.747273  63.613466  4.901
 34     8.516 53414.68545768 14.94  65.744563  63.616596  4.901
 34     8.570 53414.68545833 14.47  65.741843  63.619716  4.901
 34     8.630 53414.68545897 13.31  65.739133  63.622846  4.901
 34     8.725 53414.68545962 13.12  65.736411  63.625977  2.811
 34     9.785 53414.68546026 11.30  65.733701  63.629097  2.811
 34     9.606 53414.68546090 11.74  65.730981  63.632227  2.811
 37    14.234 53519.68552829 36.16  65.758492  63.597535 28.185
 37    14.067 53519.68552893 33.12  65.755782  63.600665 28.185
 37    14.047 53519.68552958 26.23  65.753072  63.603795 28.185
 37    13.942 53519.68553022 22.47  65.750362  63.606915 28.185
 37    13.929 53519.68553087 21.56  65.747652  63.610045 28.185
 37    13.676 53519.68553151 21.96  65.744932  63.613175 28.185
 37    13.572 53519.68553216 22.49  65.742222  63.616305 28.185
 37    13.500 53519.68553280 23.32  65.739512  63.619425 28.185
 37    13.600 53519.68553345 22.73  65.736792  63.622555 28.185
 37    13.877 53519.68553409 24.37  65.734073  63.625679 44.951
 37    14.012 53519.68553473 31.91  65.731363  63.628809 44.951
 38    13.560 53554.68555420 24.93  65.736915  63.611673 36.861
 38    13.722 53554.68555484 24.40  65.734195  63.614803 36.861
 38    13.835 53554.68555548 24.08  65.731485  63.617923 36.861
 38    13.902 53554.68555613 24.42  65.728765  63.621053 36.861
 39    10.789 53589.68549650 35.87  65.764622  63.602359 21.157
 39    10.957 53589.68549714 36.26  65.761912  63.605489 21.157
 39    10.981 53589.68549778 35.97  65.759202  63.608609 21.157
 39    10.994 53589.68549843 34.70  65.756492  63.611739 21.157
 39    10.906 53589.68549907 34.43  65.753782  63.614869 21.157
 39    10.958 53589.68549972 33.06  65.751062  63.617999 21.157
 39    10.958 53589.68550036 32.09  65.748352  63.621119 21.157
 39    10.987 53589.68550101 31.19  65.745642  63.624249 21.157
 39    10.939 53589.68550165 27.89  65.742925  63.627373 25.399
 39    11.101 53589.68550230 27.25  65.740205  63.630503 25.399
 39    10.819 53589.68550294 27.55  65.737495  63.633633 25.399
 39    10.807 53589.68550359 24.02  65.734775  63.636763 25.399
 41    13.589 53659.68550474 24.56  65.732161  63.613704 21.371
 41    13.662 53659.68550539 25.83  65.729451  63.616834 21.371
 42     7.577 53694.68547655 21.13  65.760785  63.597219 10.148
 42     8.115 53694.68547720 21.18  65.758075  63.600349 10.148
 42     5.800 53694.68547784 22.81  65.755355  63.603479 10.148
 42     8.100 53694.68547848 24.03  65.752645  63.606599 10.148
 42     8.356 53694.68547913 25.08  65.749935  63.609729 10.148
 42     8.518 53694.68547977 24.78  65.747225  63.612859 10.148
 42     8.613 53694.68548042 27.14  65.744505  63.615989 10.148
 42     8.776 53694.68548106 28.31  65.741795  63.619109 10.148
 42     8.834 53694.68548171 42.16  65.739085  63.622239 10.148
 42     8.762 53694.68548235 50.54  65.736370  63.625372 16.372
 42     8.914 53694.68548300 51.69  65.733650  63.628492 16.372
 42     8.827 53694.68548364 51.15  65.730940  63.631622 16.372
 43     9.014 53729.68540019 19.74  65.768065  63.602125  6.715
 43     9.028 53729.68540083 19.94  65.765355  63.605255  6.715
 43     9.005 53729.68540148 21.75  65.762645  63.608375  6.715
 43     9.024 53729.68540212 21.51  65.759935  63.611505  6.715
 43     8.776 53729.68540277 22.43  65.757215  63.614635  6.715
 43     8.855 53729.68540341 22.57  65.754505  63.617765  6.715
 43     8.883 53729.68540406 22.38  65.751795  63.620885  6.715
 43     8.929 53729.68540470 22.10  65.749075  63.624015  6.715
 43     8.788 53729.68540535 20.67  65.746364  63.627141  4.298
 43     8.823 53729.68540599 19.54  65.743654  63.630271  4.298
 43     8.989 53729.68540664 18.91  65.740934  63.633401  4.298
 43     9.060 53729.68540728 19.06  65.738224  63.636531  4.298
 43     9.132 53729.68540793 19.73  65.735504  63.639651  4.298
 44     8.685 53764.68536540 11.51  65.749182  63.602480  3.816
 44     8.524 53764.68536605 12.56  65.746472  63.605610  3.816
 44     8.506 53764.68536669 13.00  65.743752  63.608740  3.816
 44     8.602 53764.68536734 12.73  65.741042  63.611870  3.816
 44     8.599 53764.68536798 12.95  65.738322  63.614990  3.816
 44     8.614 53764.68536863 13.21  65.735612  63.618120  3.816
 44     8.747 53764.68536927 11.77  65.732892  63.621250  3.816
 44     8.594 53764.68536992 12.17  65.730172  63.624377  2.590
 45    12.745 53799.68537083 11.33  65.765303  63.601649  3.254
 45    12.811 53799.68537148 11.53  65.762603  63.604779  3.254
 45    12.286 53799.68537212 12.03  65.759883  63.607899  3.254
 45    12.443 53799.68537277 11.37  65.757173  63.611029  3.254
 45    12.059 53799.68537341 11.81  65.754463  63.614159  3.254
 45    12.058 53799.68537406 11.80  65.751753  63.617289  3.254
 45    10.848 53799.68537470 12.32  65.749033  63.620409  3.254
 45    10.710 53799.68537534 11.93  65.746323  63.623539  3.254
 45    11.390 53799.68537599 11.47  65.743603  63.626663  2.208
 45    12.083 53799.68537663 11.03  65.740893  63.629793  2.208
 45    12.416 53799.68537728 11.32  65.738173  63.632923  2.208
 45    12.013 53799.68537792 10.81  65.735463  63.636053  2.208
 47    10.409 53869.68543483 40.86  65.736950  63.611096 26.124
 47    10.207 53869.68543547 33.37  65.734240  63.614216 26.124
 47    10.341 53869.68543612 33.56  65.731520  63.617346 26.124
 47    10.309 53869.68543676 35.88  65.728810  63.620476 26.124
 48    13.163 53904.68546932 29.59  65.738750  63.611460 41.340
 48    13.258 53904.68546996 26.05  65.736040  63.614580 41.340
 48    13.561 53904.68547061 25.90  65.733320  63.617710 41.340
 48    13.811 53904.68547125 23.26  65.730610  63.620840 41.340
 48    14.035 53904.68547190 25.33  65.727897  63.623971 52.450
 50    10.737 53974.68545852 27.85  65.761379  63.597544 25.409
 50    10.426 53974.68545916 29.17  65.758669  63.600674 25.409
 50    10.286 53974.68545981 29.76  65.755959  63.603804 25.409
 50    10.179 53974.68546045 24.38  65.753239  63.606924 25.409
 50    10.161 53974.68546110 21.44  65.750529  63.610054 25.409
 50    12.409 53974.68546174 19.16  65.747819  63.613184 25.409
 50    12.984 53974.68546239 20.38  65.745109  63.616314 25.409
 50    10.254 53974.68546303 22.38  65.742389  63.619434 25.409
 50    10.269 53974.68546368 22.49  65.739679  63.622564 25.409
 50    10.401 53974.68546432 23.22  65.736960  63.625690 30.821
 50    12.913 53974.68546497 24.43  65.734250  63.628820 30.821
 50    13.494 53974.68546561 26.53  65.731530  63.631950 30.821
 52    10.989 54044.68547169 25.85  65.758698  63.594204 20.221
 52    10.335 54044.68547298 31.10  65.753278  63.600464 20.221
 52    10.459 54044.68547363 36.32  65.750568  63.603594 20.221
 52    10.398 54044.68547427 44.92  65.747858  63.606714 20.221
 52    10.353 54044.68547492 44.63  65.745138  63.609844 20.221
 52    10.348 54044.68547556 49.02  65.742428  63.612974 20.221
 52    10.390 54044.68547621 46.07  65.739708  63.616094 20.221
 52    10.417 54044.68547685 44.11  65.736998  63.619224 20.221
 52    10.374 54044.68547750 44.20  65.734278  63.622354 20.221
 52    10.399 54044.68547814 44.58  65.731562  63.625483 13.605
 52    10.278 54044.68547879 42.54  65.728852  63.628603 13.605
 53    11.759 54079.68546543 17.91  65.762083  63.596910  4.865
 53    10.435 54079.68546607 19.63  65.759363  63.600040  4.865
 53    10.457 54079.68546672 20.10  65.756653  63.603170  4.865
 53    10.389 54079.68546736 20.92  65.753943  63.606290  4.865
 53    10.469 54079.68546801 20.43  65.751233  63.609420  4.865
 53    10.465 54079.68546865 20.85  65.748523  63.612550  4.865
 53    10.427 54079.68546930 20.70  65.745813  63.615680  4.865
 53    10.380 54079.68546994 20.40  65.743093  63.618800  4.865
 53    10.366 54079.68547059 20.42  65.740383  63.621930  4.865
 53    10.492 54079.68547123 18.70  65.737670  63.625063  3.224
 53    10.445 54079.68547187 18.78  65.734950  63.628183  3.224
 53    10.631 54079.68547252 17.94  65.732240  63.631313  3.224
 54    11.388 54114.68540190 19.48  65.766759  63.601594  4.077
 54    12.193 54114.68540254 19.24  65.764049  63.604724  4.077
 54    10.200 54114.68540318 19.18  65.761339  63.607844  4.077
 54    12.357 54114.68540383 19.25  65.758629  63.610974  4.077
 54    12.111 54114.68540447 19.02  65.755909  63.614104  4.077
 54    12.312 54114.68540512 17.97  65.753199  63.617234  4.077
 54    10.521 54114.68540576 18.74  65.750489  63.620354  4.077
 54    12.256 54114.68540641 18.33  65.747779  63.623484  4.077
 54    12.518 54114.68540705 17.46  65.745063  63.626611  2.706
 54    12.576 54114.68540770 16.63  65.742343  63.629741  2.706
 54    12.754 54114.68540834 16.54  65.739633  63.632871  2.706
 54    12.504 54114.68540899 17.34  65.736913  63.635991  2.706
 54    13.262 54114.68540963 16.49  65.734203  63.639121  2.706
 56    13.851 54184.68539229 14.35  65.765678  63.601104  2.550
 56    13.594 54184.68539293 15.08  65.762968  63.604234  2.550
 56    13.491 54184.68539358 14.76  65.760258  63.607354  2.550
 56    13.155 54184.68539422 14.95  65.757548  63.610484  2.550
 56    13.035 54184.68539487 14.80  65.754828  63.613614  2.550
 56    13.063 54184.68539551 14.64  65.752118  63.616744  2.550
 56    12.975 54184.68539616 14.98  65.749408  63.619864  2.550
 56    13.016 54184.68539680 14.54  65.746688  63.622994  2.550
 56    13.152 54184.68539745 14.17  65.743980  63.626119  2.220
 56    13.173 54184.68539809 13.89  65.741260  63.629249  2.220
 56    13.344 54184.68539874 13.99  65.738550  63.632379  2.220
 56    12.913 54184.68539938 13.69  65.735830  63.635499  2.220
 56    13.607 54184.68540003 13.52  65.733120  63.638629  2.220
 57    11.957 54219.68542523 39.33  65.735554  63.611113 23.908
 57    12.012 54219.68542588 38.17  65.732844  63.614243 23.908
 57    11.955 54219.68542652 37.33  65.730124  63.617363 23.908
 57    11.799 54219.68542717 38.67  65.727404  63.620493 23.908
 58    14.618 54254.68544769 30.51  65.749016  63.603253 30.767
 58    14.286 54254.68544834 24.92  65.746306  63.606373 30.767
 58    14.045 54254.68544898 26.73  65.743586  63.609503 30.767
 58    14.152 54254.68544962 26.54  65.740876  63.612633 30.767
 58    14.369 54254.68545027 25.45  65.738166  63.615763 30.767
 58    14.404 54254.68545091 26.11  65.735446  63.618883 30.767
 58    14.491 54254.68545156 27.19  65.732736  63.622013 30.767
 58    14.528 54254.68545220 29.39  65.730022  63.625136 39.461
 59    15.303 54289.68544901 48.53  65.758472  63.597217 37.653
 59    15.273 54289.68544965 38.32  65.755762  63.600347 37.653
 59    15.097 54289.68545030 38.43  65.753052  63.603477 37.653
 59    15.082 54289.68545094 38.36  65.750342  63.606597 37.653
 59    14.976 54289.68545158 38.16  65.747632  63.609727 37.653
 59    14.859 54289.68545223 39.53  65.744912  63.612857 37.653
 59    14.882 54289.68545287 37.78  65.742202  63.615987 37.653
 59    15.003 54289.68545352 35.74  65.739492  63.619107 37.653
 59    15.005 54289.68545416 34.97  65.736772  63.622237 37.653
 59    15.023 54289.68545481 34.08  65.734053  63.625360 47.924
 59    15.274 54289.68545545 34.33  65.731343  63.628490 47.924
 60    15.147 54324.68544648 28.84  65.758932  63.597013 16.832
 60    15.116 54324.68544712 28.49  65.756212  63.600143 16.832
 60    15.014 54324.68544777 29.33  65.753502  63.603273 16.832
 60    14.993 54324.68544841 28.30  65.750792  63.606393 16.832
 60    14.693 54324.68544906 27.91  65.748082  63.609523 16.832
 60    14.641 54324.68544970 29.07  65.745362  63.612653 16.832
 60    14.484 54324.68545035 30.21  65.742652  63.615773 16.832
 60    14.663 54324.68545099 28.56  65.739942  63.618903 16.832
 60    14.751 54324.68545163 29.91  65.737222  63.622033 16.832
 60    14.796 54324.68545228 34.95  65.734506  63.625164 22.061
 60    14.981 54324.68545292 33.95  65.731796  63.628284 22.061
 61    13.448 54359.68540158 24.07  65.766862  63.601976 23.328
 61    13.215 54359.68540222 21.00  65.764152  63.605106 23.328
 61    13.947 54359.68540287 19.81  65.761442  63.608226 23.328
 61    14.201 54359.68540351 20.03  65.758732  63.611356 23.328
 61    13.911 54359.68540416 23.93  65.756012  63.614486 23.328
 61    12.073 54359.68540480 25.53  65.753302  63.617616 23.328
 61    11.691 54359.68540545 30.15  65.750592  63.620736 23.328
 61    11.757 54359.68540609 31.68  65.747872  63.623866 23.328
 61    12.149 54359.68540674 29.66  65.745162  63.626993 30.064
 61    12.091 54359.68540738 27.57  65.742452  63.630123 30.064
 61    11.657 54359.68540803 26.34  65.739732  63.633253 30.064
 61    13.301 54359.68540867 25.15  65.737012  63.636373 30.064
 61    14.008 54359.68540932 25.31  65.734302  63.639503 30.064
 62    12.872 54394.68538781 23.11  65.749617  63.602605  8.902
 62    12.995 54394.68538845 24.48  65.746907  63.605725  8.902
 62    13.350 54394.68538910 22.85  65.744197  63.608855  8.902
 62    13.560 54394.68538974 23.26  65.741477  63.611985  8.902
 62    13.588 54394.68539039 24.51  65.738767  63.615105  8.902
 62    13.819 54394.68539103 23.80  65.736047  63.618235  8.902
 62    13.583 54394.68539168 25.04  65.733337  63.621365  8.902
 62    13.506 54394.68539232 26.94  65.730623  63.624495 17.566
 63     8.848 54429.68535102 25.67  65.764225  63.598238  7.779
 63     8.881 54429.68535167 24.85  65.761515  63.601368  7.779
 63     8.938 54429.68535231 26.55  65.758805  63.604498  7.779
 63     8.910 54429.68535296 26.11  65.756085  63.607618  7.779
 63     8.848 54429.68535360 25.11  65.753375  63.610748  7.779
 63     8.941 54429.68535425 23.74  65.750665  63.613878  7.779
 63     8.946 54429.68535489 24.41  65.747955  63.616998  7.779
 63     8.825 54429.68535554 23.71  65.745235  63.620128  7.779
 63     8.746 54429.68535618 23.84  65.742525  63.623258  7.779
 63     8.935 54429.68535683 22.74  65.739811  63.626391  5.687
 63     9.063 54429.68535747 23.11  65.737091  63.629511  5.687
 63     8.974 54429.68535812 24.10  65.734381  63.632641  5.687
 63     8.869 54429.68535876 23.62  65.731661  63.635771  5.687
 64    12.680 54464.68536922 12.37  65.738819  63.611346  3.054
 64    13.093 54464.68536986 12.07  65.736099  63.614466  3.054
 64    12.989 54464.68537051 12.08  65.733389  63.617596  3.054
 64    12.951 54464.68537115 12.00  65.730669  63.620726  3.054
 64    13.092 54464.68537180 12.31  65.727957  63.623855  2.259
 65    13.043 54499.68536200 12.85  65.762662  63.597266  2.706
 65    12.452 54499.68536265 13.15  65.759942  63.600396  2.706
 65    13.136 54499.68536329 12.35  65.757232  63.603526  2.706
 65    12.902 54499.68536394 12.44  65.754522  63.606646  2.706
 65    12.763 54499.68536458 13.07  65.751812  63.609776  2.706
 65    12.427 54499.68536523 12.40  65.749102  63.612906  2.706
 65    12.056 54499.68536587 12.64  65.746382  63.616036  2.706
 65    12.822 54499.68536652 12.06  65.743672  63.619156  2.706
 65    12.418 54499.68536716 11.75  65.740962  63.622286  2.706
 65    12.615 54499.68536781 12.04  65.738247  63.625418  2.202
 65    12.855 54499.68536845 11.21  65.735527  63.628538  2.202
 65    13.080 54499.68536910 11.30  65.732817  63.631668  2.202
 65    13.090 54499.68536974 11.50  65.730097  63.634798  2.202
 66    13.317 54534.68538033 11.12  65.757576  63.596145  2.573
 66    13.140 54534.68538098 11.39  65.754856  63.599265  2.573
 66    13.253 54534.68538162 11.33  65.752146  63.602395  2.573
 66    13.263 54534.68538227 11.05  65.749436  63.605525  2.573
 66    13.179 54534.68538291 10.30  65.746726  63.608655  2.573
 66    13.169 54534.68538355 10.66  65.744016  63.611775  2.573
 66    13.127 54534.68538420 10.63  65.741296  63.614905  2.573
 66    12.689 54534.68538484 10.68  65.738579  63.618037  2.066
 66    12.924 54534.68538549 10.13  65.735869  63.621157  2.066
 66    12.791 54534.68538613 10.01  65.733149  63.624287  2.066
 66    12.787 54534.68538678  9.86  65.730439  63.627417  2.066
 67    13.570 54569.68536611  6.35  65.764769  63.601291  3.024
 67    13.735 54569.68536676  6.02  65.762059  63.604421  3.024
 67    13.581 54569.68536740  5.50  65.759349  63.607551  3.024
 67    13.612 54569.68536804  6.16  65.756639  63.610681  3.024
 67    13.935 54569.68536869  5.28  65.753929  63.613801  3.024
 67    13.919 54569.68536933  5.40  65.751209  63.616931  3.024
 67    13.683 54569.68536998  5.10  65.748496  63.620059  2.021
 67    13.648 54569.68537062  4.83  65.745786  63.623189  2.021
 67    13.510 54569.68537127  4.89  65.743066  63.626319  2.021
 67    13.709 54569.68537191  4.48  65.740356  63.629439  2.021
 67    13.730 54569.68537256  4.67  65.737636  63.632569  2.021
 67    14.047 54569.68537320  4.40  65.734926  63.635699  2.021
 68    14.161 54604.68537633 46.47  65.748257  63.602696 37.971
 68    14.131 54604.68537697 34.89  65.745547  63.605826 37.971
 68    14.035 54604.68537762 28.50  65.742827  63.608956 37.971
 68    13.753 54604.68537826 26.23  65.740117  63.612076 37.971
 68    14.012 54604.68537891 26.35  65.737407  63.615206 37.971
 68    14.065 54604.68537955 32.42  65.734692  63.618329 43.935
 68    13.879 54604.68538020 27.90  65.731972  63.621459 43.935
 68    13.960 54604.68538084 34.56  65.729262  63.624589 43.935
 69    14.423 54639.68538512 35.78  65.757375  63.597240 29.191
 69    14.452 54639.68538576 30.65  65.754665  63.600360 29.191
 69    13.560 54639.68538641 29.86  65.751945  63.603490 29.191
 69    13.810 54639.68538705 28.18  65.749235  63.606620 29.191
 69    13.392 54639.68538770 29.66  65.746525  63.609750 29.191
 69    13.523 54639.68538834 28.59  65.743815  63.612870 29.191
 69    13.532 54639.68538899 27.28  65.741095  63.616000 29.191
 69    13.521 54639.68538963 27.20  65.738382  63.619124 39.420
 69    13.610 54639.68539028 26.99  65.735672  63.622254 39.420
 69    14.020 54639.68539092 25.50  65.732952  63.625384 39.420
 69    14.234 54639.68539157 34.64  65.730242  63.628514 39.420
 70    13.200 54674.68538832 48.10  65.752980  63.600100 34.940
 70    13.240 54674.68538897 47.36  65.750270  63.603230 34.940
 70    13.120 54674.68538961 31.48  65.747560  63.606360 34.940
 70    13.007 54674.68539026 29.93  65.744850  63.609490 34.940
 70    12.960 54674.68539090 27.98  65.742140  63.612610 34.940
 70    12.729 54674.68539155 26.37  65.739420  63.615740 34.940
 70    13.047 54674.68539219 25.93  65.736704  63.618864 31.603
 70    13.010 54674.68539284 24.94  65.733994  63.621994 31.603
 70    12.851 54674.68539348 28.70  65.731274  63.625124 31.603
 70    13.656 54674.68539413 33.90  65.728564  63.628254 31.603
 71    10.508 54709.68534554 25.94  65.763412  63.601897 18.249
 71    11.685 54709.68534618 21.19  65.760702  63.605027 18.249
 71    11.816 54709.68534683 20.07  65.757992  63.608157 18.249
 71     9.914 54709.68534747 22.97  65.755272  63.611287 18.249
 71     9.943 54709.68534812 24.75  65.752562  63.614407 18.249
 71     9.895 54709.68534876 27.57  65.749852  63.617537 18.249
 71     9.731 54709.68534941 27.99  65.747132  63.620664 29.408
 71     9.724 54709.68535005 26.92  65.744422  63.623794 29.408
 71     9.873 54709.68535070 27.37  65.741712  63.626924 29.408
 71    10.042 54709.68535134 26.31  65.738992  63.630044 29.408
 71    12.862 54709.68535199 25.87  65.736282  63.633174 29.408
 71    13.042 54709.68535263 25.79  65.733562  63.636304 29.408
 72     9.279 54744.68535571 33.55  65.747710  63.602732 23.381
 72     9.222 54744.68535635 42.86  65.745000  63.605862 23.381
 72     9.344 54744.68535700 52.84  65.742280  63.608992 23.381
 72     9.330 54744.68535764 55.43  65.739570  63.612112 23.381
 72     9.160 54744.68535829 52.47  65.736860  63.615242 23.381
 72     9.302 54744.68535893 53.69  65.734145  63.618374 42.129
 72     9.140 54744.68535958 51.80  65.731425  63.621494 42.129
 72     9.273 54744.68536022 51.25  65.728715  63.624624 42.129
 73     9.477 54779.68532828 30.60  65.760593  63.597692 23.278
 73     9.650 54779.68532892 35.07  65.757883  63.600812 23.278
 73     9.718 54779.68532957 48.49  65.755173  63.603942 23.278
 73     9.648 54779.68533021 52.05  65.752453  63.607072 23.278
 73     9.785 54779.68533086 50.24  65.749743  63.610202 23.278
 73     9.714 54779.68533150 50.76  65.747033  63.613322 23.278
 73     9.700 54779.68533215 51.24  65.744313  63.616452 23.278
 73     9.701 54779.68533279 50.70  65.741603  63.619584 23.983
 73     9.547 54779.68533344 52.62  65.738893  63.622704 23.983
 73     9.645 54779.68533408 49.32  65.736173  63.625834 23.983
 73     9.610 54779.68533473 52.48  65.733463  63.628964 23.983
 73     9.695 54779.68533537 50.69  65.730743  63.632084 23.983
 74    10.176 54814.68535073 20.61  65.738417  63.610666  4.635
 74    10.275 54814.68535138 18.31  65.735707  63.613796  4.635
 74    10.016 54814.68535202 18.21  65.732990  63.616927  3.396
 74     9.873 54814.68535267 16.61  65.730270  63.620047  3.396
 74    13.040 54814.68535331 15.97  65.727560  63.623177  3.396
 75    11.520 54849.68532729 11.97  65.762224  63.597851  3.369
 75    10.977 54849.68532793 12.50  65.759514  63.600971  3.369
 75    10.577 54849.68532857 12.48  65.756804  63.604101  3.369
 75     9.775 54849.68532922 12.96  65.754084  63.607231  3.369
 75     9.600 54849.68532986 12.86  65.751374  63.610361  3.369
 75     9.647 54849.68533051 13.16  65.748664  63.613481  3.369
 75     9.337 54849.68533115 13.62  65.745954  63.616611  3.369
 75     9.687 54849.68533180 11.68  65.743239  63.619737  2.724
 75     9.229 54849.68533244 13.07  65.740519  63.622867  2.724
 75     9.519 54849.68533309 12.47  65.737809  63.625997  2.724
 75    12.786 54849.68533373 11.65  65.735089  63.629117  2.724
 75    13.287 54849.68533438 10.40  65.732379  63.632247  2.724
 76    10.989 54884.68535298 11.78  65.745276  63.604612  2.778
 76    10.428 54884.68535427 11.63  65.739846  63.610862  2.778
 76     9.179 54884.68535491 12.25  65.737136  63.613992  2.778
 76     9.480 54884.68535556 11.99  65.734417  63.617123  2.508
 76     9.684 54884.68535620 11.29  65.731707  63.620243  2.508
 76    11.612 54884.68535685 10.53  65.728987  63.623373  2.508
 77    12.893 54919.68532946 11.89  65.765352  63.600321  2.794
 77    12.710 54919.68533010 11.98  65.762642  63.603441  2.794
 77    12.820 54919.68533075 11.90  65.759932  63.606571  2.794
 77    12.041 54919.68533139 12.13  65.757222  63.609701  2.794
 77    12.435 54919.68533204 12.24  65.754512  63.612831  2.794
 77    12.348 54919.68533268 11.57  65.751802  63.615951  2.794
 77    12.117 54919.68533333 11.70  65.749091  63.619079  2.291
 77    12.686 54919.68533397 11.43  65.746371  63.622209  2.291
 77    12.619 54919.68533461 10.95  65.743661  63.625339  2.291
 77    12.747 54919.68533526 10.68  65.740951  63.628459  2.291
 77    12.891 54919.68533590 10.28  65.738231  63.631589  2.291
 77    12.483 54919.68533655 11.23  65.735521  63.634719  2.291
 77    12.872 54919.68533719 10.65  65.732801  63.637849  2.291
 78    10.665 54954.68534970 24.81  65.738029  63.611491 13.132
 78    10.815 54954.68535035 25.70  65.735319  63.614621 13.132
 78    10.387 54954.68535099 24.06  65.732602  63.617744  9.362
 78    10.373 54954.68535164 23.93  65.729882  63.620874  9.362
 78    10.411 54954.68535228 25.05  65.727172  63.624004  9.362
 79    14.132 54989.68537211 41.50  65.744243  63.605503 40.100
 79    14.110 54989.68537276 30.83  65.741533  63.608633 40.100
 79    13.744 54989.68537340 26.62  65.738813  63.611753 40.100
 79    13.816 54989.68537405 26.01  65.736103  63.614883 40.100
 79    13.757 54989.68537469 26.04  65.733383  63.618007 44.346
 79    13.973 54989.68537534 25.15  65.730673  63.621137 44.346
 79    13.922 54989.68537598 27.82  65.727953  63.624267 44.346
 80    13.648 55024.68536167 38.51  65.760628  63.597702 33.770
 80    13.521 55024.68536231 46.91  65.757918  63.600822 33.770
 80    13.566 55024.68536296 24.86  65.755198  63.603952 33.770
 80    13.084 55024.68536360 23.78  65.752488  63.607082 33.770
 80    12.964 55024.68536425 20.47  65.749778  63.610212 33.770
 80    13.032 55024.68536489 20.25  65.747068  63.613332 33.770
 80    13.195 55024.68536554 18.95  65.744348  63.616462 33.770
 80    13.191 55024.68536618 19.87  65.741638  63.619586 33.178
 80    13.179 55024.68536682 19.84  65.738918  63.622716 33.178
 80    13.249 55024.68536747 20.53  65.736208  63.625846 33.178
 80    13.481 55024.68536811 22.72  65.733488  63.628976 33.178
 80    13.622 55024.68536876 26.31  65.730778  63.632096 33.178
 81    11.146 55059.68535613 40.65  65.757851  63.596965 34.828
 81    11.201 55059.68535677 40.39  65.755131  63.600085 34.828
 81    11.110 55059.68535742 41.10  65.752421  63.603215 34.828
 81    11.099 55059.68535806 36.45  65.749711  63.606345 34.828
 81    10.840 55059.68535871 22.69  65.747001  63.609475 34.828
 81    10.910 55059.68535935 23.10  65.744291  63.612595 34.828
 81    11.006 55059.68536000 22.32  65.741571  63.615725 34.828
 81    13.160 55059.68536064 21.26  65.738856  63.618850 31.167
 81    13.307 55059.68536128 18.74  65.736146  63.621980 31.167
 81    13.346 55059.68536193 19.24  65.733426  63.625110 31.167
 81    13.398 55059.68536257 23.15  65.730716  63.628240 31.167
 82    10.693 55094.68530932 21.64  65.764585  63.602080 18.439
 82    10.516 55094.68530997 21.34  65.761875  63.605200 18.439
 82     9.633 55094.68531061 22.40  65.759165  63.608330 18.439
 82     9.688 55094.68531126 26.29  65.756455  63.611460 18.439
 82     9.665 55094.68531190 30.53  65.753735  63.614590 18.439
 82     9.686 55094.68531255 34.42  65.751025  63.617710 18.439
 82     9.571 55094.68531319 34.32  65.748314  63.620838 26.736
 82     9.602 55094.68531384 31.08  65.745604  63.623968 26.736
 82     9.624 55094.68531448 31.05  65.742884  63.627098 26.736
 82     9.652 55094.68531513 30.40  65.740174  63.630218 26.736
 82     9.729 55094.68531577 27.24  65.737454  63.633348 26.736
 82     9.640 55094.68531642 29.00  65.734744  63.636478 26.736
 83     9.456 55129.68529891 23.00  65.748542  63.602923 14.653
 83     9.300 55129.68529955 33.13  65.745832  63.606053 14.653
 83     9.258 55129.68530020 35.82  65.743122  63.609173 14.653
 83     9.100 55129.68530084 30.38  65.740402  63.612303 14.653
 83    13.493 55129.68530149 23.80  65.737692  63.615433 14.653
 83    13.155 55129.68530213 24.74  65.734980  63.618563 16.074
 83     9.067 55129.68530278 28.44  65.732260  63.621683 16.074
 83     9.188 55129.68530342 29.97  65.729550  63.624813 16.074
 84     8.704 55164.68527012 24.57  65.761714  63.596587  9.147
 84     8.798 55164.68527076 25.87  65.759004  63.599707  9.147
 84     9.092 55164.68527141 26.89  65.756294  63.602837  9.147
 84     9.185 55164.68527205 26.87  65.753584  63.605967  9.147
 84     9.124 55164.68527270 26.98  65.750864  63.609097  9.147
 84     9.023 55164.68527334 27.78  65.748154  63.612217  9.147
 84     8.960 55164.68527399 26.31  65.745444  63.615347  9.147
 84     8.957 55164.68527463 25.69  65.742730  63.618471  9.283
 84     8.940 55164.68527528 25.08  65.740010  63.621601  9.283
 84     8.994 55164.68527592 26.32  65.737300  63.624731  9.283
 84     9.133 55164.68527657 28.27  65.734580  63.627861  9.283
 84     9.104 55164.68527721 28.25  65.731870  63.630981  9.283
 85    10.204 55199.68529248 11.26  65.738864  63.611187  3.328
 85     9.526 55199.68529312 10.83  65.736154  63.614317  3.328
 85     9.036 55199.68529377 11.74  65.733439  63.617449  2.664
 85     9.335 55199.68529441 11.11  65.730719  63.620569  2.664
 85     9.690 55199.68529506 11.68  65.728009  63.623699  2.664
 86    11.568 55234.68527550 10.62  65.764199  63.597602  3.525
 86    11.842 55234.68527615 10.38  65.761489  63.600722  3.525
 86    10.849 55234.68527679  9.94  65.758779  63.603852  3.525
 86     8.761 55234.68527744 10.69  65.756069  63.606982  3.525
 86     9.201 55234.68527808 10.91  65.753359  63.610112  3.525
 86    11.994 55234.68527873  9.87  65.750639  63.613232  3.525
 86     8.748 55234.68527937  9.99  65.747929  63.616362  3.525
 86    10.319 55234.68528002 10.48  65.745214  63.619487  2.599
 86    10.014 55234.68528066  9.73  65.742504  63.622617  2.599
 86     9.721 55234.68528130  9.70  65.739794  63.625747  2.599
 86    11.662 55234.68528195  9.43  65.737074  63.628877  2.599
 86    11.334 55234.68528259  9.21  65.734354  63.631997  2.599
 86    10.870 55234.68528324  9.32  65.731644  63.635127  2.599
 87    13.305 55269.68528494 13.00  65.751133  63.601947  2.919
 87    13.679 55269.68528558 12.40  65.748423  63.605077  2.919
 87    13.396 55269.68528623 12.18  65.745713  63.608197  2.919
 87    13.191 55269.68528687 11.96  65.743003  63.611327  2.919
 87    13.043 55269.68528751 11.92  65.740283  63.614457  2.919
 87    12.896 55269.68528816 11.89  65.737569  63.617579  2.096
 87    13.082 55269.68528880 11.58  65.734859  63.620709  2.096
 87    13.364 55269.68528945 11.31  65.732139  63.623839  2.096
 87    13.348 55269.68529009 10.98  65.729429  63.626969  2.096
 88    13.720 55304.68525716  3.98  65.766052  63.602161  6.136
 88     8.434 55304.68525780  7.07  65.763342  63.605291  6.136
 88     7.983 55304.68525845 16.36  65.760632  63.608421  6.136
 88     7.789 55304.68525909 18.51  65.757922  63.611551  6.136
 88     8.119 55304.68525973 11.71  65.755212  63.614671  6.136
 88    10.217 55304.68526038  7.78  65.752492  63.617801  6.136
 88    10.388 55304.68526102  8.16  65.749780  63.620930  3.309
 88     8.256 55304.68526167  8.90  65.747070  63.624060  3.309
 88    11.425 55304.68526231  5.84  65.744350  63.627190  3.309
 88    13.275 55304.68526296  4.83  65.741640  63.630310  3.309
 88    13.462 55304.68526360  5.22  65.738920  63.633440  3.309
 88    13.740 55304.68526425  5.47  65.736210  63.636570  3.309
 89    13.400 55339.68525543 54.09  65.759088  63.594161 37.540
 89    13.528 55339.68525672 46.34  65.753668  63.600411 37.540
 89    13.496 55339.68525737 35.17  65.750958  63.603541 37.540
 89    13.458 55339.68525801 33.95  65.748248  63.606671 37.540
 89    13.034 55339.68525866 28.55  65.745538  63.609801 37.540
 89    13.121 55339.68525930 24.92  65.742818  63.612921 37.540
 89    13.082 55339.68525995 25.72  65.740108  63.616051 37.540
 89    13.247 55339.68526059 25.59  65.737388  63.619176 37.978
 89    13.250 55339.68526124 25.35  65.734678  63.622306 37.978
 89    13.270 55339.68526188 29.80  65.731958  63.625436 37.978
 89    13.452 55339.68526253 35.81  65.729248  63.628566 37.978
 90    13.651 55374.68524766 36.23  65.760572  63.597109 37.256
 90    13.721 55374.68524830 47.49  65.757862  63.600229 37.256
 90    13.794 55374.68524895 41.44  65.755152  63.603359 37.256
 90    13.302 55374.68524959 24.62  65.752432  63.606489 37.256
 90    13.135 55374.68525024 24.84  65.749722  63.609619 37.256
 90    13.204 55374.68525088 20.10  65.747012  63.612739 37.256
 90    13.227 55374.68525153 21.01  65.744302  63.615869 37.256
 90    13.175 55374.68525217 20.88  65.741583  63.618993 37.434
 90    13.284 55374.68525282 21.17  65.738863  63.622123 37.434
 90    13.308 55374.68525346 23.05  65.736153  63.625253 37.434
 90    13.388 55374.68525411 25.74  65.733433  63.628383 37.434
 90    13.469 55374.68525475 29.95  65.730723  63.631503 37.434
 91    13.539 55409.68527078 45.97  65.749093  63.602628 39.129
 91    13.535 55409.68527143 36.24  65.746383  63.605758 39.129
 91    13.246 55409.68527207 25.80  65.743663  63.608878 39.129
 91    13.230 55409.68527271 24.61  65.740953  63.612008 39.129
 91    13.296 55409.68527336 19.42  65.738243  63.615138 39.129
 91    13.351 55409.68527400 21.45  65.735527  63.618260 38.065
 91    13.355 55409.68527465 22.65  65.732807  63.621390 38.065
 91    13.314 55409.68527529 27.13  65.730097  63.624520 38.065
 92    10.989 55444.68526466 27.94  65.758834  63.597259 26.088
 92    10.429 55444.68526531 31.36  65.756114  63.600379 26.088
 92    10.430 55444.68526595 30.98  65.753404  63.603509 26.088
 92    10.365 55444.68526660 23.56  65.750694  63.606639 26.088
 92    12.533 55444.68526724 19.02  65.747984  63.609769 26.088
 92    12.622 55444.68526789 19.56  65.745274  63.612889 26.088
 92    13.167 55444.68526853 19.23  65.742554  63.616019 26.088
 92    13.197 55444.68526918 19.36  65.739840  63.619144 31.505
 92    12.879 55444.68526982 20.04  65.737130  63.622274 31.505
 92    12.984 55444.68527046 21.40  65.734410  63.625404 31.505
 92    13.408 55444.68527111 23.31  65.731700  63.628534 31.505
 93     9.517 55479.68520054 40.03  65.771247  63.599433 20.428
 93    10.172 55479.68520118 40.95  65.768537  63.602553 20.428
 93     9.742 55479.68520183 27.22  65.765827  63.605683 20.428
 93     9.510 55479.68520247 24.07  65.763117  63.608813 20.428
 93     9.532 55479.68520312 27.20  65.760407  63.611943 20.428
 93     9.537 55479.68520376 32.07  65.757697  63.615063 20.428
 93     9.509 55479.68520441 35.41  65.754987  63.618193 20.428
 93     9.388 55479.68520505 32.43  65.752273  63.621321 35.708
 93     9.395 55479.68520570 31.87  65.749553  63.624451 35.708
 93     9.437 55479.68520634 30.68  65.746843  63.627581 35.708
 93     9.424 55479.68520699 36.73  65.744133  63.630701 35.708
 93     9.342 55479.68520763 47.53  65.741413  63.633831 35.708
 93     9.299 55479.68520828 51.67  65.738703  63.636961 35.708
 93     9.282 55479.68520892 52.04  65.735983  63.640091 35.708
